241
241
241
241
241
241
241
241
241
241
241
241
241
241
241
241
241
241
241
241
241
241
241
241
241
241
241
241
241
241
241
241
241
241
241
241
241
241
241
241
241
241
241
241
241
241
241
241
241
241
241
241
241
241
241
241
241
241
241
241
241
236
90
90
90
241
241
241
241
241
241
241
241
241
241
241
241
241
241
241
241
241
241
241
241
241
241
241
241
241
241
241
241
241
241
241
241
241
241
241
241
241
241
241
241
241
241
241
241
241
241
241
241
241
241
241
241
241
241
241
241
241
241
241
241
241
241
241
241
241
90
90
90
241
241
241
241
241
241
241
241
241
241
241
241
241
241
241
241
241
241
241
241
241
241
241
241
241
241
241
241
241
241
241
241
241
241
241
241
241
241
241
241
241
241
242
248
242
218
105
217
220
151
135
140
139
139
140
140
138
137
173
230
230
228
227
232
240
248
247
243
241
241
241
241
241
241
241
241
241
246
226
140
90
154
236
248
241
241
241
241
241
241
241
242
248
236
241
236
248
242
241
241
241
241
241
241
241
241
241
241
241
241
241
241
241
241
241
241
241
241
241
241
241
241
241
241
241
241
241
241
241
241
241
241
242
244
245
246
246
246
246
247
247
246
243
242
241
242
242
226
125
226
242
242
241
241
241
241
241
241
241
241
241
241
241
241
241
241
241
241
241
241
241
241
241
241
241
241
241
241
241
241
241
241
241
241
241
241
241
241
241
241
241
241
243
236
221
85
88
116
222
144
120
127
127
127
128
128
126
128
138
145
151
150
148
147
193
235
238
246
243
241
241
241
241
241
241
241
241
249
227
143
120
158
238
250
240
241
241
241
241
241
242
248
244
221
109
215
236
243
241
241
241
241
241
241
241
241
241
241
241
241
241
241
241
241
241
241
241
241
241
241
241
241
241
241
241
241
241
241
241
241
241
241
243
237
231
234
233
247
234
236
225
233
238
243
241
242
248
236
241
236
248
242
241
241
241
241
241
241
241
241
241
241
241
241
241
241
241
241
241
241
241
241
241
241
241
241
241
241
241
241
241
241
241
241
241
241
241
241
241
241
241
241
245
241
109
88
85
229
220
149
128
137
136
138
136
137
136
135
133
130
129
128
129
132
133
106
196
238
244
242
241
241
241
241
241
241
241
248
225
145
121
161
236
250
240
241
241
241
241
241
243
236
221
85
88
109
241
245
241
241
241
241
241
242
243
245
243
242
241
241
241
241
241
241
241
241
241
241
241
241
241
241
241
241
241
241
241
242
243
246
248
249
251
243
158
150
215
165
215
154
143
172
239
247
241
241
242
243
245
243
242
241
241
241
241
241
241
241
241
241
241
241
241
241
241
241
241
241
241
241
241
241
241
241
241
241
241
241
241
241
241
241
241
242
243
245
243
242
241
241
241
241
243
236
215
109
222
250
229
142
119
130
131
133
133
131
128
128
129
130
130
133
133
128
84
81
104
215
250
244
241
241
241
241
241
241
241
248
225
145
120
159
235
250
240
241
241
241
241
241
245
241
109
88
86
223
242
250
249
247
244
242
242
248
236
241
236
248
242
241
241
241
241
241
241
241
241
241
241
241
241
241
241
241
241
241
241
243
238
234
227
227
234
221
142
130
131
146
133
135
121
159
234
248
240
241
241
241
241
241
241
242
243
245
243
242
241
241
241
241
241
241
241
241
241
241
241
241
241
241
241
241
241
241
241
241
241
241
241
241
241
241
242
248
236
242
239
251
246
244
242
242
242
248
236
241
237
252
231
155
142
149
140
134
136
145
152
153
156
151
147
141
136
94
89
83
124
197
241
245
241
241
241
241
241
241
241
248
225
145
120
160
235
250
240
241
241
241
241
241
243
236
217
112
228
244
243
229
226
232
236
244
248
244
221
109
215
236
243
241
241
241
241
241
241
241
241
241
241
241
241
241
241
241
241
241
241
246
241
179
145
146
151
146
140
133
132
132
130
131
128
162
235
249
240
241
241
241
241
241
242
248
236
241
236
248
242
241
241
241
241
241
241
241
241
241
241
241
241
241
241
241
241
241
241
241
241
241
241
241
241
242
248
244
222
114
211
235
237
245
241
244
242
242
243
245
244
245
237
232
227
232
212
145
171
231
232
229
230
231
234
191
139
123
94
127
136
149
217
246
242
241
241
241
241
241
242
250
227
145
119
157
233
249
240
241
241
241
241
241
242
249
244
236
241
246
190
146
142
155
220
250
237
221
85
88
109
241
245
242
243
245
245
243
242
241
241
241
241
241
241
241
241
241
241
241
241
247
237
162
121
125
128
128
129
128
126
137
135
134
132
166
241
245
241
241
241
241
241
242
248
244
221
109
215
236
243
241
241
241
241
241
241
241
241
241
241
241
241
241
241
241
241
241
241
241
241
241
241
241
241
245
240
226
92
92
96
149
205
187
220
243
248
244
242
241
241
242
244
246
249
250
241
235
236
245
250
249
249
249
250
251
193
131
93
129
127
137
207
246
243
241
241
241
241
241
243
241
218
134
130
164
241
247
241
241
241
241
241
241
242
249
246
225
119
214
164
125
118
135
210
251
242
109
88
85
221
236
245
245
238
233
235
245
250
246
243
242
241
241
241
241
241
241
241
241
241
245
244
177
139
132
134
141
145
153
147
157
218
153
159
234
242
243
241
241
241
241
241
243
236
221
85
88
109
241
245
241
241
241
241
241
241
241
241
241
241
241
241
241
241
241
241
241
241
241
241
241
241
241
242
245
234
107
86
80
118
134
137
141
144
211
236
237
244
241
241
241
241
241
241
242
244
245
245
243
242
241
241
241
247
240
221
89
84
96
128
139
208
247
243
241
241
241
241
241
245
243
164
138
145
231
244
243
241
241
241
241
241
241
243
236
221
85
95
105
173
134
125
142
217
251
239
216
109
221
245
250
249
244
224
149
163
229
229
234
238
243
241
241
241
241
241
241
241
241
241
243
245
234
159
131
130
144
216
233
227
238
235
237
233
241
244
242
241
241
241
241
241
245
241
109
88
85
221
236
243
241
241
241
241
241
241
241
241
241
241
241
241
241
241
241
241
241
241
241
241
241
241
242
248
250
192
134
88
129
137
138
134
129
135
135
154
225
245
241
241
241
241
241
241
241
241
241
241
241
241
241
241
241
245
243
114
96
82
129
127
141
212
250
244
241
241
241
241
241
246
233
213
124
155
236
251
241
241
241
241
241
241
241
245
241
109
87
93
220
176
138
126
136
212
246
251
238
241
238
252
238
246
223
158
128
134
142
147
178
242
246
240
241
242
243
245
243
242
241
241
241
250
239
165
130
126
147
228
253
249
248
246
246
245
243
242
241
241
241
241
241
241
243
236
215
109
221
244
248
242
241
241
241
241
241
241
241
241
241
241
241
241
241
241
241
241
241
241
241
241
241
244
243
241
235
182
132
134
136
141
137
136
136
135
123
141
221
249
242
241
241
241
241
241
241
241
241
241
241
241
241
241
241
243
236
218
110
166
141
131
134
203
240
244
241
241
241
241
241
247
234
150
127
154
234
250
240
241
241
241
241
241
241
243
236
215
108
226
244
186
134
129
136
145
220
241
246
247
250
245
222
113
202
138
134
129
127
124
166
240
249
241
242
248
236
241
236
248
242
241
241
246
243
169
136
124
144
222
249
241
241
241
241
241
241
241
241
241
241
241
241
241
242
248
236
241
236
248
242
241
241
241
241
241
241
241
241
241
241
241
241
241
241
241
241
241
241
241
241
242
246
248
243
199
143
142
137
135
134
133
132
133
135
138
130
135
213
240
243
241
241
241
241
241
241
241
241
241
241
241
241
241
241
242
248
242
242
185
147
130
133
141
216
247
242
241
241
241
241
247
234
154
126
154
234
250
240
241
241
241
241
241
241
242
248
236
241
241
250
188
142
133
131
135
155
228
246
244
236
221
85
92
111
218
143
132
135
130
163
236
244
244
248
244
221
109
215
236
243
241
241
243
244
232
155
123
143
222
249
241
241
241
241
241
241
241
241
241
241
241
241
241
241
242
243
245
243
242
241
241
241
241
241
241
241
241
241
241
241
241
241
241
241
241
241
241
241
241
243
244
240
237
193
136
130
130
133
132
136
144
145
138
130
132
130
141
157
238
246
241
241
241
241
241
241
241
241
241
241
241
241
241
241
241
242
250
248
187
136
133
126
132
208
247
243
241
241
241
241
247
236
217
126
154
234
250
240
241
241
241
242
243
243
242
242
243
245
245
246
235
169
131
132
129
161
223
246
245
241
109
89
92
226
217
144
132
136
133
140
182
247
250
237
221
85
88
109
241
245
241
241
241
251
240
165
122
145
226
250
242
241
241
241
241
241
241
241
241
241
241
241
241
241
241
241
241
241
241
241
241
241
241
241
241
241
241
241
241
241
241
241
241
241
241
241
241
241
242
246
243
206
143
138
134
129
128
130
133
166
220
234
174
142
140
131
129
210
234
245
241
241
241
241
241
241
241
241
241
241
241
241
241
241
241
241
249
246
184
135
132
127
140
211
247
242
241
241
241
241
247
236
155
129
155
234
250
240
241
241
244
243
238
239
241
244
241
241
241
248
248
184
141
134
130
150
224
250
245
236
216
112
219
229
147
139
135
137
135
130
165
236
248
243
109
88
85
221
236
244
243
245
245
251
238
162
123
136
220
241
245
241
241
241
241
241
241
241
241
241
241
241
241
241
241
241
241
241
241
241
241
241
241
241
241
241
241
241
241
241
241
241
241
241
241
241
241
242
249
244
211
135
134
127
132
140
146
144
194
239
247
245
243
228
158
129
135
160
234
247
241
241
241
241
241
241
241
241
241
241
241
241
241
241
242
246
249
242
177
131
131
134
149
220
248
242
241
241
241
241
249
224
143
119
156
234
250
240
241
241
244
237
195
177
240
246
244
241
241
242
245
235
166
132
129
135
215
244
247
249
237
246
227
157
133
131
136
137
136
133
143
188
248
241
215
109
221
244
248
244
239
231
231
246
241
164
127
133
147
232
247
241
241
241
241
241
241
241
241
241
241
241
241
241
241
241
241
241
241
241
241
241
241
241
241
241
241
241
241
241
241
241
241
241
241
241
242
248
244
226
102
127
127
132
137
185
233
233
237
246
246
243
251
243
166
130
124
143
222
247
241
241
241
241
241
241
241
241
241
241
242
243
246
250
248
241
238
183
139
135
128
130
202
240
244
241
241
241
241
241
250
226
143
120
158
234
250
240
241
244
249
209
140
132
182
241
243
242
241
241
249
241
170
129
129
136
139
223
241
245
245
251
230
154
128
135
137
134
135
131
134
182
244
250
236
241
236
248
242
246
242
174
139
219
235
165
129
123
144
222
248
243
243
242
242
241
241
241
241
241
241
241
241
241
241
241
241
241
241
241
241
241
241
241
241
241
241
241
241
241
241
241
241
241
241
241
243
236
221
91
89
87
128
130
183
246
249
249
245
242
241
241
245
243
187
143
124
144
223
249
241
241
241
241
241
241
242
244
247
249
250
244
235
231
232
192
144
139
134
130
131
141
216
249
244
241
241
241
241
241
250
226
147
120
158
234
250
241
242
246
241
197
128
124
135
190
247
245
240
240
246
243
175
136
132
130
129
152
230
246
244
243
223
145
132
137
148
149
143
132
131
169
237
245
246
245
243
242
241
249
242
167
123
149
218
166
132
126
146
225
250
236
241
240
251
249
248
246
243
242
241
241
241
241
241
241
241
241
241
241
241
241
241
241
241
241
241
241
241
241
241
241
241
241
241
241
245
241
109
89
92
189
140
180
241
246
244
241
241
241
241
241
242
246
233
159
123
145
225
250
242
241
241
241
241
241
242
236
232
227
234
211
165
152
146
138
132
132
133
136
137
207
241
244
241
241
241
241
241
241
249
226
146
120
157
234
250
242
245
244
208
137
134
124
126
182
241
245
240
241
243
241
239
176
141
132
125
139
220
248
247
233
156
136
132
133
154
199
134
131
133
135
180
246
246
240
241
241
242
244
236
165
122
138
199
160
131
127
147
228
253
233
170
223
233
229
228
237
243
247
243
241
241
241
241
241
241
241
241
241
241
241
241
241
241
241
241
241
241
241
241
241
241
241
241
241
243
236
215
109
221
236
238
235
242
244
241
241
241
241
241
241
241
250
238
164
123
138
218
242
243
241
241
241
241
242
246
220
155
143
146
143
134
131
129
131
135
138
133
134
203
248
250
244
241
241
241
241
241
241
249
227
148
120
158
234
250
242
240
208
135
131
129
135
148
202
244
244
241
241
242
244
248
237
159
131
126
139
222
249
249
227
148
129
134
135
142
146
146
137
129
128
175
240
247
240
241
241
247
247
184
138
128
136
144
143
141
128
141
227
246
223
144
139
158
153
143
166
231
239
243
244
241
241
241
241
241
241
241
241
241
241
241
241
241
241
241
241
241
241
241
241
241
241
241
241
242
248
236
241
238
251
247
245
243
241
241
241
241
241
241
241
240
249
236
162
123
140
174
241
243
241
241
242
243
247
250
213
137
121
123
91
126
133
136
136
138
138
132
137
197
240
242
245
242
241
241
241
241
241
249
227
149
120
158
234
251
249
218
142
131
133
142
183
238
239
241
242
241
241
241
241
250
241
166
130
126
148
226
250
251
229
168
130
136
133
137
165
206
139
127
132
180
245
249
241
241
242
245
237
171
130
129
134
148
211
157
128
136
151
224
151
133
128
130
128
127
135
141
178
239
245
244
241
241
241
241
241
241
241
241
241
241
241
241
241
241
241
241
241
241
241
241
241
241
241
241
242
243
245
243
242
241
241
241
241
241
241
241
241
241
241
240
249
236
162
123
137
218
242
243
241
242
248
236
242
243
221
142
120
87
90
97
137
137
136
137
137
135
138
141
145
211
242
245
242
241
241
241
241
249
227
147
120
157
235
251
240
204
131
131
128
168
236
249
250
242
241
241
241
241
240
248
236
164
129
127
140
220
242
251
232
153
132
135
129
159
239
212
139
124
131
174
238
245
242
241
246
247
200
156
137
127
133
218
237
164
129
130
141
137
139
133
135
135
134
134
131
131
134
171
242
245
244
241
241
241
241
241
241
241
241
241
241
241
241
241
241
241
241
241
241
241
241
241
241
241
241
241
241
241
241
241
241
241
241
241
241
241
241
241
241
241
250
238
163
122
146
225
250
242
242
248
244
221
110
220
218
151
91
85
87
129
132
134
134
136
138
137
135
130
130
135
212
241
244
241
241
241
241
249
227
147
121
159
240
255
225
147
136
134
129
99
179
241
246
241
241
241
241
241
241
246
244
171
138
131
135
156
237
249
223
143
129
134
141
178
252
224
141
132
131
142
193
244
244
241
244
239
178
134
132
134
144
230
244
158
129
134
135
134
134
135
135
143
138
138
129
133
132
135
173
240
241
243
241
241
241
241
241
241
241
241
241
241
241
241
241
241
241
241
241
241
241
241
241
241
241
241
241
241
241
241
241
241
241
241
241
241
241
241
241
242
248
235
159
122
146
223
248
241
243
236
221
85
89
112
241
216
129
89
120
132
140
138
133
128
128
129
130
132
131
130
143
219
247
242
241
241
241
249
226
148
122
161
233
247
201
136
128
127
80
85
110
236
247
241
241
241
241
241
241
243
244
231
155
128
129
139
223
249
184
147
131
132
143
225
240
245
203
132
126
129
179
243
247
244
245
201
148
132
129
136
210
250
248
184
138
127
127
132
132
133
128
152
212
154
141
139
132
132
136
183
248
248
241
241
241
241
241
241
241
241
241
241
241
241
241
241
241
241
241
241
241
241
241
241
241
241
241
241
241
241
241
241
241
241
241
241
241
241
241
245
243
198
142
124
145
224
248
241
245
241
109
88
85
223
242
248
212
147
145
157
193
201
155
150
148
149
145
143
135
125
138
213
249
243
241
241
241
250
227
146
120
153
212
159
139
136
128
88
87
92
223
237
244
241
241
241
241
241
241
241
250
239
159
128
132
135
164
230
225
136
131
134
146
171
250
251
211
139
124
135
187
246
248
247
244
186
134
132
131
147
209
250
244
234
155
136
149
152
161
145
145
183
238
243
202
134
126
130
128
169
235
244
242
241
241
241
241
241
241
241
241
241
241
241
241
241
241
241
241
241
241
241
241
241
241
241
241
241
241
241
241
241
241
241
241
241
241
241
241
249
242
168
130
132
169
233
245
241
243
236
215
109
221
244
249
247
240
235
228
233
238
238
235
229
228
232
229
168
130
127
138
212
245
245
241
241
242
250
229
148
135
150
152
136
128
141
149
167
113
224
244
248
242
241
241
241
241
241
241
240
248
237
165
132
133
129
154
225
172
140
131
130
156
226
243
250
207
136
126
132
177
239
245
248
240
178
132
135
135
142
190
114
223
232
171
216
230
233
224
170
224
239
244
251
225
157
137
137
130
139
188
249
247
241
241
241
241
241
241
241
241
241
241
241
241
241
241
241
241
241
241
241
241
241
241
241
241
241
241
241
241
241
241
241
241
241
241
241
243
244
234
155
121
134
219
244
244
241
242
248
236
241
236
248
242
242
244
247
248
248
247
247
248
249
249
252
251
188
141
129
134
170
230
246
241
241
243
242
220
136
142
204
139
131
130
151
227
227
240
238
248
242
241
241
241
241
241
241
241
241
246
243
186
143
133
130
153
213
154
129
131
140
174
245
247
247
206
136
125
133
143
196
253
253
208
153
132
136
128
133
80
93
113
236
245
243
253
251
243
243
240
247
243
243
238
235
197
133
126
128
173
236
245
242
241
241
241
241
241
241
241
241
241
241
241
241
241
241
241
241
241
241
241
241
241
241
241
241
241
241
241
241
241
241
241
241
241
240
246
244
180
134
90
139
226
251
242
241
241
242
243
245
243
242
241
241
241
241
241
241
241
241
241
241
241
242
244
236
165
128
126
141
217
247
242
241
243
243
166
140
140
148
145
132
134
146
186
252
250
244
242
241
241
241
241
241
241
241
241
241
242
245
230
152
128
131
147
172
148
132
130
151
231
245
245
247
213
139
132
131
130
182
237
240
177
135
127
92
133
91
91
88
222
240
251
239
242
238
249
245
243
241
241
242
245
250
223
152
132
130
138
190
246
246
242
243
245
243
242
241
241
241
241
241
241
241
241
241
241
241
241
241
241
241
241
241
241
241
241
241
241
241
241
241
241
241
241
240
248
238
174
124
85
138
225
253
245
242
241
241
241
241
241
241
241
241
241
241
241
241
241
241
241
241
241
241
247
247
183
139
123
139
215
248
242
241
244
244
223
141
129
134
133
131
140
179
235
239
242
241
241
241
241
241
241
241
241
241
241
241
241
247
243
165
136
132
139
137
139
135
129
160
237
250
241
243
239
199
131
131
136
140
178
114
132
128
85
90
109
213
119
222
245
252
245
221
109
215
236
243
241
241
241
241
242
244
241
202
136
126
132
184
246
251
250
235
235
229
243
241
241
241
241
241
241
241
241
241
241
241
241
241
241
241
241
241
241
241
241
241
241
241
241
241
241
241
241
241
250
242
175
127
128
103
205
229
238
250
245
242
241
241
241
241
241
241
241
241
241
241
241
241
241
241
241
241
243
245
235
164
121
139
216
248
242
241
245
244
224
142
133
135
132
135
166
243
246
243
242
241
241
241
241
241
241
241
241
241
241
241
241
243
243
228
146
129
134
137
136
135
127
155
233
249
241
244
250
220
148
136
128
126
83
87
90
94
86
91
204
236
247
236
250
238
221
85
88
109
241
245
241
241
241
241
241
244
248
209
141
125
131
182
248
241
228
209
126
234
245
241
241
241
241
241
241
241
241
241
241
241
241
241
241
241
241
241
241
241
241
241
241
241
241
241
241
241
241
243
244
236
160
134
141
213
124
121
214
226
238
250
245
242
241
241
241
241
241
241
241
241
241
241
241
241
241
241
242
251
245
174
124
138
217
248
242
241
247
234
151
134
134
132
135
159
238
243
244
241
241
241
241
241
241
241
241
241
241
241
241
241
241
242
248
243
162
136
132
137
137
134
138
169
242
247
240
242
250
240
192
95
126
91
93
92
128
123
87
133
210
252
249
243
246
241
109
88
85
221
236
243
241
241
241
241
241
242
247
216
150
134
134
136
179
223
121
115
225
232
243
241
241
241
241
241
241
241
241
241
241
241
241
241
241
241
241
241
241
241
241
241
241
241
241
241
241
241
241
248
247
182
135
133
216
235
228
214
118
118
213
226
239
252
251
249
245
242
241
241
241
241
241
241
241
241
241
241
242
246
235
163
121
140
216
248
242
242
250
229
148
126
133
137
158
239
244
245
242
241
241
241
241
241
241
241
241
241
241
241
241
241
241
241
243
244
230
149
131
136
136
130
137
221
237
245
241
243
239
225
97
90
94
124
102
170
136
136
140
155
217
245
242
241
243
236
215
109
221
244
248
242
241
241
241
241
242
246
252
251
207
135
123
123
108
118
218
228
239
249
243
241
241
241
241
241
241
241
241
241
241
241
241
241
241
241
241
241
241
241
241
241
241
241
241
241
241
241
243
244
235
164
121
140
221
252
251
238
228
217
124
124
218
213
209
225
239
252
251
249
245
242
241
241
241
241
241
240
246
245
182
139
125
140
216
248
242
243
243
225
146
129
129
149
231
246
245
242
241
241
241
241
241
241
241
241
241
241
241
241
241
241
241
241
242
250
237
159
131
135
134
139
149
179
246
243
241
245
241
111
88
76
128
130
143
140
139
133
193
237
240
242
242
241
242
248
236
241
236
248
242
241
242
245
249
251
252
240
230
219
186
127
90
96
167
232
250
246
245
238
248
242
241
241
241
241
241
241
241
241
241
241
241
241
241
241
241
241
241
241
241
241
241
241
241
241
241
240
245
243
184
141
123
138
213
247
244
248
254
238
219
204
117
126
123
120
215
212
209
225
239
252
251
251
251
249
245
242
249
241
173
130
124
143
216
248
243
248
240
162
135
129
134
167
243
247
242
241
241
241
241
241
241
241
241
241
241
241
241
241
241
241
241
241
241
248
231
157
128
135
132
150
222
238
237
242
241
243
236
221
110
140
147
142
137
137
128
135
202
249
248
242
241
241
241
242
245
249
251
251
251
251
252
239
225
209
212
216
123
120
109
99
120
128
190
253
251
222
109
215
236
243
241
241
241
241
241
241
241
241
241
241
241
241
241
241
241
241
241
241
241
241
241
241
242
243
245
243
249
239
172
128
129
143
223
250
250
243
241
227
157
154
218
215
212
215
120
123
123
120
215
212
211
211
209
225
239
252
253
245
175
133
127
144
221
250
249
245
227
142
127
137
154
236
241
243
241
241
241
241
241
241
241
241
241
241
241
241
241
241
241
241
241
241
241
246
241
159
136
133
132
149
232
248
246
242
241
242
248
240
237
223
188
131
136
135
133
142
207
249
247
249
251
251
251
251
252
239
225
209
211
211
212
215
120
123
123
122
219
183
123
121
131
145
200
243
224
85
88
109
241
245
241
241
241
241
241
241
241
241
241
241
241
241
241
241
241
241
241
241
241
241
241
242
248
236
241
236
253
243
174
126
130
209
246
243
239
225
160
139
128
145
236
254
252
239
225
209
212
215
120
123
124
124
123
120
215
214
218
177
136
125
103
130
211
247
245
243
154
141
134
155
240
253
251
246
242
241
241
241
241
241
241
241
241
241
241
241
241
241
241
241
241
241
241
243
242
227
146
131
132
135
158
238
245
241
241
242
246
252
255
223
154
141
139
138
139
200
251
254
240
225
209
211
211
211
212
215
120
123
124
124
123
120
215
212
209
227
246
223
149
134
131
180
242
244
110
88
85
221
236
243
241
241
241
241
241
241
241
241
241
241
241
241
241
241
241
241
241
241
241
241
242
248
244
221
109
216
241
240
168
123
139
220
250
237
158
145
136
125
121
147
229
249
242
245
249
251
252
239
225
209
211
211
212
215
121
129
125
114
101
95
91
103
135
159
212
146
125
121
119
135
209
217
226
239
252
251
251
251
251
251
251
251
251
251
251
251
251
251
251
251
251
251
251
252
254
246
168
138
137
142
172
250
253
251
251
252
239
227
212
177
123
120
126
121
122
176
217
216
215
120
123
124
124
124
123
120
215
212
211
211
209
225
239
252
251
250
249
235
192
123
131
184
249
243
215
109
221
244
248
242
241
241
241
241
241
241
241
241
241
241
241
241
241
241
241
241
241
241
241
241
243
236
221
85
88
115
246
196
143
125
139
222
250
170
134
127
127
133
137
168
234
246
241
241
241
241
242
245
249
251
251
251
252
240
228
214
211
151
123
127
106
91
93
104
102
104
96
96
102
114
124
126
120
216
216
220
221
220
215
212
212
213
215
213
212
211
211
211
211
211
211
211
211
211
216
209
145
123
124
129
204
211
213
211
211
212
215
121
126
119
106
97
96
100
111
123
128
125
120
215
212
211
211
211
209
225
239
252
251
251
251
249
245
242
242
246
251
223
154
130
144
200
249
251
236
241
236
248
242
241
241
241
241
241
241
241
241
241
241
241
241
241
241
241
241
241
241
241
241
241
245
241
109
88
88
225
233
173
129
134
148
223
230
150
122
133
138
156
222
237
238
243
241
241
241
241
241
241
241
241
241
241
242
248
252
252
191
147
141
137
114
125
128
125
124
126
125
121
134
208
219
213
216
127
122
115
96
109
116
129
132
120
125
120
132
126
124
124
124
124
124
124
124
124
129
116
105
89
87
105
116
131
125
124
124
123
120
216
214
220
185
130
124
119
170
212
214
210
225
239
252
251
251
251
251
249
245
242
241
241
241
241
241
242
245
241
237
195
130
124
176
239
245
243
243
245
243
242
241
241
241
241
241
241
241
241
241
241
241
241
241
241
241
241
241
241
241
241
241
241
243
236
215
108
224
249
206
149
130
134
203
169
141
144
138
153
219
238
241
248
243
242
241
241
241
241
241
241
241
241
241
241
242
243
240
179
135
133
132
108
122
136
141
141
142
141
136
139
161
246
253
252
242
221
186
71
71
91
209
223
213
190
78
184
206
214
211
211
211
211
211
211
211
211
214
211
148
135
134
141
211
215
211
211
211
209
225
239
252
253
246
191
126
127
145
211
254
251
249
245
242
241
241
241
241
241
241
241
241
241
241
241
241
243
240
215
148
140
133
129
183
245
247
241
241
241
241
241
241
241
241
241
241
241
241
241
241
241
241
241
241
241
241
241
241
241
241
241
241
241
242
248
236
241
242
250
181
133
129
145
143
140
124
134
209
240
242
249
244
242
241
241
241
241
241
241
241
241
241
241
241
241
247
248
191
136
130
131
134
138
141
140
134
135
134
130
132
144
231
240
243
242
249
249
119
98
94
231
250
251
234
98
101
122
251
253
251
251
251
251
251
251
251
251
252
248
241
231
230
240
247
252
251
251
251
251
249
245
242
245
248
205
149
140
150
204
244
243
240
241
241
241
241
241
241
241
241
241
241
241
241
242
245
251
224
149
130
129
129
146
201
245
245
241
241
241
241
241
241
241
241
241
241
241
241
241
241
241
241
241
241
241
241
241
241
241
241
241
241
241
241
242
243
245
250
244
178
131
132
136
130
133
141
176
235
250
244
242
241
241
241
241
241
241
241
241
241
241
241
241
241
244
247
239
176
129
129
133
142
212
237
162
132
126
137
144
153
229
242
246
242
241
243
236
215
109
221
244
251
242
109
88
85
221
236
243
241
241
241
241
241
241
241
241
242
243
246
248
249
246
244
242
241
241
241
241
241
241
241
242
241
235
230
224
231
236
242
242
241
241
241
241
241
241
241
241
241
241
241
241
241
243
236
235
201
133
130
132
131
173
239
245
242
241
241
241
241
241
241
241
241
241
241
241
241
241
241
241
241
241
241
241
241
241
241
241
241
241
241
241
241
241
241
240
248
243
178
129
128
126
130
139
213
238
240
243
241
241
241
241
241
241
241
241
241
241
242
245
247
249
250
250
246
189
137
131
132
136
208
249
249
239
163
143
170
222
237
239
246
242
241
241
242
248
236
241
236
248
245
236
217
112
226
246
249
243
243
245
243
242
241
241
241
241
241
241
241
241
241
241
241
241
241
241
241
241
241
241
242
244
246
248
249
248
247
244
242
241
241
241
241
241
241
241
241
241
241
241
241
241
242
248
227
156
137
139
131
131
138
188
247
247
241
241
241
241
241
241
241
241
241
241
241
241
241
241
241
241
241
241
241
241
241
241
241
241
241
241
241
241
241
241
241
240
247
240
171
127
136
146
145
216
243
247
243
242
241
241
241
241
241
241
241
241
241
243
244
238
232
226
230
234
189
137
131
132
137
205
242
246
248
241
236
228
236
244
248
244
242
241
241
241
241
242
243
245
243
242
242
249
244
236
236
244
250
249
236
241
236
248
242
241
241
241
241
241
241
241
241
241
241
241
241
241
241
241
241
242
248
236
241
236
248
242
241
241
241
241
241
241
241
241
241
241
241
241
241
241
241
242
246
243
213
135
126
133
133
135
173
241
242
242
241
241
241
241
241
241
241
241
241
241
241
241
241
241
241
241
241
241
241
241
241
241
241
241
241
241
241
241
241
241
241
240
246
243
182
140
201
231
233
238
245
242
241
241
241
241
241
241
241
241
241
241
242
245
241
205
140
147
152
148
140
132
123
126
191
241
247
242
242
243
246
247
246
243
242
241
241
241
241
241
241
241
241
241
241
241
242
249
246
226
112
218
244
246
221
109
215
236
243
241
241
241
241
241
241
241
241
241
241
241
241
241
241
241
242
248
244
221
109
215
236
243
241
241
241
241
241
241
241
241
241
241
241
241
241
241
241
244
240
223
145
137
132
131
137
177
240
244
246
244
245
243
242
241
241
241
241
241
241
241
241
241
241
241
241
241
241
241
241
241
241
241
241
241
241
241
241
241
241
241
241
241
243
240
233
232
238
249
248
245
242
241
241
241
241
241
241
241
241
241
241
241
243
243
210
136
128
125
128
131
129
134
137
144
208
248
244
241
241
241
241
241
241
241
241
241
241
241
241
241
241
241
241
241
241
241
243
236
221
85
88
112
236
226
85
88
109
241
245
241
241
241
241
241
241
241
241
241
241
241
241
241
241
241
243
236
221
85
88
109
241
245
241
241
241
241
241
241
241
241
241
241
241
241
241
241
241
246
228
147
129
130
129
133
165
242
244
246
248
236
241
236
248
242
241
241
241
241
241
241
241
241
241
241
241
241
241
241
241
241
241
241
241
241
241
241
241
241
241
241
241
241
241
243
245
246
245
242
241
241
241
241
241
241
241
241
241
241
241
241
241
242
247
223
159
130
131
134
131
130
129
139
192
234
236
241
242
241
241
241
241
241
241
241
241
241
241
241
241
241
241
241
241
241
241
241
245
241
109
88
85
226
236
112
88
85
221
236
243
241
241
241
241
241
241
241
241
241
241
241
241
241
241
241
245
241
109
88
85
221
236
243
241
241
241
241
241
241
241
241
241
241
241
241
241
241
241
247
220
138
119
134
139
170
238
244
246
248
244
221
109
215
236
243
241
241
241
241
241
241
241
241
241
241
241
241
241
241
241
241
241
241
241
241
241
241
241
241
241
241
241
241
241
241
241
241
241
241
241
241
241
242
243
245
243
242
241
241
241
241
241
242
246
207
131
120
125
129
136
145
150
196
244
248
246
242
241
241
241
241
241
241
241
241
241
241
241
241
241
241
241
241
241
241
241
241
243
236
215
109
221
246
244
217
109
221
244
248
242
241
241
241
241
241
241
241
241
241
241
241
241
241
241
241
243
236
215
109
221
244
248
242
241
241
241
241
241
241
241
241
241
241
241
241
241
241
241
245
230
173
140
161
229
240
241
245
244
236
221
85
88
109
241
245
241
241
241
241
241
241
241
241
241
241
241
241
241
241
241
241
241
241
241
241
241
241
241
241
241
241
241
241
241
241
241
241
241
241
241
241
242
248
236
241
236
248
242
241
241
241
241
242
245
215
148
143
147
144
182
232
234
237
243
244
241
241
241
241
241
241
241
241
241
241
241
241
241
241
241
241
241
241
241
241
241
241
242
248
236
241
236
249
249
236
241
236
248
242
241
241
241
241
241
241
241
241
241
241
241
241
241
241
241
241
242
248
236
241
236
248
242
241
241
241
241
241
241
241
241
241
241
241
241
241
241
241
241
243
239
233
228
237
242
248
243
242
245
241
109
88
85
221
236
243
241
241
241
241
241
241
241
241
241
241
241
241
241
241
241
241
241
241
241
241
241
241
241
241
241
241
241
241
241
241
241
241
241
241
241
241
242
242
226
125
226
242
242
241
241
241
241
241
243
236
231
226
227
230
238
246
249
245
242
241
241
241
241
241
241
241
241
241
241
241
241
241
241
241
241
241
241
241
241
241
241
241
241
242
243
245
243
242
242
243
245
243
242
241
241
241
241
241
241
241
241
241
241
241
241
241
241
241
241
241
241
242
243
245
243
242
241
241
241
241
241
241
241
241
241
241
241
241
241
241
241
241
241
242
243
246
247
246
243
242
241
241
243
235
213
105
218
242
248
242
241
241
241
241
241
241
241
241
241
241
241
241
241
241
241
241
241
241
241
241
241
241
241
241
241
241
241
241
241
241
241
241
241
241
241
241
241
241
90
90
90
241
241
241
241
241
241
241
241
241
241
241
241
241
241
241
241
241
241
241
241
241
241
241
241
241
241
241
241
241
241
241
241
241
241
241
241
241
241
241
241
241
241
241
241
241
241
241
241
241
241
241
241
241
241
241
241
241
241
241
241
241
241
241
241
241
241
241
241
241
241
241
241
241
241
241
241
241
241
241
241
241
241
241
241
241
241
241
241
241
241
241
241
241
241
241
241
241
241
241
241
241
241
241
241
241
241
241
241
241
241
241
241
241
241
241
241
241
241
241
241
241
