249
249
249
249
249
249
249
249
249
249
249
249
249
249
249
249
249
249
249
249
249
249
249
249
249
249
249
249
249
249
249
249
249
249
249
249
249
249
249
249
249
249
249
249
249
249
249
249
249
249
249
249
249
249
249
249
249
249
249
249
249
249
249
249
249
249
249
249
249
249
249
249
249
249
249
249
249
249
249
249
249
249
249
249
249
249
249
249
249
249
249
249
249
249
249
249
249
249
249
249
249
249
249
249
249
249
249
249
249
249
249
249
249
249
249
249
249
249
249
249
249
249
249
249
249
249
249
249
249
249
249
249
249
249
249
249
249
249
249
249
249
249
249
249
249
249
249
249
249
249
249
249
249
249
249
249
249
249
249
249
249
249
249
249
249
249
249
249
249
249
249
249
249
249
249
249
249
249
249
249
249
249
249
249
249
249
249
249
249
249
249
249
249
249
249
249
249
249
249
249
249
249
249
249
249
249
249
249
249
249
251
255
244
249
244
255
251
249
249
249
249
249
249
249
249
249
249
249
249
249
249
249
249
249
249
249
249
249
249
249
249
249
249
249
249
249
249
249
249
249
249
249
249
249
249
249
249
249
249
249
249
249
249
249
249
249
249
250
251
251
250
249
249
249
249
249
249
249
249
249
249
249
249
249
249
249
249
249
249
249
249
249
249
249
249
249
249
249
249
249
249
249
249
249
249
249
249
249
249
249
249
249
249
249
249
249
249
249
249
249
249
249
249
249
249
249
249
249
249
249
249
249
249
249
249
249
249
249
249
249
249
249
249
249
249
249
249
249
249
249
249
249
249
249
249
249
249
249
249
251
255
253
226
96
219
244
252
249
249
249
249
249
249
249
249
249
249
249
249
249
249
249
249
249
249
249
249
249
249
249
249
249
249
249
249
249
249
249
249
249
249
251
252
254
252
251
249
249
249
249
249
249
249
249
249
250
253
251
249
247
249
250
249
249
249
249
249
249
249
249
249
249
249
249
249
249
249
249
249
249
249
249
249
249
249
249
249
249
249
249
249
249
249
249
249
249
249
249
249
249
249
249
249
249
249
249
249
249
249
249
249
249
249
249
249
249
249
249
249
249
249
249
249
249
249
249
249
249
249
249
249
249
249
249
249
249
249
249
249
249
249
249
249
249
249
249
249
249
249
252
244
226
69
73
96
249
254
249
249
249
249
249
249
249
249
249
249
249
249
249
249
249
249
249
249
249
249
249
249
249
249
249
249
249
249
249
249
249
249
249
251
255
244
249
244
255
251
249
249
249
249
249
249
249
250
252
247
239
203
222
252
250
249
249
249
249
249
249
249
249
249
249
249
249
249
249
249
249
249
249
249
249
249
249
249
249
249
249
249
249
249
249
249
249
249
249
249
249
249
249
249
249
249
249
249
249
249
249
249
249
249
249
249
249
249
249
249
249
249
249
249
249
249
249
249
249
249
249
249
249
249
249
249
249
249
249
249
249
249
249
249
249
249
249
249
249
249
249
249
254
249
96
73
69
226
244
252
249
249
249
251
253
255
255
255
255
255
255
255
255
255
255
253
251
250
249
249
249
249
249
249
249
251
252
254
252
251
249
249
251
255
253
226
96
219
244
252
249
249
249
249
249
249
250
254
251
221
143
157
218
254
253
249
249
249
249
249
249
249
249
249
249
249
249
249
249
249
249
249
249
249
249
249
249
249
249
249
249
249
249
249
249
249
249
249
249
249
249
249
249
249
249
249
249
249
249
249
249
249
249
249
249
249
249
249
249
249
249
249
249
249
249
249
249
249
249
249
249
249
249
249
249
249
249
249
249
249
249
249
249
249
249
249
249
249
249
249
249
249
252
244
219
96
226
253
255
251
249
249
251
251
245
239
236
238
237
237
238
238
238
236
237
243
248
251
249
249
249
249
249
249
251
255
244
249
244
255
251
249
252
244
226
69
73
96
249
254
249
249
249
249
249
249
252
249
232
152
139
141
212
252
255
250
249
249
249
249
249
249
249
249
249
249
249
249
249
249
249
249
249
249
249
249
249
249
249
249
249
249
249
249
249
249
249
249
249
249
249
249
249
249
249
249
249
249
249
249
249
249
249
249
249
249
249
249
249
249
249
249
249
249
249
249
249
249
249
249
249
249
249
249
249
249
249
249
249
249
249
249
249
249
249
249
249
249
249
249
249
249
251
255
244
249
244
255
251
250
251
251
254
251
209
157
161
161
160
162
162
163
162
159
155
191
250
254
249
249
249
249
249
251
255
253
226
96
219
244
252
249
254
249
96
73
69
226
244
252
249
249
249
249
249
250
255
246
169
147
143
150
155
228
250
252
249
249
249
249
249
249
249
249
249
249
249
249
249
249
249
249
249
249
249
249
249
249
249
249
249
249
249
249
249
249
249
249
249
249
249
249
249
249
249
249
249
249
249
249
249
249
249
249
249
249
249
249
249
249
250
250
250
250
249
249
249
249
249
249
249
249
249
249
249
249
249
249
249
249
249
249
249
249
249
249
249
249
249
249
249
249
249
252
255
255
255
255
255
252
252
252
255
224
151
142
140
143
141
142
142
142
143
141
140
186
253
255
255
255
255
255
253
254
244
225
69
73
96
249
254
249
252
244
219
96
226
253
255
251
249
249
249
249
250
252
254
234
157
139
146
145
146
169
241
254
249
249
249
249
249
249
249
249
249
249
249
249
249
249
249
249
249
249
249
249
249
249
249
249
249
249
249
249
249
249
249
249
249
249
249
249
249
249
249
249
249
249
249
249
249
249
249
249
249
249
249
249
249
250
252
249
250
249
250
249
251
252
254
252
251
249
249
249
249
249
249
249
249
249
249
249
249
249
249
249
249
249
249
251
252
254
254
255
244
250
247
254
244
236
195
226
232
162
148
146
148
150
150
149
149
152
150
144
139
178
238
243
237
238
236
239
247
255
253
97
73
69
226
244
252
249
251
255
244
249
244
255
251
249
249
249
249
249
251
250
245
170
156
157
162
151
140
161
233
255
249
249
249
249
249
249
249
249
249
249
249
249
249
249
249
249
249
249
249
249
249
249
249
249
249
249
249
249
249
249
249
249
249
249
249
249
249
249
249
249
249
249
249
249
249
249
249
249
249
249
249
251
253
255
252
238
210
243
253
250
255
244
249
244
255
251
249
249
249
249
249
249
249
249
249
249
249
249
249
249
249
249
251
255
244
250
253
255
228
101
221
219
161
154
157
169
161
153
147
146
149
151
152
151
148
153
146
117
106
130
163
167
161
162
161
157
199
249
246
227
101
228
253
255
251
249
249
251
252
254
252
251
249
249
249
249
249
250
255
255
192
144
159
234
208
147
138
160
235
255
249
249
249
249
249
249
249
249
249
249
249
249
249
249
249
249
249
249
249
249
249
249
249
249
249
249
249
249
249
249
249
249
249
249
249
250
251
251
251
250
249
249
249
249
249
249
249
249
249
249
250
249
243
240
233
163
164
242
255
255
253
226
96
219
244
252
249
249
249
249
249
249
249
249
249
249
249
249
249
249
249
251
255
253
227
105
221
228
80
75
85
153
148
141
140
147
149
146
144
150
159
194
186
181
197
164
153
111
96
116
142
145
142
141
141
144
150
163
231
235
242
242
255
250
249
249
249
249
249
249
249
249
249
249
249
249
250
250
247
238
175
134
168
246
220
150
136
161
235
255
249
249
249
249
249
249
249
249
249
249
249
249
249
249
249
249
249
249
249
249
249
249
249
249
249
249
249
249
249
249
249
249
249
249
249
253
245
250
247
255
253
251
250
249
249
249
249
249
249
249
252
252
210
158
151
145
175
241
255
244
226
69
73
96
249
254
249
249
249
249
249
249
249
249
249
249
249
249
249
249
249
252
244
227
78
76
82
80
76
71
147
142
151
150
151
150
146
146
152
162
224
252
248
246
246
243
173
111
102
121
150
152
148
145
144
144
143
149
155
162
196
255
255
251
250
249
249
249
249
249
249
249
249
249
249
249
253
254
224
160
146
144
168
250
228
164
138
161
235
255
249
249
249
249
249
249
249
249
249
249
249
249
249
249
249
249
249
249
249
249
249
249
249
249
249
249
249
249
249
249
249
249
249
250
254
255
245
174
221
240
244
248
251
249
249
249
249
249
249
248
253
252
201
142
138
143
179
245
255
249
96
73
69
226
244
252
249
249
249
249
249
249
249
249
249
249
249
249
249
249
249
254
249
100
68
54
57
63
90
223
170
150
152
150
149
146
151
157
198
252
244
254
250
255
255
251
185
137
104
120
150
149
152
158
164
156
149
143
140
138
168
234
247
247
251
249
249
249
249
249
249
249
249
249
249
249
253
247
204
138
140
156
235
254
250
192
136
158
237
255
250
249
249
249
249
249
249
249
249
249
249
249
249
249
249
249
249
249
249
249
249
249
249
249
249
249
249
249
249
249
249
249
251
252
248
245
186
155
150
162
202
253
254
249
249
249
249
249
249
248
253
253
203
147
143
148
176
244
255
244
219
96
226
253
255
251
251
251
251
251
250
250
249
249
249
249
249
249
249
249
249
252
244
224
97
73
78
83
244
245
175
146
149
148
147
148
168
241
255
255
230
98
219
244
255
252
191
147
107
118
147
152
160
232
253
205
158
153
162
149
152
153
186
237
255
251
249
249
249
249
249
249
249
249
249
250
255
232
158
146
153
228
252
255
255
203
146
154
233
254
251
249
249
249
249
249
249
249
249
249
249
249
249
249
249
249
249
249
249
249
249
249
249
249
249
249
249
249
249
249
249
249
251
248
216
153
150
146
141
141
179
242
252
250
249
249
249
249
249
249
252
255
210
155
141
143
173
247
255
255
244
249
244
255
252
254
248
252
249
251
251
253
255
252
250
249
249
249
249
249
249
251
255
247
243
213
105
229
255
245
163
143
149
146
150
175
241
255
250
227
70
73
96
249
255
254
243
159
104
117
145
154
210
255
255
224
89
209
196
156
140
140
147
215
252
255
255
255
255
252
250
249
249
249
249
253
249
217
140
139
209
250
254
252
252
244
175
144
187
248
253
249
249
249
249
249
249
249
249
249
249
249
249
249
249
249
249
249
249
249
249
249
249
249
249
249
249
249
249
250
251
254
255
233
158
142
144
147
148
144
151
205
255
253
249
249
249
249
249
249
250
254
250
190
134
76
163
242
255
251
252
255
255
255
254
250
234
183
233
218
211
236
244
248
255
251
250
249
249
249
249
249
251
254
255
247
250
248
255
194
152
146
147
149
170
235
253
255
250
96
73
69
226
244
254
254
244
158
103
119
144
159
226
251
230
73
80
106
247
178
147
143
147
157
223
228
237
237
241
249
255
255
254
251
250
254
238
160
147
160
224
254
253
249
255
250
185
137
161
242
255
249
249
249
249
249
249
249
249
249
249
249
249
249
249
249
249
249
249
249
249
249
249
249
249
249
249
249
251
255
252
247
242
214
148
137
145
153
152
149
142
198
250
254
249
249
249
249
249
249
249
255
247
181
68
66
94
240
255
251
251
254
248
244
238
195
153
159
154
157
165
159
159
231
249
250
252
249
249
249
249
249
249
249
251
252
253
255
248
189
148
147
145
149
213
253
254
253
244
219
96
226
253
255
254
253
201
145
104
121
143
157
226
255
99
74
73
234
250
240
157
149
145
151
156
164
161
159
159
217
240
237
242
247
253
255
229
153
159
226
249
250
249
248
255
248
183
136
165
240
255
249
249
249
249
249
249
249
249
249
249
249
249
249
249
249
249
249
249
249
249
249
249
249
249
249
249
249
255
248
244
176
161
154
158
160
159
173
216
154
138
175
233
254
250
250
252
254
252
251
248
255
247
100
71
65
143
198
255
255
248
247
221
163
157
154
146
145
144
143
145
141
150
152
196
244
251
251
249
249
249
249
249
249
249
249
249
254
248
191
148
148
144
154
217
255
253
250
255
244
249
244
255
250
254
247
196
140
106
120
142
154
223
251
223
105
220
252
255
255
218
148
144
150
144
142
139
139
145
154
160
160
192
253
255
255
228
153
179
249
255
250
249
248
255
248
186
139
169
242
255
249
249
249
249
249
249
249
249
249
249
249
249
249
249
249
249
249
249
249
249
249
249
249
249
249
249
249
251
235
92
128
134
143
178
241
238
249
238
165
141
147
214
253
253
255
244
249
244
255
250
255
245
178
81
133
147
193
253
254
243
175
151
147
142
144
144
145
146
146
148
149
148
144
150
196
252
253
249
249
249
249
249
249
249
249
249
255
248
190
148
148
142
149
213
254
252
249
251
252
254
252
251
249
254
249
197
142
106
119
142
158
224
255
254
252
220
105
224
253
225
154
142
148
148
154
150
147
138
139
137
135
173
238
250
255
237
170
200
250
254
249
249
248
255
247
184
138
171
246
255
249
249
249
249
249
249
249
249
249
249
249
249
249
249
249
249
249
249
249
249
249
249
249
249
249
249
249
222
75
64
75
147
179
245
255
255
255
253
219
144
150
219
255
255
252
226
96
219
244
252
255
255
192
147
141
148
190
249
252
179
146
142
146
144
148
155
155
157
149
151
147
151
146
146
192
250
255
249
249
249
249
249
249
249
249
250
253
243
171
145
146
146
156
220
255
251
249
249
249
249
249
249
249
254
249
191
140
105
120
142
166
226
255
249
230
73
74
100
255
229
159
140
155
148
177
208
164
159
162
155
151
149
155
215
252
249
243
241
249
250
249
249
248
255
247
182
138
162
239
253
251
249
249
249
249
249
249
249
249
249
249
249
249
249
249
249
249
249
249
249
249
249
249
249
249
249
249
91
77
68
153
224
248
249
252
249
251
255
221
150
189
248
255
244
227
74
81
105
254
255
253
254
201
155
144
147
192
249
191
146
145
146
155
160
163
223
229
185
221
172
150
148
146
146
188
246
253
250
249
249
249
249
249
249
249
253
254
204
155
146
146
145
197
248
254
249
249
249
249
249
249
249
249
254
247
190
138
105
118
143
159
223
255
251
96
73
69
229
245
220
152
140
155
211
186
241
246
236
241
233
161
145
139
150
222
252
254
252
251
249
249
249
248
255
249
184
141
146
186
250
254
249
249
249
249
249
249
249
249
249
249
249
249
249
249
249
249
249
249
249
249
249
249
249
249
249
249
215
98
217
248
252
255
252
250
249
251
255
220
152
196
254
255
254
110
73
57
203
234
255
250
253
242
174
141
145
183
219
169
140
140
148
187
241
245
249
250
252
247
249
180
148
144
146
155
212
255
253
249
249
249
249
249
249
248
254
249
199
149
144
144
149
205
253
254
249
249
249
249
249
249
249
249
254
247
188
137
108
121
143
156
221
255
246
218
96
226
255
247
167
150
142
161
224
254
248
255
255
255
255
227
151
139
150
176
244
252
249
249
249
249
249
248
255
248
191
143
138
179
245
255
248
249
249
249
249
249
249
249
249
249
249
249
249
249
249
249
249
249
249
249
249
249
249
249
249
249
243
250
246
255
253
250
249
249
249
253
251
214
146
195
252
255
233
203
57
73
110
254
255
249
255
250
182
143
148
157
154
150
149
152
180
247
255
255
253
252
252
255
254
247
171
147
140
142
199
246
253
249
249
249
249
249
249
248
255
250
191
147
145
146
161
216
253
251
249
249
249
249
249
249
249
249
255
249
185
140
120
147
143
154
222
255
255
244
249
244
255
234
172
142
139
155
227
255
252
250
249
253
251
224
154
140
151
219
251
252
249
249
249
249
249
248
254
248
186
142
139
182
247
255
248
249
249
249
249
249
249
249
249
249
249
249
249
249
249
249
249
249
249
249
249
249
249
249
249
249
252
254
252
251
249
249
249
249
249
254
239
158
143
199
252
255
254
105
81
74
227
244
252
248
255
246
183
144
145
149
142
144
155
227
247
249
254
253
254
252
251
250
252
251
241
163
149
143
156
222
255
250
249
249
249
249
249
249
255
251
193
147
143
146
186
247
252
250
249
249
249
249
249
249
249
252
255
246
178
140
147
148
148
158
224
255
254
252
254
253
255
236
163
143
146
155
231
255
249
249
249
255
239
159
150
139
156
224
255
254
249
249
249
249
249
249
253
251
193
146
137
181
247
255
248
249
249
249
249
249
249
249
249
249
249
249
249
249
249
249
249
249
249
249
249
249
249
249
249
249
251
252
254
252
251
249
249
249
250
255
232
151
140
200
253
255
244
219
96
226
253
255
251
248
255
248
179
143
148
148
147
149
223
254
255
253
255
244
249
244
255
251
250
254
253
227
154
137
150
216
254
251
249
249
249
249
249
250
253
245
183
145
145
146
192
252
255
249
249
249
249
249
249
249
250
251
248
193
154
141
124
148
147
159
224
254
250
249
249
252
251
228
158
140
146
212
249
253
249
249
249
255
233
165
142
132
84
205
246
253
249
249
249
249
249
249
251
251
246
169
144
178
247
255
248
249
249
249
249
249
249
249
249
249
249
249
249
249
249
249
249
249
249
249
249
249
249
249
249
249
255
244
249
244
255
251
249
249
252
251
216
148
143
203
253
255
255
244
249
244
255
251
249
248
255
246
181
143
145
148
150
211
253
255
255
255
254
226
96
219
244
252
249
250
255
229
158
135
152
218
255
252
249
249
249
249
249
252
254
206
153
146
145
145
190
248
254
248
249
249
249
249
249
249
252
254
205
151
146
131
81
136
142
150
221
255
251
249
249
254
246
178
150
141
153
217
255
253
249
249
250
255
239
164
132
65
76
101
250
254
249
249
249
249
249
249
250
253
253
231
151
176
247
255
248
249
249
249
249
249
249
249
249
249
249
249
249
249
249
249
249
249
249
249
249
249
249
249
249
249
250
227
100
225
253
255
255
254
255
246
182
142
143
202
252
253
250
252
254
252
251
249
249
249
254
251
191
152
145
145
184
244
255
247
253
238
234
71
73
96
249
254
249
250
255
237
163
141
152
220
255
253
249
249
249
249
248
253
252
202
149
145
146
152
196
254
253
249
249
249
249
249
249
248
253
252
203
143
133
74
76
85
142
158
221
254
251
249
249
254
240
176
143
141
150
215
255
252
249
249
251
252
235
156
77
72
78
229
246
252
249
249
249
249
249
249
249
251
255
225
159
175
248
255
255
255
254
251
249
249
249
249
249
249
249
249
249
249
249
249
249
249
249
249
249
249
249
249
249
249
227
79
65
92
224
232
227
247
255
253
178
149
162
218
255
255
250
249
249
249
249
249
249
249
250
253
238
166
141
144
195
255
255
226
101
218
92
76
69
226
244
252
249
249
253
247
215
141
145
214
250
253
249
249
249
249
248
253
253
216
159
142
143
173
241
252
250
249
249
249
249
249
249
248
253
254
209
150
79
72
71
136
146
160
228
255
250
249
249
255
241
174
144
141
145
211
254
252
249
249
253
248
184
149
129
83
197
253
255
250
249
249
249
249
251
254
255
255
255
241
162
187
255
254
226
223
237
252
249
249
249
249
249
249
249
249
249
249
249
249
249
249
249
249
249
249
249
249
249
249
83
57
57
97
229
128
104
219
221
211
148
124
148
198
234
249
255
255
255
255
255
255
255
255
255
255
254
179
148
154
179
227
241
75
78
92
218
101
226
253
255
251
249
249
255
244
190
145
144
162
234
255
249
249
249
249
249
255
255
205
151
144
145
182
247
255
249
249
249
249
249
249
249
248
253
254
205
146
133
81
116
147
153
209
248
254
250
249
250
255
238
161
143
144
150
219
255
255
255
255
255
254
180
154
152
169
229
255
255
255
255
255
255
255
255
247
230
215
220
169
131
155
217
225
104
120
243
254
249
249
249
249
249
249
249
249
249
249
249
249
249
249
249
249
249
249
249
249
249
249
80
65
79
235
235
232
215
110
118
110
100
90
103
113
117
224
223
221
219
216
214
214
214
214
214
220
211
140
127
129
143
185
77
68
84
247
253
255
255
255
255
255
255
255
255
243
171
152
146
165
238
255
255
255
255
255
255
255
255
204
152
151
150
187
255
255
255
255
255
255
255
255
255
255
255
255
217
161
149
154
152
153
156
217
255
255
255
255
255
255
216
163
149
153
210
255
251
231
212
214
220
214
148
127
124
166
214
216
214
214
214
214
214
214
215
219
109
117
107
95
83
98
110
115
215
227
237
252
249
249
249
249
249
249
249
249
249
249
249
249
249
249
249
249
249
249
249
249
249
249
219
100
227
254
255
255
246
234
214
196
132
127
166
229
224
104
100
101
109
113
118
114
115
115
114
120
109
100
86
87
99
97
96
80
207
215
226
220
217
215
214
214
214
215
222
203
138
130
128
134
199
219
214
214
214
214
214
221
192
137
132
132
128
151
213
218
214
214
214
214
214
214
214
214
218
221
182
134
133
136
136
133
131
131
196
220
214
214
218
215
156
133
128
134
183
223
224
109
112
118
116
105
95
86
97
109
118
118
115
115
115
115
115
115
113
109
218
220
219
142
128
157
217
237
246
255
254
251
249
249
249
249
249
249
249
249
249
249
249
249
249
249
249
249
249
249
249
249
249
249
243
249
244
255
251
251
253
255
255
193
145
85
191
255
252
161
116
117
155
215
218
214
214
214
214
217
215
161
133
129
134
190
230
234
119
118
116
115
115
115
115
115
115
117
111
100
90
86
91
101
112
118
115
115
115
114
117
116
103
92
86
89
94
105
115
118
114
115
115
115
115
115
115
117
119
112
100
90
89
90
90
90
86
94
104
117
116
114
120
110
101
88
86
93
104
114
112
218
216
220
217
159
126
126
162
218
220
214
214
214
214
214
214
214
212
230
247
255
255
240
158
182
254
255
255
250
249
249
249
249
249
249
249
249
249
249
249
249
249
249
249
249
249
249
249
249
249
249
249
249
252
254
252
251
249
249
249
255
242
166
65
76
103
247
192
158
149
157
206
255
255
255
255
255
255
255
255
214
163
150
155
194
252
253
232
212
214
214
214
214
214
214
214
217
211
136
131
126
134
193
221
216
214
214
214
214
216
220
186
132
130
130
146
214
221
214
214
214
214
214
214
214
214
216
214
185
127
126
138
134
137
125
129
161
210
218
215
217
224
217
157
129
130
133
180
218
233
247
255
255
255
186
147
157
199
255
255
255
255
255
255
255
255
255
255
255
254
254
253
208
153
145
196
253
253
249
249
249
249
249
249
249
249
249
251
252
254
252
251
249
249
249
249
249
249
249
249
249
249
249
249
249
249
249
249
249
251
255
240
96
64
73
193
167
159
145
143
174
241
253
251
249
249
249
249
250
253
233
159
141
144
156
227
255
255
255
255
255
255
255
255
255
255
255
255
236
156
147
165
232
255
255
255
255
255
255
255
255
225
159
150
151
179
253
255
255
255
255
255
255
255
255
255
255
255
187
158
156
167
221
171
156
171
226
255
255
255
255
255
252
194
150
151
179
237
255
255
253
254
254
198
151
140
163
241
252
251
249
249
249
249
249
249
249
249
249
249
250
251
205
149
138
190
249
254
248
249
249
249
249
249
249
249
251
255
244
249
244
255
251
249
251
252
254
252
251
249
249
249
249
249
249
249
249
249
249
253
255
194
139
66
79
144
154
146
142
141
179
248
255
249
249
249
249
249
250
255
245
174
150
142
147
217
252
254
250
249
249
249
249
249
249
249
253
252
228
154
138
168
226
254
251
249
249
249
249
252
255
213
150
142
145
170
240
255
249
249
249
249
249
249
249
252
248
226
158
143
144
218
230
188
232
243
245
252
255
253
225
103
211
164
138
146
198
255
255
252
251
254
247
189
142
142
187
246
255
249
249
249
249
249
249
249
249
249
249
249
250
254
237
157
138
192
250
255
248
249
249
249
249
249
249
251
255
253
226
96
219
244
252
251
255
244
249
244
255
251
249
249
249
249
249
249
249
249
248
255
250
190
132
67
70
83
144
149
153
161
199
248
254
249
249
249
249
249
249
254
243
219
145
144
150
162
236
251
251
249
249
249
249
249
250
251
255
247
169
147
142
156
221
255
251
249
249
249
249
252
255
213
149
142
143
164
239
255
249
249
249
249
249
249
249
255
241
162
149
147
148
164
232
255
249
255
252
253
244
226
69
77
92
180
156
180
254
246
251
244
255
254
226
166
137
138
172
242
255
249
249
249
249
249
249
249
249
249
249
249
250
255
238
161
138
192
250
255
248
249
249
249
249
249
249
252
244
226
69
73
96
249
255
255
253
226
96
219
244
252
249
249
249
249
249
249
249
249
248
255
250
187
82
69
73
141
148
156
219
242
244
248
250
249
249
249
249
249
249
255
240
157
148
149
147
147
181
245
253
249
249
249
249
250
254
251
250
227
157
140
142
165
228
254
250
249
249
249
249
252
254
213
150
140
152
178
246
254
249
249
249
249
249
249
249
255
236
163
142
150
141
153
228
255
251
250
249
254
249
96
73
72
222
235
240
251
253
229
97
218
246
255
206
153
150
155
182
245
253
249
249
249
249
249
249
249
249
249
249
249
249
255
238
160
137
192
250
255
248
249
249
249
249
249
249
254
249
96
73
69
226
244
255
244
226
69
73
96
249
254
249
249
249
249
249
249
249
249
249
253
254
187
131
70
136
187
202
215
250
255
253
251
250
249
249
249
249
249
249
255
230
152
137
149
150
142
163
238
255
249
249
249
251
251
248
242
181
153
152
143
147
206
251
251
249
249
249
249
249
252
254
213
149
140
159
232
252
251
249
249
249
249
249
249
249
255
238
175
144
151
141
152
226
255
250
249
249
252
244
219
96
226
254
255
255
249
228
70
73
96
250
255
242
190
209
237
244
247
251
249
249
249
249
249
249
249
249
249
249
249
249
255
240
163
139
192
251
255
249
249
249
249
249
249
249
252
244
219
96
226
253
255
255
249
96
73
71
229
249
255
251
249
249
249
249
249
249
249
249
251
251
246
176
150
172
246
250
250
250
251
249
249
249
249
249
249
249
249
249
254
241
167
146
148
149
143
173
241
255
250
250
250
252
248
212
151
148
142
140
144
191
250
253
251
249
249
249
249
249
252
255
213
149
136
175
237
255
250
249
249
249
249
249
249
249
255
238
163
145
148
147
159
234
255
249
249
249
251
255
244
249
244
255
251
254
249
96
73
69
225
244
255
248
250
250
254
254
251
250
249
249
249
249
249
249
249
249
249
249
249
249
255
239
173
139
189
248
254
249
249
249
249
249
249
249
251
255
244
249
244
255
251
252
244
219
98
234
247
255
246
255
249
249
249
249
249
249
249
249
250
252
250
245
237
245
250
255
251
250
249
249
249
249
249
249
249
249
249
249
252
251
224
150
146
149
146
178
245
255
254
254
254
255
232
160
142
140
151
151
177
247
253
251
249
249
249
249
249
249
252
255
213
150
136
164
234
255
249
249
249
249
249
249
249
250
255
238
168
144
145
148
215
249
253
249
249
249
249
251
252
254
252
251
249
252
244
219
96
226
253
255
251
250
251
251
250
249
249
249
249
249
249
249
249
249
249
249
249
249
249
249
255
240
168
142
174
233
255
249
249
249
249
249
249
249
249
251
252
254
252
251
249
251
255
246
255
247
234
98
219
244
249
249
249
249
249
249
249
249
249
250
251
254
255
254
251
250
249
249
249
249
249
249
249
249
249
249
249
249
251
255
231
161
143
150
148
164
219
243
235
212
230
242
214
150
139
147
158
230
247
248
253
249
249
249
249
249
249
249
252
253
211
148
133
151
228
255
249
249
249
249
249
249
249
250
248
228
152
138
135
146
216
255
253
249
249
249
249
249
249
249
249
249
249
251
255
244
249
244
255
251
249
249
249
249
249
249
249
249
249
249
249
249
249
249
249
249
249
249
249
249
255
239
173
139
189
248
254
249
249
249
249
249
249
249
249
249
249
249
249
249
249
249
251
255
249
229
71
73
96
249
249
249
249
249
249
249
249
249
249
249
249
249
249
249
249
249
249
249
249
249
249
249
249
249
249
249
249
249
250
255
229
161
144
151
149
157
170
155
150
158
162
163
155
145
141
151
229
254
255
251
250
249
249
249
249
249
249
249
251
255
217
151
140
154
234
255
249
249
249
249
249
249
249
251
251
182
162
158
158
160
222
254
250
249
249
249
249
249
249
249
249
249
249
249
251
252
254
252
251
249
249
249
249
249
249
249
249
249
249
249
249
249
249
249
249
249
249
249
249
249
255
236
161
136
189
248
254
249
249
249
249
249
249
249
249
249
249
249
249
249
249
249
249
254
249
96
73
69
226
244
249
249
249
249
249
249
249
249
249
249
249
249
249
249
249
249
249
249
249
249
249
249
249
251
252
254
252
251
250
255
225
156
142
151
150
151
145
140
139
138
136
136
144
152
158
217
250
253
250
249
249
249
249
249
249
249
249
249
249
251
247
203
157
223
247
252
249
249
249
249
249
249
249
250
244
239
233
237
235
239
243
251
249
249
249
249
249
249
249
249
249
249
249
249
249
249
249
249
249
249
249
249
249
249
249
249
249
249
249
249
249
249
249
249
249
249
249
249
249
249
255
245
163
146
173
234
255
249
249
249
249
249
249
249
249
249
249
249
249
249
249
249
249
252
244
219
96
226
253
255
249
249
249
249
249
249
249
249
249
249
249
249
249
249
249
249
249
249
249
249
249
249
251
255
244
249
244
255
251
255
231
156
146
149
151
148
148
145
150
157
162
158
179
236
243
247
251
251
249
249
249
249
249
249
249
249
249
249
249
251
251
244
243
247
252
250
249
249
249
249
249
249
249
250
251
254
255
255
255
255
252
250
249
249
249
249
249
249
249
249
249
249
249
249
249
249
249
249
249
249
249
249
249
249
249
249
249
249
249
249
249
249
249
249
249
249
249
249
249
249
254
241
213
136
185
246
253
249
249
249
249
249
249
249
249
249
249
249
249
249
249
249
249
251
255
244
249
244
255
251
249
249
249
249
249
249
249
249
249
249
249
249
249
249
249
249
249
249
249
249
249
251
255
253
226
96
219
244
252
253
247
206
138
138
142
143
150
145
148
201
240
240
245
252
255
252
250
249
249
249
249
249
249
249
249
249
249
249
249
249
251
252
253
252
250
249
249
249
249
249
249
249
249
249
249
249
249
249
249
249
249
249
249
249
249
249
249
249
249
249
249
249
249
249
249
249
249
251
252
254
252
251
249
249
249
249
249
249
249
249
249
249
249
249
249
249
249
249
249
249
253
248
159
154
192
253
254
249
249
249
249
249
249
249
249
249
249
249
249
249
249
249
249
249
251
252
254
252
251
249
249
249
249
249
249
249
249
249
249
249
249
249
249
249
249
249
249
249
249
249
249
252
244
226
69
73
96
249
253
253
255
222
161
158
161
161
183
207
163
220
255
255
254
251
250
249
249
249
249
249
249
249
249
249
249
249
249
249
249
249
249
249
249
249
249
249
249
249
249
249
249
249
249
249
249
249
249
249
249
249
249
249
249
249
249
249
249
249
249
249
249
249
249
249
249
249
251
255
244
249
244
255
251
249
249
249
249
249
249
249
249
249
249
249
249
249
249
249
249
249
251
245
223
179
241
251
250
249
249
249
249
249
249
249
249
249
249
249
249
249
249
249
249
249
249
249
249
249
249
249
249
249
249
249
249
249
249
249
249
249
249
249
249
249
249
249
249
249
249
249
249
254
249
96
73
69
226
244
252
249
250
244
238
234
238
237
245
241
244
242
250
250
249
249
249
249
249
249
249
249
249
249
249
249
249
249
251
252
254
252
251
249
249
249
249
249
249
249
249
249
249
249
249
249
249
249
249
249
249
249
249
249
249
249
249
249
249
249
249
249
249
249
249
249
249
251
255
253
226
96
219
244
252
249
249
249
249
249
249
249
249
249
249
249
249
249
249
249
249
249
250
252
247
249
248
252
249
249
249
249
249
249
249
249
249
249
249
249
249
249
249
249
249
249
249
249
249
249
249
249
249
249
249
249
249
249
249
249
249
249
249
249
249
249
249
249
249
249
249
249
249
252
244
219
96
226
253
255
251
249
250
253
255
255
255
255
255
254
254
252
251
249
249
249
249
249
249
249
249
249
249
249
249
249
249
251
255
244
249
244
255
251
249
249
249
249
249
249
249
249
249
249
249
249
249
249
249
249
249
249
249
249
249
249
249
249
249
249
249
249
249
249
249
249
249
252
244
226
69
73
96
249
254
249
249
249
249
249
249
249
249
249
249
249
249
249
249
249
249
249
249
250
251
251
250
250
249
249
249
249
249
249
249
249
249
249
249
249
249
249
249
249
249
249
249
249
249
249
249
249
249
249
249
249
249
249
249
249
249
249
249
249
249
249
249
249
249
249
249
249
249
251
255
244
249
244
255
251
249
249
249
249
249
249
249
249
249
249
249
249
249
249
249
249
249
249
249
249
249
249
249
249
249
249
249
251
250
230
115
230
250
251
249
249
249
249
249
249
249
249
249
249
249
249
249
249
249
249
249
249
249
249
249
249
249
249
249
249
249
249
249
249
249
249
249
252
243
98
71
71
219
243
252
249
249
249
249
249
249
249
249
249
249
249
249
249
249
249
249
249
249
249
249
249
249
249
249
249
249
249
249
249
249
249
249
249
249
249
249
249
249
249
249
249
249
249
249
249
249
249
249
249
249
249
249
249
249
249
249
249
249
249
249
249
249
249
249
249
249
249
249
249
249
249
249
249
249
249
249
249
249
249
249
249
249
249
249
249
249
249
249
249
249
249
249
249
249
249
249
249
249
249
249
249
249
249
249
74
74
74
249
249
249
249
249
249
249
249
249
249
249
249
249
249
249
249
249
249
249
249
249
249
249
249
249
249
249
249
249
249
249
249
249
249
249
249
249
249
74
249
249
249
249
249
249
249
249
249
249
249
249
249
249
249
249
249
249
249
249
249
249
249
249
249
249
249
249
249
249
249
249
249
249
249
249
249
249
249
249
249
249
249
249
249
249
249
249
249
249
249
249
