244
244
244
244
244
244
244
244
244
244
244
244
244
244
244
244
244
244
244
244
244
244
244
244
244
244
244
68
68
68
244
244
244
244
244
244
244
244
244
244
244
244
244
244
244
244
244
68
68
68
244
244
244
244
244
244
244
244
244
244
244
244
244
244
244
244
244
244
244
244
244
244
244
244
244
244
244
244
244
244
244
244
244
244
244
244
244
244
244
244
244
244
244
244
244
244
244
244
244
244
244
244
244
244
244
244
244
244
244
244
244
244
244
244
244
244
244
244
244
244
244
244
244
244
244
244
244
68
244
244
244
244
244
244
244
244
244
244
244
244
244
244
244
244
244
244
244
244
244
244
244
244
244
244
244
244
244
244
244
244
244
244
244
244
244
244
244
244
244
244
244
244
244
244
244
246
245
226
109
226
245
246
244
244
244
244
244
244
244
244
244
244
244
244
247
239
97
73
54
73
212
239
247
244
244
244
244
244
244
244
244
244
244
244
244
244
244
244
244
244
244
244
244
244
244
244
244
244
244
244
244
244
244
244
244
244
244
244
244
244
244
244
244
244
244
244
244
244
244
244
244
244
244
244
244
244
244
244
244
244
244
244
244
244
244
244
244
244
244
244
244
244
244
247
237
214
64
64
92
237
247
244
244
244
244
244
244
244
244
244
244
244
244
244
244
244
244
244
244
244
244
244
244
244
244
244
244
244
244
244
244
244
244
244
244
244
244
244
244
246
247
249
247
246
244
246
251
239
244
239
251
246
244
244
244
244
244
244
244
244
244
244
244
244
247
242
209
66
39
69
99
245
249
244
244
244
244
244
244
244
244
244
244
244
244
244
244
244
244
244
244
244
244
244
244
244
244
244
244
244
244
244
244
244
244
244
244
244
244
244
244
244
244
244
244
244
244
244
244
244
244
244
244
244
244
244
244
244
244
244
244
244
244
244
244
244
244
244
244
244
244
244
244
249
244
90
66
62
221
239
247
244
244
244
244
244
244
244
244
244
244
244
244
244
244
244
244
244
244
244
244
244
244
244
244
244
244
244
244
244
244
244
244
244
244
244
244
244
246
251
239
244
239
251
246
244
246
247
249
247
246
244
244
244
244
244
244
244
244
244
244
244
244
244
246
254
239
90
61
70
223
239
247
244
244
244
244
244
244
244
244
244
244
244
244
244
244
244
244
244
244
244
244
244
244
244
244
244
244
244
244
244
244
244
244
244
244
244
244
244
244
244
244
244
244
244
244
244
244
244
244
244
244
244
244
244
244
244
244
244
244
244
244
244
244
244
244
244
244
244
244
244
244
247
239
214
90
221
247
251
246
244
244
244
244
244
244
244
244
244
244
244
244
244
244
244
244
244
244
244
244
244
244
244
244
244
244
244
244
244
244
244
244
244
244
244
244
246
251
247
221
90
214
239
247
244
244
244
244
244
244
244
244
244
244
244
244
245
246
249
250
250
249
248
249
254
251
229
102
230
253
255
251
248
246
245
244
244
244
244
244
244
244
244
244
244
244
244
244
244
244
244
244
244
244
244
244
244
244
244
244
244
244
244
244
244
244
244
244
244
244
244
244
244
244
244
244
244
244
244
244
244
246
247
249
247
246
244
244
244
244
244
244
244
244
244
244
244
244
244
244
244
244
246
251
239
244
239
251
246
244
244
244
244
244
244
244
246
247
249
247
246
244
244
244
244
244
244
244
244
244
244
244
244
244
245
246
248
250
251
251
251
251
250
248
246
244
247
239
221
62
66
90
244
249
244
244
244
244
244
244
244
244
244
244
244
244
246
241
239
231
234
242
247
248
234
241
226
238
230
242
235
234
241
245
246
244
244
244
244
244
244
244
244
244
244
244
244
244
244
244
244
244
244
244
244
244
244
244
244
244
244
244
244
244
244
244
244
244
244
244
244
244
244
244
244
244
244
244
244
244
246
251
239
244
239
251
246
244
244
244
244
244
244
244
244
244
244
244
244
244
244
244
244
246
247
249
247
246
244
244
244
244
244
244
244
246
251
239
244
239
251
246
244
244
244
244
244
244
244
244
245
247
249
251
251
248
242
234
233
233
233
233
236
243
249
250
252
246
91
66
62
221
239
247
244
244
244
244
244
244
244
244
244
244
244
244
248
240
177
159
160
188
244
206
151
88
153
168
169
165
163
158
188
244
248
246
244
244
245
245
246
245
245
244
244
244
244
244
244
244
244
244
244
246
247
249
247
246
244
244
244
244
244
244
244
244
244
244
244
244
244
244
244
244
244
244
244
244
244
246
251
247
221
90
214
239
247
244
244
244
244
244
244
244
244
244
244
244
244
244
244
244
244
244
244
244
244
244
244
244
244
244
244
244
246
251
247
221
90
214
239
247
244
244
244
244
244
244
244
244
246
240
235
231
237
235
183
160
163
164
165
162
161
194
240
236
244
237
216
91
221
247
251
246
244
244
244
244
244
244
244
244
244
244
244
244
250
235
163
139
144
161
174
155
60
57
71
146
148
146
144
144
148
196
248
250
249
248
250
245
247
246
252
251
251
249
247
245
244
244
244
244
246
251
239
244
239
251
246
244
244
244
244
245
246
247
249
248
247
246
245
244
244
244
244
244
244
244
244
247
239
221
62
66
90
244
249
244
244
244
244
244
244
244
244
244
244
244
244
244
244
244
244
244
244
244
244
244
244
244
244
244
244
244
247
239
221
62
66
90
244
249
244
244
244
244
244
244
244
244
249
221
163
158
166
160
152
144
144
146
146
145
148
154
162
182
179
237
241
246
239
251
246
244
244
244
244
244
244
244
244
244
244
244
244
245
251
239
172
147
150
155
153
77
66
65
141
151
155
153
153
150
149
155
200
242
245
243
241
220
182
232
235
234
232
238
245
251
251
250
249
249
252
247
221
90
214
239
247
244
244
244
245
248
247
240
241
237
245
242
248
245
244
244
244
244
244
244
244
249
244
90
66
62
221
239
247
244
244
244
244
244
244
244
244
244
244
244
244
244
244
244
244
244
245
246
247
247
245
244
244
244
244
244
249
244
90
66
62
221
239
247
244
244
244
244
244
244
244
244
249
213
149
137
145
147
147
149
150
152
156
156
154
150
149
148
151
195
245
254
250
247
244
244
244
244
244
244
244
244
244
244
244
244
244
246
247
233
163
147
152
155
150
139
77
139
151
155
152
152
153
153
150
152
153
165
224
241
164
152
162
158
164
164
163
163
215
237
235
231
240
246
244
221
62
66
90
244
249
245
247
249
250
245
240
183
164
216
178
235
249
249
247
245
244
244
244
244
244
247
239
214
90
221
247
251
246
244
244
244
244
244
244
246
247
248
247
245
244
244
244
244
246
248
252
244
242
239
246
245
244
244
244
244
247
239
214
90
221
247
251
246
244
244
244
244
244
244
244
244
250
216
154
143
149
146
152
160
162
159
148
154
152
160
155
152
149
158
219
241
241
247
244
244
244
244
244
244
244
244
244
244
244
244
244
250
245
176
152
151
154
155
156
148
147
149
166
163
156
148
150
151
152
152
143
156
216
190
153
144
147
147
145
146
144
150
156
163
165
163
165
240
243
91
66
62
221
239
248
246
240
238
236
205
160
151
153
147
158
181
232
238
241
246
244
244
244
244
244
246
251
239
245
242
254
249
246
244
244
244
244
245
248
248
240
237
239
245
245
244
244
245
245
238
237
227
168
217
248
245
244
244
244
244
246
251
239
244
239
251
246
244
244
244
244
244
244
244
244
244
249
213
153
149
167
171
170
226
241
167
144
80
136
151
153
157
150
154
153
168
239
249
244
244
244
244
244
244
244
244
244
244
244
244
244
251
237
171
145
153
155
152
153
161
165
174
219
236
179
166
160
154
151
155
148
157
208
174
151
152
152
150
147
148
147
148
147
147
146
141
155
189
247
217
90
221
247
251
247
250
231
172
157
156
149
148
150
148
149
155
158
182
246
250
244
244
244
244
244
244
247
251
252
243
239
238
246
245
244
244
245
245
241
239
188
159
218
249
245
244
244
248
248
207
162
153
155
221
248
245
244
244
244
244
244
246
247
249
247
246
244
244
244
244
244
244
244
244
244
244
249
220
164
194
238
236
240
250
241
216
66
64
66
79
141
152
155
150
140
164
233
250
244
244
244
244
244
244
244
244
244
244
244
244
244
251
241
175
147
153
153
148
144
186
233
230
241
248
243
238
218
156
164
151
150
158
157
157
151
147
148
155
163
169
164
156
147
147
149
147
162
233
251
243
246
244
254
250
250
246
218
151
144
147
148
147
146
146
146
146
144
181
238
249
246
244
244
244
244
244
246
241
239
195
157
212
248
247
244
244
248
250
217
158
145
150
212
250
247
244
244
249
249
202
142
140
209
243
247
244
244
244
244
244
244
244
244
244
244
244
244
244
244
244
244
244
244
244
244
244
246
239
237
241
249
251
249
251
247
98
67
44
49
59
76
151
156
154
146
170
238
251
244
244
244
244
244
244
244
244
244
244
244
244
244
253
242
173
143
150
153
154
154
200
250
250
246
248
249
252
248
217
156
150
152
153
151
147
154
161
165
188
236
239
237
191
167
162
159
150
158
196
251
255
251
243
233
237
250
241
173
151
147
151
157
165
166
167
158
154
148
156
195
244
245
245
244
244
244
246
249
221
161
144
149
204
248
247
244
244
247
243
202
145
138
153
215
250
247
244
244
248
244
200
142
154
220
251
248
244
244
244
244
244
244
244
244
244
244
244
244
244
244
244
244
244
244
244
244
244
245
247
248
247
246
244
244
247
239
219
90
66
75
71
142
150
153
153
146
168
236
251
244
244
244
244
244
244
244
244
244
244
244
244
249
251
236
137
109
145
156
181
237
240
243
246
244
244
244
246
251
221
159
147
153
153
150
151
164
231
236
242
248
253
248
244
233
223
159
145
150
183
238
244
233
181
145
167
232
224
159
145
150
154
203
240
236
236
232
168
151
147
156
201
253
251
245
244
244
247
249
214
152
136
153
211
250
247
244
245
251
224
162
150
144
154
217
250
247
243
247
250
217
162
140
151
215
250
247
244
244
244
244
244
244
244
244
244
244
244
244
244
244
244
244
244
244
244
244
244
244
244
244
244
244
244
244
246
251
242
239
208
104
220
195
154
152
152
147
167
237
251
244
244
244
244
244
244
244
244
244
246
247
249
250
245
155
104
99
107
167
240
251
249
246
244
244
244
244
245
249
230
174
151
151
148
150
158
232
250
251
248
246
245
246
250
254
193
167
151
149
180
202
163
158
152
141
149
161
163
156
148
148
190
244
251
251
252
250
227
153
143
154
186
244
243
251
246
244
247
249
216
155
139
153
210
250
247
244
248
251
218
155
147
147
157
217
250
247
244
248
251
211
151
142
152
219
249
245
244
244
244
244
244
244
244
244
244
244
244
244
244
244
244
244
244
244
244
244
244
244
244
244
244
244
244
244
244
246
249
254
242
250
242
208
154
149
154
146
169
237
250
244
244
244
244
244
244
244
244
245
245
237
238
242
195
126
108
109
103
141
242
253
244
244
244
244
244
244
245
248
241
205
149
150
152
155
226
247
249
245
244
244
244
244
245
247
231
163
143
140
129
152
152
143
147
146
148
149
149
150
149
157
202
251
249
244
245
251
236
168
152
151
172
91
218
241
247
244
245
251
223
162
144
152
211
250
247
245
250
248
215
151
149
147
155
216
250
247
244
247
244
206
145
145
205
243
248
244
244
244
244
244
244
244
244
244
244
244
244
244
244
244
244
244
244
244
244
244
244
244
244
244
244
244
244
244
244
244
244
246
247
252
250
197
151
150
152
146
172
237
250
244
244
244
244
244
244
244
244
247
249
209
163
204
190
146
144
144
102
139
234
252
244
244
244
244
244
244
245
249
222
161
150
147
151
215
246
250
245
244
244
244
244
244
245
254
238
140
107
108
122
148
154
155
161
160
154
147
152
151
148
184
241
249
245
244
244
247
246
221
150
139
60
69
93
247
251
244
244
247
244
206
144
151
213
251
249
247
244
224
156
153
151
146
157
219
251
248
246
251
225
161
145
153
213
251
249
244
244
244
244
244
244
244
244
244
244
244
244
244
244
244
244
244
244
244
244
244
244
244
244
244
244
244
244
244
244
244
244
244
244
248
247
210
160
149
154
147
171
237
250
244
244
244
244
244
244
244
244
247
248
202
150
187
192
162
165
154
135
141
236
251
244
244
244
244
244
244
245
250
220
159
150
144
155
218
251
248
244
244
244
244
244
244
245
251
227
124
96
103
121
149
148
151
206
236
181
159
154
147
149
188
244
251
245
244
244
245
251
227
158
71
62
61
191
238
250
244
244
249
250
212
150
143
205
243
248
250
233
159
147
147
151
149
151
213
245
248
248
245
212
148
140
151
208
249
247
244
244
244
244
244
244
244
244
244
244
244
244
244
244
244
244
244
244
244
244
244
244
244
244
244
244
244
244
244
244
244
244
244
244
248
248
211
160
149
153
146
170
237
251
244
244
244
244
244
244
244
244
247
248
206
153
148
160
206
170
151
151
178
242
250
244
244
244
244
244
244
245
248
247
210
152
144
154
216
250
247
244
244
244
244
244
244
245
253
192
125
98
101
119
154
160
166
222
250
246
231
165
152
146
163
213
250
249
244
244
245
249
231
162
134
73
143
190
242
249
245
244
247
250
210
151
143
152
218
251
253
228
158
145
155
157
155
148
160
227
250
249
231
166
148
147
157
214
250
247
244
244
244
244
244
244
244
244
244
244
244
244
244
244
244
244
244
244
244
244
244
244
244
244
244
244
244
244
244
244
244
244
244
245
251
251
202
154
150
152
144
165
234
250
244
244
244
244
244
244
244
244
247
250
216
156
145
156
162
161
149
164
235
248
246
244
244
244
244
244
244
245
249
246
209
151
141
153
214
250
247
244
244
244
244
244
244
245
251
229
127
96
105
123
191
241
236
240
247
251
248
229
157
145
147
192
244
249
246
244
244
246
246
224
152
149
144
179
228
245
247
244
247
249
209
152
136
152
214
251
248
225
154
147
186
200
154
141
155
221
250
251
223
160
142
146
198
243
248
244
244
244
244
244
244
244
244
244
244
244
244
244
244
244
244
244
244
244
244
244
244
244
244
244
244
244
244
244
244
244
244
244
246
251
244
242
188
154
150
150
148
162
240
249
244
244
244
244
244
244
244
246
247
252
247
200
149
146
151
150
147
171
240
251
245
244
244
244
244
244
244
246
250
219
156
146
147
160
222
249
245
244
244
244
244
244
244
245
255
237
136
97
111
168
241
251
252
247
246
245
249
238
181
150
148
154
203
244
247
244
244
245
249
245
205
146
149
154
180
233
248
245
247
250
216
159
143
156
220
255
246
175
150
150
192
206
159
141
160
225
251
251
224
159
143
154
206
250
249
244
244
244
244
244
244
244
244
244
244
244
244
244
244
244
244
244
244
244
244
244
244
244
244
244
244
244
244
244
244
244
244
246
251
248
229
91
142
152
151
155
163
235
243
247
244
244
244
244
244
244
246
251
239
249
245
213
155
144
123
139
147
171
237
250
244
244
244
244
244
244
244
246
248
217
148
145
147
207
247
251
248
246
244
244
244
244
244
246
250
228
125
96
116
157
202
249
249
244
244
244
247
244
210
154
146
147
148
207
249
247
244
244
248
251
217
158
147
143
161
226
250
246
244
249
243
199
142
149
218
250
228
157
141
160
192
203
153
140
161
225
253
243
204
150
143
169
222
249
247
244
244
244
244
244
244
244
244
244
244
246
247
249
247
246
244
244
244
244
244
244
244
244
244
244
244
244
244
244
244
244
244
247
239
221
69
62
71
147
150
156
226
248
249
245
244
244
244
244
244
246
251
247
221
97
213
197
165
159
128
107
136
170
239
250
244
244
244
244
244
244
244
245
249
245
207
143
152
220
247
248
239
251
246
244
244
244
244
249
247
178
117
105
116
150
193
247
250
244
244
244
245
249
228
162
151
141
143
204
250
249
244
244
244
247
244
203
152
147
152
221
247
249
245
249
250
205
147
150
202
243
157
75
130
174
243
204
153
142
158
226
254
235
155
147
153
198
248
248
244
244
244
244
244
244
244
244
244
244
246
251
239
244
239
251
246
244
244
244
244
244
244
244
244
244
244
244
244
244
244
244
244
249
244
92
71
59
137
146
153
168
236
251
245
244
244
244
244
244
244
247
239
221
63
71
76
157
201
230
141
103
111
170
242
252
247
247
249
247
246
244
244
245
249
246
209
146
158
213
225
92
214
239
247
244
244
244
244
250
240
172
139
111
142
143
186
242
250
246
244
244
244
247
245
219
156
148
148
208
247
250
245
244
244
245
249
244
192
147
151
154
231
245
246
248
248
202
145
153
214
220
69
57
80
187
253
246
191
141
157
229
253
227
153
142
183
241
250
245
244
244
244
244
244
244
244
244
244
246
251
247
221
90
214
239
247
244
244
244
244
244
244
244
249
253
254
255
254
253
249
246
244
247
240
216
87
173
152
150
153
219
245
247
244
244
244
244
244
244
244
249
244
90
69
67
184
157
211
205
156
116
150
166
243
246
255
240
244
239
251
246
244
245
251
222
159
144
150
188
66
68
90
244
249
244
244
244
244
252
243
179
147
148
118
152
154
196
245
247
245
244
244
245
249
247
207
148
149
160
221
244
246
244
244
244
249
247
199
154
141
147
167
243
249
248
249
203
146
154
212
92
70
59
159
234
253
250
198
146
151
231
237
164
146
152
191
246
250
244
244
244
244
244
244
244
244
244
244
247
239
221
62
66
90
244
249
244
244
244
244
244
244
244
237
230
219
225
221
235
247
255
255
255
255
255
226
162
165
156
170
239
255
255
255
255
255
255
255
255
255
255
252
229
107
229
213
212
249
204
156
155
161
209
97
230
246
228
95
225
251
255
255
255
255
227
161
155
172
95
86
78
236
252
255
255
255
255
255
255
246
179
156
162
175
158
158
162
216
254
255
255
255
255
255
255
225
164
153
156
167
239
255
255
255
255
255
255
218
166
141
74
155
241
255
255
255
212
155
161
161
151
81
143
189
255
255
255
208
157
158
167
205
87
135
162
210
255
255
255
255
255
255
255
255
255
255
255
255
255
255
106
79
72
226
240
247
244
244
244
244
244
244
244
225
92
64
72
68
80
202
214
209
210
215
221
189
135
129
126
144
196
213
209
209
209
209
209
209
209
209
211
217
205
216
189
145
175
214
167
131
135
145
68
61
73
205
74
54
66
205
214
209
211
217
192
133
126
169
180
59
184
212
217
212
214
219
223
225
225
165
137
132
139
149
141
132
133
154
198
215
209
209
208
210
213
181
130
129
129
130
193
216
210
209
208
210
210
210
158
64
53
71
202
216
213
212
166
122
131
140
134
134
126
153
208
219
215
171
131
134
138
69
65
62
144
198
211
210
208
209
209
209
209
209
209
209
209
209
212
204
177
51
196
235
253
246
244
244
244
244
244
244
244
225
92
64
72
69
85
97
112
109
110
105
102
90
86
85
91
102
107
110
109
109
109
109
109
109
109
109
109
111
114
109
94
84
96
104
100
85
87
70
69
61
98
72
79
56
92
98
112
109
111
104
94
82
90
110
106
113
103
118
112
118
107
99
83
83
84
84
86
82
93
91
91
82
82
91
101
111
111
109
109
109
110
103
92
85
81
86
95
106
111
109
109
109
111
114
88
74
50
85
96
114
110
109
102
91
84
87
88
86
88
99
108
122
105
97
83
93
75
70
59
76
91
108
112
109
109
109
109
109
109
109
109
109
109
109
110
118
104
104
111
245
251
244
244
244
244
244
244
244
244
237
230
219
225
223
219
214
211
210
215
195
135
125
133
146
197
218
212
210
209
209
209
209
209
209
209
209
209
210
216
193
133
132
182
220
167
132
134
133
92
215
231
207
99
209
224
214
211
210
216
192
127
127
129
173
211
216
213
211
212
204
182
49
37
53
68
153
134
130
151
203
166
139
133
126
178
209
212
209
209
209
211
217
185
139
132
127
137
200
215
210
209
209
209
217
212
91
130
147
205
216
209
214
215
170
131
132
133
137
152
216
222
213
193
59
117
135
132
81
133
136
156
211
213
209
209
209
209
209
209
209
209
209
209
209
209
211
212
211
223
234
247
244
244
244
244
244
244
244
244
249
253
254
255
255
255
255
255
255
255
233
163
152
155
207
253
255
255
255
255
255
255
255
255
255
255
255
255
255
255
229
156
187
252
253
195
155
157
161
236
250
255
244
247
244
255
255
255
255
255
231
164
152
162
184
236
255
255
255
255
255
107
70
57
92
233
189
159
151
178
245
255
211
157
156
174
238
255
255
255
255
255
255
254
206
161
154
166
240
255
255
255
255
255
255
251
240
162
172
244
255
255
255
255
216
168
157
153
165
239
255
253
236
82
77
83
161
155
153
150
165
200
255
255
255
255
255
255
255
255
255
255
255
255
255
255
255
255
254
253
249
246
244
244
244
244
244
244
244
244
244
244
244
244
244
244
245
248
247
233
160
151
145
155
209
251
248
244
244
244
244
244
244
244
244
244
244
244
250
235
170
153
195
253
205
155
148
148
186
240
253
247
247
249
247
246
244
244
250
236
172
152
148
150
199
244
247
244
244
247
239
221
90
80
230
235
191
147
150
172
248
253
211
151
141
149
212
247
249
245
244
244
246
250
243
184
146
151
166
238
247
248
245
244
245
253
243
170
158
231
251
244
247
247
236
178
145
152
170
241
254
244
90
70
65
169
150
154
154
149
171
237
247
245
244
244
244
244
244
244
244
244
244
244
244
244
244
244
244
244
244
244
244
244
244
244
244
244
244
244
244
244
244
244
244
244
246
244
236
163
151
148
153
197
245
246
245
244
244
244
244
244
244
244
244
244
244
245
251
227
153
166
242
249
195
148
147
150
173
236
251
244
244
244
244
244
244
245
250
229
161
145
147
159
212
248
249
244
244
246
253
250
234
209
93
174
155
146
159
230
248
251
215
158
147
152
161
226
244
247
244
244
244
250
245
190
147
145
153
168
239
242
246
244
244
250
245
173
164
230
251
244
248
250
203
157
144
152
224
245
250
239
214
95
219
187
155
150
150
155
189
247
251
244
244
244
244
244
244
244
244
244
244
244
244
244
244
244
244
244
244
244
244
244
244
244
244
244
244
244
244
244
244
244
244
246
251
245
175
152
146
145
184
242
249
246
244
244
244
244
244
244
244
244
244
244
244
247
246
222
155
180
253
251
195
148
148
148
179
235
251
244
244
244
244
244
244
246
250
231
166
147
148
151
203
248
248
244
244
244
249
244
229
73
69
73
151
145
167
236
252
249
243
196
146
147
151
163
233
250
244
244
244
248
249
193
155
149
150
150
168
242
250
244
244
246
246
225
173
226
251
244
248
244
195
143
140
163
236
251
247
251
238
248
245
206
159
151
148
165
234
248
246
244
244
244
244
244
244
244
244
244
244
244
244
244
244
244
244
244
244
244
244
244
244
244
244
244
244
244
244
244
244
244
245
244
245
229
165
146
147
153
196
250
249
244
244
244
244
246
247
249
247
246
244
244
244
249
235
158
164
230
251
250
195
150
149
146
162
233
250
244
244
244
244
244
244
248
242
212
163
150
145
148
199
247
248
244
244
244
249
244
90
71
66
171
151
145
165
233
251
248
251
209
155
148
143
160
228
251
245
244
244
245
247
239
176
149
152
143
165
238
251
244
244
245
250
237
186
232
249
244
248
247
203
160
160
222
244
247
244
246
247
252
248
237
169
146
145
168
237
251
245
244
244
244
244
244
244
244
244
244
244
244
244
244
244
244
244
244
244
244
244
244
244
244
244
244
244
244
244
244
244
246
251
250
207
162
154
147
150
178
242
246
245
245
247
249
251
254
241
244
239
251
246
244
244
248
234
167
178
244
253
247
197
151
147
151
171
238
249
244
244
244
244
244
244
249
233
157
154
152
150
159
210
250
247
244
244
244
247
239
216
95
217
188
155
143
162
232
251
245
246
244
196
152
145
155
227
248
248
245
244
246
253
248
181
145
146
145
169
236
248
245
244
244
246
239
241
239
246
244
245
243
239
233
237
243
247
245
244
244
244
249
250
187
152
148
150
168
242
249
244
244
244
244
244
244
244
244
244
244
244
244
244
244
244
244
244
244
244
244
244
244
244
244
244
244
244
244
244
244
245
244
242
233
173
148
147
155
180
250
253
252
251
251
246
241
236
238
216
92
214
239
247
244
244
247
240
236
235
242
251
247
197
150
145
156
226
247
247
244
244
244
244
244
245
251
231
155
145
152
148
192
242
248
244
244
244
244
246
251
242
247
194
162
146
147
166
238
249
244
246
248
244
185
146
148
158
232
243
245
246
251
244
244
185
173
158
149
147
186
245
248
244
244
245
247
250
250
248
246
244
246
248
249
249
247
245
244
244
244
244
249
240
179
140
142
157
229
246
246
244
244
244
244
244
244
244
244
244
244
244
244
244
244
244
244
244
244
244
244
244
244
244
244
244
244
244
244
244
244
248
247
204
157
153
152
148
160
228
236
237
236
236
238
233
168
156
158
64
69
90
244
249
244
244
245
246
248
248
246
249
247
195
149
142
165
230
251
246
244
244
244
244
244
246
247
230
159
148
149
149
197
248
250
244
244
244
244
244
248
250
218
160
145
150
164
230
244
247
244
244
249
248
230
178
149
159
173
245
248
251
247
223
88
208
231
234
169
162
190
244
248
244
244
246
251
239
244
239
251
246
244
244
244
244
244
244
244
244
244
244
249
246
197
155
144
162
233
251
245
244
244
244
244
244
244
244
244
244
244
244
244
244
244
244
244
244
244
244
244
244
244
244
244
244
244
244
244
244
244
248
245
193
145
145
153
152
164
165
158
161
171
176
171
161
154
145
68
62
69
222
239
247
244
244
244
244
244
244
244
249
247
195
149
143
158
213
248
246
244
244
244
244
244
248
243
175
152
152
149
149
197
247
249
244
244
244
244
244
247
248
207
159
156
213
242
243
249
245
244
244
245
247
244
241
228
173
229
243
249
239
221
63
68
94
252
254
234
231
233
250
247
244
246
251
247
221
90
214
239
247
244
244
244
244
244
244
244
244
244
244
245
243
241
234
171
172
236
249
244
244
244
244
244
244
244
244
244
244
244
244
244
244
244
244
244
244
244
244
244
244
244
244
244
244
244
244
244
244
244
249
247
197
151
149
154
153
152
149
145
144
148
149
149
149
152
150
132
84
225
250
251
246
244
244
244
244
244
244
244
249
247
195
149
142
160
212
248
246
244
244
244
244
244
250
237
170
146
151
148
150
195
246
248
244
244
244
244
244
246
244
230
223
236
244
250
247
245
244
244
244
244
245
247
250
244
246
242
248
250
244
90
66
62
223
248
252
226
95
218
241
248
244
247
239
221
62
66
90
244
249
244
244
244
244
244
244
244
244
244
244
245
246
249
246
238
237
241
246
244
244
244
244
244
244
244
244
244
244
244
244
244
244
244
244
244
244
244
244
244
244
244
244
244
244
244
244
244
244
244
248
245
191
143
141
146
146
146
146
147
146
146
145
145
146
146
148
138
170
237
254
245
244
244
244
244
244
244
244
244
249
247
195
149
139
158
226
249
245
244
244
244
244
244
251
236
174
147
151
149
156
201
249
248
244
244
244
244
244
245
245
246
248
249
247
245
244
244
244
244
244
244
244
244
245
246
246
246
245
247
239
214
90
221
250
247
223
62
66
90
244
249
244
249
244
90
66
62
221
239
247
244
244
244
244
244
244
244
244
244
244
244
244
245
246
248
248
246
245
244
244
244
244
244
244
244
244
244
244
244
244
244
244
244
244
244
244
244
244
244
244
244
244
244
244
244
244
244
244
244
248
248
200
159
159
164
164
164
164
164
164
164
165
165
165
165
163
161
184
244
250
244
244
244
244
244
244
244
244
244
248
245
191
144
134
147
224
250
245
244
244
244
244
244
250
234
156
139
143
142
179
239
248
245
244
244
244
244
244
244
244
245
245
244
244
244
244
244
244
244
244
244
244
244
244
244
244
244
244
246
251
239
244
239
254
245
90
66
62
221
239
247
244
247
239
214
90
221
247
251
246
244
244
244
244
244
244
244
244
244
244
244
244
244
244
244
244
244
244
244
244
244
244
244
244
244
244
244
244
244
244
244
244
244
244
244
244
244
244
244
244
244
244
244
244
244
244
244
244
244
245
244
238
233
232
233
233
233
233
233
233
233
233
233
233
233
233
232
238
242
246
244
244
244
244
244
244
244
244
244
248
247
200
160
158
173
231
250
244
244
244
244
244
244
249
238
174
157
160
163
201
248
250
244
244
244
244
244
244
244
244
244
244
244
244
244
244
244
244
244
244
244
244
244
244
244
244
244
244
244
246
247
249
247
249
239
214
90
221
247
251
246
244
246
251
239
244
239
251
246
244
244
244
244
244
244
244
244
244
244
244
244
244
244
244
244
244
244
244
244
244
244
244
244
244
244
244
244
244
244
244
244
244
244
244
244
244
244
244
244
244
244
244
244
244
244
244
244
244
244
244
246
248
250
251
251
251
251
251
251
251
251
251
251
251
251
251
250
249
246
245
244
244
244
244
244
244
244
244
244
245
244
239
234
231
239
241
247
244
244
244
244
244
244
246
241
237
232
232
233
239
244
245
244
244
244
244
244
244
244
244
244
244
244
244
244
244
244
244
244
244
244
244
244
244
244
244
244
244
244
244
244
244
244
246
251
239
244
239
251
246
244
244
244
246
247
249
247
246
244
244
244
244
244
244
244
244
244
244
244
244
244
244
244
244
244
244
244
244
244
244
244
244
244
244
244
244
244
244
244
244
244
244
244
244
244
244
244
244
244
244
244
244
244
244
244
244
244
244
244
244
244
244
244
244
244
244
244
244
244
244
244
244
244
244
244
244
244
244
244
244
244
244
244
244
244
244
244
244
244
244
246
248
250
250
249
246
245
244
244
244
244
244
244
245
246
249
251
251
250
248
246
245
244
244
244
244
244
244
244
244
244
244
244
244
244
244
244
244
244
244
244
244
244
244
244
244
244
244
244
244
244
244
244
244
246
247
249
247
246
244
244
244
244
244
244
244
244
244
244
244
244
244
244
244
244
244
244
244
244
244
244
244
244
244
244
244
244
244
244
244
244
244
244
244
244
244
244
244
244
244
244
244
244
244
244
244
244
244
244
244
244
244
244
244
244
244
244
244
244
244
244
244
244
244
244
244
244
244
244
244
244
244
244
244
244
244
244
244
244
244
244
244
244
244
244
244
244
244
244
244
244
244
244
244
244
244
244
244
244
244
244
244
244
244
244
244
244
244
244
244
244
244
244
244
244
244
244
244
244
244
244
244
244
244
244
244
244
244
244
244
244
244
244
244
244
244
244
244
244
244
244
244
244
244
244
244
244
244
244
244
244
244
244
246
247
249
247
246
244
244
244
244
244
244
244
244
244
244
244
244
244
244
244
244
244
244
244
244
244
244
244
244
244
244
244
244
244
244
244
244
244
244
244
244
244
244
244
244
244
244
244
244
244
244
244
244
244
244
244
244
244
244
244
244
244
244
244
244
244
244
244
244
244
244
244
244
244
244
244
244
244
244
244
244
244
244
244
244
244
244
244
244
244
244
244
244
244
244
244
244
244
244
244
244
244
244
244
244
244
244
244
244
244
244
244
244
244
244
244
244
244
244
244
244
244
244
244
244
244
244
244
244
244
244
244
244
244
244
244
244
244
244
244
244
244
244
244
244
244
244
244
244
246
251
239
244
239
251
246
244
244
244
244
244
244
244
244
244
244
244
244
244
244
244
244
244
244
244
244
244
244
244
244
244
244
244
244
244
244
244
244
244
244
244
244
244
244
244
244
244
244
244
244
244
244
244
244
244
244
244
244
244
244
244
244
244
244
244
244
244
244
244
244
244
244
244
244
244
244
244
244
244
244
244
244
244
244
244
244
244
244
244
244
244
244
244
244
244
244
244
244
244
244
244
244
244
244
244
244
244
244
244
244
244
244
244
244
244
244
244
244
244
244
244
244
244
244
244
244
244
244
244
244
244
244
244
244
244
244
244
244
244
244
244
244
244
244
244
244
244
244
246
251
247
221
90
214
239
247
244
244
244
244
244
244
244
244
244
244
244
244
244
244
244
244
244
244
244
244
244
244
244
244
244
244
244
244
244
244
244
244
244
244
244
244
244
244
244
244
244
244
244
244
244
244
244
244
244
244
244
244
244
244
244
244
244
244
244
244
244
244
244
244
244
244
244
244
244
244
244
244
244
244
244
244
244
244
244
244
244
244
244
244
244
244
244
244
244
244
244
244
244
244
244
244
244
244
244
244
244
244
244
244
244
244
244
244
244
244
244
244
244
244
244
244
244
244
244
244
244
244
244
244
244
244
244
244
244
244
244
244
244
244
244
244
244
244
244
244
244
244
246
245
233
81
71
89
237
247
244
244
244
244
244
244
244
244
244
244
244
244
244
244
244
244
244
244
244
244
244
244
244
244
244
244
244
244
244
244
244
244
244
244
244
244
244
244
244
244
244
244
244
244
244
244
244
244
244
244
244
244
244
244
244
244
244
244
244
244
244
244
244
244
244
244
244
244
244
244
244
244
244
244
244
244
244
244
244
244
244
244
244
244
244
244
244
244
244
244
244
244
244
244
244
244
244
244
244
244
244
244
244
244
244
244
244
244
244
244
244
244
244
244
244
244
244
244
244
244
244
244
244
244
244
244
244
244
244
244
244
244
244
244
244
244
244
244
244
244
244
244
244
244
68
68
68
244
244
244
244
244
244
244
244
244
244
244
244
244
244
244
244
244
244
244
244
244
244
244
244
244
244
244
244
244
244
244
244
244
244
244
244
244
244
244
244
244
244
244
244
244
244
244
244
244
244
