245
245
245
245
245
245
245
245
245
245
245
245
245
245
245
245
245
245
245
245
245
245
245
245
245
245
245
245
245
245
245
245
245
245
245
245
245
245
245
245
245
245
245
245
245
245
245
245
245
245
245
245
245
245
245
34
34
34
245
245
245
245
245
245
245
245
245
245
245
245
245
245
245
245
245
245
245
245
245
245
245
245
245
245
245
245
245
245
245
245
245
245
245
245
245
245
245
245
245
245
245
245
245
245
245
245
245
245
245
245
245
245
245
245
245
245
245
245
245
245
245
245
245
245
245
245
245
245
245
245
34
34
34
245
245
245
245
245
245
245
245
245
245
245
245
245
245
245
245
245
245
245
245
245
245
245
245
245
245
245
245
245
245
245
245
245
245
245
245
245
245
245
245
245
245
245
245
245
245
245
245
245
246
246
246
246
246
247
243
217
231
238
242
246
245
245
245
245
245
245
245
245
245
247
247
222
83
222
247
247
245
245
245
245
245
245
245
245
245
245
245
245
245
245
245
245
245
245
245
245
245
245
245
245
245
245
245
245
246
248
243
202
190
220
247
246
245
245
245
245
245
245
245
245
245
245
245
245
245
245
245
245
245
245
245
245
245
245
245
245
245
245
245
245
245
245
245
248
236
58
39
51
230
247
247
245
245
245
245
245
245
245
245
245
245
245
245
245
245
245
245
245
245
245
245
245
245
245
245
245
245
245
245
245
245
245
245
245
245
245
245
245
245
245
245
245
245
245
245
245
246
248
248
246
245
245
248
249
241
206
187
197
226
247
246
245
245
245
245
245
245
245
245
247
253
238
245
238
253
247
245
245
245
245
245
245
245
245
245
245
245
245
245
245
245
245
245
245
245
245
245
245
245
245
245
245
245
245
246
244
233
186
182
218
246
248
245
245
245
245
245
245
245
245
245
245
245
245
245
245
245
245
245
245
245
245
245
245
245
245
245
245
245
245
245
245
245
248
238
208
60
216
249
253
247
245
245
245
245
245
245
245
245
245
245
245
245
245
245
245
245
245
245
245
245
245
245
245
245
245
245
245
245
245
245
245
245
245
245
245
245
245
245
245
245
245
245
245
245
246
246
243
240
228
218
227
241
248
227
195
180
187
220
247
248
245
245
245
245
245
245
245
245
245
247
248
250
248
247
245
245
245
245
245
245
245
245
245
245
245
245
245
245
245
245
245
245
245
245
245
245
245
245
245
245
245
245
245
247
248
192
183
186
220
247
248
245
245
245
245
245
245
245
245
245
245
245
245
245
245
245
245
245
245
245
245
245
245
245
245
245
245
245
245
245
245
245
247
253
238
245
238
253
247
245
245
245
245
245
245
245
245
245
245
245
245
245
245
245
245
245
245
245
245
245
245
245
245
245
245
245
245
245
245
245
245
245
245
245
245
245
245
245
245
245
245
245
245
246
248
248
224
198
194
192
195
204
239
216
190
185
191
224
248
248
245
245
245
245
245
245
245
245
245
245
245
245
245
245
245
245
245
245
245
245
245
245
245
245
245
245
245
245
245
245
245
245
245
245
245
245
245
245
245
245
245
245
245
248
242
233
188
190
222
248
246
245
245
245
245
245
245
245
245
245
245
245
245
245
245
245
245
245
245
245
245
245
245
245
245
245
245
245
245
245
245
245
245
247
248
250
248
247
245
245
245
245
245
245
245
245
245
245
245
245
245
245
245
245
245
245
245
245
245
245
245
245
245
245
245
245
245
245
245
245
245
245
245
245
245
245
245
245
245
245
245
245
246
249
252
220
191
182
193
188
187
193
195
196
191
185
188
220
246
248
245
245
245
245
245
245
245
245
245
245
245
245
245
245
245
245
245
245
245
245
245
245
245
245
245
245
245
245
245
245
245
245
245
245
245
245
245
245
245
245
245
245
245
247
248
219
193
206
242
248
245
245
245
245
245
245
245
245
245
245
245
245
245
245
245
245
246
248
248
248
248
246
245
245
245
245
245
245
245
245
245
245
245
245
245
245
245
245
245
245
245
245
245
245
245
245
245
245
245
245
245
245
245
245
245
245
245
245
245
245
245
245
245
245
245
245
245
245
245
245
245
245
245
245
245
245
245
245
245
245
245
245
248
252
237
173
50
160
188
195
192
190
188
192
197
197
193
220
248
246
245
245
245
245
245
245
245
245
245
245
245
245
245
245
245
247
248
250
248
247
245
245
245
245
245
245
245
245
245
245
245
245
245
245
245
245
245
245
245
245
245
245
245
246
245
218
190
208
245
249
245
245
245
245
245
245
245
245
245
245
245
245
245
245
245
246
244
243
237
237
241
244
246
245
245
245
245
245
245
245
245
245
245
245
245
245
245
245
245
245
245
245
245
245
245
245
245
245
245
245
245
245
245
245
245
245
245
245
245
245
246
248
248
249
249
248
248
247
246
245
245
245
245
245
245
245
245
245
245
245
245
246
248
235
177
25
31
57
208
222
191
188
189
195
227
241
240
241
245
246
245
245
245
246
247
247
247
247
247
247
247
247
246
246
247
253
238
245
238
253
247
245
245
245
245
245
245
245
245
245
245
245
245
245
245
245
245
245
245
245
245
245
245
246
248
221
193
207
244
248
245
245
245
245
245
245
245
245
245
245
245
245
246
247
247
248
243
211
193
188
215
248
251
250
248
247
245
245
245
245
245
245
245
245
245
245
245
245
245
245
245
245
245
245
245
245
245
245
245
245
245
245
245
245
245
245
245
245
245
246
244
242
237
238
239
238
239
244
247
247
246
245
245
245
245
245
245
245
245
245
245
248
251
209
51
29
34
221
243
225
195
187
184
202
237
251
248
247
246
245
245
245
245
245
244
239
241
247
246
241
242
244
246
245
254
249
216
60
208
238
248
245
245
245
245
245
245
245
245
245
245
245
245
245
245
245
245
246
246
246
245
245
245
246
248
239
197
207
244
248
245
245
245
245
245
245
245
245
245
245
245
246
245
245
242
248
222
193
179
179
215
253
242
244
238
253
247
245
245
245
245
245
245
245
245
245
245
245
245
245
245
245
245
245
245
245
245
245
245
245
245
245
245
245
245
245
245
245
245
247
244
209
192
195
198
198
196
214
243
246
248
246
245
245
245
245
245
245
245
245
246
246
242
198
160
58
223
249
254
248
212
190
185
195
230
248
246
245
245
245
245
245
246
248
233
203
209
243
243
195
207
237
223
242
244
218
30
33
60
245
250
245
245
245
245
245
245
245
245
245
245
245
245
245
245
245
247
244
245
243
247
245
245
246
248
240
200
206
244
248
245
245
245
245
245
245
245
245
245
245
246
248
243
216
223
212
219
195
187
190
227
251
219
60
208
238
248
245
245
245
245
245
245
245
245
245
245
245
245
245
245
245
245
245
245
245
245
245
245
245
245
245
245
245
245
245
245
245
245
247
244
204
183
183
188
186
189
192
197
232
244
246
246
245
245
245
245
245
245
245
246
247
221
196
191
239
242
253
248
248
240
202
183
194
229
248
246
245
245
245
245
245
246
244
213
185
201
225
202
190
192
190
196
234
242
59
34
30
216
238
248
245
245
245
245
245
245
245
245
245
245
245
245
245
245
246
246
240
208
235
245
246
245
246
246
219
189
207
244
248
245
245
245
245
245
245
245
245
245
245
248
245
223
194
190
194
194
192
191
221
238
217
29
33
60
245
250
245
245
245
245
245
245
245
245
245
245
245
245
245
245
245
245
245
245
245
245
245
245
245
245
245
245
245
245
245
245
245
245
246
245
241
205
192
192
189
187
185
189
191
216
244
246
246
245
245
245
245
245
245
248
245
215
189
205
249
250
247
245
248
242
204
182
191
227
248
246
245
245
245
245
246
249
231
197
193
197
195
190
186
188
187
191
197
191
184
57
215
250
254
250
248
248
247
246
246
245
245
245
245
245
245
245
245
245
247
248
217
190
208
245
248
245
247
248
209
189
207
244
248
245
245
245
245
245
245
245
245
245
246
248
235
197
188
187
189
188
186
199
246
246
64
33
29
216
238
248
245
245
245
245
245
245
245
245
245
245
245
245
245
245
245
245
245
245
245
245
245
245
245
245
245
245
245
245
245
245
245
245
245
247
246
243
226
210
204
197
192
188
186
189
218
245
246
245
245
245
245
245
245
248
246
214
192
232
246
247
245
245
248
241
201
185
190
228
248
246
245
245
245
245
247
246
232
185
187
183
196
196
195
193
190
190
189
200
189
206
236
255
245
239
239
241
246
247
247
247
245
245
245
245
245
245
245
245
247
242
212
183
198
240
247
245
248
242
232
190
210
244
248
245
245
245
245
245
245
245
245
245
247
245
228
189
183
188
189
190
190
191
216
242
211
60
216
249
253
247
245
245
245
245
245
245
245
245
245
245
245
245
245
245
245
245
245
245
245
245
245
245
245
245
245
245
245
245
245
245
245
245
245
245
247
247
245
242
242
240
224
197
193
188
195
231
248
246
245
245
245
245
245
248
246
213
195
234
249
246
245
245
248
240
200
183
216
244
247
245
245
245
245
245
250
247
203
167
51
170
196
232
240
207
200
196
189
191
193
205
239
247
214
193
196
217
212
229
242
245
246
245
245
245
245
245
245
245
248
227
192
185
191
217
248
247
249
246
188
182
212
246
248
245
245
245
245
245
245
245
245
245
248
242
206
190
193
196
213
223
193
185
214
253
242
245
238
253
247
245
245
245
245
245
245
245
245
245
245
247
248
250
248
247
245
245
245
245
245
245
245
245
245
245
245
245
245
245
245
245
245
245
245
245
245
246
247
248
248
249
248
238
199
185
191
227
248
247
245
245
245
245
245
248
247
213
197
234
248
245
245
245
249
242
200
187
220
248
248
245
245
245
245
246
250
228
171
26
42
54
241
245
253
246
241
212
192
188
188
195
216
202
191
187
189
190
193
187
206
246
247
245
245
245
245
245
245
245
248
228
193
186
187
212
243
247
249
240
196
179
209
245
248
245
245
245
245
245
245
245
245
245
248
238
195
190
229
235
245
238
219
190
207
246
253
254
251
248
245
245
245
245
245
245
245
245
245
245
247
253
238
245
238
253
247
245
245
245
245
245
245
245
245
245
245
245
245
245
245
245
245
245
245
245
245
245
245
245
245
246
248
244
205
188
191
206
240
245
246
245
245
245
245
247
244
211
195
235
248
245
245
246
248
239
197
186
217
246
248
245
245
245
245
248
249
211
56
36
35
184
59
215
241
251
248
244
204
194
189
192
193
191
187
189
191
189
187
183
205
242
248
246
245
245
245
245
245
245
246
245
223
194
188
194
227
250
250
244
209
183
207
244
248
245
245
245
245
245
245
245
245
245
249
238
197
198
230
222
67
213
232
201
191
232
243
246
238
253
247
245
245
245
245
245
245
245
245
247
253
249
216
60
208
238
248
245
245
245
245
245
245
245
245
245
245
245
245
245
245
245
245
245
245
245
245
245
245
245
245
245
247
245
221
193
186
191
206
244
247
245
245
245
245
248
230
191
194
234
249
245
245
247
247
217
192
192
224
248
246
245
245
245
245
247
241
195
164
47
151
30
43
62
245
250
247
247
236
197
188
191
189
187
186
192
195
196
191
188
196
226
246
246
245
245
245
245
245
245
246
248
242
205
184
187
221
243
251
246
209
185
208
244
248
245
245
245
245
245
245
245
245
245
249
239
200
185
197
31
34
65
242
207
196
223
217
63
208
238
248
245
245
245
245
245
245
245
245
248
238
216
29
33
60
245
250
245
245
245
245
245
245
245
245
245
245
245
245
245
245
245
245
245
245
245
245
245
245
245
245
245
246
248
237
197
187
186
207
240
248
245
245
245
246
248
227
190
197
241
251
247
245
247
242
206
184
206
242
248
245
245
245
245
246
248
221
201
189
194
47
40
32
216
238
248
246
249
237
197
187
189
194
197
198
208
238
216
187
187
189
198
235
252
249
247
245
245
245
245
245
247
245
207
188
187
196
236
251
243
205
185
210
244
248
245
245
245
245
245
245
245
245
245
249
238
202
191
55
36
30
220
234
205
183
192
30
34
60
245
250
245
245
245
245
245
245
245
245
250
245
60
33
29
216
238
248
245
245
245
245
245
245
245
245
245
245
247
247
245
245
245
245
245
245
245
245
245
245
245
245
245
245
248
238
202
187
187
204
241
248
245
245
245
246
248
230
199
185
234
242
253
248
248
224
191
187
210
244
249
245
245
245
245
248
245
219
192
194
199
202
66
217
249
253
247
247
246
233
192
190
193
213
238
240
244
248
225
193
189
187
202
222
248
240
253
247
245
245
245
245
246
246
239
198
188
190
232
249
224
190
187
210
245
248
245
245
245
245
245
245
245
245
245
248
238
198
180
184
59
219
252
251
210
189
51
33
30
216
238
248
245
245
245
245
245
245
245
245
248
238
208
60
216
249
253
247
245
245
245
245
245
245
245
245
245
247
253
247
245
245
245
245
245
245
245
245
245
245
245
245
245
245
249
235
194
187
187
202
241
248
245
245
245
245
249
240
201
168
57
214
241
253
249
221
188
189
214
245
247
245
245
245
245
247
243
209
187
188
217
232
247
240
253
247
245
248
244
205
188
191
226
246
247
249
248
247
245
215
195
195
197
200
62
209
238
248
245
245
245
245
245
248
246
233
194
187
200
243
219
189
188
214
244
248
245
245
245
245
245
245
245
245
245
248
242
208
197
181
234
247
255
243
202
183
185
63
219
248
253
247
245
245
245
245
245
245
245
245
247
253
238
245
238
253
247
245
245
245
245
245
245
245
245
245
245
248
238
222
34
245
245
245
245
245
245
245
245
245
245
245
245
245
249
237
201
186
186
202
240
248
245
245
245
245
251
238
194
25
30
61
241
250
242
217
187
197
238
247
246
245
245
245
246
248
224
193
186
193
224
250
251
248
247
245
246
247
239
200
187
197
235
249
246
245
245
246
248
241
205
182
171
25
35
60
245
250
245
245
245
245
245
246
248
236
196
187
192
214
231
200
186
214
244
248
245
245
245
245
245
245
245
245
245
246
246
230
188
193
232
245
244
215
191
197
212
247
240
253
247
245
245
245
245
245
245
245
245
245
245
247
248
250
248
247
245
245
245
245
245
245
245
245
245
245
245
250
245
83
34
245
245
245
245
245
245
245
245
245
245
245
245
245
248
240
207
190
189
204
244
248
245
245
245
245
251
243
61
30
25
172
215
216
198
192
190
206
244
248
245
245
245
245
248
247
220
189
188
212
245
247
246
245
245
245
246
246
218
191
188
219
245
248
245
245
245
245
248
242
206
188
50
32
31
216
238
248
245
245
245
245
245
245
246
241
213
188
188
209
225
196
185
210
243
248
245
245
245
245
245
245
245
245
245
245
248
237
200
191
193
198
196
192
187
193
227
252
249
247
245
245
245
245
245
245
245
245
245
245
245
245
245
245
245
245
245
245
245
245
245
245
245
245
245
245
245
248
238
222
34
245
245
245
245
245
245
245
245
245
247
248
250
248
250
241
219
187
193
233
246
246
245
245
245
246
252
222
165
47
167
193
198
192
187
188
193
235
246
246
245
245
245
245
248
245
219
187
201
246
251
248
245
245
245
246
248
228
198
185
189
221
246
248
245
245
245
245
248
242
204
185
187
64
218
249
253
247
245
245
245
245
245
245
247
247
228
196
188
208
217
191
190
211
247
246
245
245
245
245
245
245
245
245
245
245
248
245
221
190
188
192
190
186
187
208
245
247
245
245
245
245
245
245
245
245
245
245
245
245
245
245
245
245
245
245
245
245
245
245
245
245
245
245
245
245
245
247
253
247
245
245
245
245
245
245
245
245
245
247
253
238
245
240
255
243
204
185
194
236
250
246
245
245
245
248
247
232
187
192
194
202
190
185
186
195
231
245
248
245
245
245
245
246
248
233
198
195
195
240
244
253
247
245
245
247
247
228
196
186
187
211
248
246
245
245
245
246
248
239
201
205
223
245
241
253
247
245
245
245
245
245
245
245
246
247
243
211
186
194
217
206
198
238
248
246
245
245
245
245
245
245
245
245
245
245
247
249
228
202
185
191
187
199
207
242
247
246
245
245
245
245
245
245
245
245
245
245
245
245
245
245
245
245
245
245
245
245
245
245
245
245
245
245
245
245
245
245
247
247
245
245
245
245
245
245
245
245
247
253
249
216
60
210
240
238
192
188
201
240
248
245
245
245
246
246
236
194
193
229
246
225
193
191
195
220
246
247
246
245
245
245
245
247
245
228
198
192
171
58
211
238
248
245
245
248
246
218
188
184
208
239
247
246
245
245
245
246
246
215
189
188
219
253
251
247
245
245
245
245
245
245
245
245
245
247
250
220
196
195
210
202
204
241
249
245
245
245
245
245
245
245
245
245
245
245
247
248
240
201
168
51
163
216
248
246
247
246
245
245
245
247
248
250
248
247
245
245
245
245
245
245
245
245
245
245
245
245
245
245
245
245
245
245
245
245
245
245
245
245
245
245
245
245
245
245
245
245
248
238
216
29
33
64
244
208
188
190
227
245
247
245
245
245
247
243
205
185
187
228
250
247
216
227
240
243
245
246
245
245
245
245
245
248
241
203
185
170
24
32
62
245
250
245
246
248
234
200
187
181
196
244
250
245
245
245
245
249
246
212
185
185
216
247
247
245
245
245
245
245
245
245
245
245
245
248
253
237
203
184
200
190
202
240
248
245
245
245
245
245
245
245
245
245
245
245
248
249
219
172
26
32
63
247
254
250
248
248
246
247
247
253
238
245
238
253
247
245
245
245
245
245
245
245
245
245
245
245
245
245
245
245
245
245
245
245
245
245
245
245
245
245
245
245
245
245
245
245
250
245
60
33
31
220
225
199
184
197
233
248
246
245
245
245
248
240
203
185
192
232
251
247
246
244
248
248
246
245
245
245
245
245
247
248
236
199
189
53
35
32
216
238
248
245
246
248
228
192
186
184
198
243
248
245
245
245
246
248
243
208
184
207
242
247
245
245
245
245
245
245
245
245
245
245
247
253
250
220
59
160
185
190
201
241
248
245
245
245
245
245
245
245
245
245
245
245
248
251
221
55
27
32
219
240
248
238
238
231
240
247
254
249
218
64
214
242
250
245
245
245
245
245
245
245
245
245
245
245
245
245
245
245
245
245
245
245
245
245
245
245
245
245
245
245
245
245
245
245
248
238
209
61
218
248
222
191
192
223
246
246
245
245
245
245
248
241
202
185
212
239
245
246
247
246
246
245
245
245
245
245
245
246
246
243
205
192
186
190
63
217
249
253
247
245
248
244
215
188
189
199
240
244
246
245
245
245
246
246
221
190
189
211
245
249
245
245
245
245
245
245
245
245
245
245
248
238
216
32
29
49
189
194
202
241
248
245
245
245
245
245
245
245
245
245
245
245
248
250
218
163
49
177
225
248
204
196
196
194
206
248
244
226
41
21
50
229
253
245
245
245
245
245
245
245
245
245
245
245
245
245
245
245
245
245
245
245
245
245
245
245
245
245
245
245
245
245
245
245
247
253
241
243
225
229
194
188
208
242
248
246
245
245
245
245
248
242
204
188
194
203
223
244
248
245
245
245
245
245
245
245
245
246
247
214
190
187
201
220
248
240
253
247
245
246
247
237
197
188
194
236
248
247
245
245
245
246
248
233
195
186
185
210
243
248
245
245
245
245
245
245
245
245
245
245
250
245
60
35
30
174
187
191
207
242
248
245
245
245
245
245
245
245
245
245
245
245
246
249
232
189
189
190
207
199
192
188
187
185
191
228
230
56
9
10
54
229
253
245
245
245
245
245
245
245
245
245
245
245
245
245
245
245
245
245
245
245
245
245
245
245
245
245
245
245
245
245
245
246
247
250
251
246
206
192
188
194
213
246
247
245
245
245
245
246
248
240
200
187
188
188
202
230
238
248
248
247
246
245
245
245
245
246
247
214
186
182
212
246
251
248
247
245
245
247
246
215
192
190
227
246
248
245
245
245
245
247
245
228
190
187
192
214
246
247
245
245
245
245
245
245
245
245
245
245
248
238
208
62
215
230
198
186
207
241
248
245
245
245
245
245
245
245
245
245
245
245
245
248
245
213
193
199
186
189
185
197
190
187
186
222
229
54
21
41
224
242
250
245
245
245
245
245
245
245
245
245
245
245
245
245
245
245
245
245
245
245
245
245
245
245
245
245
245
245
245
245
245
246
243
242
239
204
189
185
191
198
241
245
246
245
245
245
246
247
246
212
197
197
200
194
192
194
222
239
240
242
246
246
245
245
245
246
246
241
205
194
221
248
247
245
245
245
246
248
244
205
185
214
244
248
246
245
245
245
245
248
241
204
188
190
217
243
246
246
245
245
245
245
245
245
245
245
245
245
247
253
238
247
244
244
199
187
201
241
248
245
245
245
245
245
245
245
245
245
245
245
245
249
246
214
195
193
170
51
168
191
210
203
197
222
243
220
68
224
252
254
247
245
245
245
245
245
245
245
245
245
245
245
245
245
245
245
245
245
245
245
245
245
245
245
245
245
245
245
245
245
246
247
236
200
194
191
188
192
204
239
245
247
245
245
245
245
247
246
221
195
180
171
174
189
203
203
206
205
200
217
244
247
246
245
245
245
247
245
241
238
242
245
246
245
247
248
250
248
220
191
188
216
247
248
245
245
245
245
246
248
237
197
183
193
235
249
247
245
245
245
245
245
245
245
245
245
245
245
245
247
248
250
250
245
214
183
200
240
248
245
245
245
245
245
245
245
245
245
245
245
245
249
246
216
183
168
27
32
59
239
248
246
236
230
255
255
239
231
238
250
245
245
245
245
245
245
245
245
245
245
245
245
245
245
245
245
245
245
245
245
245
245
245
245
245
245
245
245
245
246
246
243
215
189
186
187
187
211
242
247
247
246
245
245
245
246
248
238
205
201
178
80
59
173
159
155
154
170
185
206
240
255
255
255
255
254
250
248
248
248
247
246
245
247
253
240
248
218
203
188
191
220
248
246
245
245
245
245
246
246
235
193
185
196
234
248
245
245
245
245
245
245
245
245
245
245
245
245
245
245
245
246
249
231
193
186
200
240
248
245
245
245
245
245
245
245
245
245
245
245
245
247
245
218
206
67
53
51
238
255
255
249
214
159
188
213
210
89
236
250
245
245
245
245
245
245
245
245
245
245
245
245
245
245
245
245
245
245
245
245
245
245
245
245
245
245
245
245
245
246
245
222
198
191
189
189
199
226
250
248
246
245
245
245
245
247
245
229
202
200
170
35
172
69
75
71
66
64
161
158
163
198
205
202
200
223
243
255
255
255
255
255
255
255
253
222
68
205
203
191
204
240
247
245
245
245
245
245
247
244
203
188
187
202
239
248
245
245
245
245
245
245
245
245
245
245
245
245
245
245
245
246
248
226
188
181
203
241
248
247
250
254
255
255
255
255
255
255
255
255
255
255
246
199
174
163
22
175
206
212
207
211
70
70
73
79
73
223
232
248
245
245
245
245
245
245
245
245
245
245
245
245
245
245
245
245
245
245
245
245
245
245
245
245
245
245
245
245
245
248
243
209
189
191
191
188
208
240
247
248
248
248
248
248
247
249
241
203
185
195
34
48
59
227
207
182
169
165
63
65
73
78
86
84
80
76
208
204
202
202
202
202
202
210
202
37
21
29
170
194
226
255
255
255
255
255
255
255
255
254
217
198
203
241
255
255
255
255
255
255
255
255
255
255
255
255
255
255
255
255
255
255
255
248
210
200
218
254
255
255
243
223
200
202
202
202
202
202
202
202
204
205
186
162
76
71
85
77
92
84
82
77
195
156
165
195
223
239
254
251
248
247
245
245
245
245
245
245
245
245
245
245
245
245
245
245
245
245
245
245
245
245
245
245
245
245
245
245
245
248
241
206
186
191
191
191
195
200
230
242
241
239
236
240
245
248
236
195
187
51
35
33
222
250
255
254
253
208
180
158
155
194
203
203
204
208
76
80
82
82
82
82
82
90
53
45
21
60
57
168
197
202
203
202
202
202
202
202
207
203
171
153
155
187
206
205
202
202
202
202
202
202
202
202
202
202
202
202
202
202
202
202
205
203
180
153
165
202
205
204
208
76
80
82
82
82
84
86
88
86
87
84
75
63
170
206
211
206
204
202
204
220
202
206
223
253
255
255
240
245
238
253
247
245
245
245
245
245
245
245
245
245
245
245
245
245
245
245
245
245
245
245
245
245
245
245
245
245
245
247
244
212
192
189
187
188
188
190
194
208
206
201
194
204
244
247
208
192
176
183
63
217
249
253
248
248
248
249
237
204
202
221
255
255
255
243
223
200
202
202
202
202
202
210
194
68
203
225
214
78
78
85
83
82
82
84
86
90
88
80
73
70
76
81
83
84
82
82
82
82
82
82
82
82
82
82
82
82
82
82
82
82
86
84
77
70
74
79
86
80
76
208
204
202
202
204
212
196
203
196
214
206
185
171
200
255
255
255
255
255
255
250
199
189
223
248
254
249
216
60
208
238
248
245
245
245
245
245
245
245
245
245
245
245
245
245
245
245
245
245
245
245
245
245
245
245
245
245
245
246
244
243
231
198
198
195
189
184
186
187
190
187
185
199
243
246
204
184
219
234
246
239
253
247
245
245
247
250
232
192
186
206
243
247
247
250
254
255
255
255
255
255
255
255
245
249
245
255
244
224
201
202
202
202
204
212
197
203
196
183
153
172
205
208
202
202
202
202
202
202
202
202
202
202
202
202
202
202
202
202
202
202
205
206
183
154
163
201
205
200
223
243
255
255
255
255
255
234
78
226
254
255
241
204
198
232
250
251
245
243
239
203
188
193
229
251
240
216
29
33
60
245
250
245
245
245
245
245
245
245
245
245
245
245
245
245
245
245
245
245
245
245
245
245
245
245
245
245
245
245
246
248
244
241
238
236
200
197
192
189
184
185
184
202
244
247
204
187
220
250
253
248
247
245
245
245
246
248
232
193
189
233
246
247
245
245
245
245
245
245
245
245
245
247
248
250
248
248
250
254
255
255
255
255
255
255
235
82
214
210
200
219
254
255
255
255
255
255
255
255
255
255
255
255
255
255
255
255
255
255
255
255
255
255
232
203
219
255
255
255
254
250
247
247
253
249
226
35
35
60
246
252
243
209
187
205
239
242
232
198
193
189
187
214
245
251
246
60
33
29
216
238
248
245
245
245
245
245
245
245
245
245
245
245
245
245
245
245
245
245
245
245
245
245
245
245
245
245
245
245
245
246
247
248
249
246
243
239
238
204
195
194
196
209
246
245
204
185
214
247
248
245
245
245
245
245
246
249
231
189
192
235
249
246
245
245
245
245
245
245
245
245
245
245
245
245
245
245
245
245
245
245
245
248
238
216
31
33
53
192
184
186
241
250
245
245
245
245
245
245
245
245
245
245
245
245
245
245
245
245
245
245
248
231
192
191
233
246
247
245
245
245
245
248
238
216
35
21
35
216
238
252
245
212
187
190
194
197
193
189
187
190
209
243
246
249
239
208
60
216
249
253
247
245
245
245
245
245
245
245
245
245
245
245
245
245
245
245
245
245
245
245
245
245
245
245
245
245
245
245
245
245
245
245
246
247
248
249
246
243
238
238
237
242
247
244
203
186
214
244
248
245
245
245
245
245
246
248
232
190
191
234
248
245
245
245
245
245
245
245
245
245
245
245
245
245
245
245
245
245
245
245
245
250
245
60
35
25
177
182
186
200
241
249
245
245
245
245
245
245
245
245
245
245
245
245
245
245
245
245
245
247
249
229
187
192
235
248
246
245
245
245
245
250
245
60
35
35
226
249
253
250
247
210
188
186
188
185
186
191
196
229
244
245
247
247
253
238
245
238
253
247
245
245
245
245
245
245
245
245
245
245
245
245
245
245
245
245
245
245
245
245
245
245
245
245
245
245
245
245
245
245
245
245
245
245
245
245
246
248
248
249
248
248
249
243
205
189
201
233
249
246
245
245
245
245
247
245
229
188
191
233
248
245
245
245
245
245
245
245
245
245
245
245
245
245
245
245
245
245
245
245
245
248
238
208
63
201
193
189
190
214
245
247
245
245
245
245
245
245
245
245
245
245
245
245
245
245
245
245
247
245
245
222
190
195
237
248
245
245
245
245
245
248
238
208
60
216
249
253
247
246
246
241
200
189
186
191
192
211
242
245
247
246
245
245
247
248
250
248
247
245
245
245
245
245
245
245
245
245
245
245
245
245
245
245
245
245
245
245
245
245
245
245
245
245
245
245
245
245
245
245
245
245
245
245
245
245
245
245
245
245
245
245
248
243
206
186
191
225
246
248
246
245
245
245
248
242
201
188
199
238
248
245
245
245
245
245
245
245
245
245
245
245
245
245
245
245
245
245
245
245
245
247
253
240
248
228
208
194
203
239
245
246
245
245
245
245
245
245
245
245
245
245
245
245
245
245
245
246
248
244
207
192
192
223
244
247
245
245
245
245
245
247
253
238
245
238
253
247
245
245
247
245
238
199
194
195
233
244
247
247
246
245
245
245
245
245
245
245
245
245
245
245
245
245
245
245
245
245
245
245
245
245
245
245
245
245
245
245
245
245
245
245
245
245
245
245
245
245
245
245
245
245
245
245
245
245
245
245
245
245
245
245
247
246
210
191
189
197
233
247
246
248
248
249
248
237
195
189
227
247
247
245
245
245
245
245
245
245
245
245
245
245
245
245
245
245
245
245
245
245
245
245
247
248
250
246
242
236
241
244
247
245
245
245
245
245
245
245
245
245
245
245
245
245
245
245
245
248
252
209
191
180
204
233
249
246
245
245
245
245
245
245
247
248
250
248
247
245
245
245
246
248
245
242
237
241
244
248
246
245
245
245
245
245
245
245
245
245
245
245
245
245
245
245
245
245
245
245
245
245
245
245
245
245
245
245
245
245
245
245
245
245
245
245
245
245
245
245
245
245
245
245
245
245
245
245
245
245
245
245
245
245
246
246
235
194
186
192
197
213
240
244
241
244
239
203
188
213
244
247
246
245
245
245
245
245
245
245
245
245
245
245
245
245
245
245
245
245
245
245
245
245
245
245
246
247
248
248
248
247
246
245
245
245
245
245
245
245
245
245
245
245
245
245
245
245
247
254
247
191
50
160
210
246
248
245
245
245
245
245
245
245
245
245
245
245
245
245
245
245
245
246
247
248
248
248
247
246
245
245
245
245
245
245
245
245
245
245
245
245
245
245
245
245
245
245
245
247
248
250
248
247
245
245
245
245
245
245
245
245
245
245
245
245
245
245
245
245
245
245
245
245
245
245
245
245
245
245
245
245
245
245
245
248
240
200
188
186
188
198
203
202
226
201
196
190
187
215
246
248
245
245
245
245
245
245
245
245
245
245
245
245
245
245
245
245
245
245
245
245
245
245
245
245
245
245
245
245
245
245
245
245
245
245
245
245
245
245
245
245
245
245
245
245
245
245
248
240
216
31
26
55
219
251
247
245
245
245
245
245
245
245
245
245
245
245
245
245
245
245
245
245
245
245
245
245
245
245
245
245
245
245
245
245
245
245
245
245
245
245
245
245
245
245
245
245
247
253
238
245
238
253
247
245
245
245
245
245
245
245
245
245
245
245
245
245
245
245
245
245
245
245
245
245
245
245
245
247
248
250
248
247
245
247
245
233
195
191
186
188
189
190
190
190
187
189
196
225
248
249
250
248
247
245
245
245
245
245
245
245
245
245
245
245
245
245
245
245
245
245
245
245
245
245
245
245
245
245
245
245
245
245
245
245
245
245
245
245
245
245
245
245
245
245
245
245
250
246
61
35
28
191
239
248
246
245
245
245
245
245
245
245
245
245
245
245
245
245
245
245
245
245
245
245
245
245
245
245
245
245
245
245
245
245
245
245
245
245
245
245
245
245
245
245
245
247
253
249
216
60
208
238
248
245
245
245
245
245
245
245
245
245
245
245
245
245
245
245
245
245
245
245
245
245
245
245
247
253
238
245
238
253
247
246
246
244
242
211
190
188
186
189
189
187
189
201
237
246
253
240
245
238
253
247
245
245
245
245
245
245
245
245
245
245
245
245
245
245
245
245
245
245
245
245
245
245
245
245
245
245
245
245
245
245
245
245
245
245
245
245
245
245
245
245
245
245
248
238
208
61
213
247
251
248
245
245
245
245
245
245
245
245
245
245
245
245
245
245
245
245
245
245
245
245
245
245
245
245
245
245
245
245
245
245
245
245
245
245
245
245
245
245
245
245
245
248
238
216
29
33
60
245
250
245
245
245
245
245
245
245
245
245
245
245
245
245
245
245
245
245
245
245
245
245
245
245
247
247
222
83
222
247
247
245
246
247
247
244
232
195
191
192
192
193
197
232
246
249
248
222
82
222
247
247
245
245
245
245
245
245
245
245
245
245
245
245
245
245
245
245
245
245
245
245
245
245
245
245
245
245
245
245
245
245
245
245
245
245
245
245
245
245
245
245
245
245
247
253
238
245
239
253
248
245
245
245
245
245
245
245
245
245
245
245
245
245
245
245
245
245
245
245
245
245
245
245
245
245
245
245
245
245
245
245
245
245
245
245
245
245
245
245
245
245
245
248
236
62
31
31
208
236
248
245
245
245
245
245
245
245
245
245
245
245
245
245
245
245
245
245
245
245
245
245
245
245
245
245
34
34
34
245
245
245
245
245
245
245
245
245
247
200
196
246
245
245
245
245
245
34
34
34
245
245
245
245
245
245
245
245
245
245
245
245
245
245
245
245
245
245
245
245
245
245
245
245
245
245
245
245
245
245
245
245
245
245
245
245
245
245
245
245
245
245
245
245
245
245
245
245
245
245
245
245
245
245
245
245
245
245
245
245
245
245
245
245
245
245
245
245
245
245
245
245
245
245
245
245
245
245
245
245
245
245
245
245
245
245
245
245
245
245
245
245
245
245
245
245
34
245
245
245
245
245
245
245
245
245
245
245
245
245
245
