246
246
246
246
246
246
246
246
246
246
246
246
246
246
246
246
246
246
246
246
246
246
246
246
246
246
246
246
246
246
246
246
246
246
246
246
246
246
246
246
41
246
246
246
246
246
246
246
246
246
246
246
246
246
246
246
246
246
246
246
246
246
246
246
246
246
246
246
246
246
246
246
246
246
246
246
246
246
246
246
246
246
246
246
246
246
246
246
246
246
246
246
246
246
246
246
246
246
246
246
246
246
246
246
246
246
249
189
41
41
41
244
246
246
246
246
246
246
246
246
246
246
246
246
246
246
246
246
246
246
246
246
246
246
246
246
246
246
246
246
246
246
246
246
246
246
246
246
246
246
246
246
246
246
246
246
246
246
246
246
246
246
246
246
246
246
246
246
246
246
246
246
246
246
246
246
246
246
246
246
246
246
246
246
246
246
249
238
211
36
36
69
238
249
246
246
246
246
246
246
246
246
246
248
249
251
249
248
246
246
246
246
246
246
246
246
246
246
246
246
246
246
246
246
246
246
246
246
246
246
246
246
246
246
248
254
248
215
61
207
238
249
246
248
254
241
243
235
249
241
244
248
250
253
246
205
178
58
42
52
194
244
249
246
246
246
246
246
246
246
246
246
246
246
246
246
246
246
246
246
246
246
246
246
246
246
246
246
246
246
246
246
246
246
246
246
246
246
246
246
246
246
246
248
249
251
249
248
246
246
246
246
246
246
246
246
246
246
246
246
246
246
246
246
246
246
246
246
246
246
246
246
246
246
246
246
251
246
67
39
34
219
240
249
246
246
246
246
246
246
246
246
248
254
240
246
240
254
248
246
246
246
246
246
246
246
246
246
246
246
246
246
246
246
246
246
246
246
246
246
246
246
246
246
249
240
219
34
39
67
246
251
248
254
250
220
69
181
195
205
201
228
239
245
239
201
175
157
56
163
225
253
250
246
246
246
246
246
246
246
246
246
246
246
246
246
246
246
246
246
246
246
246
246
246
246
246
246
246
246
246
246
246
246
246
246
246
246
246
246
246
249
253
255
242
246
240
254
248
246
246
246
246
246
246
248
249
251
249
248
246
246
246
246
246
246
246
246
246
246
246
246
246
246
246
246
249
240
211
67
219
250
254
248
246
246
246
246
246
246
246
248
254
250
219
67
211
240
249
246
246
246
246
246
246
246
246
246
246
246
246
246
246
246
246
246
246
246
246
246
246
246
246
246
251
246
67
39
34
219
240
249
250
241
220
39
39
55
183
185
182
187
191
197
213
193
186
176
179
182
232
247
248
246
246
246
246
246
246
246
246
246
246
246
246
246
246
246
246
246
246
246
246
246
246
246
246
246
246
246
246
246
246
246
246
246
246
246
246
246
246
238
252
238
224
67
211
240
249
246
246
246
246
247
249
255
242
247
240
254
248
246
246
246
246
246
246
246
246
246
246
246
246
246
246
246
248
254
240
246
240
254
248
247
248
249
249
247
246
246
246
249
240
219
34
39
67
246
251
246
246
246
246
246
246
246
246
246
246
246
246
246
246
246
246
246
247
247
248
248
247
246
246
246
249
240
211
67
219
250
254
248
253
246
70
39
32
162
179
185
180
179
178
183
183
187
189
195
194
220
227
245
247
246
246
246
246
246
246
246
246
246
246
246
246
246
246
246
246
246
246
246
246
246
246
246
246
246
246
246
246
246
246
246
246
246
246
246
246
246
246
211
79
196
46
39
67
246
251
246
246
246
246
247
249
244
213
69
212
241
250
246
246
246
246
246
246
246
246
246
246
246
246
246
246
246
246
248
249
251
249
248
247
248
245
241
241
248
252
252
249
253
246
67
39
34
219
240
249
246
246
246
246
246
246
246
246
246
246
246
246
246
246
247
248
249
252
245
243
240
245
246
246
246
248
254
240
246
240
254
248
247
252
238
182
55
161
186
190
185
183
183
185
183
179
184
228
242
242
240
246
246
248
249
250
251
251
251
251
251
251
251
251
251
250
250
248
247
246
246
246
246
246
246
246
246
246
246
246
246
246
246
246
246
246
246
246
246
246
246
246
36
53
30
53
34
219
240
249
246
246
246
248
253
222
173
35
42
70
248
254
249
248
247
246
246
246
246
246
246
246
246
246
246
246
246
246
246
246
246
246
246
247
244
230
185
202
252
240
247
240
255
242
213
71
224
253
254
248
246
246
246
246
246
246
246
246
246
246
246
246
246
246
248
244
242
237
231
199
226
249
247
246
246
246
248
249
251
249
248
246
247
248
225
182
181
176
193
202
198
189
180
181
184
181
192
238
253
250
249
249
251
248
243
238
238
238
238
238
238
238
238
238
239
239
240
244
249
249
247
246
246
246
246
246
246
246
246
246
246
246
246
246
246
246
246
246
246
246
246
41
36
46
196
79
219
250
254
248
246
246
246
248
249
215
56
32
33
187
234
244
240
246
249
247
246
246
246
246
246
246
246
246
246
246
246
246
246
246
246
246
247
251
235
180
177
186
208
220
69
211
242
255
250
240
240
250
254
248
246
246
246
246
246
246
246
246
246
246
246
246
246
246
249
242
199
189
184
193
237
249
246
246
246
246
246
246
246
246
246
249
252
223
187
180
189
191
210
237
245
208
190
184
182
181
203
236
250
247
248
246
244
235
200
189
189
191
192
192
190
189
192
192
191
192
195
212
239
242
244
248
246
246
246
246
246
246
246
246
246
246
246
246
246
246
246
246
246
246
246
246
69
224
238
252
240
254
248
246
246
246
247
250
230
183
158
57
165
191
198
193
194
226
246
249
247
246
246
246
246
246
246
246
246
246
246
246
246
246
246
248
244
250
229
188
177
176
177
34
42
67
248
255
253
224
71
213
240
249
246
246
246
246
246
246
246
246
246
246
246
246
246
246
250
237
189
174
177
196
241
250
246
246
246
246
246
246
246
246
246
248
245
211
179
182
207
234
245
250
249
248
224
192
179
180
194
234
251
249
247
241
196
185
184
177
180
178
176
171
172
172
176
178
179
180
180
185
187
211
249
248
246
246
246
246
246
246
246
246
246
246
246
246
246
246
246
246
246
246
246
246
238
242
255
253
249
248
246
246
246
246
248
248
221
189
173
182
176
184
178
178
178
183
222
247
247
247
246
246
246
246
246
246
246
246
246
246
247
248
249
252
241
216
227
190
186
193
60
40
35
219
244
244
219
34
39
67
246
251
246
246
246
246
246
246
246
246
246
246
246
246
246
247
252
241
190
178
178
194
241
249
246
246
246
246
246
246
246
246
249
252
223
184
179
210
245
250
248
248
248
250
249
207
185
176
187
233
253
249
243
193
182
180
179
180
180
186
192
193
192
192
189
184
181
183
184
180
183
216
245
249
246
246
246
246
248
249
251
249
248
246
246
246
246
246
246
246
246
246
246
246
249
249
248
246
246
246
246
246
246
246
247
248
228
195
197
206
197
190
186
182
180
182
187
228
248
248
246
246
246
246
246
246
246
246
246
247
249
245
242
239
228
190
182
185
194
218
213
70
219
250
255
248
67
39
34
219
240
249
246
246
246
246
246
248
249
251
249
248
246
246
246
248
242
232
183
178
184
202
246
248
246
246
246
246
246
246
246
246
248
244
213
176
177
215
249
250
246
246
246
247
248
242
199
176
186
235
250
242
196
184
182
182
183
188
197
207
239
240
240
240
234
202
182
183
181
182
183
205
238
249
246
246
246
248
254
240
246
240
254
248
246
246
246
246
246
246
246
246
246
246
246
246
246
246
246
246
246
246
246
246
246
247
242
239
239
240
243
232
200
181
183
183
181
206
237
249
246
246
246
246
246
246
246
246
246
248
246
238
192
190
188
184
179
180
198
251
240
248
240
254
251
240
211
67
219
250
254
248
246
246
246
246
248
254
240
246
240
254
248
246
246
250
240
160
180
180
192
240
248
247
246
246
246
246
246
246
246
248
249
225
187
179
184
220
250
248
246
246
246
247
253
248
204
176
187
236
250
196
182
182
180
180
188
218
241
245
247
252
251
251
249
250
231
188
185
182
179
188
221
249
251
249
253
255
252
219
67
211
242
253
251
249
248
246
246
246
246
246
246
246
246
246
246
246
246
246
246
246
246
246
246
247
248
249
250
250
253
250
217
182
180
182
182
183
224
250
247
246
246
246
246
246
246
246
246
250
242
198
181
177
177
180
179
181
184
209
252
254
249
248
248
254
240
246
240
254
248
246
246
246
246
248
254
250
219
67
211
240
249
246
246
251
234
193
175
179
195
241
251
246
246
246
246
246
246
246
246
249
249
220
179
175
209
244
247
246
246
246
246
247
248
241
197
177
187
236
245
197
179
183
182
183
200
246
250
249
247
247
246
248
254
246
242
213
187
183
180
180
210
249
255
240
250
233
229
36
39
69
254
246
246
240
254
248
246
246
246
246
246
246
246
246
246
246
246
246
246
246
246
246
246
246
246
246
246
246
247
249
236
203
186
184
179
184
224
249
248
246
246
246
246
246
246
246
247
248
236
188
178
181
185
189
190
180
176
200
244
250
246
246
246
248
249
251
249
248
246
246
246
246
246
249
240
219
34
39
67
246
251
246
246
250
243
204
179
183
194
244
249
246
246
246
246
246
246
246
246
248
247
217
178
183
222
251
249
246
246
246
246
250
247
200
181
178
193
235
232
193
182
184
181
190
237
248
248
246
246
246
248
254
250
223
70
161
184
187
180
178
211
254
253
218
73
210
62
43
36
229
243
222
67
211
240
249
246
246
246
246
246
246
246
246
246
246
246
246
246
246
246
246
246
246
246
246
246
246
246
246
247
242
207
180
178
189
226
250
247
246
246
246
246
246
246
246
249
244
204
181
182
189
222
243
233
184
180
201
245
251
246
246
246
246
246
246
246
246
246
248
249
251
249
253
246
67
39
34
219
240
249
246
246
250
241
197
177
187
238
247
248
246
246
248
249
251
249
248
248
249
229
190
177
207
243
247
246
246
246
246
246
251
243
197
173
182
207
238
201
183
182
183
180
194
242
253
247
248
249
251
253
242
219
39
36
54
183
189
181
181
215
242
222
34
43
62
210
73
222
243
229
36
39
67
246
251
246
246
246
246
246
246
246
246
246
246
246
246
246
246
246
246
246
246
246
246
246
246
246
246
251
251
212
182
179
186
225
250
247
246
246
246
246
246
246
246
250
240
189
180
194
242
247
252
250
228
177
185
227
247
249
246
246
246
246
246
246
246
248
254
240
246
240
255
244
214
71
222
252
254
248
246
246
251
240
196
174
192
241
252
247
246
248
254
240
246
240
254
250
248
216
174
178
206
238
252
246
246
246
246
246
252
246
202
175
185
236
242
189
175
182
184
180
188
238
248
249
254
240
246
246
254
71
41
32
163
180
186
181
192
229
248
69
38
36
229
233
250
246
254
69
39
34
219
240
249
246
246
246
246
246
246
246
246
246
246
246
246
246
246
246
246
246
246
246
246
246
246
246
246
248
247
232
196
175
186
225
250
247
246
246
246
246
246
246
247
250
237
187
185
239
250
249
248
252
231
182
171
192
245
250
246
246
246
246
246
246
248
254
250
219
67
211
243
255
236
237
234
254
253
249
248
247
251
238
189
174
190
239
250
246
248
254
250
219
67
211
240
253
249
216
175
176
214
248
249
246
246
246
246
247
247
242
198
177
191
238
249
203
182
181
186
183
183
199
247
254
251
219
67
215
234
219
65
171
188
190
182
179
207
249
241
211
67
219
252
255
253
253
242
211
67
219
250
254
248
246
246
246
246
246
246
246
246
246
246
246
246
246
246
246
246
246
246
246
246
246
246
246
246
249
251
223
192
179
185
224
250
247
246
246
246
246
246
246
248
245
219
181
190
241
252
247
247
250
231
184
172
193
245
250
246
246
246
246
246
246
249
240
219
34
39
67
249
254
214
191
191
230
238
242
244
251
249
226
184
180
200
245
249
246
249
240
219
34
39
67
246
253
249
220
180
178
213
247
249
247
246
246
247
251
251
207
182
182
202
240
251
241
191
180
183
183
180
186
225
241
222
35
39
69
254
246
227
179
191
184
181
190
222
252
255
240
246
240
254
248
246
248
254
240
246
240
254
248
246
246
246
246
246
246
246
246
246
246
246
246
246
248
249
251
249
248
246
246
246
246
246
246
246
249
247
217
186
175
186
225
250
247
246
246
246
246
246
246
249
242
195
177
193
241
250
246
248
250
231
185
189
233
248
248
246
246
246
246
246
246
251
246
67
39
35
220
243
246
195
173
179
188
191
184
235
250
249
210
180
185
236
248
248
246
251
246
67
39
34
219
240
253
249
224
185
177
187
220
247
249
248
248
248
247
240
198
177
183
229
246
251
247
213
188
181
183
182
183
199
242
69
44
36
220
247
242
197
187
185
181
186
213
246
247
248
249
251
249
248
246
246
246
248
249
251
249
248
246
246
246
246
246
246
246
246
248
248
246
246
246
248
254
240
246
240
254
248
246
246
246
246
246
246
250
248
204
176
177
186
225
249
247
246
246
246
246
246
246
249
243
208
178
192
242
251
247
249
246
218
180
200
245
250
246
246
246
246
246
246
246
249
240
211
67
219
251
254
207
184
182
182
180
178
180
182
236
239
195
177
189
238
251
247
246
249
240
211
67
219
250
254
251
250
223
184
178
180
186
221
248
251
248
243
218
190
185
181
201
238
249
248
248
240
197
181
184
182
182
190
187
202
65
220
254
255
228
180
180
182
182
205
247
248
247
246
246
246
246
246
246
246
246
246
246
246
246
246
246
246
246
246
246
246
246
246
248
254
248
246
248
254
250
219
67
211
240
249
246
246
246
246
246
246
251
248
209
177
174
186
227
252
253
249
248
246
246
246
246
248
250
228
185
187
241
253
253
249
234
185
178
200
245
250
246
246
246
246
246
246
246
248
254
240
246
241
254
218
185
179
181
183
183
185
181
182
187
192
186
183
195
246
250
246
246
248
254
240
246
240
254
248
247
243
216
179
179
182
181
185
218
246
231
197
183
178
179
193
234
246
248
246
249
245
211
201
186
181
181
184
195
180
199
233
253
231
188
183
181
185
206
248
247
248
246
246
246
246
246
246
246
246
246
246
246
246
246
246
246
246
246
246
246
246
246
41
224
240
249
246
249
240
219
34
39
67
246
251
246
246
246
246
246
247
248
243
205
179
182
187
237
243
247
240
254
248
246
246
246
248
246
236
183
183
205
240
242
232
187
180
184
212
248
249
246
246
246
246
246
246
246
246
248
249
251
253
248
217
195
188
191
185
186
182
181
181
180
182
180
182
234
245
252
250
249
247
248
249
251
249
248
246
249
235
201
187
184
184
182
182
189
196
192
185
179
180
185
230
248
248
247
246
247
244
246
239
193
183
182
182
183
184
190
191
193
186
184
183
182
198
244
250
250
247
246
246
246
246
246
246
246
246
246
246
246
246
246
246
246
246
246
246
246
246
246
41
88
246
251
246
251
246
67
39
34
219
240
249
246
246
246
246
246
250
251
210
179
181
186
232
249
220
67
211
240
249
246
246
246
249
242
194
180
180
188
192
191
186
182
177
196
241
249
247
246
246
246
246
246
246
246
246
246
246
246
247
245
244
241
220
201
231
201
184
179
180
181
184
184
187
190
223
240
239
244
246
248
247
246
246
246
246
247
245
235
206
181
183
182
183
183
181
182
183
182
183
223
247
248
247
246
246
247
247
249
248
242
203
197
190
182
183
184
180
180
181
183
184
180
190
228
250
248
248
247
246
246
246
246
246
246
246
246
246
246
246
246
248
249
251
249
248
246
246
246
41
224
240
249
246
249
240
211
67
219
250
254
248
246
246
246
246
247
248
242
207
177
175
189
219
222
39
39
67
246
251
246
246
246
249
241
190
179
180
181
181
178
177
179
183
205
251
253
251
251
250
249
247
246
246
246
246
246
246
246
246
247
248
249
244
246
245
244
199
201
190
185
182
184
181
183
187
187
198
201
243
249
251
249
248
247
247
248
249
226
187
180
180
180
179
179
181
179
182
203
211
233
248
247
246
246
246
246
246
247
251
245
241
227
189
182
184
181
181
181
181
183
183
181
181
190
217
245
247
249
247
246
246
246
246
246
246
246
246
246
246
248
254
240
246
240
254
248
246
246
246
248
254
248
246
248
254
240
246
240
254
248
246
246
246
246
247
250
251
213
183
184
181
189
223
68
40
34
219
240
249
246
246
246
248
245
241
194
186
182
182
180
185
188
207
242
241
240
239
237
239
244
246
248
246
246
246
246
246
246
246
246
246
247
248
248
249
246
245
240
241
196
185
182
183
183
180
180
180
181
196
240
240
241
245
248
250
251
230
190
180
185
191
191
184
189
190
185
189
226
247
245
247
246
246
246
246
246
247
249
248
240
195
192
189
181
179
185
189
194
186
181
179
181
182
182
188
200
227
245
249
248
246
246
246
246
246
246
246
246
248
254
250
219
67
211
240
249
246
246
246
248
248
246
246
246
248
249
251
249
248
246
246
246
246
247
246
245
231
199
181
179
180
209
231
212
68
219
250
254
248
246
246
246
247
249
249
237
188
180
181
185
196
243
250
238
207
193
193
189
189
209
244
246
247
246
246
246
246
246
246
246
246
246
246
246
247
247
249
251
252
241
192
178
180
181
181
183
181
180
185
188
189
190
227
248
250
242
217
178
178
210
243
219
216
240
240
211
223
246
249
248
247
246
246
246
246
248
248
247
241
190
182
180
180
184
188
203
240
242
228
188
182
183
181
183
183
184
183
211
246
248
247
246
246
246
246
246
246
246
249
240
219
34
39
67
246
251
246
246
246
246
246
246
246
246
246
246
246
246
246
246
246
246
247
249
248
217
183
185
181
181
184
226
255
242
246
240
254
248
246
246
246
246
246
247
252
240
194
179
187
200
250
251
251
228
186
178
179
178
178
183
211
250
249
246
246
246
246
246
246
246
246
246
246
246
246
246
246
249
251
240
190
180
187
189
185
180
181
182
185
184
181
179
189
229
250
219
168
179
181
214
248
250
246
250
249
247
245
247
247
246
246
246
246
246
247
245
244
227
193
184
179
179
183
197
239
246
248
252
246
243
225
186
182
180
183
182
181
180
211
246
247
246
246
246
246
246
246
246
251
246
67
39
34
219
240
249
246
246
246
246
246
246
246
246
246
246
246
246
246
246
247
249
250
248
225
191
181
178
182
184
220
246
250
250
252
249
248
246
246
246
246
246
246
246
251
239
195
178
189
237
243
239
211
189
183
178
178
180
180
179
206
244
248
246
246
246
246
246
246
246
246
246
246
246
246
246
247
246
243
191
184
194
224
238
209
189
184
182
191
179
182
176
189
211
251
221
177
177
190
221
253
253
248
247
247
247
247
247
246
246
246
246
246
246
249
247
212
189
185
181
181
182
193
243
249
249
248
247
248
250
248
232
196
186
183
183
182
180
188
221
249
248
246
246
246
246
246
246
249
242
215
73
222
252
254
248
246
246
246
246
246
246
246
246
247
247
248
248
249
250
250
246
244
219
187
183
181
181
182
218
247
249
247
246
246
246
246
246
246
246
246
246
246
246
251
237
193
177
186
196
202
190
183
178
184
190
190
183
184
180
191
222
249
248
246
246
246
246
246
246
246
246
246
246
246
246
248
245
202
180
182
218
249
249
246
236
201
192
184
162
56
157
194
248
250
225
185
177
203
237
242
247
249
249
249
248
248
248
248
247
247
246
246
247
248
239
191
179
182
180
184
195
243
247
248
247
246
246
246
247
248
248
238
204
181
179
183
179
183
216
248
249
246
246
246
246
246
246
249
255
233
246
233
255
249
246
246
246
246
246
246
246
246
247
247
247
248
244
245
241
238
219
194
184
181
181
181
181
203
237
249
247
246
246
246
246
246
246
246
246
246
246
246
246
250
238
190
178
181
182
181
179
178
183
201
243
242
221
184
179
180
211
248
250
246
246
246
246
246
246
246
246
246
246
246
246
252
242
197
177
188
236
251
248
250
248
244
198
160
30
38
66
244
254
254
228
185
181
186
187
198
220
243
243
247
244
247
242
244
242
247
247
247
248
246
208
185
179
180
184
189
241
247
248
247
246
246
246
246
246
247
249
250
224
184
183
185
181
182
215
248
249
246
246
246
246
246
248
254
252
222
73
215
242
249
246
246
246
246
246
246
246
246
248
242
231
209
233
206
193
196
186
180
180
180
179
180
186
220
250
249
246
246
246
246
246
246
246
246
246
246
246
246
246
249
242
205
182
181
184
182
180
185
205
246
251
253
242
209
178
172
204
245
250
246
246
246
246
246
246
246
246
246
246
246
247
249
242
196
176
193
238
252
246
247
249
252
243
64
38
39
223
252
247
249
217
192
179
181
178
181
184
189
219
211
218
218
223
200
223
248
245
247
252
243
197
179
181
185
191
240
247
249
247
246
246
246
246
246
246
246
247
247
245
233
203
186
180
182
214
248
249
246
246
246
246
246
249
240
219
34
39
67
246
251
246
246
246
246
246
246
246
246
250
233
179
185
185
186
181
181
181
180
185
184
181
180
216
247
247
247
246
246
246
246
246
246
246
246
246
246
246
246
246
248
249
237
188
179
183
180
183
200
247
248
248
249
250
224
181
172
203
249
250
246
246
246
246
246
246
246
246
246
246
246
248
246
218
187
177
198
239
251
246
246
246
251
243
213
69
221
255
255
222
71
191
181
184
186
184
183
180
182
183
187
183
188
184
183
216
215
235
251
250
240
192
179
182
202
239
248
249
247
246
246
246
246
246
246
246
246
246
247
250
250
220
184
179
182
215
248
249
246
246
246
246
246
251
246
67
39
34
219
240
249
246
246
246
246
246
246
246
246
249
230
187
176
182
182
182
182
181
184
210
216
197
221
245
248
247
246
246
246
246
246
246
246
246
246
246
246
246
246
246
248
250
237
188
178
188
189
193
243
248
248
247
248
246
218
177
200
243
247
247
246
246
246
246
246
246
246
246
246
246
246
250
243
195
180
178
194
238
250
246
246
246
248
254
240
246
244
250
221
38
41
57
185
185
183
183
184
185
184
183
181
181
181
180
187
187
190
227
250
249
205
185
181
182
204
243
251
247
246
246
246
246
246
246
246
246
246
246
246
249
250
221
184
176
182
215
248
249
246
246
246
246
246
249
240
211
67
219
250
254
248
246
246
246
246
246
246
246
246
251
233
187
179
183
182
185
193
207
197
225
238
253
246
248
247
246
246
246
246
246
246
246
246
246
246
246
246
246
246
246
249
245
213
185
183
196
239
243
244
248
247
249
253
229
184
190
223
250
250
246
246
246
246
246
246
246
246
246
246
246
246
251
241
194
177
179
193
239
250
246
246
246
246
248
249
252
254
251
74
45
35
164
177
183
179
180
180
184
184
184
184
185
185
185
184
182
182
194
236
242
193
180
182
181
197
241
252
247
246
246
246
246
246
246
246
246
246
246
247
249
251
222
183
177
182
215
248
249
246
246
246
246
246
248
254
240
246
240
254
248
246
246
246
246
246
246
246
246
246
250
231
185
172
178
179
183
211
239
211
67
213
244
252
247
246
246
246
246
246
246
246
246
246
246
246
246
246
246
246
246
250
240
196
177
187
238
250
250
248
247
247
243
242
215
175
200
245
249
246
246
246
246
246
246
246
246
246
246
246
246
246
251
243
195
175
183
217
244
248
246
246
246
246
246
246
246
252
244
193
56
158
191
193
197
201
190
187
186
183
178
177
179
180
182
184
183
179
188
234
209
190
180
182
180
194
237
247
248
246
246
246
246
246
246
246
246
246
247
248
246
239
210
181
178
182
216
248
249
246
246
246
246
246
246
248
249
251
249
248
246
246
246
246
246
246
246
246
246
246
248
237
202
189
192
191
190
184
176
42
45
70
247
252
246
246
246
246
246
246
246
246
246
246
246
246
246
246
246
246
247
252
241
193
180
196
248
250
247
248
249
253
232
189
182
182
208
247
250
246
246
246
246
246
246
246
246
246
246
246
246
246
251
243
195
175
191
237
249
247
246
246
246
246
246
246
248
255
248
171
58
154
189
216
242
242
241
223
202
199
192
186
190
194
187
182
184
180
186
230
244
195
178
182
182
184
200
244
251
247
246
246
246
248
249
251
249
249
249
248
231
194
181
182
179
182
216
248
248
246
246
246
246
246
246
246
246
246
246
246
246
246
246
246
246
246
246
246
246
246
248
244
242
238
237
218
182
177
56
33
35
215
241
251
246
246
246
246
246
246
246
246
246
246
246
246
246
246
246
246
249
245
236
185
180
234
243
249
248
244
242
241
218
177
171
188
221
248
249
246
246
246
246
246
246
246
246
246
246
246
246
246
253
244
198
175
191
237
251
247
246
246
246
246
246
246
250
242
208
38
37
63
226
252
249
252
250
246
243
240
239
238
239
243
211
186
183
178
188
235
248
199
180
181
182
179
186
233
248
248
249
247
248
254
240
247
242
255
249
235
202
182
178
181
181
189
223
249
248
246
246
246
246
246
246
246
246
246
246
246
246
246
246
246
246
246
254
255
255
255
255
255
255
255
255
221
202
194
170
70
177
228
255
255
255
255
255
255
255
255
255
255
255
255
255
255
255
255
255
255
255
253
191
189
196
209
255
255
255
253
215
198
199
202
204
232
255
255
255
255
255
255
255
255
255
255
255
255
255
255
255
255
255
253
204
187
205
252
255
255
255
255
255
255
255
255
255
249
79
51
52
209
255
255
255
255
255
255
255
255
255
255
255
255
255
218
194
190
202
249
255
224
200
196
196
194
197
202
228
252
255
255
255
254
222
74
219
252
245
207
198
196
196
194
193
226
255
255
252
248
246
246
246
246
246
246
246
246
246
246
246
246
246
246
246
246
214
201
205
205
205
205
205
205
201
200
180
151
145
149
146
160
183
213
211
209
208
206
205
205
205
205
205
205
205
205
205
205
205
205
209
196
131
143
150
161
205
213
212
197
152
143
145
162
199
203
205
206
205
205
205
205
205
205
205
205
205
205
205
205
205
207
209
167
155
150
153
198
208
205
205
205
205
205
205
206
209
181
129
25
147
208
213
208
205
205
205
205
205
205
205
205
205
209
208
174
151
148
155
195
208
201
169
151
152
152
152
153
157
160
184
210
219
208
46
31
43
173
165
154
151
153
152
150
153
180
203
221
233
249
246
246
246
246
246
246
246
246
246
246
246
246
246
246
246
246
90
82
88
88
88
88
88
88
91
92
87
85
83
86
77
74
74
80
81
81
85
88
90
88
88
88
88
88
88
88
88
88
88
88
91
87
81
74
72
77
79
84
82
76
72
71
79
88
90
92
89
88
88
88
88
88
88
88
88
88
88
88
88
88
88
91
85
77
70
68
78
84
91
88
88
88
88
88
88
90
87
86
67
71
76
93
94
88
88
88
88
88
88
88
88
88
88
92
88
81
71
72
79
86
93
89
87
81
77
73
72
72
71
72
75
80
89
57
48
26
58
64
75
71
69
73
76
80
83
86
82
97
238
251
246
246
246
246
246
246
246
246
246
246
246
246
246
246
246
246
214
201
205
205
205
205
205
205
205
206
208
209
210
212
189
153
148
146
146
145
177
207
207
204
205
205
205
205
205
205
205
205
205
205
207
204
199
152
152
154
154
152
150
154
157
174
211
209
206
205
205
205
205
205
205
205
205
205
205
205
205
205
205
205
205
209
207
166
151
149
154
197
208
205
205
205
205
205
205
208
193
153
150
158
172
210
206
205
205
205
205
205
205
205
205
205
205
206
205
168
152
158
199
209
206
206
208
210
196
165
155
150
151
149
148
145
150
141
58
149
162
152
151
152
157
168
193
211
209
207
202
218
233
249
246
246
246
246
246
246
246
246
246
246
246
246
246
246
246
246
254
255
255
255
255
255
255
255
255
255
255
255
255
255
255
233
199
196
188
190
230
255
255
255
255
255
255
255
255
255
255
255
255
255
255
255
210
200
194
197
198
197
190
204
248
255
255
255
255
255
255
255
255
255
255
255
255
255
255
255
255
255
255
255
255
255
253
202
193
195
207
253
255
255
255
255
255
255
255
255
247
197
188
210
254
255
255
255
255
255
255
255
255
255
255
255
255
255
236
201
192
237
255
255
255
255
255
255
255
252
203
210
205
204
202
204
207
190
194
190
204
202
203
208
231
254
255
255
255
255
255
254
252
248
246
246
246
246
246
246
246
246
246
246
246
246
246
246
246
246
246
246
246
246
246
246
246
246
246
246
246
246
246
247
247
246
242
215
187
188
222
249
248
246
246
246
246
246
246
246
246
246
246
246
247
245
234
186
179
182
181
179
178
191
249
253
247
246
246
246
246
246
246
246
246
246
246
246
246
246
246
246
246
246
247
248
214
193
189
229
243
243
248
246
246
246
246
246
247
250
231
184
176
205
247
251
246
246
246
246
246
246
246
246
246
247
250
246
206
179
196
236
251
247
246
246
246
247
249
245
243
238
239
238
238
238
239
241
242
241
240
238
239
241
245
248
248
247
246
246
246
246
246
246
246
246
246
246
246
246
246
246
246
246
246
246
246
246
246
246
246
246
246
246
246
246
246
246
246
246
246
246
246
246
247
249
249
245
238
238
242
246
247
246
246
246
246
246
246
246
246
246
246
246
247
252
237
194
180
183
185
183
198
241
245
247
246
246
246
246
246
246
246
246
246
246
246
246
246
246
246
246
246
246
247
245
241
236
241
246
251
248
247
246
246
246
246
246
247
251
231
185
178
208
247
251
246
246
246
246
246
246
246
246
247
246
245
219
186
182
223
246
248
246
246
246
246
246
247
248
249
250
251
251
251
251
251
251
251
251
251
251
250
249
248
247
246
246
246
246
246
246
246
246
246
246
246
246
246
246
246
246
246
246
246
246
246
246
246
246
246
246
246
246
246
246
246
246
246
246
246
246
246
246
246
246
247
249
249
249
249
247
246
246
246
246
246
246
246
246
246
246
246
246
246
249
240
201
216
216
200
237
244
246
249
247
246
246
246
246
246
246
246
246
246
246
246
246
246
246
246
246
246
246
246
247
248
249
249
248
247
246
246
246
246
246
246
246
246
250
232
185
176
199
244
251
249
250
251
253
251
249
248
249
253
252
213
184
181
192
232
251
247
246
246
246
246
246
246
246
246
246
246
246
246
246
246
246
246
246
246
246
246
246
246
246
246
246
246
246
246
246
246
246
246
246
246
246
246
246
246
246
246
246
246
246
246
246
246
246
246
246
246
246
246
246
246
246
246
246
246
246
246
246
246
246
246
246
246
246
246
246
246
246
248
249
251
249
248
246
246
246
246
246
246
248
243
244
243
244
246
246
250
248
247
246
246
246
246
246
246
246
246
246
246
246
246
246
246
246
246
246
246
246
246
246
246
246
246
246
246
246
246
246
246
246
246
246
246
250
231
186
178
184
200
243
244
254
240
247
237
254
250
245
242
239
202
175
192
230
246
247
246
246
246
246
246
246
246
246
246
246
246
246
246
246
246
246
246
246
246
246
246
246
246
246
246
246
246
246
246
246
246
246
246
246
246
246
246
246
246
246
246
246
246
246
246
246
246
246
246
246
246
246
246
246
246
246
246
246
246
246
246
246
246
246
246
246
246
246
246
246
246
248
254
240
246
240
254
248
246
246
246
246
246
247
247
248
249
249
248
247
247
246
246
246
246
246
246
246
246
246
246
246
246
246
246
246
246
246
246
246
246
246
246
246
246
246
246
246
246
246
246
246
246
246
246
246
246
250
232
187
177
181
186
200
212
219
217
71
192
217
245
213
191
187
185
184
225
249
249
247
246
246
246
246
246
246
246
246
246
246
246
246
246
246
246
246
246
246
246
246
246
246
246
246
246
246
246
246
246
246
246
246
246
246
246
246
246
246
246
246
246
246
246
246
246
246
246
246
246
246
246
246
246
246
246
246
246
246
246
246
246
246
246
246
246
246
246
246
246
246
248
254
250
219
67
211
240
249
246
246
246
246
246
246
246
246
246
246
246
246
246
246
246
246
246
246
246
246
246
246
246
246
246
246
246
246
246
246
246
246
246
246
246
246
246
246
246
246
246
246
246
246
246
246
246
246
247
251
232
188
178
183
186
187
179
168
37
42
56
189
193
184
176
177
182
222
246
248
247
246
246
246
246
246
246
246
246
246
246
246
246
246
246
246
246
246
246
246
246
246
246
246
246
246
246
246
246
246
246
246
246
246
246
246
246
246
246
246
246
246
246
246
246
246
246
246
246
246
246
246
246
246
246
246
246
246
246
246
246
246
246
246
246
246
246
246
246
246
246
246
248
248
232
56
45
65
238
249
246
246
246
246
246
246
246
246
246
246
246
246
246
246
246
246
246
246
246
246
246
246
246
246
246
246
246
246
246
246
246
246
246
246
246
246
246
246
246
246
246
246
246
246
246
246
246
246
246
248
231
185
180
185
184
188
178
58
36
35
156
175
184
182
181
181
219
246
249
247
246
246
246
246
246
246
246
246
246
246
246
246
246
246
246
246
246
246
246
246
246
246
246
246
246
246
246
246
246
246
246
246
246
246
246
246
246
246
246
246
246
246
246
246
246
246
246
246
246
246
246
246
246
246
246
246
246
246
246
246
246
246
246
246
246
246
246
246
246
246
246
246
246
246
41
41
41
246
246
246
246
246
246
246
246
246
246
246
246
246
246
246
246
246
246
246
246
246
246
246
246
246
246
246
246
246
246
246
246
246
246
246
246
246
246
246
246
246
246
246
246
246
246
246
246
246
246
246
246
247
235
171
187
186
187
185
184
186
41
184
183
183
184
184
185
192
229
248
246
246
246
246
246
246
246
246
246
246
246
246
246
246
246
246
246
246
246
246
246
246
246
246
246
246
246
246
246
246
246
246
246
246
246
246
246
246
246
246
246
246
246
246
246
246
246
246
246
246
246
