247
247
247
247
247
247
247
247
247
247
247
247
247
247
247
247
247
247
247
247
247
247
247
247
62
62
62
247
247
247
247
247
247
247
247
247
247
247
247
247
247
247
247
247
247
247
247
247
247
247
247
247
247
247
247
247
247
247
247
247
247
247
247
247
247
247
247
247
247
247
156
159
160
160
247
247
247
247
247
247
247
247
247
247
247
247
247
247
247
247
247
247
247
247
247
247
247
247
247
247
247
247
247
247
247
247
247
247
247
247
247
247
247
247
247
247
247
247
247
247
247
247
247
247
247
247
247
247
247
247
247
247
247
247
247
247
247
247
247
247
247
247
247
247
247
247
247
247
247
247
247
247
247
247
247
247
247
247
247
247
247
247
247
247
247
247
247
247
247
247
247
250
240
84
66
77
234
249
249
247
247
247
247
247
247
247
247
247
247
247
247
247
247
247
247
247
247
247
249
254
242
247
242
254
249
247
247
247
247
247
247
247
247
247
247
247
247
249
246
233
164
157
156
166
231
238
243
248
254
250
248
247
247
247
247
247
247
247
247
247
247
247
247
247
247
247
247
247
247
247
247
247
247
247
247
247
247
247
247
247
247
247
247
247
247
247
247
247
247
247
247
247
247
247
247
247
247
247
247
247
247
247
247
247
247
247
247
247
247
247
247
247
247
247
247
247
247
247
247
247
247
247
247
247
247
247
247
247
247
247
247
247
247
247
248
249
252
253
254
254
254
255
249
221
90
224
252
254
249
247
247
247
247
247
247
247
247
247
247
247
247
247
247
247
247
247
247
249
254
251
222
86
214
242
250
247
247
247
247
247
247
247
247
247
247
247
247
252
243
170
157
158
157
163
170
169
170
229
242
242
250
247
247
247
247
247
247
247
247
247
247
247
247
247
247
247
247
247
247
247
247
247
247
247
247
247
247
247
247
247
247
247
247
247
247
247
247
247
247
247
247
247
247
247
247
247
247
247
247
247
247
247
247
247
247
247
247
247
247
247
247
247
247
247
247
247
247
247
247
247
247
247
247
247
247
247
247
247
247
247
247
247
247
248
251
246
242
236
236
237
237
239
246
230
242
243
255
251
248
247
247
247
247
247
247
247
247
247
247
247
247
247
247
247
247
247
247
250
242
222
58
61
86
247
252
247
247
247
247
247
247
247
247
247
247
247
247
253
234
166
150
158
159
157
156
152
157
156
169
242
253
248
247
247
247
247
247
247
247
247
247
247
247
247
247
247
247
247
247
247
247
247
247
247
247
247
247
247
247
247
247
247
247
247
247
247
247
247
247
247
247
247
247
247
247
247
247
247
247
247
247
247
247
247
247
247
247
247
247
247
247
247
247
247
247
247
247
247
247
247
247
247
247
247
247
247
247
247
247
247
247
247
247
249
245
235
169
166
169
169
171
171
171
171
179
235
246
248
254
252
253
250
249
247
247
247
247
247
247
247
247
247
247
247
247
247
247
252
247
86
61
58
222
242
250
247
247
247
247
247
247
247
247
247
247
247
247
254
238
170
152
159
159
160
160
159
156
149
159
232
252
253
249
248
247
247
247
247
247
249
250
252
250
249
247
247
247
247
247
247
247
247
247
247
247
247
247
247
247
247
247
248
249
252
253
254
253
252
249
248
247
247
247
247
247
247
247
247
247
247
247
247
247
247
247
247
247
247
247
247
247
247
247
247
247
247
249
250
250
247
247
247
247
247
247
247
247
247
247
247
247
247
247
249
247
171
153
143
150
151
152
152
152
151
160
159
175
234
252
239
250
242
254
249
247
247
247
247
247
247
247
247
247
247
247
247
247
250
242
214
86
222
251
254
249
247
247
247
247
247
247
247
247
247
247
247
247
254
237
169
152
158
157
155
154
154
155
155
160
170
234
243
244
249
247
247
247
247
249
254
242
247
242
255
252
252
250
249
247
248
249
251
251
249
248
247
247
247
247
247
247
249
242
237
233
236
236
242
246
251
248
247
247
247
247
247
247
247
247
247
247
247
247
247
247
247
247
247
247
247
247
247
247
247
247
249
254
242
240
247
247
247
247
247
247
247
247
247
247
247
247
247
247
249
245
234
169
160
162
154
157
156
157
158
157
153
160
167
187
215
89
214
242
250
247
247
247
247
247
247
247
247
247
247
247
247
247
249
254
242
247
242
254
249
247
247
247
247
247
247
247
247
247
247
247
247
248
254
240
174
153
157
163
172
174
172
165
159
149
160
161
182
245
254
249
248
247
249
254
251
222
86
216
251
245
247
242
254
249
249
244
239
241
248
253
249
248
247
247
247
247
249
246
180
169
165
166
173
240
250
253
249
248
247
247
247
247
247
247
247
247
247
247
247
247
247
247
247
247
247
247
247
247
247
249
254
251
222
87
247
247
247
247
247
247
247
247
247
247
247
247
247
247
248
251
246
244
232
177
165
172
157
160
153
155
157
158
152
149
56
70
89
249
253
247
247
247
247
247
247
247
247
247
247
247
247
247
247
249
250
252
250
249
247
247
247
247
247
247
247
247
247
247
247
247
247
249
250
235
168
154
154
166
232
242
239
236
164
153
149
147
162
226
247
246
251
248
250
242
222
58
63
94
250
227
86
214
242
250
252
240
173
166
231
246
248
253
249
248
247
247
249
248
231
158
148
151
155
167
233
246
248
253
249
248
247
247
247
247
247
247
247
247
247
247
247
249
250
252
250
249
247
247
247
250
242
222
58
60
62
247
247
247
247
247
247
247
247
247
247
247
247
247
247
248
249
253
248
245
232
187
230
185
162
160
152
158
157
72
55
57
217
242
254
248
247
247
247
247
248
249
251
251
249
248
247
247
247
247
247
247
247
247
247
247
247
247
247
247
247
247
247
247
247
247
247
252
243
185
160
157
152
172
241
255
254
251
238
166
161
156
157
163
173
238
246
249
252
247
86
61
61
217
217
61
61
86
247
252
253
235
163
151
161
176
233
245
248
253
249
248
250
251
235
165
153
155
151
158
162
175
231
243
244
249
247
247
247
247
247
247
247
247
247
247
249
254
242
247
242
254
249
247
247
252
247
86
61
60
247
247
247
247
247
247
247
247
247
247
247
247
247
247
247
247
247
248
249
253
247
250
243
247
234
182
184
169
159
141
73
151
176
245
245
250
249
252
253
252
253
246
238
239
249
254
254
253
252
249
248
247
248
249
251
253
254
253
252
249
248
249
250
252
250
249
247
253
237
167
153
158
152
161
236
253
248
251
246
244
233
171
158
150
154
173
244
253
251
242
214
86
227
250
94
63
58
222
242
250
253
235
164
145
151
159
161
174
230
243
243
250
253
246
174
162
173
167
158
151
150
158
158
178
241
252
247
247
247
247
247
247
247
247
247
249
254
251
222
86
214
242
250
247
247
250
242
214
86
214
247
247
247
247
247
247
247
247
247
247
247
247
247
247
247
247
247
247
247
248
248
250
251
253
249
245
242
232
168
150
158
153
161
167
244
255
245
241
233
237
246
241
172
167
234
240
237
235
242
248
253
251
253
248
242
236
237
236
243
249
255
255
244
248
242
254
249
254
237
169
152
160
151
169
236
254
247
248
250
252
251
233
166
149
149
159
233
250
252
254
242
247
245
251
216
86
222
251
254
249
252
240
178
159
158
149
150
159
159
179
245
255
252
235
157
160
232
240
166
166
159
162
145
165
235
253
247
247
247
247
247
247
247
247
247
250
242
222
58
61
86
247
252
247
247
249
254
242
247
240
247
247
247
247
247
247
247
247
247
247
247
247
247
247
247
247
247
247
247
247
247
247
247
248
249
251
255
247
177
158
158
161
153
158
229
252
243
178
163
162
195
210
161
153
164
172
170
167
170
232
246
243
245
233
180
168
169
167
173
234
244
241
217
87
214
242
251
254
239
174
153
158
151
173
236
253
247
247
247
248
253
242
172
163
156
155
166
241
248
251
250
252
252
255
242
247
242
254
249
247
249
243
242
231
175
162
161
155
150
161
227
244
236
172
153
169
243
255
238
187
224
165
143
164
235
253
247
247
247
247
247
247
247
247
247
252
247
86
61
58
222
242
250
247
247
247
249
250
252
250
247
247
247
247
247
247
247
247
247
247
247
247
247
247
247
247
247
247
247
247
247
247
247
247
247
247
249
246
239
167
157
155
157
158
167
253
244
168
145
155
164
162
162
157
157
154
153
150
157
162
197
239
193
161
157
151
152
149
157
164
168
160
60
67
87
248
254
249
234
164
155
157
158
180
244
252
247
247
247
247
250
242
242
233
169
155
155
180
245
253
248
247
247
249
250
252
250
249
247
247
248
249
253
248
246
234
171
157
151
161
165
175
166
161
147
168
236
255
245
252
239
189
159
174
240
252
247
247
247
247
247
247
247
247
247
250
242
214
86
222
251
254
249
247
247
247
247
247
247
247
247
247
247
247
247
247
247
247
247
247
247
247
247
247
247
247
247
247
247
247
247
247
247
247
247
247
248
251
249
241
166
159
156
152
166
232
233
166
155
161
158
157
162
155
158
157
162
157
157
152
168
221
167
152
157
157
157
155
153
155
152
68
50
59
216
244
254
245
181
159
154
153
161
233
249
249
247
247
247
247
248
250
253
252
235
163
148
159
233
248
249
247
247
247
247
247
247
247
247
247
247
247
248
249
253
250
240
174
162
157
151
149
153
149
158
175
243
252
249
251
246
242
233
239
244
249
247
247
247
247
247
247
247
247
247
249
254
242
247
242
254
249
247
247
247
247
247
247
247
247
247
247
247
247
247
247
247
247
247
247
247
247
247
247
247
247
247
247
247
247
247
247
247
247
247
247
247
248
251
251
235
164
155
158
165
166
167
163
157
160
159
167
165
148
70
147
158
163
155
155
164
160
165
156
157
152
161
168
166
163
154
146
68
151
240
255
254
236
176
152
157
162
182
247
254
248
247
247
247
247
247
247
248
253
246
175
157
155
176
245
253
248
247
247
247
247
247
247
247
247
247
247
247
247
248
251
246
244
235
167
162
149
124
146
165
233
248
249
247
248
249
252
252
252
249
248
247
247
247
247
247
247
247
247
247
247
249
250
252
250
249
247
247
247
247
247
247
247
247
247
247
247
247
247
247
247
247
247
247
247
247
247
247
247
247
247
247
247
247
247
247
247
247
247
247
247
247
247
249
255
242
173
153
158
156
154
156
157
158
158
155
154
165
55
58
85
234
178
157
154
157
156
155
152
159
153
170
229
241
177
164
155
149
170
243
255
254
238
170
153
157
160
230
243
252
247
247
247
247
247
247
247
247
249
249
234
164
147
162
232
248
249
247
247
247
247
247
247
247
247
247
247
247
247
247
248
249
254
254
237
159
146
122
149
182
247
254
248
247
247
247
247
247
247
247
247
247
247
247
247
247
247
247
247
247
247
247
247
247
247
247
247
247
247
247
247
247
247
247
247
247
247
247
247
247
247
247
247
247
247
247
247
247
247
247
247
247
247
247
247
247
247
247
247
247
247
247
247
249
248
234
164
154
159
159
162
160
159
157
163
171
178
79
67
64
229
246
246
169
162
158
157
165
165
180
226
193
247
255
241
156
73
141
164
237
249
255
236
168
151
158
158
172
243
252
247
247
247
247
247
247
247
247
248
254
240
171
150
161
179
245
251
247
247
247
247
247
247
247
247
247
247
247
247
247
247
248
251
255
241
172
142
117
149
233
243
252
247
247
247
247
247
247
247
247
247
247
247
247
247
247
247
247
247
247
247
247
247
247
247
247
247
247
247
247
247
247
247
247
247
247
247
247
247
247
247
247
247
247
247
247
247
247
247
247
247
247
247
247
247
247
247
247
247
247
247
247
247
251
245
179
158
157
160
160
160
158
157
154
167
232
240
214
89
222
252
255
252
235
166
155
154
165
229
250
241
249
247
248
220
63
54
71
159
181
244
255
239
167
153
157
157
173
241
251
247
247
247
247
247
247
247
247
247
254
237
169
151
153
184
237
252
247
247
247
247
247
247
247
247
247
247
247
247
247
247
249
244
242
197
159
113
117
155
178
250
255
252
249
248
247
247
247
247
247
247
247
247
247
247
247
247
247
247
247
247
247
247
247
247
247
247
247
247
247
247
247
247
247
247
247
247
247
247
247
247
247
247
247
247
247
249
250
252
250
249
247
247
247
247
247
247
247
247
247
247
247
247
253
236
176
152
158
160
158
170
163
166
151
170
243
255
244
248
242
254
249
254
239
172
154
152
170
242
255
251
250
253
249
87
69
56
151
145
170
238
255
233
162
153
155
164
234
249
249
247
249
250
252
250
249
247
247
247
253
235
167
150
154
170
239
253
247
247
247
247
247
247
247
247
247
247
247
247
248
250
254
246
180
161
151
115
146
149
164
228
239
242
245
251
248
247
247
247
247
247
247
247
247
247
249
250
252
250
249
247
247
247
247
247
247
247
247
247
247
247
247
247
247
247
247
247
247
247
247
247
247
247
247
247
249
254
242
247
242
254
249
247
247
247
247
247
247
247
247
247
247
247
254
238
169
152
159
160
157
167
220
165
148
169
236
254
250
252
250
249
247
254
237
173
151
152
172
237
254
247
247
250
242
214
92
210
169
153
173
244
252
180
158
157
155
173
240
254
248
249
254
242
247
242
254
249
247
247
252
243
170
157
149
168
237
254
247
247
247
247
247
247
247
247
247
247
247
247
250
243
244
225
163
150
151
164
161
161
160
165
168
169
238
247
249
247
247
247
247
247
247
247
247
249
254
242
247
242
254
249
247
247
247
247
247
247
247
247
247
247
247
247
247
247
247
247
247
247
247
247
247
247
247
249
254
251
222
86
214
242
250
247
247
247
247
247
247
247
247
247
247
247
254
237
170
152
160
160
156
165
166
167
149
166
238
254
247
247
247
247
248
255
240
172
153
152
174
237
254
247
247
249
254
242
254
232
178
150
164
240
237
165
149
158
154
172
237
254
249
254
251
222
86
214
242
250
247
247
250
250
235
164
149
173
240
255
248
247
247
247
247
247
247
247
247
247
247
248
252
242
173
160
161
160
168
199
235
172
155
150
149
156
187
245
253
248
247
247
247
247
247
247
249
254
251
222
86
214
242
250
247
247
247
247
247
247
247
247
247
247
247
247
247
247
247
247
247
247
247
247
247
247
247
250
242
222
58
61
86
247
252
247
247
247
247
247
247
247
247
247
247
247
254
238
174
153
160
157
155
151
155
157
151
170
237
254
247
247
247
247
249
246
231
163
154
152
170
237
254
247
247
247
249
250
255
241
179
151
158
177
239
186
159
159
153
169
237
254
250
242
222
58
61
86
247
252
247
247
250
251
237
167
151
163
232
248
250
247
247
247
247
247
247
247
247
247
248
251
250
232
160
149
150
164
230
250
248
242
165
158
155
155
168
233
248
249
247
247
247
247
247
247
250
242
222
58
61
86
247
252
247
247
247
247
247
247
247
247
247
247
247
247
247
247
247
247
247
247
247
247
247
247
247
252
247
86
61
58
222
242
250
247
247
247
247
247
247
247
247
247
247
248
254
239
172
154
159
155
163
164
165
159
153
172
237
254
247
247
247
247
250
248
168
163
157
151
169
236
254
247
247
247
247
247
253
239
175
155
150
169
232
238
160
157
152
170
237
254
252
247
86
61
58
222
242
250
247
247
251
241
175
158
155
157
165
242
252
247
247
247
247
247
247
247
247
247
249
248
241
173
160
154
158
173
246
254
253
249
242
176
160
155
159
177
245
253
248
247
247
247
247
247
252
247
86
61
58
222
242
250
247
247
247
247
247
247
247
247
247
247
247
247
247
247
247
247
247
247
247
247
247
247
247
250
242
214
86
222
251
254
249
247
247
247
247
247
247
247
247
247
248
251
251
235
165
155
158
161
173
229
175
153
155
174
239
253
247
247
247
247
249
246
231
161
154
152
170
237
254
247
247
247
247
247
252
240
184
155
150
177
237
193
162
157
154
173
242
255
252
242
214
86
222
251
254
249
247
247
252
243
173
159
157
151
167
235
253
247
247
247
247
247
247
247
247
248
254
246
185
161
154
160
171
240
245
249
248
251
251
235
164
150
150
161
232
248
249
247
247
247
247
247
250
242
214
86
222
251
254
249
247
247
247
247
247
247
247
247
247
247
247
247
247
247
247
247
247
247
247
247
247
247
247
249
254
242
247
242
255
252
252
250
249
247
247
247
247
247
247
248
250
249
242
168
159
156
153
163
243
242
165
153
157
191
241
253
247
247
247
247
248
255
240
173
153
152
170
238
254
247
247
247
247
247
250
247
193
162
149
161
220
176
154
157
159
160
235
248
255
255
242
247
242
254
249
247
247
247
252
243
229
157
158
152
173
237
254
247
247
247
247
247
247
247
248
252
254
231
163
152
158
167
236
251
251
248
247
248
252
243
188
163
162
156
175
245
253
248
247
247
247
247
249
254
242
247
244
255
254
250
249
247
247
247
247
247
247
247
247
247
247
247
247
247
247
247
247
247
247
247
247
247
247
247
249
250
252
252
255
242
247
242
254
249
247
247
247
247
247
249
247
241
179
158
155
154
158
177
248
239
166
153
157
184
241
253
247
247
247
247
247
254
237
169
152
153
169
237
252
249
247
247
247
247
249
251
234
168
149
152
151
164
158
164
158
146
82
222
244
253
250
252
250
249
247
247
247
248
254
248
174
160
158
152
166
236
254
247
247
247
247
247
247
249
253
254
245
156
74
135
154
183
245
253
248
247
247
247
249
244
246
229
169
149
160
231
248
249
247
247
247
247
247
249
250
254
255
244
247
242
254
249
247
247
247
247
247
247
247
247
247
247
247
247
247
247
247
247
247
247
249
250
252
250
249
247
249
254
251
222
86
214
242
250
247
247
247
247
248
253
245
189
161
155
157
153
161
237
244
179
159
158
153
172
238
253
247
247
247
247
247
254
237
174
153
155
163
200
245
251
247
247
247
247
248
254
238
170
149
165
169
165
159
156
147
55
58
88
245
254
248
247
247
247
247
247
247
249
248
232
162
153
158
149
164
233
254
247
247
247
247
247
249
254
248
238
152
61
55
72
168
241
247
249
247
247
247
247
248
249
255
239
172
147
158
179
245
251
247
247
247
247
247
247
249
254
251
222
86
214
242
250
247
247
247
247
247
247
247
247
247
247
247
247
247
247
247
247
247
249
254
242
247
242
254
249
250
242
222
58
61
86
247
252
247
247
247
248
251
250
234
165
155
157
159
160
177
251
240
167
149
158
153
169
237
254
247
247
247
247
247
253
238
174
155
157
153
164
235
252
247
247
247
247
247
254
236
170
151
166
220
164
159
159
73
58
51
149
231
252
251
248
247
247
247
247
247
252
243
177
158
157
157
157
163
241
252
247
247
247
247
249
254
251
230
81
55
50
60
161
238
249
251
248
247
247
247
247
247
247
252
243
174
156
149
175
237
253
247
247
247
247
247
247
250
242
222
58
61
86
247
252
247
247
247
247
247
247
247
247
247
247
247
247
247
247
247
247
249
254
251
222
86
214
242
250
252
247
86
61
58
222
242
250
247
247
247
249
246
238
165
160
157
159
155
165
233
252
245
171
159
156
150
167
236
253
247
247
247
247
247
253
238
177
155
157
156
168
242
252
247
247
247
247
247
254
237
169
151
166
154
166
160
154
148
77
149
159
171
242
249
251
248
247
247
247
248
254
238
170
151
158
154
166
232
247
250
247
247
247
247
251
244
225
68
56
50
72
156
242
254
252
248
247
247
247
247
247
247
247
249
249
233
165
147
175
238
253
247
247
247
247
247
247
252
247
86
61
58
222
242
250
247
247
247
247
247
247
247
247
247
247
247
247
247
247
247
247
250
242
222
58
61
86
247
252
250
242
214
86
222
251
254
249
247
248
249
254
246
170
156
156
158
155
157
185
245
254
249
233
163
152
157
175
243
252
247
247
247
247
247
253
238
171
153
154
164
233
248
249
247
247
247
247
247
254
237
167
151
152
153
151
159
160
170
223
164
155
156
165
241
251
254
252
249
248
251
251
235
164
154
160
153
171
241
254
248
247
247
247
248
254
245
88
59
55
141
165
239
254
253
250
249
248
247
247
247
247
247
247
248
254
239
172
146
172
238
254
247
247
247
247
247
247
250
242
214
86
222
251
254
249
247
247
247
247
247
247
247
247
247
247
247
247
247
247
247
247
252
247
86
61
58
222
242
250
249
254
242
247
242
254
249
247
247
249
244
245
226
167
153
159
157
160
171
240
247
251
255
242
174
149
163
233
249
249
247
247
247
247
247
253
238
173
152
152
171
240
254
248
247
247
247
247
247
254
237
168
154
156
130
156
160
163
202
245
188
158
151
155
168
236
238
243
249
255
252
243
174
160
155
158
150
168
236
253
247
247
247
248
251
252
231
147
64
143
171
248
252
254
245
248
246
253
249
248
247
247
247
247
248
255
240
170
148
173
237
254
247
247
247
247
247
247
249
254
242
247
242
254
249
247
247
247
247
247
247
247
247
247
247
247
247
247
247
247
247
247
250
242
214
86
222
251
254
249
247
249
250
252
250
249
247
247
248
252
243
189
166
164
157
156
153
170
235
249
251
250
249
233
165
150
173
239
254
248
247
247
247
247
247
253
239
177
154
151
171
237
254
249
250
252
250
249
247
254
237
171
151
147
115
148
155
169
238
250
242
168
160
155
161
166
171
170
234
242
236
182
160
155
157
155
157
176
242
252
247
247
248
251
249
242
176
155
157
164
245
249
253
247
235
177
230
246
248
254
252
249
248
248
251
250
234
167
148
171
235
254
247
247
247
247
247
247
247
249
250
252
250
249
247
247
247
247
247
247
247
247
247
247
247
247
247
247
247
247
247
247
249
254
242
247
242
254
249
247
247
247
247
247
247
247
247
248
251
251
234
160
153
158
158
164
165
202
245
252
248
252
242
173
158
152
172
239
254
248
247
247
247
247
247
253
239
186
154
151
170
237
254
254
242
247
242
254
249
253
238
174
152
119
114
118
150
175
242
255
252
231
160
148
155
155
151
158
165
175
166
163
157
156
158
159
168
240
246
249
247
247
249
246
238
165
157
155
168
239
251
251
252
243
172
162
167
178
234
239
244
248
253
254
252
242
160
162
149
158
235
254
247
247
247
247
247
247
247
247
247
247
247
247
247
247
247
247
247
247
247
247
247
247
247
247
247
247
247
247
247
247
247
249
250
252
250
249
247
247
247
247
247
247
247
247
248
251
249
243
175
163
162
154
149
156
232
246
246
249
247
253
236
166
150
154
166
235
249
249
247
247
247
247
247
253
238
172
155
152
170
239
255
251
222
86
214
242
250
252
241
179
155
150
111
115
148
167
234
251
254
242
171
153
158
151
156
157
154
153
156
157
156
156
151
161
233
250
251
248
247
248
253
244
172
154
149
160
203
247
252
248
252
233
164
145
151
158
163
175
180
242
245
246
235
179
162
152
148
166
235
253
247
247
247
247
247
247
247
247
247
247
247
247
247
247
247
247
247
247
247
247
247
247
247
247
247
247
247
247
247
247
247
247
247
247
247
247
247
247
247
247
247
247
247
247
249
247
239
175
161
159
155
147
93
192
255
255
254
249
247
254
236
170
151
156
159
181
244
252
247
247
247
247
247
254
237
169
150
153
170
243
251
222
58
61
86
247
252
250
245
207
163
149
112
117
152
161
180
241
252
243
242
228
169
161
159
156
159
160
159
157
165
158
165
173
245
253
248
247
247
249
248
232
161
150
158
171
242
249
249
247
252
240
173
158
157
149
151
151
158
170
230
175
163
164
157
155
158
176
244
252
247
249
252
255
255
255
255
252
249
247
247
247
247
247
247
247
247
247
247
247
247
247
247
247
247
247
247
247
247
247
247
247
247
247
247
247
247
247
247
247
247
247
247
248
253
245
182
159
155
160
154
69
130
193
210
229
245
255
255
255
251
179
159
160
151
168
235
252
247
247
247
247
247
253
234
166
149
152
166
239
250
87
61
58
222
242
250
249
251
238
161
111
107
116
151
163
166
241
251
250
253
248
245
233
167
160
155
155
152
149
166
223
181
235
246
249
247
247
248
254
247
179
159
153
163
233
249
250
247
247
249
243
242
231
176
164
162
156
155
162
158
161
153
157
161
161
174
248
255
255
255
255
245
227
207
205
221
235
250
247
247
247
247
247
247
247
247
247
247
247
247
247
247
247
247
247
247
247
247
247
247
247
247
247
247
247
247
247
247
247
247
247
248
251
250
234
162
153
158
158
158
156
101
106
108
101
217
216
216
222
210
145
130
153
164
195
255
255
255
255
255
255
255
255
255
185
167
162
169
192
243
220
86
222
251
254
249
247
252
245
166
111
100
114
147
164
232
247
250
247
248
249
253
250
239
176
194
172
169
169
185
239
251
244
251
248
247
247
250
252
229
160
146
161
180
245
253
249
252
255
255
255
255
255
255
242
177
165
168
166
166
166
167
168
156
140
143
205
216
210
209
211
214
100
103
100
112
240
252
247
247
247
247
247
247
247
247
247
247
247
247
247
247
247
247
247
247
247
250
250
249
247
247
247
247
247
247
247
247
247
247
247
249
248
241
171
162
156
158
155
168
226
228
213
216
222
100
97
91
97
92
85
83
86
204
204
207
212
209
209
209
209
209
212
208
199
132
128
126
171
248
255
255
255
255
255
255
255
255
255
253
165
127
127
167
192
255
255
255
255
255
255
255
255
255
255
253
254
252
251
255
255
255
255
255
255
255
255
255
252
167
75
150
179
254
255
255
255
245
227
207
209
210
212
218
207
145
132
134
136
134
135
136
134
143
86
99
102
107
105
105
103
100
214
211
205
221
235
250
247
247
247
247
247
247
247
247
247
247
247
247
247
247
247
247
247
247
247
240
242
254
249
247
247
247
247
247
247
247
247
248
249
254
246
182
159
156
157
155
161
185
253
255
255
255
240
213
126
120
132
136
132
148
215
111
108
108
106
105
105
105
105
105
106
110
104
101
93
92
94
215
216
214
213
211
209
209
209
210
214
213
200
131
126
136
205
212
212
209
209
209
209
209
210
212
214
215
216
216
216
214
212
210
209
209
209
209
209
218
203
63
41
56
200
214
213
210
211
214
100
103
105
105
105
107
102
99
92
95
96
87
91
79
86
86
217
218
212
210
209
209
207
227
245
255
255
255
252
249
247
247
247
247
247
247
247
247
247
247
247
247
247
247
247
247
247
247
247
84
214
242
250
247
247
247
247
247
247
247
247
249
246
247
230
168
156
159
158
164
182
252
252
249
235
190
181
178
171
165
171
169
160
181
232
233
207
209
209
209
209
209
209
209
209
210
212
214
216
217
219
102
104
105
105
105
105
105
105
105
106
110
106
105
88
88
91
104
107
105
105
105
105
105
105
105
105
105
105
105
105
105
105
105
105
105
105
105
105
113
80
75
55
92
98
111
106
105
103
100
214
211
209
209
209
210
212
214
216
217
219
212
161
205
148
225
251
255
255
255
255
255
255
255
252
249
247
247
247
247
247
247
247
247
247
247
247
247
247
247
247
247
247
247
247
247
247
247
62
66
87
251
255
250
249
247
247
247
247
247
248
252
245
201
174
164
157
162
159
164
234
238
237
173
170
162
155
157
163
156
159
152
161
174
248
255
255
255
255
255
255
255
255
255
255
255
255
255
255
255
245
227
207
209
209
209
209
209
209
209
209
210
212
217
212
147
150
208
212
209
209
209
209
209
209
209
209
209
209
209
209
209
209
209
209
209
209
209
209
216
203
92
210
225
214
211
209
209
207
227
245
255
255
255
255
255
255
255
255
255
255
254
255
247
254
249
253
249
247
247
247
247
247
247
247
247
247
247
247
247
247
247
247
247
247
247
247
247
247
247
247
247
247
247
247
247
247
247
62
79
231
236
251
242
254
249
247
247
247
248
251
250
236
171
156
156
157
159
160
168
170
162
80
143
149
156
155
160
159
144
71
141
162
241
246
251
250
252
250
249
247
247
247
247
247
247
247
247
249
252
255
255
255
255
255
255
255
255
255
255
255
255
255
255
254
250
250
255
255
255
255
255
255
255
255
255
255
255
255
255
255
255
255
255
255
255
255
255
255
255
247
251
247
255
255
255
255
255
255
255
252
249
247
247
247
247
247
247
247
247
248
249
251
251
251
249
248
247
247
247
247
247
247
247
247
247
247
247
247
247
247
247
247
247
247
247
247
247
247
247
247
247
247
247
247
247
247
247
62
243
253
231
87
214
242
250
247
247
247
249
245
236
165
161
158
159
160
158
159
155
141
53
54
66
149
159
167
163
146
51
59
81
240
251
252
254
242
247
242
254
249
247
247
247
247
247
247
249
254
242
247
242
254
249
247
247
247
247
247
247
247
247
247
248
249
251
251
249
248
247
247
247
247
247
247
247
247
247
247
247
247
247
247
247
247
247
247
247
247
249
250
252
250
249
247
247
247
247
247
247
247
247
247
247
247
247
247
247
247
247
247
247
247
247
247
247
247
247
247
247
247
247
247
247
247
247
247
247
247
247
247
247
247
247
247
247
247
247
247
247
247
247
247
247
247
247
247
247
247
242
231
60
61
86
247
252
247
247
247
250
241
162
151
147
151
152
152
152
155
151
67
53
58
150
165
175
239
238
81
60
65
226
246
254
254
251
222
86
214
242
250
247
247
247
247
247
249
254
251
222
86
214
242
250
247
247
247
247
247
247
247
247
247
247
247
247
247
247
247
247
247
247
247
247
247
247
247
247
247
247
247
247
247
247
247
247
247
247
247
247
247
247
247
247
247
247
247
247
247
247
247
247
247
247
247
247
247
247
247
247
247
247
247
247
247
247
247
247
247
247
247
247
247
247
247
247
247
247
247
247
247
247
247
247
247
247
247
247
247
247
247
247
247
247
247
247
247
247
247
249
87
61
58
222
242
250
247
247
247
250
240
199
165
168
171
169
171
169
171
167
151
82
160
235
243
244
252
250
220
88
223
251
254
252
242
222
58
61
86
247
252
247
247
247
247
247
250
242
222
58
61
86
247
252
247
247
247
247
247
247
247
247
247
247
247
247
247
247
247
247
247
247
247
247
247
247
247
247
247
247
247
247
247
247
247
247
247
247
247
247
247
247
247
247
247
247
247
247
247
247
247
247
247
247
247
247
247
247
247
247
247
247
247
247
247
247
247
247
247
247
247
247
247
247
247
247
247
247
247
247
247
247
247
247
247
247
247
247
247
247
247
247
247
247
247
247
247
247
247
242
214
86
222
251
254
249
247
247
247
249
248
243
237
237
237
237
237
237
238
242
234
235
240
253
254
252
251
254
242
247
242
254
249
252
247
86
61
58
222
242
250
247
247
247
247
247
252
247
86
61
58
222
242
250
247
247
247
247
247
247
247
247
247
247
247
247
247
247
247
247
247
247
247
247
247
247
247
247
247
247
247
247
247
247
247
247
247
247
247
247
247
247
247
247
247
247
247
247
247
247
247
247
247
247
249
250
252
250
249
247
247
247
247
247
247
247
247
247
249
250
252
250
249
247
247
247
247
247
247
247
247
247
247
247
247
247
247
247
247
247
247
247
247
247
247
247
247
247
247
254
242
247
242
254
249
247
247
247
247
247
249
251
253
254
254
255
255
255
254
254
254
254
253
250
248
247
247
249
250
252
250
249
247
250
242
214
86
222
251
254
249
247
247
247
247
247
250
242
214
86
222
251
254
249
247
247
247
247
247
247
247
247
247
247
247
247
247
247
247
247
247
247
247
247
247
247
247
247
247
247
247
247
247
247
247
247
247
247
247
247
247
247
247
247
247
247
247
247
247
247
247
247
247
249
254
242
247
242
254
249
247
247
247
247
247
247
247
249
254
242
247
242
254
249
247
247
247
247
247
247
247
247
247
247
247
247
247
247
247
247
247
247
247
247
247
247
247
247
247
249
250
252
250
249
247
247
247
247
247
247
247
247
247
249
254
242
247
242
254
249
247
247
247
247
247
247
247
247
247
247
247
247
247
249
254
242
247
242
254
249
247
247
247
247
247
247
249
254
242
247
242
254
249
247
247
247
247
247
247
247
247
247
247
247
247
247
247
247
247
247
247
247
247
247
247
247
247
247
247
247
247
247
247
247
247
247
247
247
247
247
247
247
247
247
247
247
247
247
247
247
247
247
249
254
251
222
86
214
242
250
247
247
247
247
247
247
249
254
251
222
86
214
242
250
247
247
247
247
247
247
247
247
247
247
247
247
247
247
247
247
247
247
247
247
247
247
247
247
247
247
247
247
247
247
247
247
247
247
247
247
247
247
247
249
249
227
105
227
249
249
247
247
247
247
247
247
247
247
247
247
247
247
247
247
249
250
252
250
249
247
247
247
247
247
247
247
247
249
250
252
250
249
247
247
247
247
247
247
247
247
247
247
247
247
247
247
247
247
247
247
247
247
247
247
247
247
247
247
247
247
247
247
247
247
247
247
247
247
247
247
247
247
247
247
247
247
247
247
247
247
247
247
249
249
234
77
66
84
240
250
247
247
247
247
247
247
249
249
234
77
66
84
240
250
247
247
247
247
247
247
247
247
247
247
247
247
247
247
247
247
247
247
247
247
247
247
247
247
247
247
247
247
247
247
247
247
247
247
247
247
247
247
247
247
247
62
62
62
247
247
247
247
247
247
247
247
247
247
247
247
247
247
247
247
247
247
247
247
247
247
247
247
247
247
247
247
247
247
247
247
247
247
247
247
247
247
247
247
247
247
247
247
247
247
247
247
247
247
247
247
247
247
247
247
247
247
247
247
247
247
247
247
247
247
247
247
247
247
247
247
247
247
247
247
247
247
247
247
247
247
247
247
247
247
62
62
62
247
247
247
247
247
247
247
247
247
247
247
62
62
62
247
247
247
247
247
247
247
247
247
247
247
247
247
247
247
247
247
247
247
247
247
247
247
247
247
247
247
