245
245
245
245
245
245
245
245
245
245
245
245
245
245
245
245
245
245
245
245
245
245
245
245
245
245
245
245
245
245
245
245
245
245
245
245
245
245
245
245
245
245
245
245
245
245
245
245
245
245
245
245
245
245
245
245
245
245
245
245
245
245
245
245
245
245
245
245
245
245
245
245
245
245
245
245
245
245
245
245
245
245
245
245
245
245
245
245
245
245
245
245
245
245
245
245
245
245
245
245
245
245
245
245
245
245
245
245
245
245
245
245
245
245
245
116
245
245
245
245
245
245
245
245
245
245
245
245
245
245
245
245
245
245
245
245
245
245
245
245
245
245
245
245
245
245
245
245
245
116
245
245
245
245
245
245
245
245
245
245
245
245
245
245
245
245
245
246
249
252
246
238
229
238
244
249
245
245
245
245
245
245
245
245
245
245
245
245
245
245
245
247
250
242
235
227
234
239
247
246
245
245
245
245
245
245
245
245
245
245
245
245
245
245
245
245
245
245
245
245
245
245
245
245
245
245
245
245
245
245
245
245
245
245
245
245
245
245
245
245
245
245
245
245
245
245
245
245
245
245
245
245
245
245
245
245
246
252
241
245
241
254
241
222
114
114
133
240
248
245
245
245
245
245
245
245
245
245
245
245
245
245
245
245
245
245
245
245
245
245
245
245
245
245
245
245
248
240
141
116
245
245
245
245
245
245
245
245
245
245
245
245
245
245
245
245
246
250
244
242
219
144
139
184
250
252
245
245
245
245
245
245
245
245
245
245
245
245
245
245
245
249
244
203
137
134
142
216
252
248
245
245
245
245
245
245
245
245
245
245
245
245
245
245
245
245
245
245
245
245
245
245
245
245
245
245
245
245
245
245
245
245
245
245
245
245
245
245
245
245
245
245
245
245
245
245
245
245
245
245
245
245
245
245
245
246
252
248
227
132
222
245
248
132
115
113
227
241
248
245
245
245
245
245
245
245
245
245
245
245
245
245
245
245
245
245
245
245
245
245
245
245
245
245
245
245
248
241
231
116
245
245
245
245
245
245
245
245
245
245
245
245
245
245
246
248
252
251
239
155
131
125
111
163
238
250
248
245
245
245
245
245
245
245
245
245
245
245
245
245
248
254
217
134
118
110
124
206
251
248
245
245
245
245
245
245
245
245
245
245
245
245
245
245
245
245
245
245
245
245
245
245
245
245
245
245
245
245
245
245
245
245
245
245
245
245
245
245
245
245
245
245
245
245
245
245
245
245
245
245
245
245
245
245
245
249
244
231
115
116
132
248
245
222
132
227
249
254
251
248
246
245
245
245
245
245
245
245
245
245
245
245
245
245
245
245
245
245
245
245
245
245
245
245
245
245
246
252
246
245
245
245
245
245
245
245
245
245
245
245
245
245
245
245
249
244
240
234
152
126
122
125
125
133
191
254
251
245
245
245
245
245
245
245
245
245
245
245
245
245
250
245
203
124
123
120
132
210
253
249
245
247
250
253
254
253
250
247
245
245
245
245
245
245
245
245
245
245
245
245
245
245
245
245
245
245
245
245
245
245
245
245
245
245
245
245
245
245
245
245
245
245
245
245
245
245
245
245
245
245
245
245
245
245
246
254
241
131
111
119
228
242
254
241
245
242
255
242
245
241
252
246
245
245
245
245
245
245
245
245
245
245
245
245
245
245
245
245
245
245
245
245
245
245
245
245
245
246
246
245
245
245
245
245
245
245
245
245
245
245
245
245
245
245
252
250
186
134
129
122
123
125
122
119
174
241
250
248
245
245
245
245
245
245
245
245
245
245
245
246
252
225
139
126
129
123
134
213
254
250
245
247
239
234
227
234
239
246
246
245
245
245
245
245
245
245
245
245
245
245
245
245
245
245
246
248
251
254
254
252
249
246
245
245
245
245
245
245
245
245
245
245
245
245
245
245
245
245
245
245
245
245
245
246
252
250
225
110
110
225
250
252
248
248
251
254
249
227
132
222
241
248
245
245
245
245
245
245
245
245
245
245
245
245
245
245
245
245
245
245
245
245
245
245
245
245
245
245
245
245
245
245
245
245
245
245
245
245
245
245
245
245
247
252
254
243
164
114
115
129
138
140
131
122
132
198
253
249
245
245
245
245
246
248
249
248
246
245
245
247
254
219
135
120
131
124
126
206
246
249
248
250
216
145
132
141
207
250
249
245
245
245
245
245
245
245
246
247
248
247
246
245
245
245
249
244
238
232
229
240
247
255
254
254
251
247
246
245
245
245
245
245
245
245
245
245
245
245
245
245
245
245
245
248
241
228
119
111
131
241
254
246
245
245
248
241
227
113
115
132
245
249
245
245
245
245
245
245
245
245
245
245
245
245
245
245
245
245
245
245
245
245
245
245
245
245
245
245
245
245
245
245
245
245
245
245
245
245
245
245
247
250
251
246
243
179
126
127
130
152
233
213
133
115
124
190
249
251
245
245
245
246
252
241
245
241
252
246
245
250
246
214
129
123
130
128
126
142
228
254
250
252
206
126
104
124
202
254
253
246
245
245
245
245
245
245
247
240
244
245
254
254
254
250
253
248
181
137
136
150
226
235
230
232
241
247
250
245
245
245
245
245
245
245
245
245
245
245
245
245
245
245
245
249
245
132
116
115
231
244
249
245
245
245
249
245
132
115
113
227
241
248
245
245
245
245
245
245
245
245
245
245
245
245
245
245
245
245
245
245
245
245
245
245
245
245
245
245
245
245
245
245
245
245
245
245
245
245
245
247
250
244
241
199
136
126
122
132
213
246
254
226
140
114
128
192
251
251
245
245
246
252
248
227
132
222
241
248
245
252
232
144
125
126
128
127
122
126
211
245
253
254
210
132
114
129
192
242
245
250
246
245
245
245
245
246
254
242
172
216
234
231
231
238
253
250
171
116
114
128
136
145
140
136
184
243
248
248
245
245
245
245
245
245
245
245
245
245
245
245
245
245
245
248
241
222
132
227
248
253
250
252
254
254
254
249
231
142
237
254
254
248
245
245
245
245
245
245
245
245
245
245
245
245
245
245
245
245
245
245
245
245
245
245
245
245
245
245
245
245
245
245
245
245
245
245
245
245
245
248
246
221
139
127
119
116
127
212
250
254
255
220
140
115
125
191
247
252
245
245
248
241
227
113
115
132
245
249
246
253
223
137
116
130
134
135
128
125
144
232
254
253
209
130
118
132
134
142
221
245
248
245
245
245
245
249
248
230
150
130
144
141
138
184
250
245
168
120
124
128
124
120
118
118
130
199
254
251
245
245
245
245
245
245
245
245
245
246
248
251
251
248
246
246
252
241
245
241
253
251
244
237
229
235
242
248
232
230
227
247
247
254
248
246
245
245
245
245
245
245
245
245
245
245
245
245
245
245
245
245
245
245
245
245
245
245
245
245
245
245
245
245
245
245
245
245
245
245
246
252
233
151
119
118
128
136
208
246
251
250
254
220
140
113
125
176
239
252
245
245
249
245
132
115
113
227
241
248
247
254
229
142
118
137
187
184
128
114
137
223
255
252
210
130
119
125
121
122
154
236
254
247
245
245
245
252
252
171
127
120
120
114
114
168
248
200
133
118
118
120
122
124
127
124
121
187
245
252
247
245
245
245
247
250
251
251
250
254
246
237
236
245
254
254
254
255
255
254
255
248
229
150
138
141
187
188
144
144
143
150
225
243
246
250
246
245
245
245
245
245
245
245
245
245
245
245
245
245
245
245
245
245
245
245
245
246
248
249
248
245
245
245
245
245
245
245
245
245
246
252
223
137
114
128
179
241
244
249
247
247
253
219
135
116
131
195
250
248
247
248
252
244
224
132
227
248
252
247
251
250
229
131
116
176
243
190
129
116
140
225
255
251
229
167
127
127
125
122
131
221
246
249
245
245
248
249
237
157
120
127
128
123
128
179
251
244
172
137
142
145
147
138
134
124
127
123
202
248
251
246
245
247
249
240
235
242
247
245
229
149
161
237
244
230
232
231
233
244
246
237
140
125
116
124
129
129
123
118
118
127
131
159
239
246
248
245
245
245
245
245
245
245
245
245
245
245
245
245
245
245
245
245
245
245
246
252
241
245
240
245
245
245
245
245
245
245
245
245
246
253
226
135
121
172
248
252
254
250
249
249
254
218
132
113
178
244
254
251
254
242
246
248
248
246
241
252
246
248
246
236
144
126
121
183
248
191
125
116
142
228
255
250
246
245
192
131
128
125
128
153
244
255
248
246
252
253
182
132
126
127
124
126
161
242
251
249
240
232
231
233
237
207
126
116
110
111
126
213
248
249
246
249
245
199
137
201
246
173
130
124
142
206
149
140
143
142
140
174
224
151
128
124
127
129
127
127
128
129
129
125
119
126
169
248
251
245
245
245
245
245
245
245
245
245
245
245
245
245
245
245
245
245
245
246
252
248
227
132
220
245
245
245
245
245
245
245
245
245
245
249
237
184
164
241
249
251
252
241
245
245
255
223
132
117
187
255
250
249
240
231
132
224
244
252
248
246
245
251
242
164
127
119
122
180
247
192
126
118
134
221
248
250
249
254
245
178
121
123
121
136
217
243
242
250
249
239
167
121
124
125
127
153
243
249
251
248
251
253
254
254
255
230
148
118
115
107
121
166
234
252
249
253
215
127
118
185
174
130
121
124
135
130
128
118
120
120
121
131
132
133
126
128
128
126
124
123
122
123
123
126
124
121
162
241
254
244
245
245
245
245
245
245
245
245
245
245
245
245
245
245
245
245
245
248
241
227
113
115
128
245
245
245
245
245
245
245
245
245
245
248
245
240
242
245
252
252
247
227
132
227
243
216
122
116
187
250
234
139
214
120
115
132
245
249
245
245
245
253
235
149
121
122
122
183
244
190
121
123
127
149
238
253
245
251
253
195
133
121
124
133
134
170
245
255
253
193
134
127
126
131
152
240
248
249
246
245
245
245
245
245
248
241
241
196
126
124
120
140
220
252
250
252
208
126
122
133
133
129
127
128
123
120
121
123
127
128
129
127
126
127
127
124
125
137
135
145
139
153
141
134
123
122
165
243
254
244
245
245
245
245
245
245
245
245
245
245
245
245
245
245
245
245
245
249
245
132
115
113
225
245
245
245
245
245
245
245
245
245
245
246
247
249
249
247
249
241
227
113
116
141
235
148
124
134
192
240
120
124
108
124
113
227
241
248
245
245
245
255
235
151
120
125
136
185
239
131
118
124
119
141
228
254
245
248
247
245
174
128
123
123
117
146
234
253
244
176
121
123
121
136
228
249
250
246
245
245
245
245
245
245
246
249
255
249
190
124
118
137
220
255
251
253
210
131
120
128
127
127
125
121
130
137
146
136
129
126
129
130
129
128
125
131
139
179
219
121
209
234
228
145
119
119
163
242
253
244
245
245
245
245
245
245
245
245
245
245
245
245
245
245
245
245
245
248
241
222
132
227
246
245
245
245
245
245
245
245
245
245
245
245
245
245
245
245
249
245
133
118
121
234
218
133
114
165
226
128
118
129
218
141
227
248
252
246
245
245
245
254
234
148
118
122
151
220
121
115
109
125
118
144
231
254
245
245
248
250
245
162
126
124
124
131
176
255
214
141
124
124
130
151
240
254
246
245
245
245
245
245
245
245
245
245
252
253
196
128
117
128
211
244
253
254
213
134
122
130
128
123
130
134
155
231
242
200
133
128
128
130
128
126
127
156
232
228
118
126
142
255
246
154
117
128
170
248
251
245
245
245
245
245
245
245
245
245
245
245
245
245
245
245
245
245
245
246
252
241
245
241
252
245
245
245
245
245
245
245
245
245
245
245
245
245
245
245
248
241
228
133
226
231
149
131
126
143
136
125
111
228
236
251
242
252
246
245
245
245
246
254
223
150
118
135
172
133
124
120
172
137
118
147
234
255
246
245
246
251
250
243
156
129
124
122
159
231
188
125
123
122
131
219
245
249
245
245
245
245
245
245
245
245
245
245
251
251
193
127
117
134
149
240
254
246
205
128
123
126
130
133
152
222
244
249
255
250
190
124
125
130
126
132
154
246
250
140
118
114
227
251
238
148
114
149
236
250
249
245
245
245
245
245
245
245
245
245
245
245
245
245
245
245
245
245
245
245
246
248
249
248
246
245
245
245
245
245
245
245
245
245
245
245
245
245
245
245
247
254
244
239
157
140
132
124
127
127
125
123
131
149
236
255
250
246
245
245
245
246
250
250
233
141
116
152
232
226
135
232
239
164
117
136
227
247
248
245
245
246
249
250
232
141
119
128
139
143
139
130
122
124
143
234
253
246
245
245
245
245
245
245
245
245
245
245
251
251
193
127
115
128
211
247
254
225
141
126
124
129
135
208
245
247
253
248
252
252
193
125
122
129
123
139
229
252
247
223
132
227
247
255
237
148
113
159
243
254
245
245
245
245
245
245
245
245
245
245
245
245
245
245
245
245
245
245
245
245
245
245
245
245
245
245
245
245
245
245
245
245
245
245
245
245
245
245
245
246
247
253
252
168
127
123
126
128
129
130
130
129
122
126
212
246
250
245
245
245
245
249
246
241
155
128
119
161
250
254
245
252
252
170
119
124
154
242
251
245
245
245
246
253
245
158
129
125
127
124
125
125
128
135
221
246
249
245
245
245
245
245
245
245
245
245
245
245
251
250
193
127
115
138
220
255
254
212
129
117
124
125
199
250
254
249
246
245
249
252
198
133
126
126
122
145
234
255
253
241
245
241
252
254
236
149
112
157
240
254
245
245
245
245
245
245
245
245
245
245
245
245
245
245
245
245
245
245
245
245
245
245
245
245
245
245
245
245
245
245
245
245
245
245
245
245
245
245
245
250
248
247
201
141
124
128
128
126
123
124
125
128
125
126
146
232
251
245
245
245
245
251
247
167
127
120
117
156
239
254
248
255
244
166
120
116
148
233
254
245
245
245
245
248
247
226
136
122
129
131
129
123
127
209
250
253
246
245
245
245
245
245
245
245
245
245
245
245
251
251
194
129
114
135
218
254
254
225
140
125
120
130
204
254
251
245
245
245
246
250
242
177
123
122
129
167
240
252
247
248
249
248
247
254
238
150
114
156
240
254
245
245
245
245
245
245
245
245
245
245
245
245
245
245
245
245
245
245
245
245
245
245
245
245
245
245
245
245
245
245
245
245
245
245
245
245
245
245
247
248
244
184
130
128
125
124
121
131
135
139
134
131
130
118
140
227
254
247
245
245
244
254
242
162
120
121
129
162
246
252
244
254
243
166
120
117
150
235
254
245
245
245
245
246
254
241
156
127
126
130
128
132
133
218
251
254
246
245
245
245
245
245
245
245
245
245
245
245
252
253
196
129
114
137
218
254
252
246
205
127
116
129
202
252
249
245
245
245
245
254
251
185
125
117
136
223
249
249
245
245
245
245
248
249
231
142
115
158
240
254
245
245
245
245
245
245
245
245
245
245
245
245
245
245
245
245
245
245
245
245
245
245
245
245
245
245
245
245
245
245
245
245
245
245
245
245
245
245
249
252
197
128
119
118
127
134
143
163
235
203
182
175
126
118
133
221
247
249
245
245
245
254
246
167
121
118
139
229
248
248
244
253
242
164
120
117
150
235
254
245
245
245
245
245
249
246
224
133
125
128
129
126
176
129
225
243
248
245
245
245
246
248
249
248
246
245
245
245
250
244
187
123
115
136
218
254
251
254
213
134
114
132
205
254
251
245
245
245
244
253
248
184
126
116
142
227
254
247
245
245
245
246
254
249
165
129
119
158
240
254
245
245
245
245
245
245
245
245
245
245
245
245
245
245
245
245
245
245
245
245
245
245
245
245
245
245
245
245
245
245
245
245
245
245
245
245
245
245
250
248
187
116
119
133
147
223
236
247
249
253
252
189
136
121
127
152
241
254
246
245
248
251
239
158
118
127
158
245
253
246
245
251
249
175
131
116
149
235
254
245
245
245
245
245
246
253
242
179
127
126
126
128
112
126
137
247
249
245
245
246
252
241
245
241
252
246
245
250
254
211
136
127
118
136
218
253
250
254
209
132
115
125
195
244
249
245
245
245
244
253
248
183
125
114
140
225
254
246
245
245
245
247
249
233
148
118
120
159
240
254
245
245
245
245
245
245
245
245
245
245
245
245
245
245
245
245
245
245
245
245
245
245
245
245
245
245
245
245
245
245
245
245
245
245
245
245
245
245
249
252
195
127
127
209
248
254
251
252
245
255
254
241
166
119
117
134
225
247
248
245
251
253
181
132
121
138
229
250
250
245
245
249
252
240
153
117
150
238
254
248
249
250
249
247
245
250
253
220
135
124
129
117
107
117
223
246
249
245
246
252
248
227
132
222
241
248
245
250
243
194
123
123
120
138
222
255
251
253
210
133
116
131
145
226
252
245
245
245
244
253
249
185
125
114
140
225
254
246
245
245
245
251
249
174
131
122
108
153
237
254
245
245
245
245
245
245
245
245
245
245
245
245
245
245
245
245
245
245
245
245
245
245
245
245
245
245
245
245
245
245
245
245
245
245
245
245
245
245
247
248
241
177
198
249
255
252
228
132
222
241
254
254
181
131
122
125
151
241
250
247
248
236
162
119
119
138
228
251
251
247
247
252
251
240
153
120
142
234
255
254
242
239
238
247
247
250
248
215
130
125
130
127
113
130
218
250
251
245
248
241
227
113
115
132
245
249
249
254
220
139
126
127
115
119
223
244
252
253
210
133
114
123
194
244
249
245
245
245
244
253
248
185
126
114
141
225
254
246
245
245
244
254
243
163
119
111
108
134
239
254
245
245
245
245
245
245
245
245
245
245
245
245
245
245
245
245
245
245
245
245
245
245
245
245
245
245
245
245
245
245
245
245
245
245
245
245
245
245
245
250
245
244
243
250
245
227
113
115
132
245
252
250
238
159
119
125
154
242
250
248
254
194
138
126
120
140
171
249
251
248
255
251
237
131
141
123
130
155
238
240
191
148
210
250
250
253
236
146
127
126
128
128
124
126
145
237
254
247
249
245
132
115
113
227
241
249
251
248
205
125
122
126
107
118
138
247
253
253
209
132
112
131
204
254
251
245
245
245
245
253
250
185
126
115
140
225
254
246
245
245
245
255
245
167
113
111
107
155
238
254
245
245
245
245
245
245
245
245
245
245
245
245
245
245
245
245
245
245
245
245
245
245
245
245
245
245
245
245
245
245
245
245
245
245
245
245
245
245
245
246
247
248
248
250
245
132
115
113
227
241
248
254
246
167
119
131
226
245
250
247
249
238
164
121
121
132
218
210
169
231
238
234
126
113
113
128
125
131
140
150
133
128
200
252
253
246
219
131
119
131
135
136
132
119
130
215
244
245
249
241
222
132
227
248
253
252
248
223
136
130
124
110
111
120
230
240
251
253
209
132
113
130
201
252
249
245
245
245
245
252
246
181
124
116
139
225
254
246
245
245
246
251
241
161
120
114
120
157
240
254
245
245
245
245
245
245
245
245
245
245
245
245
245
245
245
245
245
245
245
245
245
245
245
245
245
245
245
245
245
245
245
245
245
245
245
245
245
245
245
245
245
245
245
248
241
222
132
227
248
252
246
254
243
167
119
131
188
247
252
245
254
249
176
125
123
137
142
138
137
136
148
125
117
110
126
129
128
125
124
124
117
113
193
245
255
238
150
127
121
130
180
178
127
120
130
146
211
251
249
252
241
245
241
253
252
249
230
137
127
124
130
127
134
239
249
251
250
252
208
129
111
130
201
252
249
245
245
245
248
252
220
155
124
117
140
226
254
246
245
245
248
251
205
146
124
125
119
155
238
254
245
245
245
245
245
245
245
245
245
245
245
245
245
245
245
245
245
245
245
245
245
245
245
245
245
245
245
245
245
245
245
245
245
245
245
245
245
245
245
245
245
245
245
246
252
241
245
241
252
246
244
254
243
165
120
119
150
237
253
244
254
246
173
122
121
125
123
124
123
123
121
121
114
127
130
131
129
129
128
127
110
116
138
247
255
231
144
115
121
150
212
199
137
123
121
131
224
246
251
247
248
250
251
254
249
238
152
127
125
124
122
176
238
246
253
246
248
253
217
138
118
126
201
252
249
245
245
245
249
250
198
132
123
119
141
225
254
246
245
245
250
245
197
137
124
126
129
161
247
252
245
245
245
245
245
245
245
245
245
245
245
245
245
245
245
245
245
245
245
245
245
245
245
245
245
245
245
245
245
245
245
245
245
245
245
245
245
245
245
245
245
245
245
245
246
248
249
248
246
245
244
254
243
166
121
116
148
235
253
244
254
243
167
123
123
129
119
119
120
120
120
120
121
123
127
129
130
127
129
113
105
104
191
245
250
228
137
120
130
178
250
242
165
116
120
129
147
239
246
248
247
254
248
245
231
147
128
125
122
122
132
179
241
253
246
245
245
250
246
197
117
124
202
252
249
245
245
245
251
251
192
126
123
121
140
225
254
246
245
245
252
248
175
125
124
123
142
231
249
247
245
245
245
245
245
245
245
245
245
245
245
245
245
245
245
245
245
245
245
245
245
245
245
245
245
245
245
245
245
245
245
245
245
245
245
245
245
245
245
245
245
245
245
245
245
245
245
245
245
245
245
254
246
168
124
124
157
247
255
254
255
255
189
152
221
169
151
154
155
154
155
154
155
142
134
125
127
128
137
173
135
136
210
255
247
167
128
117
159
241
255
254
188
137
132
122
126
163
250
255
249
244
236
168
134
129
120
121
129
134
187
240
243
246
245
245
245
251
254
205
122
122
203
252
249
245
245
245
251
251
193
128
123
121
140
225
254
246
245
244
254
247
172
123
124
122
152
238
254
246
245
246
249
253
254
254
254
254
254
254
254
254
254
254
254
254
254
254
254
254
254
254
253
249
246
245
245
245
245
245
245
245
245
245
245
245
245
245
245
245
245
245
245
245
245
245
245
245
245
245
248
250
237
157
117
119
158
216
224
218
222
219
209
213
212
215
204
205
205
206
205
205
221
234
166
135
128
124
159
235
244
244
250
255
246
153
120
123
173
254
255
254
254
237
156
124
121
146
237
254
252
190
134
131
124
125
138
144
181
248
255
255
255
255
255
254
254
255
255
209
125
125
209
255
255
254
254
254
255
255
200
131
124
123
144
234
255
255
254
254
255
254
186
129
126
124
155
244
255
254
254
255
244
231
217
218
218
218
218
218
218
218
218
218
218
218
218
218
218
218
218
216
228
236
248
245
245
245
245
245
245
245
245
245
245
245
245
245
245
245
245
245
245
245
245
245
245
245
245
245
252
254
183
125
111
122
135
148
148
146
147
149
151
152
153
154
155
156
156
156
156
155
154
231
216
131
120
124
130
173
237
230
223
228
216
138
116
119
152
221
226
220
230
223
147
119
123
127
135
237
191
126
120
121
124
120
131
209
219
222
227
220
219
218
218
218
218
223
230
189
119
119
189
229
223
218
218
218
223
226
178
122
122
120
130
207
226
220
218
218
225
225
166
124
123
120
139
217
226
218
218
220
222
143
145
147
147
147
147
147
147
147
147
147
147
147
147
147
147
147
147
143
150
240
249
245
245
245
245
245
245
245
245
245
245
245
245
245
245
245
245
245
245
245
245
245
245
245
245
250
252
242
167
117
114
132
213
227
220
218
218
218
218
218
218
218
218
218
218
218
218
220
223
148
147
135
123
111
115
129
142
151
146
152
139
130
112
115
129
141
152
146
149
145
132
117
110
108
118
123
125
118
116
119
117
124
141
154
155
149
147
146
147
147
147
146
147
149
141
129
115
115
128
141
148
147
146
146
150
146
133
119
115
114
127
136
152
147
147
146
150
141
128
112
108
106
123
135
151
147
147
145
143
222
220
218
218
218
218
218
218
218
218
218
218
218
218
218
218
218
218
216
228
236
248
245
245
245
245
245
245
245
245
245
245
245
245
245
245
245
245
245
245
245
245
245
245
245
247
248
245
183
128
123
125
151
246
255
254
254
254
254
254
254
254
254
254
254
254
254
254
255
244
232
226
214
133
115
119
161
223
225
219
225
216
136
116
123
159
224
224
218
219
225
226
144
117
111
112
113
123
125
126
128
124
131
216
227
232
226
223
220
219
218
218
218
221
226
192
121
119
118
121
191
225
221
218
218
224
226
178
121
121
118
126
205
225
220
218
218
222
228
160
127
130
136
149
220
223
218
218
217
231
244
255
254
254
254
254
254
254
254
254
254
254
254
254
254
254
254
254
254
253
249
246
245
245
245
245
245
245
245
245
245
245
245
245
245
245
245
245
245
245
245
245
245
245
245
251
254
199
132
120
126
138
234
246
249
245
245
245
245
245
245
245
245
245
245
245
245
245
246
249
253
255
246
154
126
124
179
254
255
254
255
235
155
120
142
207
255
255
254
254
255
254
227
131
107
121
118
117
129
130
131
129
137
157
243
245
244
254
255
255
255
255
254
255
255
214
132
121
123
135
217
255
255
254
254
255
254
194
121
113
122
145
239
255
255
254
254
255
255
245
170
211
234
243
249
255
254
254
254
253
249
246
245
245
245
245
245
245
245
245
245
245
245
245
245
245
245
245
245
245
245
245
245
245
245
245
245
245
245
245
245
245
245
245
245
245
245
245
245
245
245
245
245
245
247
252
246
186
122
117
129
217
251
252
246
245
245
245
245
245
245
245
245
245
245
245
245
245
245
245
245
249
247
222
129
118
176
249
254
248
247
230
140
115
153
239
252
246
245
245
246
254
239
158
130
125
110
114
118
129
130
128
126
131
138
145
138
184
244
249
250
247
245
248
253
216
137
125
117
131
207
252
248
245
245
249
249
198
139
135
140
219
244
250
245
245
245
245
251
244
246
246
254
252
248
246
245
245
245
245
245
245
245
245
245
245
245
245
245
245
245
245
245
245
245
245
245
245
245
245
245
245
245
245
245
245
245
245
245
245
245
245
245
245
245
245
245
245
245
245
245
245
245
245
249
246
203
130
127
117
134
218
254
248
245
245
245
245
245
245
245
245
245
245
245
245
245
245
245
245
245
247
254
228
139
114
168
241
251
253
246
161
127
119
158
241
254
245
245
245
245
249
241
241
230
128
110
103
117
119
121
123
125
126
123
120
120
127
165
228
249
254
252
249
251
243
191
115
114
135
216
253
248
245
245
247
246
240
233
227
237
243
250
247
245
245
245
245
246
247
248
247
246
245
245
245
245
245
245
245
245
245
245
245
245
245
245
245
245
245
245
245
245
245
245
245
245
245
245
245
245
245
245
245
245
245
245
245
245
245
245
245
245
245
245
245
245
245
245
245
245
245
246
250
255
222
138
123
122
122
138
224
252
246
245
245
245
245
245
245
245
245
245
245
245
245
245
245
245
245
245
246
254
225
138
116
132
190
251
255
238
155
117
117
156
239
254
245
245
245
245
246
249
254
250
236
133
135
146
147
147
136
130
119
120
120
119
121
125
136
210
234
237
240
254
254
210
141
133
205
244
249
245
245
245
245
247
250
253
254
253
249
247
245
245
245
245
245
245
245
245
245
245
245
245
245
245
245
245
245
245
245
245
245
245
245
245
245
245
245
245
245
245
245
245
245
245
245
245
245
245
245
245
245
245
245
245
245
245
245
245
245
245
245
245
245
245
245
246
247
250
253
254
250
243
198
128
120
129
132
213
246
249
245
245
245
245
245
245
245
245
245
245
245
245
245
245
245
245
245
245
246
254
226
141
112
122
180
248
255
239
158
117
128
164
249
253
245
245
245
245
245
245
246
251
246
245
226
232
230
241
231
153
139
143
145
142
131
119
121
133
136
154
235
253
247
239
232
232
243
249
247
245
245
245
245
245
245
245
245
245
245
245
245
245
245
245
245
245
245
245
245
245
245
245
245
245
245
245
245
245
245
245
245
245
245
245
245
245
245
245
245
245
245
245
245
245
245
245
245
245
245
245
245
245
245
245
245
245
245
245
245
245
245
245
245
245
246
249
249
243
235
235
223
147
132
129
115
119
195
247
253
247
245
245
245
245
245
245
245
245
245
245
245
245
245
245
245
245
245
245
246
254
226
141
114
124
183
248
255
240
158
114
113
220
238
250
245
245
245
245
245
245
245
248
254
254
237
142
233
254
250
240
231
232
235
236
193
135
125
115
102
131
224
254
247
250
252
252
250
247
245
245
245
245
245
245
245
245
245
245
245
245
245
245
245
245
245
245
245
245
245
245
245
245
245
245
245
245
245
245
245
245
245
245
245
245
245
245
245
245
245
245
245
245
245
245
245
245
245
245
245
245
245
245
245
245
245
245
245
245
245
245
245
245
245
245
250
248
243
193
147
142
135
126
120
133
135
145
211
253
250
245
245
245
245
245
245
245
245
245
245
245
245
245
245
245
245
245
245
245
246
253
225
143
115
123
183
249
255
235
149
96
119
142
253
253
246
245
245
245
245
245
245
248
241
227
114
118
135
249
254
252
254
254
255
253
246
239
173
139
135
154
235
252
245
245
245
245
245
245
245
245
245
245
245
245
245
245
245
245
245
245
245
245
245
245
245
245
245
245
245
245
245
245
245
245
245
245
245
245
245
245
245
245
245
245
245
245
245
245
245
245
245
245
245
245
245
245
245
245
245
245
245
245
245
245
245
245
245
245
245
245
245
245
247
252
253
248
175
127
122
120
123
123
125
169
234
240
242
248
246
245
245
245
245
245
245
245
245
245
245
245
245
245
245
245
245
245
245
245
246
253
234
150
122
121
185
251
255
239
130
113
124
226
241
244
252
246
245
245
245
245
245
249
245
133
121
108
229
237
254
246
245
245
245
247
253
249
242
233
228
237
240
249
246
248
249
248
246
245
245
245
245
245
245
245
245
245
245
245
245
245
245
245
245
245
245
245
245
245
245
245
245
245
245
245
245
245
245
245
245
245
245
245
245
245
245
245
245
245
245
245
245
245
245
245
245
245
245
245
245
245
245
245
245
245
245
245
245
245
245
245
245
247
246
242
240
178
127
123
124
126
123
117
139
209
252
255
245
254
247
245
245
245
245
245
245
245
245
245
245
245
245
245
245
245
245
245
245
245
245
249
247
215
127
117
178
244
254
245
226
140
232
231
138
223
241
248
245
245
245
245
245
248
242
229
134
210
134
229
242
248
245
245
245
245
246
248
251
254
254
252
249
248
252
241
245
241
252
246
245
245
245
245
245
245
245
245
245
245
245
245
245
245
245
245
245
245
245
245
245
245
245
245
245
245
245
245
245
245
245
245
245
245
245
245
245
245
245
245
245
245
245
245
245
245
245
245
245
245
245
245
245
245
245
245
245
245
245
245
245
245
245
249
252
209
138
128
126
123
121
129
134
141
175
246
231
133
222
241
248
245
245
245
245
245
245
245
245
245
245
245
245
245
245
245
245
245
245
245
245
248
255
221
136
115
136
203
254
254
243
241
225
119
116
132
245
249
245
245
245
245
245
246
254
237
229
108
121
133
245
249
245
245
245
245
245
245
245
245
245
245
246
252
248
227
132
222
241
248
245
245
245
245
245
245
245
245
245
245
245
245
245
245
245
245
245
245
245
245
245
245
245
245
245
245
245
245
245
245
245
245
245
245
245
245
245
245
245
245
245
245
245
245
245
245
245
245
245
245
245
245
245
248
248
246
245
245
245
245
245
245
245
249
249
192
116
107
116
126
129
150
227
237
236
227
116
115
132
245
249
245
245
245
245
245
245
245
245
245
245
245
245
245
245
245
245
245
245
245
245
246
254
218
135
112
124
190
249
252
251
249
134
116
113
227
241
248
245
245
245
245
245
245
251
248
135
118
114
227
241
248
245
245
245
245
245
245
245
245
245
246
251
245
230
114
115
132
245
249
245
245
245
245
245
245
245
245
245
245
245
245
245
245
245
245
245
245
245
245
245
245
245
245
245
245
245
245
245
245
245
245
245
245
245
245
245
245
245
245
245
245
245
245
245
245
245
245
245
245
245
245
245
240
241
252
246
245
245
245
245
245
245
249
251
208
141
138
141
142
213
244
248
255
251
135
116
113
227
241
248
245
245
245
245
245
245
245
245
245
245
245
245
245
245
245
245
245
245
245
245
246
252
214
129
103
118
186
249
250
247
241
222
132
227
248
252
246
245
245
245
245
245
245
248
241
222
132
227
248
252
246
245
245
245
245
245
245
245
245
246
252
245
246
127
121
114
227
241
248
245
245
245
245
245
245
245
245
245
245
245
245
245
245
245
245
245
245
245
245
245
245
245
245
245
245
245
245
245
245
245
245
245
245
245
245
245
245
245
245
245
245
245
245
245
245
245
245
245
245
245
245
245
141
231
246
246
245
245
245
245
245
245
246
246
240
234
229
229
238
245
253
249
249
240
220
128
225
246
252
246
245
245
245
245
245
245
245
245
245
245
245
245
245
245
245
245
245
245
245
245
246
250
220
138
124
131
193
248
249
246
252
241
245
241
252
246
245
245
245
245
245
245
245
246
252
241
245
241
252
246
245
245
245
245
245
245
245
245
245
246
246
234
140
206
128
226
246
252
246
245
245
245
245
245
245
245
245
245
245
245
245
245
245
245
245
245
245
245
245
245
245
245
245
245
245
245
245
245
245
245
245
245
245
245
245
245
245
245
245
245
245
245
245
245
245
245
245
245
245
245
245
116
116
116
245
245
245
245
245
245
245
245
245
245
245
245
245
245
245
245
245
245
245
245
245
245
245
245
245
245
245
245
245
245
245
245
245
245
245
245
245
245
245
245
245
245
245
245
245
245
245
245
245
245
245
245
245
245
245
245
245
245
245
245
245
245
245
245
245
245
245
245
245
245
245
245
245
245
245
245
245
245
245
245
245
245
245
245
245
245
245
116
116
116
245
245
245
245
245
245
245
245
245
245
245
245
245
245
245
245
245
245
245
245
245
245
245
245
245
245
245
245
245
245
245
245
245
245
245
245
245
245
245
245
245
245
245
245
245
245
245
245
245
245
245
245
245
245
245
245
245
