243
243
243
243
243
243
243
243
243
243
243
243
243
243
243
243
243
243
243
243
243
243
243
243
243
243
243
243
243
243
243
243
243
243
243
243
243
243
243
243
243
243
243
243
243
243
243
243
243
243
243
243
243
243
243
243
243
243
243
243
243
243
243
243
243
243
243
243
243
243
243
243
243
243
243
243
243
243
243
243
243
243
243
243
243
243
243
243
243
243
243
243
243
243
243
243
243
243
243
243
243
243
243
243
243
243
243
243
243
243
243
243
243
243
243
243
243
243
243
243
243
243
243
243
243
243
243
243
243
243
243
243
95
95
95
243
243
243
243
243
243
243
243
243
243
243
95
95
95
243
243
243
243
243
247
236
160
134
137
138
138
138
135
145
219
232
239
246
249
245
243
243
243
243
243
243
243
243
243
243
243
243
243
246
241
223
139
163
240
248
249
245
243
243
243
243
243
243
243
243
243
243
243
243
243
243
243
243
243
247
245
237
235
238
252
244
220
110
214
237
246
243
243
243
243
243
243
243
243
243
243
243
243
243
243
243
243
243
243
243
243
243
243
243
243
243
243
243
243
243
243
243
243
243
243
243
243
243
243
243
243
243
243
243
243
243
243
243
243
243
243
243
243
243
243
243
243
243
243
243
244
244
227
130
227
244
244
243
243
243
243
243
243
246
237
113
98
107
232
243
243
243
243
243
251
233
152
119
124
126
125
125
123
132
138
144
174
236
242
245
245
243
243
243
243
243
243
243
243
243
243
243
243
247
238
151
123
127
174
239
242
246
245
243
243
243
243
243
243
243
243
243
243
243
243
243
243
243
244
245
240
176
148
230
249
226
92
94
114
243
247
243
243
243
243
243
243
243
243
244
246
247
246
244
243
243
243
243
243
243
243
243
244
246
247
246
244
243
243
243
243
243
243
243
243
243
243
243
243
244
246
247
246
244
243
243
243
243
243
243
243
243
243
243
243
243
243
243
243
243
244
249
238
243
238
249
244
243
243
243
243
243
243
246
238
217
114
223
244
243
243
243
243
243
251
233
153
121
128
129
128
130
132
130
126
126
134
141
203
244
248
245
243
243
243
243
243
243
243
243
243
243
243
248
240
160
130
128
135
139
206
242
246
243
243
243
243
243
243
243
243
243
243
243
243
243
244
246
252
253
199
128
128
207
237
109
96
91
223
238
246
243
243
243
243
243
243
243
244
249
238
243
238
249
244
243
243
243
243
243
243
244
249
238
243
238
249
244
243
243
243
243
243
243
243
243
243
243
244
249
238
243
238
249
244
243
243
243
243
243
243
243
243
243
243
243
243
243
243
243
243
244
246
247
246
244
243
243
243
243
243
243
243
244
249
238
243
238
249
243
243
243
243
243
248
239
167
142
138
141
136
144
131
131
131
131
129
129
134
208
243
246
243
243
243
243
243
243
243
243
243
243
243
247
238
216
131
126
127
125
141
221
250
245
243
243
243
243
243
243
243
243
243
243
243
244
247
241
238
231
183
125
128
144
163
218
118
223
246
249
244
243
243
243
243
243
243
244
249
246
223
114
217
238
246
243
243
243
243
243
244
249
246
223
114
217
238
246
243
243
243
243
243
243
243
243
243
244
249
246
223
114
217
238
246
243
243
243
243
243
243
243
243
243
243
243
243
243
243
243
243
243
243
243
243
243
243
243
243
243
243
243
243
243
244
246
247
246
244
243
243
243
243
243
246
240
236
231
206
175
231
190
182
148
133
124
128
128
129
147
227
251
245
243
243
243
243
243
243
243
243
243
243
246
245
178
143
133
129
126
132
210
246
249
244
243
243
243
243
243
243
243
243
244
245
250
247
226
149
144
140
129
126
139
231
235
244
238
249
244
243
243
243
243
243
243
243
246
238
223
91
94
114
243
247
243
243
243
243
243
246
238
223
91
94
114
243
247
243
243
243
243
243
243
243
243
243
246
238
223
91
94
114
243
247
243
243
243
243
243
243
243
243
243
243
243
243
243
243
243
243
243
243
243
243
243
243
243
243
243
243
243
243
243
243
243
243
243
243
243
243
243
243
243
244
246
249
249
244
247
243
247
239
229
154
144
139
133
124
133
211
243
247
243
243
243
243
243
243
243
243
243
243
245
238
237
213
137
132
128
133
142
228
246
248
244
243
243
243
243
243
243
243
246
244
241
226
143
129
124
127
131
137
222
246
250
248
246
244
243
243
243
243
243
243
243
243
247
243
114
94
91
223
238
246
243
243
243
243
243
247
243
114
94
91
223
238
246
243
243
243
243
243
243
243
243
243
247
243
114
94
91
223
238
246
243
243
243
243
243
243
243
243
243
243
243
243
243
243
243
243
243
243
243
243
243
243
243
243
243
243
243
243
243
243
243
243
243
243
243
243
243
243
243
243
243
243
244
245
246
246
247
250
244
238
235
203
138
129
131
151
235
251
244
243
243
243
243
243
243
243
243
243
244
246
249
247
214
137
132
127
131
146
231
243
245
243
243
243
243
243
243
245
243
238
170
135
134
126
124
127
148
219
245
247
244
243
243
243
243
243
243
243
243
243
243
243
246
238
217
114
224
248
253
249
246
244
243
243
243
246
238
217
114
223
246
249
244
244
246
247
246
244
243
243
243
243
246
238
217
114
223
246
249
244
243
243
243
243
243
243
243
243
243
243
243
243
243
243
243
243
243
243
243
243
243
243
243
243
243
243
243
243
243
243
243
243
243
243
243
243
243
243
243
243
243
243
243
243
243
243
243
244
246
249
254
247
191
129
122
139
221
245
246
243
243
243
243
243
243
243
243
243
243
243
244
249
244
196
130
128
128
131
159
243
249
244
243
243
243
243
244
250
251
182
130
123
125
134
139
144
203
247
249
244
243
243
243
243
243
243
243
243
243
243
243
243
244
249
238
242
241
249
236
235
240
247
244
243
243
244
249
238
243
238
249
244
244
249
238
243
238
249
244
243
243
243
244
249
238
243
238
249
244
243
243
243
243
243
243
243
243
243
243
243
243
243
243
243
243
243
243
243
243
243
243
243
243
243
243
243
243
243
243
243
243
243
243
243
243
243
243
243
243
243
243
243
243
243
243
243
243
243
243
243
249
249
195
134
125
133
166
240
248
243
243
243
243
243
243
243
243
243
243
243
243
247
251
210
144
127
130
125
148
229
245
245
243
243
243
245
246
244
233
167
124
133
139
170
229
234
238
245
244
243
243
243
243
243
243
243
243
243
243
243
243
243
243
244
246
247
252
249
178
144
225
249
251
246
245
243
244
246
247
246
244
244
249
246
223
114
217
238
246
243
243
243
243
244
246
247
246
244
243
243
243
243
243
243
243
243
243
243
243
243
243
243
243
243
243
243
243
243
243
243
243
243
243
243
243
243
243
243
243
243
243
243
243
243
243
243
243
243
243
243
243
243
243
243
243
243
243
243
243
243
247
248
196
134
127
126
151
232
250
243
243
243
243
243
243
243
243
243
243
243
243
243
245
244
187
132
128
126
133
172
248
249
243
243
243
246
243
205
140
137
127
139
218
244
247
251
247
245
243
243
243
243
243
243
243
243
243
243
243
243
243
243
243
243
243
246
250
238
157
93
136
226
240
242
247
245
243
243
243
243
243
248
243
232
97
101
123
252
254
249
246
245
243
243
243
243
243
243
243
243
243
243
243
243
243
243
243
243
243
243
243
243
243
243
243
243
243
243
243
243
243
243
243
243
243
243
243
243
243
243
243
243
243
243
243
243
243
243
243
243
243
243
243
243
243
243
243
243
243
243
247
248
201
140
128
126
153
233
251
243
243
243
243
243
243
243
243
243
243
243
243
243
246
247
241
188
142
136
123
157
234
247
245
243
245
251
218
138
124
121
125
150
238
253
246
244
243
243
243
243
243
243
243
243
243
243
243
243
243
243
243
243
243
243
243
248
243
186
95
85
95
134
157
208
240
244
244
243
243
243
247
249
240
112
87
89
211
227
231
232
237
244
243
243
243
243
243
243
243
243
243
243
243
243
243
243
243
243
243
243
243
243
243
243
243
243
243
243
243
243
243
243
243
243
243
243
243
243
243
243
243
243
243
243
243
243
243
243
243
243
243
243
243
243
243
243
243
243
243
243
247
247
198
136
128
126
152
232
251
243
243
243
243
243
243
243
243
243
243
243
243
243
243
246
245
244
224
147
122
133
181
247
247
243
247
242
205
125
127
137
143
221
242
246
243
243
243
243
243
243
243
243
243
243
243
243
243
243
243
243
243
243
243
243
242
251
241
117
87
93
134
135
127
129
195
247
246
243
243
244
245
243
170
124
92
136
147
154
144
151
221
254
250
246
244
243
243
243
243
243
243
243
243
243
243
243
243
243
243
243
243
243
243
243
243
243
243
243
243
243
243
243
243
243
243
243
243
243
243
243
243
243
243
243
243
243
243
243
243
243
243
243
243
243
243
243
243
243
243
242
248
248
193
131
128
128
151
232
251
243
243
243
243
243
243
243
243
243
243
243
243
243
243
244
245
251
245
161
129
123
176
242
250
243
249
228
147
129
139
199
243
241
246
244
243
243
243
243
243
243
243
243
243
243
243
243
243
243
243
243
243
243
243
243
242
251
239
175
90
134
220
225
139
127
185
241
247
242
243
248
249
191
136
128
132
130
130
126
121
128
200
233
236
240
246
243
243
243
243
243
243
243
243
243
243
243
243
243
243
243
243
243
244
246
247
246
244
243
243
243
243
243
243
243
243
243
243
243
243
243
243
243
243
243
243
243
243
243
243
243
243
243
243
243
244
245
245
245
244
244
251
251
198
136
128
127
153
233
251
243
243
243
243
243
243
243
243
243
243
243
243
243
243
243
243
246
245
226
136
123
178
244
250
243
249
219
138
116
181
241
252
249
244
243
243
243
243
243
243
243
243
243
243
243
243
243
243
243
243
243
243
243
243
243
242
250
249
185
122
142
233
253
237
189
191
245
246
242
243
247
240
178
123
128
130
128
126
128
128
135
141
145
167
242
253
250
250
249
246
244
243
243
243
243
243
243
243
243
243
243
243
244
249
238
243
238
249
244
243
243
243
243
243
243
243
243
243
243
243
243
243
243
243
243
243
243
243
243
243
243
243
243
244
246
252
247
245
244
251
252
247
241
186
133
129
126
152
233
251
243
243
243
243
243
243
243
243
243
243
243
243
243
243
243
243
245
253
235
149
122
178
244
250
243
251
221
142
125
141
207
249
247
243
243
243
243
243
243
243
243
245
246
249
250
249
248
246
244
243
243
243
243
243
243
242
249
246
186
123
140
226
254
248
241
239
241
244
243
247
251
206
139
127
136
143
149
153
146
138
129
124
122
145
231
243
235
226
234
240
247
245
244
243
243
243
243
243
243
243
243
244
249
246
223
114
217
238
246
243
243
243
243
243
243
243
243
243
243
243
243
243
243
243
243
243
243
243
243
244
246
247
246
247
238
236
228
177
202
233
235
217
155
140
135
131
124
150
231
250
243
243
243
243
243
243
243
243
243
243
243
243
243
243
243
243
246
245
226
137
123
178
244
250
243
251
221
142
122
130
169
229
249
243
243
243
243
243
244
246
249
251
242
238
232
234
237
241
247
244
243
243
243
243
244
246
253
250
187
122
139
224
251
245
245
246
244
243
243
247
241
193
128
122
139
213
235
234
235
192
147
142
129
136
167
207
148
139
156
221
250
244
249
245
244
243
243
243
243
243
243
246
238
223
91
94
114
243
247
243
243
243
243
243
243
243
243
243
243
243
243
243
243
243
243
243
243
243
244
249
238
242
240
253
221
154
137
141
140
146
150
143
134
128
133
129
132
161
239
248
243
243
243
243
243
243
243
243
243
243
243
243
243
243
244
245
252
245
163
131
126
179
244
250
243
251
221
142
125
128
136
211
249
245
243
243
244
246
249
244
238
233
202
146
175
162
159
230
245
247
244
243
243
243
245
236
239
239
186
125
140
227
253
245
244
243
243
243
244
248
218
144
131
128
146
230
255
253
249
247
232
161
126
130
138
134
132
119
135
200
169
226
241
245
249
244
243
243
243
243
243
247
243
114
94
91
223
238
246
243
243
243
243
243
243
243
243
243
243
243
243
243
243
243
243
243
243
244
249
246
223
114
220
245
213
134
120
129
127
126
127
130
131
132
133
124
137
220
244
246
243
243
243
243
243
243
243
243
243
243
243
243
243
243
247
244
243
223
147
121
123
175
242
250
243
250
219
138
124
127
134
210
251
246
243
245
249
246
242
226
155
146
138
133
127
129
133
161
238
246
246
244
243
244
248
221
149
180
185
126
145
222
253
245
251
247
245
243
247
251
214
141
121
131
179
236
248
244
245
254
247
171
130
131
131
127
126
123
134
131
140
134
177
240
246
247
244
243
243
243
243
246
238
217
114
223
246
249
244
243
243
243
243
243
243
243
243
243
243
243
243
243
243
243
243
243
243
246
238
223
91
94
116
248
220
138
122
129
132
135
135
135
135
132
137
137
163
236
251
244
243
243
243
243
243
243
243
243
243
243
243
243
243
245
245
240
180
138
138
136
141
189
246
247
243
249
227
144
129
125
131
206
243
247
246
243
241
233
171
137
133
125
130
132
132
131
130
134
167
239
243
246
243
244
249
212
137
127
139
131
142
206
173
225
233
237
243
245
246
242
206
130
128
142
218
247
246
243
244
247
236
162
126
129
129
136
142
151
141
132
121
124
132
158
225
245
251
244
243
243
243
244
249
238
243
238
249
244
243
243
243
243
243
243
243
243
243
243
243
243
243
243
243
243
243
243
243
247
243
114
94
91
224
242
234
181
138
135
128
126
131
134
135
130
136
201
245
244
247
243
243
243
243
243
243
243
243
243
243
243
243
243
244
250
253
194
132
124
124
139
217
235
244
246
243
246
243
214
137
131
129
148
229
252
252
250
201
138
133
129
131
134
135
135
135
134
132
130
135
174
244
248
242
244
249
216
138
122
133
130
137
132
143
134
145
198
246
248
251
229
146
126
125
195
242
248
245
246
252
253
188
138
129
137
140
177
234
235
230
166
137
137
129
120
106
225
239
246
243
243
243
243
244
246
247
246
244
243
243
243
243
243
243
243
243
243
243
243
243
243
243
243
243
243
243
243
243
246
238
217
114
223
246
251
243
239
234
181
147
139
134
128
132
129
137
201
244
243
247
243
243
243
243
243
243
243
243
243
243
243
244
246
249
245
237
175
126
132
131
144
173
253
246
243
243
244
249
246
198
129
121
144
226
250
242
214
160
126
128
132
131
129
127
128
130
134
134
130
124
168
240
250
242
244
249
217
136
121
129
129
140
133
131
112
118
181
242
251
244
217
141
123
140
210
253
252
252
241
245
231
178
128
125
150
226
246
248
254
247
245
215
137
122
84
95
118
244
247
243
243
243
243
243
243
243
243
243
243
243
243
243
243
243
243
243
243
243
243
243
243
243
243
243
243
243
243
243
244
249
238
243
238
249
245
245
250
248
241
235
226
156
138
135
126
137
139
156
234
251
244
243
243
243
243
243
243
243
243
243
244
248
243
241
208
145
138
128
137
186
163
229
242
244
243
243
243
247
250
202
134
120
139
213
223
148
139
138
132
131
128
135
141
152
147
141
134
134
132
129
175
244
252
243
244
247
232
177
147
145
135
135
204
149
144
142
197
247
254
238
160
128
125
184
246
243
248
236
230
122
173
138
131
126
158
239
253
245
244
246
254
228
143
89
90
100
226
240
245
243
243
243
243
243
243
243
243
243
243
243
243
243
243
243
243
243
243
243
243
243
243
243
243
243
243
243
243
243
243
244
246
249
249
249
247
247
247
248
249
252
245
243
212
140
131
129
124
135
219
243
246
243
243
243
243
243
243
243
244
245
248
244
230
149
138
130
121
126
147
224
247
242
247
244
243
243
243
246
249
204
137
124
146
150
147
132
125
126
124
132
140
160
228
237
232
174
127
130
133
128
167
237
247
245
243
247
248
233
236
206
160
133
147
230
232
230
236
246
245
223
137
122
139
204
253
228
123
207
105
92
92
130
130
125
154
232
249
243
243
244
253
227
142
118
109
210
250
251
244
243
243
243
243
243
243
243
243
243
243
243
243
243
243
243
243
243
243
243
243
243
243
243
243
243
243
243
243
243
243
243
244
249
238
244
246
246
244
238
249
245
246
250
248
211
141
130
129
133
157
241
250
244
243
243
243
243
243
243
247
241
249
236
157
130
124
131
136
143
218
244
250
245
244
243
243
244
246
249
251
228
164
126
133
196
141
127
135
142
144
151
215
243
246
255
253
194
141
134
133
128
133
187
247
246
244
250
249
228
126
219
168
122
145
236
255
249
248
251
243
160
130
124
175
234
228
92
104
88
108
85
126
129
132
135
158
240
248
243
243
246
246
222
140
119
176
237
249
246
243
243
243
243
243
243
243
243
243
243
243
243
243
243
243
243
243
243
243
243
243
243
243
243
243
243
243
243
243
243
243
244
249
246
224
121
221
219
117
217
238
246
243
245
249
246
194
134
129
124
144
227
246
245
243
243
243
243
243
247
247
237
180
198
148
124
127
133
185
241
242
247
244
243
243
243
244
249
238
244
244
250
188
126
137
141
143
130
128
178
230
239
242
249
246
246
243
242
201
146
128
129
134
185
246
246
245
238
223
91
102
110
173
125
154
232
251
244
246
247
231
146
120
129
187
246
121
94
100
211
128
184
140
130
129
141
223
245
246
243
243
249
238
162
132
127
139
203
250
245
243
243
243
243
243
243
243
243
243
243
243
243
243
243
243
243
243
243
243
243
243
243
243
243
243
243
243
243
243
243
243
246
238
223
95
90
94
91
98
114
243
247
243
243
245
247
245
179
133
128
133
169
245
250
243
243
243
244
246
249
245
180
137
133
138
132
135
183
245
250
247
244
243
243
243
244
249
246
223
114
221
246
199
137
128
130
129
125
135
195
254
252
246
244
243
243
245
252
239
158
126
127
167
237
247
245
247
243
114
94
98
222
168
124
149
233
251
246
244
240
161
132
124
140
199
243
221
114
228
241
247
192
137
126
132
158
237
251
244
243
244
252
233
151
124
127
138
200
249
245
243
243
243
243
243
243
243
243
243
243
243
243
243
243
243
243
243
243
243
243
243
243
243
244
246
247
246
244
243
243
243
247
243
114
98
91
94
90
95
223
238
246
243
243
243
247
249
238
165
124
125
154
232
246
245
244
246
250
248
245
196
136
128
127
124
138
195
243
246
247
243
243
243
243
243
246
238
223
91
94
115
248
242
173
128
129
139
138
179
239
246
245
243
243
243
243
243
252
238
162
124
128
174
244
252
243
246
238
217
114
232
245
180
122
146
231
251
247
246
178
132
124
133
168
244
251
240
242
242
255
229
154
129
132
141
224
244
246
243
244
248
249
230
146
123
126
177
240
247
243
243
243
243
243
243
243
243
243
243
243
243
243
243
243
243
243
243
243
243
243
243
243
244
249
238
243
238
249
243
243
243
246
238
217
117
219
221
121
224
246
249
244
243
243
243
243
251
244
171
128
126
135
178
246
248
245
240
238
226
181
137
132
127
136
136
167
240
249
246
243
243
243
243
243
243
247
243
114
94
91
223
246
248
176
121
118
143
222
244
244
247
243
243
243
243
243
243
251
237
160
122
127
171
242
251
242
244
249
238
242
246
249
173
119
147
232
251
250
242
172
124
122
149
232
248
248
246
247
249
248
210
134
122
133
208
246
249
244
244
249
243
240
153
138
129
139
194
252
249
243
243
243
243
243
243
243
243
243
243
243
243
243
243
243
243
243
243
243
243
243
243
244
249
246
223
114
217
238
243
243
243
244
249
238
244
246
246
244
238
249
244
243
243
243
243
243
247
246
183
136
125
126
173
243
252
253
243
172
148
138
131
129
133
144
220
240
241
246
243
243
243
243
243
243
243
246
238
217
114
223
245
253
246
185
142
140
166
242
252
245
244
243
243
243
243
243
243
251
237
160
123
124
168
241
250
242
243
244
246
246
253
244
172
119
147
232
251
250
242
171
121
126
161
243
250
244
243
244
250
238
181
132
121
137
210
250
246
244
249
246
231
111
134
128
123
158
230
242
246
243
243
243
243
243
243
243
243
243
243
243
243
243
243
243
243
243
243
243
243
243
243
246
238
223
91
94
114
243
243
243
243
243
244
246
247
247
247
247
246
244
243
243
243
243
243
243
244
248
235
156
125
128
175
242
245
235
221
144
124
129
130
124
128
209
247
251
246
244
243
243
243
243
243
243
243
244
249
238
243
238
249
247
241
236
229
226
235
239
246
243
243
243
243
243
243
243
243
253
239
166
124
133
177
247
247
243
243
243
243
242
250
243
173
119
147
232
251
247
247
177
132
140
231
243
246
243
243
246
244
221
138
128
128
145
217
249
245
246
238
224
99
93
95
131
137
149
202
252
245
243
243
243
243
243
243
243
243
243
243
243
243
243
243
243
243
243
243
243
243
243
243
247
243
114
94
91
223
238
243
243
243
243
243
243
243
243
243
243
243
243
243
243
243
243
243
243
243
251
237
159
123
126
181
249
205
150
141
139
128
132
138
141
154
223
250
245
243
243
243
243
243
243
243
243
243
243
246
249
251
249
246
244
245
248
250
250
249
246
244
243
243
243
243
243
243
243
244
245
231
152
120
155
234
246
246
243
243
243
243
242
250
243
173
120
146
231
251
246
245
234
165
219
244
248
244
243
244
250
239
163
133
124
128
194
242
247
243
246
244
118
96
84
126
128
136
190
234
244
244
243
243
243
243
243
243
243
243
243
243
243
243
243
243
243
243
243
243
243
243
243
243
246
238
217
114
223
246
249
243
243
243
243
243
243
243
243
243
243
243
243
243
243
243
243
243
243
243
249
243
164
132
126
169
231
177
124
128
131
131
136
180
234
235
238
246
243
243
243
243
243
243
243
243
243
243
244
249
238
243
238
249
244
243
243
243
243
243
243
243
243
243
243
243
243
243
243
245
252
182
141
124
162
241
252
243
243
243
243
243
242
251
243
174
119
146
231
251
243
246
241
243
240
246
244
243
243
246
243
224
138
124
125
136
204
250
247
243
245
242
224
106
121
133
129
137
181
251
249
243
243
243
243
243
243
243
243
243
243
243
243
243
243
243
243
243
243
243
243
243
243
243
244
249
238
243
238
249
244
243
243
243
243
243
243
243
243
243
243
243
243
243
243
243
243
243
243
243
245
246
228
145
126
141
142
142
134
131
128
122
162
238
251
251
246
244
243
243
243
243
243
243
243
243
243
244
249
246
223
114
217
238
246
243
243
243
243
243
243
243
243
243
243
243
243
243
243
247
240
226
144
118
158
236
250
243
243
243
243
243
242
251
242
173
120
148
234
253
244
244
245
246
245
244
243
243
243
247
237
152
133
126
128
157
223
248
245
243
244
255
245
183
126
130
132
154
238
244
245
243
243
243
243
243
243
243
243
243
243
243
243
243
243
243
243
243
243
243
243
243
243
243
243
244
246
247
246
244
243
243
243
243
243
243
243
243
243
243
243
243
243
243
243
243
243
243
243
243
245
253
238
157
119
115
130
132
128
136
140
147
181
245
249
243
243
243
243
243
243
243
243
243
243
243
243
246
238
223
91
94
114
243
247
243
243
243
243
243
243
243
243
243
243
243
243
243
243
249
249
179
134
130
166
244
249
243
243
243
243
243
242
251
243
174
122
142
229
247
245
243
243
243
243
243
243
243
243
247
235
158
156
204
144
190
245
246
243
243
243
249
241
177
127
134
155
240
247
246
244
243
243
243
243
243
243
243
243
243
243
243
243
243
243
243
243
243
243
243
243
243
243
243
243
243
243
243
243
243
243
243
243
243
243
243
243
243
243
243
243
243
243
243
243
243
243
243
243
243
245
246
229
144
118
114
133
137
139
153
229
238
237
241
245
243
243
243
243
243
243
243
243
243
243
243
243
247
243
114
94
91
223
238
246
243
243
243
243
243
243
243
243
243
243
243
243
243
245
247
235
161
120
141
229
244
245
243
243
243
243
243
242
251
242
178
126
131
172
243
249
243
243
243
243
243
243
243
243
246
240
236
237
234
239
235
244
245
243
243
245
247
196
133
117
125
216
239
249
244
243
243
243
243
243
243
243
243
243
243
243
243
243
243
244
247
251
253
254
253
251
247
244
243
243
243
243
243
243
243
243
243
243
243
243
243
243
243
243
243
243
243
243
243
243
243
243
243
243
243
251
245
166
129
102
99
108
120
117
176
230
251
255
255
254
254
254
254
254
254
254
254
254
254
254
254
254
255
250
226
119
224
246
249
244
243
243
243
243
243
243
243
243
243
243
243
243
243
248
250
190
133
132
171
243
250
244
243
243
243
243
243
242
251
242
175
125
121
157
234
249
243
243
243
243
243
243
243
243
244
246
247
249
249
249
247
245
243
243
243
246
245
199
146
140
153
176
255
255
254
254
254
254
254
254
254
254
254
254
254
254
254
254
254
254
241
227
212
213
210
222
233
246
243
243
243
243
243
243
243
243
243
243
243
243
243
243
243
243
243
243
243
243
243
243
243
243
243
243
246
249
233
154
123
98
95
105
112
123
123
127
219
215
213
213
213
213
215
216
217
216
215
213
213
213
213
213
215
219
223
241
253
255
254
254
254
254
254
254
254
254
254
254
254
254
254
254
254
255
247
180
123
144
233
255
255
254
254
254
254
254
254
253
255
253
181
131
136
172
253
255
254
254
254
254
254
254
254
254
254
254
254
254
254
254
254
254
254
254
254
254
254
250
243
242
229
223
213
219
215
213
213
213
213
213
213
213
213
213
213
213
213
213
213
215
217
125
128
129
125
135
237
247
243
243
243
243
243
243
243
243
243
243
243
243
243
243
243
244
246
248
248
247
245
243
243
243
244
248
248
245
172
136
131
128
115
156
226
225
218
219
125
128
129
129
129
131
137
126
130
126
137
131
129
129
129
129
129
129
128
221
217
215
213
213
213
213
213
213
213
213
213
213
213
213
213
213
217
223
181
127
117
129
204
221
214
213
213
213
213
213
213
213
218
214
150
109
120
201
213
215
213
213
213
213
213
213
213
213
213
213
213
213
213
213
213
213
213
213
213
213
215
219
224
235
225
117
113
122
132
129
129
129
129
129
129
129
129
129
129
129
129
129
129
128
125
217
215
213
210
222
233
246
243
243
243
243
243
243
243
243
243
243
243
243
243
243
244
246
243
235
232
241
249
249
247
246
247
243
241
179
134
131
136
130
130
186
252
255
255
244
231
215
215
213
215
220
216
193
84
187
209
216
213
213
213
213
213
215
217
125
128
129
129
129
129
129
129
129
129
129
129
129
129
129
129
132
134
126
110
96
98
114
127
133
129
129
129
129
129
129
129
129
132
128
122
114
121
128
134
130
129
129
129
129
129
129
129
129
129
129
129
129
129
129
129
129
129
129
129
129
129
132
121
115
89
89
94
210
217
213
213
213
213
213
213
213
213
213
213
213
213
213
213
212
227
241
254
254
253
251
247
244
243
243
243
243
243
243
243
243
243
243
243
243
243
243
246
242
226
151
143
191
241
236
246
247
248
209
147
142
132
131
134
129
131
184
248
248
250
243
251
250
255
254
255
251
235
104
107
127
254
255
254
254
254
254
254
254
241
227
212
213
213
213
213
213
213
213
213
213
213
213
213
213
213
216
212
178
115
121
132
205
221
215
213
213
213
213
213
213
213
213
214
216
218
220
219
216
214
213
213
213
213
213
213
213
213
213
213
213
213
213
213
213
213
213
213
213
213
213
213
217
210
95
86
98
231
250
255
254
254
254
254
254
254
254
254
254
254
254
254
254
254
253
251
247
244
243
243
243
243
243
243
243
243
243
243
243
243
243
243
243
243
243
243
243
249
236
151
125
128
137
148
204
172
226
214
139
130
130
134
134
131
130
165
240
246
252
245
223
114
217
238
246
247
243
114
94
91
223
238
246
243
243
243
243
243
244
247
251
253
254
254
254
254
254
254
254
254
254
254
254
254
254
254
255
235
152
130
131
207
250
255
254
254
254
254
254
254
254
254
254
254
254
254
254
254
254
254
254
254
255
255
255
255
255
254
254
255
255
255
254
254
254
254
254
254
254
254
254
254
255
250
226
118
224
246
249
244
243
243
243
243
243
243
243
243
243
243
243
243
243
243
243
243
243
243
243
243
243
243
243
243
243
243
243
243
243
243
243
243
243
243
243
243
243
250
228
146
123
132
130
134
130
140
140
142
135
130
133
134
130
134
159
241
246
249
239
223
91
94
114
243
247
246
238
217
114
223
246
249
244
243
243
243
243
243
243
243
243
243
243
243
243
243
243
243
243
243
243
243
243
243
245
249
246
210
130
125
145
219
253
246
243
243
243
243
243
243
243
243
243
243
243
243
243
243
243
243
244
249
238
247
230
247
238
251
251
238
243
238
249
244
243
243
243
243
243
243
243
243
244
249
238
243
238
249
244
243
243
243
243
243
243
243
243
243
243
243
243
243
243
243
243
243
243
243
243
243
243
243
243
243
243
243
243
243
243
243
243
243
243
243
243
243
243
250
227
143
119
128
130
133
132
130
129
130
130
131
129
132
125
147
227
247
247
248
243
114
94
91
223
238
246
244
249
238
243
238
249
244
243
243
243
243
243
243
243
243
243
243
243
243
243
243
244
246
247
246
244
243
243
245
245
244
225
144
136
125
194
239
253
245
243
243
243
243
243
243
244
246
247
246
244
243
243
243
243
244
249
246
224
125
204
121
219
246
248
223
114
217
238
246
243
243
243
243
243
243
243
243
243
244
246
247
246
244
243
243
243
243
243
243
243
243
243
243
243
243
243
243
243
243
243
243
243
243
243
243
243
243
243
243
243
243
243
243
243
243
243
243
243
243
243
243
243
249
234
158
143
145
136
128
126
130
130
128
131
132
136
141
176
171
238
250
244
246
238
217
114
223
246
249
244
243
244
246
247
246
244
243
243
243
243
243
243
243
243
243
243
243
243
243
243
244
249
238
243
238
249
244
244
248
243
206
146
134
129
144
110
224
241
246
243
243
243
243
243
244
249
238
243
238
249
244
243
243
243
246
238
223
96
94
77
101
117
238
227
91
94
114
243
247
243
243
243
243
243
243
243
243
243
243
243
243
243
243
243
243
243
243
243
243
243
243
243
243
243
243
243
243
243
243
243
243
243
243
243
243
243
243
243
243
243
243
243
243
243
243
243
243
243
243
243
243
243
246
239
235
230
233
191
145
137
141
130
140
138
189
182
207
233
241
238
246
243
244
249
238
243
238
249
244
243
243
243
243
243
243
243
243
243
243
243
243
243
243
243
243
243
243
243
243
244
249
246
223
114
217
238
246
246
248
236
151
130
127
125
84
96
118
244
247
243
243
243
243
244
249
246
223
114
217
238
246
243
243
243
247
243
114
101
77
94
96
227
238
117
94
91
223
238
246
243
243
243
243
243
243
243
243
243
243
243
243
243
243
243
243
243
243
243
243
243
243
243
243
243
243
243
243
243
243
243
243
243
243
243
243
243
243
243
243
243
243
243
243
243
243
243
243
243
243
243
243
243
244
246
249
251
251
241
235
225
169
206
170
232
238
242
244
247
248
245
244
243
243
244
246
247
246
244
243
243
243
243
243
243
243
243
243
243
243
243
243
243
243
243
243
243
243
243
243
246
238
223
91
94
114
242
248
245
241
165
129
126
152
100
96
96
224
238
246
243
243
243
243
246
238
223
91
94
114
243
247
243
243
243
246
238
217
121
204
125
224
248
246
219
114
223
246
249
244
243
243
243
243
243
243
243
243
243
243
243
243
243
243
243
243
243
244
246
247
246
244
243
243
243
243
243
243
243
243
243
243
243
243
243
243
243
243
243
243
243
243
243
243
243
243
243
243
243
243
243
243
243
243
243
243
243
245
247
251
244
246
235
247
243
250
247
246
244
243
243
243
243
243
243
243
243
243
243
243
243
243
243
243
243
243
243
243
243
243
243
243
243
243
243
243
243
243
243
243
247
243
114
94
91
223
238
249
246
190
135
122
134
163
221
121
224
246
249
244
243
243
243
243
247
243
114
94
91
223
238
246
243
243
243
244
249
238
247
230
247
238
251
251
238
243
238
249
244
243
243
243
243
243
243
243
243
243
243
243
243
243
243
243
243
243
244
249
238
243
238
249
244
243
243
243
243
243
243
243
243
243
243
243
243
243
243
243
243
243
243
243
243
243
243
243
243
243
243
243
243
243
243
243
243
243
243
243
243
244
245
246
246
246
245
244
243
243
243
243
243
243
243
243
243
243
243
243
243
243
243
243
243
243
243
243
243
243
243
243
243
243
243
243
243
243
243
243
243
243
246
237
214
110
220
244
249
247
243
179
130
129
150
239
238
246
238
249
244
243
243
243
243
243
246
237
214
110
220
244
249
244
243
243
243
243
244
246
248
248
248
246
244
244
246
247
246
244
243
243
243
243
243
243
243
243
243
243
243
243
243
243
243
243
243
243
244
244
227
130
227
244
244
243
243
243
243
243
243
243
243
243
243
243
243
243
243
243
243
243
243
243
243
243
243
243
243
243
243
243
243
243
243
243
243
243
243
243
243
243
243
243
243
243
243
243
243
243
243
243
243
243
243
243
243
243
243
243
243
243
243
243
243
243
243
243
243
243
243
243
243
243
243
243
243
243
243
243
243
243
243
243
243
243
243
243
243
243
249
177
129
135
238
243
243
243
243
243
243
243
243
243
243
243
243
243
243
243
243
243
243
243
243
243
243
243
243
243
243
243
243
243
243
243
243
243
243
243
243
243
243
243
243
243
243
243
243
243
243
243
243
243
243
243
243
243
243
243
95
95
95
243
243
243
243
243
243
243
243
243
243
243
243
243
243
243
243
243
243
243
243
243
243
243
243
243
243
243
