243
243
243
243
243
243
243
243
243
243
243
243
243
33
33
33
243
243
243
243
243
243
243
243
243
243
243
243
243
243
243
243
243
243
243
243
243
243
243
243
243
243
243
243
243
243
243
243
243
243
243
243
243
243
243
243
243
243
243
243
243
243
243
243
243
243
243
243
243
243
243
243
243
243
243
243
243
243
243
243
243
243
243
243
243
243
243
243
243
243
243
243
243
243
243
243
243
243
243
243
243
243
243
243
243
243
243
243
243
243
243
243
243
243
243
243
243
243
243
243
243
243
243
243
243
243
243
243
243
243
243
243
243
243
243
243
243
243
243
243
243
243
243
243
243
243
243
243
243
243
243
243
243
243
243
243
243
243
243
243
243
245
246
224
88
224
247
245
241
242
245
245
244
243
243
243
243
243
243
245
251
244
210
54
202
234
247
243
243
243
243
243
243
243
243
243
243
243
243
243
243
243
243
243
243
243
243
243
243
243
243
243
243
243
243
243
243
243
243
243
243
243
243
243
243
243
243
243
243
243
243
243
243
243
243
243
243
243
243
243
243
243
243
243
243
243
243
243
243
243
243
243
243
243
243
243
243
243
243
243
243
243
243
243
243
243
243
243
243
243
243
243
243
243
243
243
243
243
243
243
243
243
243
243
243
243
243
243
243
243
243
243
243
243
243
243
243
243
243
243
243
243
243
243
243
243
243
243
243
243
243
247
255
231
243
231
255
249
226
215
238
242
244
244
243
243
243
243
243
247
236
214
27
31
60
242
249
243
243
243
243
243
243
243
243
243
243
244
245
246
246
245
244
243
243
243
243
243
243
243
243
243
243
243
243
243
243
243
243
243
243
243
243
243
243
243
243
243
243
243
243
243
243
243
243
243
243
243
243
243
243
243
243
243
243
243
243
243
243
243
243
243
243
243
243
243
243
243
243
243
243
243
243
243
243
243
243
243
243
243
243
243
243
243
243
243
243
243
243
243
243
243
243
243
243
243
243
243
243
243
243
243
243
243
243
243
243
243
243
243
243
243
243
243
243
243
243
243
243
243
245
251
249
220
70
216
244
247
219
189
191
221
244
246
244
243
243
243
243
249
242
60
31
27
214
236
247
243
243
243
243
243
243
243
243
243
244
245
242
237
238
242
244
244
243
243
243
243
243
243
243
243
243
243
243
243
243
243
243
243
243
243
243
243
243
243
243
243
243
243
243
243
243
243
243
243
243
243
243
243
243
243
243
243
243
243
243
243
243
243
243
243
243
243
243
243
243
243
243
243
243
243
243
243
243
243
243
243
243
243
243
243
243
243
243
243
243
243
243
243
243
243
243
243
243
243
243
243
243
243
243
243
243
243
243
243
243
243
243
243
243
243
243
243
243
243
243
243
243
243
247
236
216
37
25
60
240
243
192
185
186
190
223
243
245
244
243
243
243
247
236
206
60
214
247
251
245
243
243
243
243
243
243
243
243
243
244
242
221
195
194
229
242
245
243
243
243
243
243
243
243
243
243
243
243
243
243
243
243
243
243
243
243
243
243
243
243
243
243
243
243
243
243
243
243
243
243
243
243
243
243
243
243
243
243
243
243
243
243
243
243
243
243
243
243
243
243
243
243
243
243
245
247
249
247
245
243
243
244
245
247
247
246
245
244
243
243
243
243
243
243
243
243
243
243
243
243
243
243
243
243
243
243
243
243
243
243
243
243
243
243
243
243
243
243
243
243
243
243
243
249
244
70
35
1
32
202
225
195
187
186
189
189
227
245
245
244
243
243
245
251
236
242
236
251
245
243
243
243
243
243
243
243
243
243
244
246
222
193
186
187
194
234
245
243
243
243
243
243
243
243
243
243
243
243
243
243
243
243
243
243
243
243
243
243
243
243
243
243
243
243
243
243
243
243
243
243
243
243
243
243
243
243
243
243
243
243
243
243
243
243
243
243
243
243
243
243
243
243
243
245
251
236
242
236
251
245
243
244
239
237
231
239
242
245
244
243
243
243
243
243
243
243
243
243
243
243
243
243
243
243
243
243
243
243
243
243
243
243
243
243
243
243
243
243
243
243
243
243
243
247
240
201
31
1
36
70
244
231
195
194
189
188
190
230
243
246
244
243
243
245
247
249
247
245
243
243
243
243
243
243
243
243
243
243
246
244
220
190
186
187
194
230
247
243
243
243
243
243
243
243
243
243
243
243
243
243
243
243
243
243
243
243
243
243
243
243
243
243
243
243
243
243
244
245
246
247
247
247
245
244
243
243
243
243
243
243
243
243
243
243
243
243
243
243
243
243
243
243
245
251
247
216
64
212
240
249
243
249
244
186
187
198
237
242
244
243
243
243
243
243
243
243
243
243
243
243
243
243
243
243
243
243
243
243
243
243
243
243
243
243
243
243
243
243
243
243
243
243
243
245
255
237
59
25
38
217
238
246
241
216
192
186
187
193
234
245
246
244
243
243
243
243
243
243
243
243
243
243
243
243
243
243
243
243
246
244
213
184
187
188
193
230
247
243
243
243
243
243
243
243
243
243
243
243
243
243
243
243
243
243
243
243
243
243
243
243
243
243
243
243
243
243
243
240
238
235
234
235
239
242
243
243
243
243
243
243
243
243
243
243
243
243
243
243
243
243
243
243
247
236
216
37
25
59
237
255
246
241
231
193
179
188
201
241
246
243
243
243
243
243
243
243
243
243
243
243
243
243
243
243
243
243
243
243
243
243
243
243
243
243
243
243
243
243
243
243
243
243
243
243
249
240
212
64
216
247
252
247
247
244
207
186
188
189
195
235
243
247
247
249
247
245
243
243
243
243
243
243
243
243
243
243
243
243
244
246
220
189
189
186
194
230
247
243
243
243
243
243
243
243
243
243
243
243
243
243
243
243
245
247
249
247
245
243
243
243
243
243
244
245
246
247
248
234
200
195
197
196
224
246
244
243
243
243
243
243
243
243
243
243
243
243
243
243
243
243
243
243
249
244
70
35
1
31
201
240
248
247
192
189
190
187
200
237
247
243
243
243
243
243
243
243
243
243
243
243
243
243
243
243
243
243
243
243
243
243
243
243
243
243
243
243
243
243
243
243
243
243
243
243
245
251
236
242
236
251
245
243
244
244
243
212
191
191
188
197
241
254
236
242
236
251
245
243
243
243
243
243
243
243
243
243
243
243
243
246
242
212
188
184
193
230
247
243
243
243
243
243
243
243
243
243
243
243
243
243
243
245
251
236
242
236
251
245
243
243
243
243
244
241
238
235
243
228
194
183
185
210
238
243
243
243
243
243
243
243
243
243
243
243
243
243
243
243
243
243
243
243
247
240
201
31
1
35
70
244
250
241
234
196
187
188
200
238
247
243
243
243
243
243
243
243
243
243
243
243
243
243
243
243
243
243
243
243
243
243
243
243
243
243
243
243
243
243
243
243
243
243
243
243
243
245
247
249
247
245
243
243
243
245
245
243
218
193
183
194
244
249
215
60
206
236
247
243
243
243
243
243
243
243
243
243
243
243
243
246
244
215
188
186
196
231
247
243
243
243
243
243
243
243
243
243
243
243
243
243
245
251
247
214
60
206
236
247
243
243
243
243
246
240
202
194
205
223
194
186
194
215
241
247
243
243
243
243
243
243
243
243
243
243
243
243
243
243
243
243
243
243
245
255
237
59
25
37
216
236
247
249
240
198
184
188
197
230
245
244
243
243
243
243
243
243
243
243
243
243
243
243
243
243
243
243
243
243
243
243
243
243
243
243
243
243
243
243
243
243
243
243
243
243
243
243
243
243
243
243
243
243
243
243
244
246
244
204
189
194
208
213
30
31
60
242
249
243
243
243
243
243
243
243
243
243
243
243
243
246
241
211
190
186
196
231
247
243
243
243
243
243
243
243
243
243
243
243
243
243
247
236
214
27
31
60
242
249
243
243
243
243
246
237
199
185
195
182
170
187
192
216
244
245
243
243
243
243
243
243
243
243
243
243
243
243
243
243
243
243
243
243
243
249
240
212
64
216
247
251
245
248
242
189
187
189
190
208
243
245
243
243
243
243
243
243
243
243
243
243
243
243
243
243
243
243
243
243
243
243
243
243
243
243
243
243
243
243
243
243
243
243
243
243
243
243
243
243
243
243
243
243
243
243
243
244
245
238
201
192
198
56
36
28
214
236
247
243
243
243
243
243
243
243
243
243
243
243
244
244
238
210
190
186
193
230
247
243
243
243
243
243
243
243
243
243
243
243
243
243
249
242
60
31
27
214
236
247
243
243
243
243
247
238
202
191
191
175
162
185
193
215
245
247
243
243
243
243
243
243
243
243
243
243
243
243
243
243
243
243
243
243
243
245
251
236
242
236
251
245
243
244
243
235
195
188
187
202
240
246
243
243
243
243
243
243
243
243
243
243
243
243
243
243
243
243
243
243
243
243
243
243
243
243
243
243
243
243
243
245
247
249
247
245
243
243
243
243
243
243
243
243
243
243
243
243
247
241
205
189
185
197
58
215
246
251
245
243
243
243
243
243
243
245
247
249
247
245
244
246
220
193
189
187
195
231
247
243
243
243
243
243
243
243
243
243
243
243
243
243
247
236
206
60
214
247
251
245
243
243
243
243
247
238
200
190
184
155
163
187
195
219
245
246
243
243
243
243
243
243
243
243
243
243
243
243
243
243
243
243
243
243
243
243
245
247
249
247
245
243
243
244
247
242
203
190
188
202
241
247
243
243
243
243
243
243
243
243
243
243
243
243
243
243
243
243
243
243
243
243
243
243
243
243
243
243
243
243
245
251
236
242
236
251
245
243
243
243
243
243
243
243
243
243
243
243
246
240
203
187
203
191
244
239
251
245
243
243
243
244
244
245
246
252
236
242
236
251
248
244
217
190
188
187
195
232
247
243
243
243
243
243
243
243
243
243
243
243
243
243
245
252
238
245
240
253
246
243
243
243
245
247
251
242
201
189
182
152
163
188
195
218
245
246
243
243
243
243
243
243
243
243
243
243
243
243
243
243
243
243
243
243
243
243
243
243
243
243
243
243
243
243
245
244
223
194
185
198
237
244
244
243
243
243
243
243
243
243
243
243
243
243
243
243
243
243
243
243
243
243
243
243
243
243
243
243
243
245
251
247
214
60
206
236
247
243
244
245
246
246
245
244
243
243
243
243
247
241
204
185
194
237
248
248
245
243
243
243
244
246
242
244
251
249
215
61
209
240
252
247
222
194
188
187
196
232
247
243
243
243
243
243
243
243
243
243
243
243
244
245
246
249
248
245
240
243
246
246
244
245
251
236
247
232
209
192
182
153
162
189
194
216
245
247
244
245
246
246
246
246
246
247
247
247
246
244
243
243
243
243
243
243
243
243
243
243
243
243
243
243
244
245
247
250
240
200
187
189
206
244
245
243
243
243
243
243
243
243
243
243
243
243
243
243
243
243
243
243
243
243
243
243
243
243
243
243
243
247
236
214
27
31
60
242
249
243
245
241
238
235
242
246
247
245
244
245
245
240
203
190
204
241
248
244
243
243
244
246
244
243
236
200
224
216
32
31
56
235
244
242
225
199
191
186
195
232
247
243
243
243
243
243
243
243
243
243
243
245
244
242
239
239
231
198
192
210
238
243
247
253
248
214
64
200
196
196
182
153
162
187
194
217
246
249
245
243
239
240
240
240
239
239
235
235
239
244
246
245
244
243
243
243
243
243
243
243
243
244
245
247
246
242
237
240
233
198
188
189
204
240
248
243
243
243
243
243
243
243
243
243
243
243
243
243
243
243
243
243
243
243
243
243
243
243
243
243
243
249
242
60
31
27
214
236
247
243
245
236
199
192
212
238
237
239
244
246
244
211
182
177
187
239
247
243
243
245
244
242
239
204
195
201
192
56
31
23
169
189
202
205
225
213
190
185
194
232
248
244
243
243
243
243
243
243
243
243
245
244
241
218
202
198
194
188
186
190
195
218
242
235
214
31
37
56
200
199
182
154
163
189
196
219
246
245
238
215
208
210
210
210
207
205
197
190
213
242
241
239
244
244
243
243
243
243
243
243
244
243
241
239
237
213
196
196
200
193
190
190
206
242
249
243
243
243
243
245
247
249
247
245
243
243
243
243
243
243
243
243
243
243
243
243
243
243
243
243
243
247
236
206
60
214
247
251
245
243
246
232
192
182
193
203
204
220
248
246
213
183
174
75
199
250
248
244
245
245
240
217
193
191
188
192
184
162
51
168
194
197
187
189
200
201
192
188
191
228
243
245
243
243
243
243
243
243
243
244
243
241
207
194
190
189
188
188
188
186
187
191
201
198
56
29
32
208
201
197
182
153
159
186
190
216
237
214
195
194
190
192
194
192
192
192
186
188
212
216
192
223
243
245
244
243
243
243
243
244
245
243
220
196
196
198
195
195
193
190
191
189
202
238
245
244
243
243
245
251
236
242
236
251
245
243
243
243
243
243
243
243
243
243
243
243
243
243
243
243
243
245
251
236
242
236
251
245
243
243
245
237
196
189
197
185
190
207
241
213
197
185
53
143
202
243
255
255
252
246
219
189
188
185
189
194
202
190
188
182
195
189
186
189
189
191
193
190
189
194
236
245
243
243
243
243
243
243
243
245
245
211
190
189
192
191
194
198
200
199
196
191
189
179
158
49
181
235
210
196
184
152
149
166
194
199
194
193
188
189
187
187
187
186
188
192
192
193
194
191
191
189
226
244
246
243
243
243
244
245
246
230
202
199
203
187
169
165
177
191
189
188
192
209
245
247
243
245
251
247
214
60
206
236
247
243
243
243
243
243
243
243
243
243
243
243
243
243
243
243
243
243
245
247
249
247
245
243
243
243
245
243
234
200
194
168
53
167
191
195
190
181
178
74
77
210
204
203
209
197
207
205
206
207
198
241
251
213
211
203
198
199
198
193
192
192
193
192
186
194
233
246
243
243
243
243
243
243
243
245
239
204
188
190
193
189
199
235
237
234
239
219
197
202
186
188
191
203
206
197
184
153
146
166
192
190
187
188
186
190
188
195
196
199
190
191
186
189
187
189
190
189
195
238
253
255
255
255
255
255
243
192
172
153
157
164
63
82
198
204
195
192
185
207
243
248
243
247
236
214
27
31
60
242
249
243
243
243
243
243
243
243
243
243
243
243
243
243
243
243
243
243
243
243
243
243
243
243
243
243
244
246
247
221
165
23
30
50
190
197
197
202
223
221
206
77
80
77
67
161
156
156
157
162
189
199
222
241
254
253
253
254
254
239
210
207
207
206
197
206
237
248
243
243
243
243
243
243
244
245
218
195
190
191
191
192
208
245
249
248
246
242
240
239
214
197
193
191
193
198
184
154
147
166
190
196
195
199
205
181
229
250
251
254
246
208
219
217
215
208
205
202
205
202
215
200
200
201
204
194
162
160
63
70
72
74
203
220
227
243
230
195
184
204
239
245
243
249
242
60
31
27
214
236
247
245
247
249
247
245
243
243
243
243
243
243
243
243
243
243
243
243
243
243
243
243
243
243
243
243
243
244
250
240
59
29
24
169
186
205
227
243
248
255
240
220
191
164
160
61
67
72
76
79
83
82
78
208
205
204
204
204
205
202
178
157
160
160
154
175
233
255
255
255
255
255
255
255
255
255
226
204
203
207
205
216
252
255
255
255
255
255
255
255
255
253
221
208
205
209
197
165
157
177
205
216
240
255
251
255
238
226
203
206
200
196
195
198
180
156
155
157
158
166
74
82
83
84
81
74
65
60
168
191
205
224
240
255
251
250
236
196
183
189
209
245
246
247
236
206
60
214
247
251
247
251
236
242
236
251
245
243
243
243
243
243
243
243
243
243
243
243
243
243
243
243
243
243
243
243
243
243
248
238
211
60
176
197
198
198
230
245
247
246
250
250
219
209
189
172
164
190
207
203
201
202
206
76
80
82
82
82
83
84
80
74
69
68
69
70
202
204
200
200
200
200
200
199
203
203
173
157
159
159
159
171
199
203
200
200
200
200
200
201
203
202
198
167
157
160
154
128
122
136
159
181
203
204
204
205
208
77
80
82
84
85
86
85
82
76
72
70
65
62
196
202
204
200
189
155
156
177
217
255
255
253
249
245
243
247
237
194
187
186
210
244
248
245
251
236
242
236
251
247
251
247
214
60
206
236
247
243
243
243
243
243
243
243
247
249
247
245
243
243
243
243
243
243
243
243
243
243
245
251
238
242
228
215
188
190
203
237
245
245
243
232
195
190
193
198
226
254
255
255
255
255
240
221
198
200
200
200
200
204
203
180
158
156
162
198
76
81
82
82
82
82
82
82
84
80
75
69
68
68
72
77
82
83
82
82
82
82
82
82
82
84
82
81
74
74
64
62
57
64
71
81
83
83
82
80
76
206
202
200
200
200
200
200
205
205
179
159
156
174
195
253
255
253
216
205
202
220
246
248
244
243
243
243
243
245
242
230
191
186
209
240
244
243
245
247
249
249
249
251
240
216
27
31
60
242
249
243
243
243
243
243
243
243
234
242
236
251
245
243
243
243
243
243
243
243
243
243
243
245
247
251
251
219
189
188
223
243
245
246
238
201
191
192
188
190
215
245
247
243
243
245
249
253
255
255
255
255
255
255
255
229
203
200
207
192
213
201
200
200
200
200
200
199
203
202
174
156
158
157
163
198
204
200
200
200
200
200
200
200
200
200
201
205
199
167
151
127
123
139
181
213
214
210
206
200
221
240
255
255
255
255
255
255
255
255
228
201
201
195
199
235
250
232
195
188
192
216
245
247
243
243
243
243
243
244
248
234
197
187
194
219
247
245
243
243
245
251
236
249
237
70
33
27
214
236
247
243
243
243
243
243
243
243
206
60
206
236
247
243
243
243
243
243
243
243
243
243
243
243
243
243
246
242
206
187
226
247
245
248
236
198
188
191
190
195
221
246
244
243
243
243
243
243
243
243
243
243
243
244
246
218
192
188
187
198
243
255
255
255
255
255
255
255
255
255
229
207
208
203
214
251
255
255
255
255
255
255
255
255
255
255
255
255
251
215
191
164
158
182
241
255
248
244
255
255
254
249
245
243
243
243
243
243
247
244
214
189
189
189
194
235
251
233
194
184
196
222
242
246
243
243
243
243
243
243
247
226
190
182
187
209
240
244
243
245
251
247
214
64
200
200
64
214
247
251
245
243
243
243
243
243
243
243
29
31
60
242
249
243
243
243
243
243
243
243
243
243
245
247
249
247
249
247
213
193
225
248
246
244
233
196
191
191
189
211
242
245
243
243
243
243
243
243
243
243
243
243
243
244
245
239
205
187
186
196
233
247
243
243
243
243
243
243
249
250
206
190
187
194
199
235
248
243
243
243
243
243
243
243
243
243
243
246
241
202
182
153
148
175
218
226
57
53
218
240
249
243
243
243
243
243
243
243
247
244
216
193
189
186
196
235
250
233
195
185
194
219
247
244
243
243
243
243
243
243
247
226
165
189
191
187
213
245
246
247
236
214
27
33
70
237
249
236
251
245
243
243
243
243
243
243
243
33
29
27
214
236
247
243
243
243
243
243
243
243
243
245
251
236
242
237
253
243
208
186
220
242
247
240
201
191
192
191
191
215
244
247
243
243
243
243
243
243
243
243
243
243
243
244
247
221
197
189
186
195
233
247
243
243
243
243
243
245
253
247
191
51
164
184
191
235
248
243
243
243
243
243
243
243
243
243
243
245
245
235
185
151
149
163
191
45
17
9
53
227
251
243
243
243
243
243
243
243
247
244
216
191
189
186
196
235
250
233
195
183
203
237
243
246
243
243
243
243
243
243
245
239
224
190
189
187
215
243
246
249
242
60
31
27
216
240
251
247
245
243
243
243
243
243
243
243
243
243
62
214
247
251
245
243
243
243
243
243
243
243
245
251
247
214
60
209
240
222
190
191
188
233
250
237
196
188
192
190
190
213
245
247
243
243
243
243
243
243
243
243
243
243
243
246
244
216
189
188
187
195
233
247
243
243
243
243
243
247
238
215
31
29
52
189
205
236
247
243
243
243
243
243
243
243
243
243
243
244
247
238
188
150
149
166
54
32
3
15
55
227
251
243
243
243
243
243
243
243
247
244
214
191
189
185
194
234
250
232
193
185
192
213
246
246
243
243
243
243
243
243
245
248
232
198
186
193
221
246
247
247
236
206
60
214
247
251
245
243
243
243
243
243
243
243
243
243
243
243
234
236
251
245
243
243
243
243
243
243
243
243
247
236
214
27
31
62
244
222
187
186
222
242
248
238
206
189
191
190
192
218
243
246
243
243
243
243
243
243
243
243
243
243
243
246
245
214
189
189
187
196
235
247
244
243
243
243
243
249
243
61
33
24
171
185
212
238
247
243
243
243
243
243
243
243
243
243
243
243
246
238
190
150
149
158
186
40
31
41
222
240
249
243
243
243
243
243
243
243
247
244
216
191
188
189
197
238
248
236
199
188
186
213
243
247
243
243
243
243
243
243
243
246
232
196
189
188
214
242
245
245
251
236
242
236
251
245
243
243
243
243
243
243
243
243
243
243
243
243
247
247
245
243
243
243
243
243
243
243
243
243
249
242
60
31
27
218
240
222
188
191
228
248
249
238
198
188
190
191
193
214
248
244
243
243
243
243
243
243
243
243
243
243
243
247
244
216
192
196
191
192
232
244
245
243
243
243
243
247
236
208
58
180
193
197
206
240
248
243
243
243
243
243
243
243
243
243
243
243
247
239
193
152
147
171
214
220
68
216
247
251
245
243
243
243
243
243
243
243
247
244
212
189
187
193
229
243
247
244
228
191
186
212
241
246
243
243
243
243
243
243
243
246
243
223
188
186
192
222
246
244
245
247
249
247
245
243
243
243
243
243
243
243
243
243
243
243
243
243
243
243
243
243
243
243
243
243
243
243
243
243
247
236
206
60
215
249
251
219
186
189
225
246
248
234
194
182
190
188
203
237
242
246
243
243
243
243
243
243
243
243
243
243
243
247
246
222
186
191
186
197
204
239
246
243
243
243
243
245
251
241
242
199
198
189
198
237
246
245
244
243
243
243
243
243
243
243
243
243
248
234
188
149
148
167
224
241
246
236
251
245
243
243
243
243
243
243
243
243
247
246
214
190
186
196
234
248
245
248
232
194
188
194
219
245
244
243
243
243
243
243
243
244
248
227
192
185
191
221
246
247
243
243
243
243
243
243
243
243
243
243
243
243
243
243
243
243
243
243
243
243
243
243
243
243
243
243
243
243
243
243
245
251
236
243
237
251
222
193
187
196
228
245
247
238
185
188
190
191
194
214
246
246
243
243
243
243
243
243
243
243
243
243
243
248
251
219
168
51
163
188
197
238
246
243
243
243
243
243
245
250
248
209
187
189
194
201
238
241
244
243
243
243
243
243
243
243
243
243
249
229
160
148
150
162
214
250
251
247
245
243
243
243
243
243
243
243
243
244
247
243
212
190
186
194
231
246
244
248
231
194
187
189
214
244
247
243
243
243
243
243
243
244
247
226
192
187
192
219
243
244
243
243
243
243
243
243
243
243
243
243
243
243
243
243
243
243
243
243
243
243
243
243
243
243
243
243
243
243
243
243
243
245
249
252
254
231
193
187
188
197
232
245
245
240
235
197
190
187
187
212
242
246
243
243
243
243
243
243
243
243
243
243
243
249
237
190
25
30
50
189
235
243
245
243
243
243
243
243
243
247
245
207
191
191
190
190
193
242
247
243
243
243
243
243
243
243
243
243
250
225
154
145
150
150
193
246
248
243
243
243
243
243
243
243
243
243
243
243
241
218
192
188
189
195
235
247
244
246
226
191
183
190
213
244
246
244
243
243
243
243
244
246
247
228
194
187
189
197
227
246
244
243
243
243
243
243
243
243
243
243
243
243
243
243
243
243
243
243
243
243
243
243
243
243
244
244
244
244
243
243
243
245
251
239
242
216
200
193
192
222
244
244
244
246
244
235
196
190
186
206
237
247
245
244
243
243
243
243
243
243
243
243
243
249
242
63
33
26
167
194
237
247
244
243
243
243
243
243
243
244
242
241
215
194
190
185
196
236
245
245
243
243
243
243
243
243
243
243
250
225
154
145
150
147
190
244
248
243
243
243
243
243
243
243
243
243
244
248
218
188
190
187
190
227
242
245
244
247
226
173
189
190
193
222
244
246
244
243
243
244
246
243
235
207
192
189
186
187
220
245
246
243
243
243
243
243
243
243
243
243
243
243
243
243
243
243
243
243
243
243
243
243
243
244
241
242
241
244
244
243
245
251
247
220
68
160
185
186
225
245
245
244
243
244
246
245
228
187
187
192
214
242
242
245
244
243
243
243
243
243
243
243
243
248
238
209
53
166
192
208
237
247
244
243
243
243
243
243
243
243
245
246
243
204
192
188
192
202
242
246
245
243
243
243
243
243
243
243
250
224
150
145
150
147
191
245
248
243
243
243
243
243
243
243
243
244
246
243
224
197
189
187
193
229
246
244
243
244
239
226
189
191
189
190
220
245
246
248
247
249
246
234
194
194
192
189
184
188
221
245
246
243
243
243
243
243
243
243
243
243
243
243
243
243
243
243
243
243
243
243
243
243
243
246
243
211
223
243
246
246
250
240
219
40
33
28
48
169
217
250
244
243
243
243
244
246
234
195
186
190
194
197
226
243
246
245
244
243
243
243
243
243
243
248
252
215
193
184
197
197
233
242
245
243
243
243
243
243
243
243
243
245
244
239
200
190
186
191
208
243
246
246
244
243
243
243
243
243
250
228
154
148
149
150
194
247
249
243
243
243
243
243
244
246
248
249
250
236
205
192
193
195
196
231
246
244
243
244
246
245
221
188
186
190
196
218
235
237
236
237
233
197
187
186
197
204
195
198
228
245
244
243
243
243
243
243
243
243
243
243
243
243
243
243
243
243
243
243
243
243
243
243
244
248
236
205
191
230
242
241
242
236
61
26
4
4
25
61
240
249
243
243
243
243
243
246
243
227
191
189
188
189
191
223
242
244
247
245
244
243
243
243
243
246
246
215
191
192
194
194
199
238
246
243
243
243
243
243
243
243
243
243
245
244
240
199
194
190
192
209
240
242
244
244
243
243
243
243
249
232
180
149
149
150
189
241
248
247
249
249
251
250
246
242
244
234
229
197
199
189
190
215
238
241
243
243
243
243
244
247
232
200
187
189
190
196
198
199
199
198
193
190
191
196
219
240
237
238
241
244
243
243
243
243
243
243
243
243
243
243
243
243
243
243
243
243
243
243
243
243
243
243
243
241
215
190
189
193
229
205
201
189
168
50
29
34
40
219
238
248
243
243
243
243
243
244
245
244
230
196
188
186
190
192
202
230
241
243
248
246
244
243
243
247
244
215
188
187
192
189
199
235
247
243
243
243
243
243
243
243
243
243
243
245
245
229
190
181
189
192
192
217
245
247
246
245
245
245
249
237
184
153
148
153
172
199
224
240
245
233
238
233
244
213
199
176
56
164
184
190
193
228
247
246
244
243
243
243
243
244
243
222
193
189
187
188
187
187
188
186
182
190
201
239
243
245
247
246
245
244
243
243
245
247
249
247
245
243
243
243
243
243
243
243
243
243
243
243
243
243
243
246
247
214
186
188
187
191
191
193
189
195
187
185
170
66
219
247
251
245
243
243
243
243
243
243
244
245
244
225
195
191
189
187
191
196
202
234
238
241
245
247
245
247
245
215
189
189
190
189
202
237
247
243
243
243
243
243
243
243
243
243
243
244
247
234
179
194
193
188
185
193
220
240
242
242
244
244
247
235
182
153
150
148
166
190
197
206
205
179
58
171
194
189
165
23
26
46
185
192
220
243
244
243
243
243
243
243
243
244
245
243
224
203
195
192
189
189
187
192
191
204
241
245
246
244
243
243
243
243
243
245
251
236
242
236
251
245
243
243
243
243
243
243
243
243
243
243
243
243
243
246
244
211
188
189
192
191
189
191
189
191
191
203
205
245
238
251
245
243
243
243
243
243
243
243
243
244
245
242
240
214
189
186
187
187
191
198
202
203
236
242
242
245
240
215
194
191
191
186
205
236
248
244
243
243
243
243
243
243
243
243
243
243
245
237
237
235
228
196
191
189
191
196
208
231
217
223
237
211
191
180
155
153
170
191
191
181
165
22
23
44
189
191
46
30
31
177
187
220
243
246
244
243
243
243
243
243
245
247
249
249
244
240
238
213
199
198
196
197
234
241
243
245
243
243
243
243
243
243
245
251
247
214
60
206
236
247
243
243
243
243
243
243
243
243
243
243
243
243
243
244
245
223
201
219
206
187
187
188
194
195
201
212
247
249
248
245
243
243
243
243
243
243
243
243
243
243
244
245
246
244
213
196
194
189
185
186
187
188
193
209
226
217
217
214
207
192
189
192
185
235
240
244
243
243
243
243
243
243
243
243
243
243
244
245
247
247
243
241
220
193
187
183
187
191
189
192
194
194
189
186
183
182
191
198
205
199
53
34
30
179
197
197
169
61
211
241
245
242
244
244
243
243
243
243
243
245
251
236
243
237
253
248
246
242
238
237
235
240
243
247
244
243
243
243
243
243
243
243
247
236
214
27
31
60
242
249
243
243
243
243
243
243
243
243
243
243
243
243
243
243
244
239
242
241
214
199
202
202
212
229
237
234
251
247
243
243
243
243
243
243
243
243
243
243
243
243
243
243
244
244
241
238
236
205
196
194
190
185
187
190
194
195
194
195
194
193
187
193
226
201
240
245
243
243
243
243
243
243
243
243
243
243
243
243
243
244
245
246
244
240
215
194
195
196
196
196
196
197
198
200
199
198
217
239
242
235
205
63
211
241
246
246
231
240
239
253
248
245
244
243
243
243
243
243
245
251
247
214
60
206
236
247
244
245
246
247
247
246
245
244
243
243
243
243
243
243
243
243
249
242
60
31
27
214
236
247
243
243
243
243
243
243
243
243
243
243
243
243
243
243
244
245
246
244
240
236
239
248
245
216
64
208
237
247
243
243
243
243
243
243
243
243
243
243
243
243
243
243
243
244
245
247
245
241
238
234
201
193
190
185
186
186
184
186
187
187
183
194
230
247
245
248
245
243
243
243
243
243
243
243
243
243
243
243
243
243
243
244
245
245
242
237
236
237
237
237
237
236
236
236
236
237
242
246
249
253
238
243
238
253
249
249
249
250
248
245
243
243
243
243
243
243
243
243
247
236
214
27
31
60
242
249
243
243
243
243
243
243
243
243
243
243
243
243
243
243
243
243
247
236
206
60
214
247
251
245
243
243
243
243
243
243
243
243
243
243
243
243
243
243
243
243
243
244
245
246
250
240
217
29
32
60
242
249
243
243
243
243
243
243
243
243
243
243
243
243
243
243
243
243
243
243
244
246
248
244
242
229
196
196
197
197
197
197
199
199
195
203
247
240
244
237
251
245
243
243
243
243
243
243
243
243
243
243
243
243
243
243
243
244
245
247
247
247
247
247
247
247
248
248
247
247
245
244
243
245
247
249
247
245
243
243
243
243
243
243
243
243
243
243
243
243
243
243
249
242
60
31
27
214
236
247
243
243
243
243
243
243
243
243
243
243
243
243
243
243
243
243
245
251
236
242
236
251
245
243
243
243
243
243
243
243
243
243
243
243
243
243
243
243
243
243
243
243
243
243
249
242
60
31
27
214
236
247
243
243
243
243
243
243
243
243
243
243
243
243
243
243
243
243
243
243
243
243
244
245
247
242
239
235
237
237
237
236
237
237
237
249
245
216
60
206
236
247
243
243
243
243
243
243
243
243
243
243
243
243
243
243
243
243
243
243
243
243
243
243
243
243
243
243
243
243
243
243
243
243
243
243
243
243
243
243
243
243
243
243
243
243
243
243
243
243
243
243
247
236
206
60
214
247
251
245
243
243
243
243
243
243
243
243
243
243
243
243
243
243
243
243
243
245
247
249
247
245
243
243
243
243
243
243
243
243
243
243
243
243
243
243
243
243
243
243
243
243
243
243
247
236
206
60
214
247
251
245
243
243
243
243
243
243
243
243
243
243
243
243
243
243
243
243
243
243
243
243
243
243
244
245
246
247
248
248
248
247
247
247
250
239
215
28
31
60
242
249
243
243
243
243
243
243
243
243
243
243
243
243
243
243
243
243
243
243
243
243
243
243
243
243
243
243
243
243
243
243
243
243
243
243
243
243
243
243
243
243
243
243
243
243
243
243
243
243
243
243
245
251
236
242
236
251
245
243
243
243
243
243
243
243
243
243
243
243
243
243
243
243
243
243
243
243
243
243
243
243
243
243
243
243
243
243
243
243
243
243
243
243
243
243
243
243
243
243
243
243
243
243
245
251
236
242
236
251
245
243
243
243
243
243
243
243
243
243
243
243
243
243
243
243
243
243
243
243
243
243
243
243
243
243
243
243
243
243
243
243
243
243
247
234
62
29
29
206
234
247
243
243
243
243
243
243
243
243
243
243
243
243
243
243
243
243
243
243
243
243
243
243
243
243
243
243
243
243
243
243
243
243
243
243
243
243
243
243
243
243
243
243
243
243
243
243
243
243
243
243
243
245
247
249
247
245
243
243
243
243
243
243
243
243
243
243
243
243
243
243
243
243
243
243
243
243
243
243
243
243
243
243
243
243
243
243
243
243
243
243
243
243
243
243
243
243
243
243
243
243
243
243
243
243
243
243
243
243
243
243
243
243
243
243
243
243
243
243
243
243
243
243
243
243
243
243
243
243
243
243
243
243
243
243
243
243
243
243
243
243
243
243
243
243
243
33
243
243
243
243
243
243
243
243
243
243
243
243
243
243
243
243
243
243
243
243
243
243
243
243
243
243
243
243
243
243
243
243
243
243
243
243
243
243
243
243
243
243
243
243
243
243
243
243
243
243
243
243
243
243
243
243
243
243
243
243
243
243
243
243
243
243
243
243
243
243
243
243
243
243
243
243
243
243
243
243
243
243
243
243
243
243
243
243
243
243
243
243
243
243
243
