242
242
242
242
242
242
242
242
242
242
242
242
242
242
242
242
242
242
242
242
242
242
242
242
242
242
242
242
242
242
242
242
73
73
73
242
242
242
242
242
242
242
242
242
242
242
242
242
242
242
242
242
242
242
242
242
242
242
242
242
242
242
242
242
242
242
242
242
242
242
242
242
242
242
242
242
242
242
242
242
242
242
242
242
242
242
242
242
242
242
242
242
242
242
242
242
242
242
242
242
242
242
242
242
242
242
242
242
242
242
242
242
242
242
242
242
242
242
242
242
242
242
242
242
242
242
242
242
242
242
242
242
242
242
242
242
242
242
242
242
242
242
242
242
242
242
242
242
242
242
242
242
242
242
242
242
242
242
242
242
242
242
242
242
242
242
242
242
242
242
242
242
242
242
242
242
242
242
242
245
235
92
76
86
230
243
243
242
242
242
242
242
242
242
242
242
242
242
242
242
242
242
242
242
242
242
242
242
242
242
242
242
242
242
242
242
242
242
242
242
242
242
242
242
242
242
242
242
242
242
242
242
242
242
242
242
242
242
242
242
242
242
242
242
242
242
242
242
242
242
242
242
242
242
242
242
242
242
242
242
242
242
242
242
242
242
242
242
242
242
242
242
242
242
242
242
242
242
242
242
242
242
242
242
242
242
242
242
242
242
242
242
242
242
242
242
242
242
242
242
242
242
242
242
242
242
242
242
242
242
242
242
242
242
242
242
242
242
242
242
242
242
242
242
242
242
242
242
242
245
237
212
93
219
244
250
243
242
242
242
242
242
242
242
242
242
242
242
242
242
242
242
242
242
242
242
242
242
242
242
242
242
242
242
242
242
242
242
242
242
242
242
242
242
242
242
242
242
242
242
242
242
242
242
242
242
242
242
242
242
242
242
242
242
242
242
242
242
242
242
242
242
242
242
242
242
242
242
242
242
242
242
242
242
242
242
242
242
242
242
242
242
242
242
242
242
242
242
242
242
242
242
242
242
242
242
242
242
242
242
242
242
242
242
242
242
242
242
242
242
242
242
242
242
242
242
242
242
242
242
242
242
242
242
242
242
242
242
242
242
242
242
242
242
242
242
242
242
242
243
250
237
241
237
250
243
242
242
242
242
242
242
242
242
242
242
242
242
242
242
242
242
242
242
242
242
242
242
242
242
242
242
242
242
242
243
245
247
245
243
242
242
242
242
242
242
242
244
247
249
250
249
247
245
245
246
246
244
242
242
242
242
242
242
242
242
242
242
242
242
242
242
242
242
242
242
242
242
242
242
242
242
242
242
242
242
242
242
242
242
242
242
242
242
242
242
242
242
242
242
242
242
242
242
242
242
242
242
242
242
242
242
242
242
242
242
242
242
242
242
242
242
242
242
242
242
242
242
242
242
242
242
242
242
242
242
242
242
242
242
242
242
242
242
242
242
242
242
242
242
243
245
247
245
243
242
242
242
242
242
242
242
242
242
242
242
242
242
242
242
242
242
242
242
242
242
242
242
242
242
242
242
242
242
243
250
237
241
237
250
243
242
242
242
242
242
246
242
236
230
231
229
236
245
245
235
235
243
251
247
244
243
242
242
242
242
242
242
242
242
242
242
242
242
242
242
242
242
242
242
242
242
242
242
242
242
242
242
242
242
242
242
242
242
242
242
242
242
242
242
242
242
242
242
242
242
242
242
242
242
242
242
242
242
242
242
242
242
242
242
242
242
242
242
242
242
242
242
242
242
242
243
245
247
246
245
242
242
242
242
242
242
242
242
242
242
242
242
242
242
242
242
242
242
242
242
242
242
242
242
242
242
242
242
242
242
242
242
242
242
242
242
242
242
244
246
246
244
242
242
242
242
242
243
250
244
219
93
212
237
245
242
242
242
242
247
243
233
165
157
159
156
161
230
230
161
159
228
230
236
242
250
247
244
243
242
242
242
242
243
245
247
245
243
242
242
242
242
242
242
242
242
242
242
242
242
242
242
242
242
242
242
242
242
242
242
242
242
242
242
242
242
242
242
242
242
242
242
242
242
242
242
242
242
242
242
242
242
242
242
242
242
242
242
242
242
242
242
242
242
242
245
236
231
233
242
249
244
242
242
242
243
245
247
245
243
242
242
242
243
244
245
244
243
242
242
242
242
242
242
242
242
242
242
242
242
242
242
242
242
242
242
242
244
237
233
235
242
249
244
242
242
242
245
237
219
69
72
93
241
247
242
242
243
246
243
234
153
145
138
140
140
146
154
155
144
146
152
151
159
227
234
238
242
246
242
242
242
243
250
237
241
237
250
243
242
242
242
242
242
242
242
242
242
242
242
242
242
242
242
242
242
242
242
242
242
242
242
242
242
242
242
242
242
242
242
242
242
242
242
242
242
242
242
242
242
242
242
242
242
242
242
242
242
242
242
242
242
242
242
242
248
234
152
154
225
237
237
244
242
243
250
237
241
237
250
243
242
243
241
241
237
244
245
247
244
242
242
242
242
242
242
242
242
242
242
242
242
242
242
242
242
242
247
235
163
155
225
239
240
247
242
242
247
241
93
72
69
219
237
245
242
242
244
242
233
152
147
144
148
147
145
140
136
134
136
138
137
136
144
153
165
176
235
245
246
242
243
250
244
219
93
212
237
245
242
242
242
242
242
242
242
242
242
242
242
242
242
242
244
247
249
249
247
244
242
242
242
242
242
242
242
242
242
242
242
242
242
242
242
242
242
242
242
242
242
242
242
242
242
242
242
242
242
242
242
242
242
242
242
242
249
227
151
138
148
169
237
249
244
250
244
219
93
212
237
245
242
247
239
201
191
196
230
240
243
247
243
242
242
242
242
242
242
242
242
242
242
242
242
242
242
242
249
228
152
140
150
159
231
244
248
245
247
238
212
93
219
244
250
243
242
242
246
240
176
149
143
148
148
146
151
156
159
158
157
160
152
146
139
142
141
148
168
234
240
244
245
237
219
69
72
93
241
247
242
242
242
242
242
242
242
242
242
242
242
242
242
244
237
235
228
228
235
239
244
242
242
242
242
242
242
242
242
242
242
242
242
242
242
242
242
242
242
242
242
242
242
242
242
242
242
242
242
242
242
242
242
242
242
242
250
231
157
135
137
148
226
245
250
238
219
69
72
93
241
247
247
244
229
156
143
154
160
177
229
239
242
243
242
242
242
242
242
242
242
242
242
242
242
242
242
242
249
228
154
134
138
143
152
238
237
242
237
252
237
241
237
250
243
242
242
242
247
230
175
140
145
147
144
148
172
230
233
231
231
233
226
161
153
149
143
144
145
164
239
249
247
241
93
72
69
219
237
245
242
242
242
242
242
242
242
242
242
242
242
242
242
247
235
166
153
154
167
235
247
242
242
242
242
242
242
242
242
242
242
242
242
242
242
242
242
242
242
242
242
242
242
242
242
242
242
242
242
242
242
242
242
242
242
242
248
229
165
142
148
145
156
233
245
244
93
72
69
219
238
250
243
235
156
147
142
143
142
148
154
202
240
247
242
242
242
242
242
242
242
242
242
242
242
242
242
242
247
235
168
150
150
142
145
161
221
175
236
252
247
247
245
243
242
242
242
242
247
238
161
148
145
145
149
162
237
248
251
250
250
251
243
240
227
159
147
144
139
150
227
245
251
241
217
97
220
244
250
243
242
242
242
242
242
242
242
242
242
242
242
242
242
249
228
154
132
133
155
228
249
242
242
242
242
242
242
242
242
242
242
242
242
242
242
243
245
247
245
243
242
242
242
242
242
242
242
242
242
242
242
242
242
242
242
242
247
234
186
222
158
144
142
162
242
243
213
93
219
245
253
245
234
156
146
144
147
148
147
144
143
152
229
241
244
242
242
242
242
242
242
242
242
242
242
242
242
242
244
237
239
233
164
149
138
153
143
156
217
239
237
244
242
242
242
242
242
242
244
242
226
153
144
143
156
232
248
247
242
242
242
243
244
249
244
235
169
149
144
147
155
235
250
247
237
237
244
251
243
242
242
242
242
242
242
242
242
242
242
242
242
242
242
250
231
160
139
141
161
231
250
242
242
242
242
242
242
242
242
242
242
242
242
242
243
250
237
241
237
250
243
242
242
242
242
242
242
242
242
242
242
242
242
242
242
242
244
237
244
241
228
146
131
150
228
253
241
242
237
253
244
234
155
145
140
142
143
144
145
146
146
147
162
240
249
242
242
242
242
242
242
242
242
242
242
242
242
242
242
246
254
246
217
78
139
146
146
145
147
170
235
247
242
242
242
242
242
242
243
251
234
162
143
144
155
231
247
247
242
242
242
242
242
242
246
244
239
179
150
139
146
172
241
226
97
217
239
247
242
242
242
242
242
242
242
242
242
242
242
242
242
242
242
250
231
160
141
142
161
232
250
242
242
242
242
242
242
242
242
242
242
242
242
243
250
244
219
93
212
237
245
242
242
242
242
242
242
242
242
242
242
242
242
242
242
242
243
243
245
251
238
167
148
152
156
235
244
249
247
245
234
154
143
137
146
153
170
154
146
141
145
140
150
225
242
244
242
242
242
242
242
242
242
242
242
242
242
242
242
245
238
221
76
73
93
230
166
148
132
152
225
248
242
242
242
242
242
242
242
249
228
159
138
144
149
157
235
244
246
242
242
242
242
242
242
246
248
231
156
143
146
158
211
77
73
93
241
247
242
242
242
242
242
242
242
242
242
242
242
242
242
242
242
250
231
158
144
139
160
231
254
243
242
242
242
242
242
242
242
242
242
242
242
245
237
219
69
72
93
241
247
242
242
242
242
242
242
242
242
242
242
242
242
242
242
242
242
242
242
245
237
239
220
151
139
162
237
248
248
240
181
144
148
151
161
229
237
227
164
152
152
143
147
164
240
249
242
242
242
242
242
242
242
242
242
242
242
242
242
247
241
93
72
71
228
236
230
145
146
161
239
248
242
242
242
242
242
242
242
247
236
160
146
144
143
148
155
233
240
244
242
242
242
242
242
243
252
237
170
138
147
151
83
73
72
219
237
245
242
242
242
242
242
242
242
242
242
242
242
242
242
242
242
250
232
162
142
133
87
213
241
246
242
242
242
242
242
242
242
242
242
242
242
247
241
93
72
69
219
237
245
242
242
242
242
242
242
242
242
242
242
242
242
242
245
246
246
245
242
242
245
252
236
161
132
154
230
251
243
228
153
136
153
220
241
242
252
243
242
222
156
142
141
151
224
242
244
242
242
242
242
242
242
242
242
242
242
242
243
248
241
216
95
219
251
247
167
146
142
221
234
247
242
242
242
242
242
242
242
244
240
233
156
147
143
144
145
165
241
251
244
243
242
242
242
244
243
231
157
132
82
123
117
86
223
244
250
243
242
242
242
242
244
247
248
249
250
249
247
246
246
247
247
251
232
152
127
68
69
97
237
249
242
242
242
242
242
242
242
242
242
242
242
245
237
212
93
219
244
250
243
242
242
242
242
242
242
242
242
242
242
242
242
245
237
232
232
237
244
242
242
247
239
178
140
156
231
254
237
164
146
147
169
244
252
244
243
245
254
239
164
144
145
145
160
236
246
242
242
242
242
242
242
242
242
242
242
243
250
238
249
232
249
239
254
233
159
136
157
167
246
246
242
242
242
242
242
242
242
242
246
244
235
155
147
143
139
151
222
241
241
245
242
242
242
249
242
162
137
68
71
85
145
237
242
250
243
242
242
242
244
248
242
239
231
231
231
229
237
245
244
235
235
247
246
164
81
70
63
147
230
252
242
242
242
242
242
242
242
242
242
242
242
243
250
237
241
237
250
243
242
242
242
242
242
242
242
242
242
242
242
242
242
247
233
159
165
240
252
247
244
245
245
229
147
153
231
254
230
157
136
142
221
234
247
242
242
244
244
228
158
142
143
143
165
235
246
242
242
242
242
242
242
242
242
242
243
250
244
219
95
216
242
252
248
230
157
136
154
225
247
245
242
242
242
242
242
242
242
242
242
246
243
235
158
149
142
149
155
180
238
249
247
245
247
245
230
151
75
72
68
140
226
246
249
243
242
242
242
246
241
241
229
175
163
158
159
157
163
230
230
155
160
229
242
225
145
82
131
154
228
247
245
242
242
242
242
242
242
242
242
242
242
242
243
245
247
245
243
242
242
242
242
242
242
242
242
242
242
242
242
242
242
249
228
148
142
222
234
237
242
249
254
237
154
150
232
254
232
161
137
155
159
244
246
242
242
249
240
167
148
142
148
158
233
241
244
242
242
242
242
242
242
242
242
242
245
237
219
69
72
93
244
245
235
163
151
131
87
215
241
246
242
242
242
242
242
242
242
242
242
242
247
245
227
152
139
146
142
149
189
231
239
245
247
236
159
148
131
82
134
153
196
243
245
242
242
242
245
242
231
167
167
150
140
142
139
138
144
153
153
145
145
153
173
228
161
145
134
84
149
235
248
242
242
242
242
242
242
242
242
242
242
242
242
242
242
242
242
242
242
242
242
242
242
242
245
247
245
243
242
242
242
249
228
152
138
152
164
163
235
240
246
223
149
153
233
252
228
155
138
152
224
240
244
242
246
244
227
150
138
139
151
229
245
246
242
242
242
242
242
242
242
242
242
242
247
241
93
72
69
220
243
243
166
143
134
63
74
98
242
247
242
242
242
242
242
242
242
242
242
242
242
249
239
155
139
138
140
145
150
156
173
238
238
177
149
146
145
145
139
153
180
240
245
242
242
243
245
235
158
145
141
147
147
148
144
148
145
145
134
139
140
138
149
151
153
137
71
63
91
229
251
242
242
242
242
242
242
242
242
242
242
242
242
242
242
242
242
242
242
242
242
242
242
242
235
241
237
250
243
242
242
247
235
168
147
147
137
146
161
225
172
165
144
154
234
246
175
147
136
162
232
251
246
249
246
236
158
145
149
154
189
238
248
242
242
242
242
242
242
242
242
242
242
242
245
237
212
93
219
247
251
228
153
139
75
69
75
220
237
245
242
242
242
242
242
242
242
242
242
242
242
245
241
233
152
158
160
153
143
142
146
160
222
156
142
147
147
147
153
162
233
242
243
242
244
249
244
195
147
141
145
144
143
138
140
154
225
167
157
161
154
145
138
143
144
80
73
63
149
228
251
242
242
242
242
242
242
242
242
242
242
242
242
242
242
242
242
242
242
242
242
242
242
242
212
93
212
237
245
242
242
244
239
239
219
151
140
144
152
149
152
140
145
164
244
236
160
137
146
156
237
249
237
237
226
160
144
134
151
220
241
241
244
242
242
242
242
242
242
242
242
242
242
242
243
250
237
241
238
254
241
167
146
148
140
97
222
244
250
243
242
242
242
242
242
242
242
242
242
243
246
252
249
244
229
228
214
153
144
148
142
152
150
154
145
148
149
159
181
236
242
246
242
244
241
239
226
157
145
146
144
148
154
160
149
234
240
239
229
233
228
164
159
155
147
131
81
130
161
234
251
242
242
242
242
242
242
242
242
242
242
242
242
242
242
242
242
242
242
242
242
242
242
242
70
72
93
241
247
243
245
247
247
252
241
164
146
143
145
147
146
141
153
227
252
233
158
135
153
226
243
251
237
167
150
148
148
150
171
239
251
244
242
242
242
242
242
242
242
242
242
242
242
242
242
243
245
247
247
245
226
150
136
156
218
241
238
250
243
242
242
242
242
242
242
242
242
242
243
250
238
237
222
188
229
176
159
154
147
148
148
147
146
147
148
143
170
194
241
245
246
242
242
247
236
186
153
150
144
142
148
156
230
231
236
241
249
248
249
251
242
237
232
231
163
147
146
138
163
232
250
242
242
242
242
242
242
242
242
242
242
242
242
242
242
242
242
242
242
242
242
242
242
73
70
69
219
237
247
250
237
241
237
252
242
233
157
150
150
151
147
139
159
232
254
232
158
135
164
239
255
250
227
148
137
142
153
219
239
238
244
242
242
242
242
242
242
242
242
242
242
242
242
242
242
242
242
242
249
240
166
144
142
167
242
252
246
243
242
242
242
242
242
242
242
242
242
243
250
244
222
95
127
156
150
149
141
145
144
142
142
143
146
146
149
147
146
233
249
248
243
242
242
250
234
161
140
145
143
146
156
235
246
251
247
245
242
242
242
242
244
247
250
248
231
155
146
142
159
231
250
242
242
242
242
242
242
242
242
242
242
242
242
242
242
242
242
242
242
242
242
242
242
242
95
219
244
251
251
244
219
93
212
238
250
247
233
151
144
147
149
147
164
236
254
231
158
135
156
223
238
230
160
149
142
147
167
241
251
244
242
242
242
242
242
242
242
242
242
242
242
242
242
242
242
242
242
246
244
228
148
143
157
233
241
244
242
242
242
242
242
242
242
242
242
242
242
245
237
219
73
63
71
141
149
146
147
143
149
154
162
156
147
140
146
142
152
185
239
243
246
243
246
245
228
153
143
146
150
159
235
243
247
242
242
242
242
242
242
242
242
242
242
251
233
161
141
140
159
231
250
242
242
242
242
243
245
247
245
243
242
242
242
242
242
242
242
242
242
242
242
242
242
242
235
237
250
247
237
219
69
72
93
241
249
254
237
153
74
135
167
162
233
241
252
231
159
139
152
155
157
154
149
139
142
148
229
242
244
242
242
242
242
242
242
244
246
246
244
242
242
242
242
242
242
242
244
241
233
156
143
149
229
245
246
242
242
243
245
247
245
243
242
242
242
242
242
247
241
95
80
68
144
145
150
147
145
148
161
229
236
227
165
151
149
143
147
150
160
233
242
249
242
233
156
149
146
142
156
229
247
246
242
242
242
242
242
242
242
242
242
242
242
250
231
159
142
141
160
233
251
242
242
242
243
250
237
241
237
250
243
242
242
242
242
242
242
242
242
242
242
242
242
242
245
245
243
247
241
93
72
69
219
237
248
239
215
73
64
80
173
235
246
246
251
231
159
140
146
142
142
141
141
147
150
201
239
247
242
242
242
242
242
242
245
239
233
233
238
244
242
242
242
242
242
242
249
239
165
144
139
161
236
250
242
242
243
250
237
241
237
250
243
242
242
242
242
245
237
215
95
203
153
149
149
144
148
159
235
247
252
243
240
227
157
146
142
142
146
155
234
247
240
163
144
144
147
140
159
232
251
242
242
242
242
242
242
242
242
242
242
242
242
250
231
159
140
144
153
228
243
244
242
243
250
244
219
93
212
237
245
242
242
242
242
242
242
242
242
242
242
242
242
242
244
246
246
247
238
212
93
219
244
250
248
242
98
74
63
132
158
236
251
242
249
229
157
139
148
148
148
146
150
161
234
242
242
243
242
242
242
242
242
243
245
235
158
163
235
247
242
242
242
242
242
246
244
228
150
136
147
192
239
246
242
243
250
244
219
93
212
237
245
242
242
242
242
243
250
241
235
155
154
146
144
146
155
235
243
246
243
244
249
245
234
161
148
145
141
145
163
247
235
159
141
149
148
140
148
230
250
242
242
242
242
242
242
242
242
242
242
242
242
250
231
160
141
147
147
163
237
247
242
245
237
219
69
72
93
241
247
242
242
242
242
242
242
242
242
242
242
242
242
242
237
233
234
242
253
238
243
240
254
247
247
237
217
89
138
138
163
231
250
242
247
237
163
146
144
148
144
156
150
235
240
254
245
242
242
242
242
242
242
247
242
194
139
152
231
251
242
242
242
242
246
244
235
157
144
143
159
236
245
243
242
245
237
219
69
72
93
241
247
242
242
242
242
242
243
250
239
161
146
141
149
159
235
243
246
242
242
242
242
246
243
236
179
149
140
139
149
214
229
158
143
148
148
139
159
227
249
242
242
242
242
242
242
242
242
242
242
242
242
250
232
162
144
148
139
157
229
249
242
247
241
93
72
69
219
237
245
242
242
242
242
242
242
242
242
242
242
242
242
242
235
164
153
234
247
253
254
234
237
235
254
254
245
230
152
140
160
231
250
242
244
242
226
150
142
147
158
161
213
95
217
238
245
242
242
242
242
242
247
244
231
155
140
149
225
242
243
242
242
244
243
235
163
143
144
154
235
242
245
242
242
247
241
93
72
69
219
237
245
242
242
242
242
242
242
244
243
227
153
138
155
229
247
246
243
242
242
242
242
242
246
245
237
179
153
149
146
160
171
153
143
149
145
149
164
237
247
242
242
242
242
242
242
242
242
242
242
243
247
254
232
160
135
150
141
160
231
250
242
245
237
212
93
219
244
250
243
242
242
242
242
242
242
242
242
242
242
242
242
242
227
150
134
157
230
233
241
231
115
205
226
241
255
245
167
136
160
231
250
242
242
249
240
165
149
145
151
209
74
77
95
241
247
242
242
242
242
244
241
233
157
146
136
150
166
243
244
242
242
248
240
181
147
137
150
227
245
247
242
242
242
245
237
212
93
219
244
250
243
242
242
242
242
242
242
242
251
233
162
135
161
233
251
242
242
242
242
242
242
242
242
245
241
241
221
152
137
149
141
120
142
151
144
154
227
243
244
242
242
242
242
242
242
242
243
247
251
254
239
231
202
95
139
149
139
158
231
250
242
243
250
237
241
237
250
243
242
242
242
242
242
242
242
242
242
242
243
243
242
242
238
165
141
146
150
162
186
229
234
107
110
216
220
215
156
143
167
240
254
247
243
244
242
226
152
142
155
85
80
79
224
239
246
242
242
244
247
252
241
162
143
139
145
154
230
240
243
242
244
244
228
154
142
149
167
241
249
242
242
242
242
243
250
237
241
237
250
243
242
242
242
242
242
242
242
242
250
231
160
133
162
233
251
242
242
242
242
242
242
242
242
243
244
251
241
165
148
149
139
118
141
152
141
161
234
251
242
242
242
243
247
251
254
254
254
243
229
211
214
112
99
146
139
150
139
159
231
250
242
242
243
245
247
245
243
242
242
242
242
242
242
242
242
242
242
243
250
243
242
242
248
232
143
75
129
135
153
228
237
217
217
101
110
95
139
123
125
198
229
239
254
254
255
250
170
149
141
130
82
208
239
249
250
247
250
244
237
233
222
153
137
145
154
234
242
246
242
242
248
240
171
150
139
155
229
248
246
242
242
242
242
242
243
245
247
245
243
242
242
242
242
242
242
242
242
242
249
229
155
132
153
228
246
247
242
242
242
242
242
242
242
242
242
244
243
225
148
146
140
113
139
149
141
160
233
253
251
254
254
254
239
224
205
209
217
208
107
104
116
220
210
151
144
150
140
158
231
250
242
242
242
242
242
242
242
242
242
242
242
242
242
242
242
242
242
245
237
223
73
242
241
217
72
62
78
144
151
153
169
233
170
203
133
127
81
85
98
108
110
212
209
207
208
224
223
165
153
151
162
159
172
243
244
243
235
229
162
160
155
150
146
157
236
245
250
247
245
246
243
227
154
141
132
87
215
241
246
242
242
242
242
242
242
242
242
242
242
242
242
242
242
242
242
242
242
242
247
237
157
142
146
159
235
243
246
243
242
242
242
242
242
243
245
247
251
242
163
155
144
115
114
152
151
169
244
247
224
205
207
209
212
108
112
120
113
84
65
178
219
250
240
156
140
150
141
160
231
250
242
242
242
242
242
242
242
242
242
242
242
242
242
242
242
242
242
247
241
112
73
242
242
96
78
74
150
147
142
139
148
146
162
156
163
143
139
144
211
214
213
108
111
113
112
114
209
139
126
133
133
127
130
146
217
165
184
162
152
146
150
146
161
240
254
255
242
243
238
254
243
167
143
131
61
73
98
242
247
242
242
242
242
242
242
242
242
242
242
242
242
242
242
242
242
242
242
242
244
243
227
151
140
147
154
236
249
255
254
254
254
254
254
254
241
244
244
255
232
151
125
98
98
129
128
134
204
217
108
111
113
111
108
212
212
203
183
51
70
108
251
254
234
149
141
149
142
159
231
250
242
242
242
242
242
242
242
242
242
242
242
242
242
242
242
242
242
245
237
223
73
242
237
212
95
217
233
161
145
141
146
144
144
142
143
147
161
241
252
254
239
224
205
207
209
215
105
97
86
83
88
88
86
92
87
138
129
131
129
129
127
119
129
204
220
223
210
103
218
244
233
160
155
93
90
88
234
251
254
254
254
254
254
254
254
254
254
254
254
254
254
254
254
254
254
254
254
254
254
255
243
169
146
151
151
142
217
212
208
207
207
209
212
222
208
100
203
222
208
97
82
81
81
85
95
104
113
113
212
209
207
205
224
239
255
254
107
81
73
221
238
251
231
165
143
150
140
159
231
250
242
242
242
242
242
242
242
242
242
242
242
242
242
242
242
242
242
243
250
243
242
242
250
237
242
241
250
234
162
152
145
138
139
144
149
161
234
244
246
244
247
251
254
254
254
240
229
207
148
138
136
131
133
131
131
86
88
90
87
95
98
101
104
112
104
94
66
69
75
164
146
132
130
174
67
185
212
215
209
207
207
207
207
207
207
207
207
207
207
207
207
207
207
207
207
207
207
207
207
213
200
122
119
129
127
132
98
114
119
115
113
115
102
94
61
81
87
125
105
149
128
99
99
128
137
198
208
225
243
254
254
254
251
247
247
237
212
94
221
249
254
246
200
159
148
150
142
159
231
250
242
242
242
242
242
242
242
242
242
242
242
242
242
242
242
242
242
242
243
243
242
242
243
245
247
246
248
240
239
226
159
149
161
160
193
236
242
246
242
242
242
242
242
242
243
247
252
248
249
227
161
148
154
156
149
141
132
130
122
134
204
219
212
215
206
72
67
63
84
78
84
87
107
106
114
107
120
114
113
113
113
113
113
113
113
113
113
113
113
113
113
113
113
113
113
113
113
113
113
115
107
104
92
93
86
82
133
193
205
206
212
213
205
72
60
77
214
220
213
158
147
112
113
147
164
169
193
244
249
250
245
243
242
242
244
251
240
249
239
246
236
227
160
143
146
146
143
160
231
250
242
242
242
242
242
242
242
242
242
242
242
242
242
242
242
242
242
242
242
242
242
242
242
242
242
242
242
244
249
242
235
228
229
234
239
245
245
242
242
242
242
242
242
242
242
242
242
244
251
240
166
143
140
144
145
149
145
155
155
167
245
254
254
254
249
222
109
205
152
128
134
142
213
216
213
211
209
207
207
207
207
207
207
207
207
207
207
207
207
207
207
207
207
207
207
207
207
207
207
209
210
215
214
154
132
134
152
164
176
248
254
255
254
230
108
226
248
248
187
160
144
107
110
142
148
144
147
182
231
247
239
254
250
250
250
249
244
240
231
176
163
159
152
132
79
132
133
155
228
249
242
242
242
243
245
247
245
243
242
242
242
242
242
242
242
242
242
242
242
242
242
242
242
242
242
242
242
242
243
245
247
249
249
248
246
243
242
242
242
242
242
242
242
242
242
242
242
242
244
241
232
167
158
154
160
154
158
161
223
236
236
245
242
243
250
239
245
224
164
144
160
236
252
254
254
254
254
254
254
254
254
254
254
254
254
254
254
254
254
254
254
254
254
254
254
254
254
254
254
254
254
254
253
243
179
152
142
137
144
157
229
236
240
226
234
225
190
158
151
149
143
108
105
143
151
148
148
157
206
104
211
231
232
231
232
231
194
164
153
148
141
137
131
63
73
89
159
169
235
247
242
242
243
250
237
241
237
250
243
242
242
242
242
242
242
242
242
242
242
242
242
242
242
242
242
242
242
242
242
242
242
242
242
242
242
242
242
242
242
242
242
242
242
242
242
242
242
242
242
246
242
237
231
227
185
228
230
237
242
249
245
243
242
242
243
249
241
162
142
141
174
240
248
242
242
242
242
242
242
242
242
242
242
242
242
242
242
242
242
242
242
242
242
242
242
242
242
242
242
242
242
242
246
243
237
196
151
143
136
148
153
165
159
162
169
160
150
143
145
150
143
110
111
147
151
150
144
144
70
78
85
161
165
160
160
157
144
139
135
136
145
153
83
75
77
219
229
236
237
244
242
243
250
244
219
93
212
237
245
242
242
242
242
242
242
242
242
242
242
242
242
242
242
242
242
242
242
242
242
242
242
242
242
242
242
242
242
242
242
242
242
242
242
242
242
242
242
242
242
242
244
247
250
244
245
244
250
247
244
242
242
242
242
242
242
246
235
156
142
152
233
241
244
242
242
242
242
242
242
242
242
242
242
242
242
242
242
242
242
242
242
242
242
242
242
242
242
242
242
242
242
242
243
245
245
242
228
158
148
146
136
138
136
136
138
141
144
148
148
148
141
114
140
148
150
151
148
80
69
66
132
141
141
140
136
131
142
151
159
159
165
196
211
100
221
247
253
247
244
242
242
245
237
219
69
72
93
241
247
242
242
242
242
242
242
242
242
242
242
242
242
242
242
242
242
242
242
242
242
242
242
242
242
242
242
242
242
242
242
242
242
242
242
242
242
242
242
242
242
242
242
242
242
243
243
243
242
242
242
242
242
242
242
242
242
244
241
228
156
229
243
246
242
242
242
242
242
242
242
242
242
242
242
242
242
242
242
242
242
242
242
242
242
242
242
242
242
242
242
242
242
242
242
242
243
248
241
239
224
159
151
144
143
155
154
147
141
145
143
149
143
147
138
144
140
142
139
128
74
129
142
144
140
146
153
158
164
228
233
230
234
246
237
243
237
250
243
242
242
242
242
247
241
93
72
69
219
237
245
242
242
242
242
242
242
242
242
242
242
242
242
242
242
242
242
242
242
242
242
242
242
242
242
242
242
242
242
242
242
242
242
242
242
242
242
242
242
242
242
242
242
242
242
242
242
242
242
242
242
242
242
242
242
242
242
242
247
238
241
238
247
242
242
242
242
242
242
242
242
242
242
242
242
242
242
242
242
242
242
242
242
242
242
242
242
242
242
242
242
242
242
242
242
242
242
242
244
249
242
240
224
155
158
230
229
164
150
145
140
152
226
171
168
161
159
160
163
156
160
156
161
160
157
163
228
232
237
243
251
249
248
247
247
247
245
243
242
242
242
242
242
245
237
212
93
219
244
250
243
242
242
242
242
242
242
242
242
242
242
242
242
242
242
242
242
242
242
242
242
242
242
242
242
242
242
242
242
242
242
242
242
242
242
242
242
242
242
242
242
242
242
242
242
242
242
242
242
242
242
242
242
242
242
242
242
242
243
244
245
244
243
242
242
242
242
242
242
242
242
242
242
242
242
242
242
242
242
242
242
242
242
242
242
242
242
242
242
242
242
242
242
242
242
242
242
242
242
242
244
249
241
235
235
245
245
241
225
160
147
234
240
240
231
231
230
231
232
232
233
232
232
231
229
237
243
250
247
244
242
242
242
242
242
242
242
242
242
242
242
242
242
243
250
237
241
237
250
243
242
242
242
242
242
242
242
242
242
242
242
242
242
242
242
242
242
242
242
242
242
242
242
242
242
242
242
242
242
242
242
242
242
242
242
242
242
242
242
242
242
242
242
242
242
242
242
242
242
242
242
242
242
242
242
242
242
242
242
242
242
242
242
242
242
242
242
242
242
242
242
242
242
242
242
242
242
242
242
242
242
242
242
242
242
242
242
242
242
242
242
242
242
242
242
242
242
242
242
242
242
243
245
247
247
246
245
249
242
235
234
240
249
247
248
251
252
254
252
251
250
250
250
250
249
247
244
242
242
242
242
242
242
242
242
242
242
242
242
242
242
242
242
242
243
245
247
245
243
242
242
242
242
242
242
242
242
242
242
242
242
242
242
242
242
242
242
242
242
242
242
242
242
242
242
242
242
242
242
242
242
242
242
242
242
242
242
242
242
242
242
242
242
242
242
242
242
242
242
242
242
242
242
242
242
242
242
242
242
242
242
242
242
242
242
242
242
242
242
242
242
242
242
242
242
242
242
242
242
242
242
242
242
242
242
242
242
242
242
242
242
242
242
242
242
242
242
242
242
242
242
242
242
242
242
242
242
242
244
246
247
245
243
242
243
250
237
241
237
250
245
245
247
245
243
242
242
242
242
242
242
242
242
242
242
242
242
242
242
242
242
242
242
242
242
242
242
242
242
242
242
242
242
242
242
242
242
242
242
242
242
242
242
242
242
242
242
242
242
242
242
242
242
242
242
242
242
242
242
242
242
242
242
242
242
242
242
242
242
242
242
242
242
242
242
242
242
242
242
242
242
242
242
242
242
242
242
242
242
242
242
242
242
242
242
242
242
242
242
242
242
242
242
242
242
242
242
242
242
242
242
242
242
242
242
242
242
242
242
242
242
242
242
242
242
242
242
242
242
242
242
242
242
242
242
242
242
242
242
242
242
242
242
243
250
244
219
93
212
238
252
237
241
237
250
243
242
242
242
242
242
242
242
242
242
242
242
242
242
242
242
242
242
242
242
242
242
242
242
242
242
242
242
242
242
242
242
242
242
242
242
242
242
242
242
242
242
242
242
242
242
242
242
242
242
242
242
242
242
242
242
242
242
242
242
242
242
242
242
242
242
242
242
242
242
242
242
242
242
242
242
242
242
242
242
242
242
242
242
242
242
242
242
242
242
242
242
242
242
242
242
242
242
242
242
242
242
242
242
242
242
242
242
242
242
242
242
242
242
242
242
242
242
242
242
242
242
242
242
242
242
242
242
242
242
242
242
242
242
242
242
242
242
243
243
230
86
76
92
237
246
223
112
223
243
243
242
242
242
242
242
242
242
242
242
242
242
242
242
242
242
242
242
242
242
242
242
242
242
242
242
242
242
242
242
242
242
242
242
242
242
242
242
242
242
242
242
242
242
242
242
242
242
242
242
242
242
242
242
242
242
242
242
242
242
242
242
242
242
242
242
242
242
242
242
242
242
242
242
242
242
242
242
242
242
242
242
242
242
242
242
242
242
242
242
242
242
242
242
242
242
242
242
242
242
242
242
242
242
242
242
242
242
242
242
242
242
242
242
242
242
242
242
242
242
242
242
242
242
242
242
242
242
242
242
242
242
242
242
242
242
242
242
242
242
73
73
73
242
242
242
73
73
73
242
242
242
242
242
242
242
242
242
242
242
242
242
242
242
242
242
242
242
242
242
242
242
242
242
242
242
242
242
242
242
242
242
242
242
242
242
242
242
