87
87
244
244
244
244
244
87
244
244
244
244
244
250
191
136
139
138
140
140
140
139
131
191
250
244
244
244
244
244
87
87
87
244
244
244
244
244
244
244
244
244
244
244
244
244
244
244
244
244
244
244
244
244
244
244
244
244
244
244
244
244
244
244
244
244
244
244
244
244
244
244
244
244
244
244
244
244
244
244
244
244
244
244
244
244
244
244
244
244
244
244
244
244
244
244
244
244
244
244
244
244
244
244
244
244
244
244
244
244
244
244
244
244
244
244
244
244
244
244
244
244
244
244
244
244
244
244
244
244
244
244
244
244
244
244
244
244
244
244
244
244
244
244
244
244
244
244
244
244
87
233
245
248
237
216
84
84
108
237
247
247
246
196
138
135
139
139
138
139
138
137
137
184
237
241
245
245
245
245
227
122
227
245
245
244
244
244
244
244
244
244
244
244
244
244
244
244
244
244
244
244
244
244
244
244
244
244
244
244
244
244
244
244
244
244
244
244
244
244
244
244
244
244
244
244
244
244
245
251
239
244
239
251
245
244
244
244
244
244
244
244
244
244
244
244
244
244
244
244
244
244
244
244
244
244
244
244
244
244
244
244
244
244
244
244
244
244
244
244
244
244
244
244
244
244
244
244
244
244
244
244
244
245
251
245
219
101
213
237
247
244
244
244
244
244
244
244
244
244
244
245
251
250
244
106
86
83
222
239
246
249
246
195
134
131
139
139
139
140
141
137
140
140
157
221
249
245
245
251
239
244
239
251
245
244
244
244
244
244
244
244
244
244
244
244
244
244
244
244
244
244
244
244
244
244
244
244
244
244
244
244
244
244
244
244
244
244
244
244
244
244
244
244
244
244
244
245
251
247
222
106
216
239
247
244
244
244
244
244
244
244
244
244
244
244
244
244
244
244
244
244
244
244
244
244
244
244
244
244
244
244
244
244
244
244
244
244
244
244
244
244
244
244
244
244
244
244
244
244
244
244
244
247
239
222
83
86
106
244
248
244
244
244
244
244
244
244
244
244
244
245
245
247
239
216
106
222
247
251
245
249
247
192
130
125
133
131
133
134
134
136
137
128
139
208
249
246
244
245
247
248
247
245
244
244
244
244
244
244
244
244
244
244
244
244
244
244
244
244
244
244
244
244
244
244
244
244
244
244
244
244
244
244
244
244
244
244
244
245
247
248
247
245
244
244
244
247
239
222
83
86
106
244
248
244
244
244
244
244
244
244
244
244
244
244
244
244
244
244
244
244
244
244
244
244
244
244
244
244
244
244
244
244
244
244
244
244
244
244
244
244
244
244
244
244
244
244
244
244
244
244
244
248
244
106
86
83
222
239
247
244
244
244
244
244
244
244
244
244
244
244
244
245
251
239
244
239
251
245
244
248
248
203
151
138
143
145
154
153
145
139
136
131
140
209
250
247
244
244
244
244
244
244
244
244
244
244
244
244
244
244
244
244
244
244
244
244
244
244
244
244
244
244
244
244
245
246
247
247
249
250
250
247
245
244
244
244
245
251
239
245
242
254
250
250
252
254
251
111
87
83
222
239
247
244
244
244
244
244
244
244
244
244
244
244
244
244
244
244
244
244
244
244
244
244
244
244
244
244
244
244
244
244
244
244
244
244
244
244
244
244
244
244
244
244
244
244
244
244
244
244
244
247
239
216
106
222
247
251
245
244
244
244
244
244
244
244
244
244
244
244
244
244
245
247
248
247
247
247
248
248
245
239
234
228
178
215
236
237
215
144
137
127
141
209
250
247
244
244
244
244
244
244
244
244
244
244
244
244
244
244
244
244
244
244
244
244
244
244
244
244
244
244
245
247
250
243
248
244
246
231
233
242
248
245
244
245
251
247
223
111
214
241
239
241
231
233
229
212
109
226
247
251
245
244
244
244
244
244
244
244
244
244
244
244
244
244
244
244
244
244
244
244
244
244
244
244
244
244
244
244
244
244
244
244
244
244
244
244
244
244
244
244
244
244
244
244
244
244
244
244
244
245
251
239
244
239
251
245
244
244
244
244
244
244
244
244
244
244
244
244
244
244
244
244
244
245
251
239
244
239
253
249
252
247
247
245
253
254
250
215
146
132
140
211
253
248
244
244
244
244
244
244
244
244
244
244
244
244
244
244
244
244
244
244
244
244
246
247
249
250
249
250
253
246
242
212
174
234
198
144
144
216
247
250
247
248
240
224
88
88
93
156
217
161
148
152
153
186
242
241
252
245
244
244
244
244
244
244
244
244
244
244
244
244
244
244
244
244
244
244
244
244
244
244
244
244
244
244
244
244
244
244
244
244
244
244
244
244
244
244
244
244
244
244
244
244
244
244
244
244
244
244
245
247
248
247
245
244
244
244
244
244
244
244
244
244
244
244
244
244
244
244
244
244
245
251
247
222
106
216
239
247
245
245
246
246
245
247
250
240
193
124
133
204
243
247
244
244
244
244
245
246
246
246
245
244
244
244
244
244
244
244
244
245
247
250
252
242
234
232
238
238
236
226
159
140
145
143
143
132
130
142
217
240
242
253
245
113
85
76
120
137
138
139
129
130
129
143
211
255
254
252
251
249
246
245
244
244
244
244
244
244
244
244
244
244
244
244
244
244
244
244
244
244
244
244
244
244
244
244
244
244
244
244
244
244
244
244
244
244
244
244
244
244
244
244
244
244
244
244
244
244
244
244
244
244
244
244
244
244
244
244
244
244
244
244
244
244
244
244
244
245
247
248
250
241
222
83
86
106
244
248
244
244
244
244
244
246
251
215
144
132
139
163
234
248
244
244
244
246
250
245
243
239
244
245
244
244
244
244
244
244
244
247
238
236
232
206
148
176
228
200
154
142
139
131
133
133
135
136
134
139
139
173
241
255
239
182
87
131
140
139
138
137
139
141
134
142
199
244
236
230
232
238
244
248
245
244
244
244
244
244
244
244
244
244
244
244
244
244
244
244
244
244
244
244
244
244
244
244
244
244
244
244
244
244
244
244
244
244
244
244
244
244
244
244
244
244
244
244
244
244
244
244
244
244
244
244
244
244
244
244
244
244
244
244
244
244
244
244
245
251
239
244
244
251
108
86
83
222
239
247
244
244
244
244
244
246
250
208
142
125
135
204
243
247
244
244
247
246
243
231
178
216
248
245
244
244
244
244
244
244
245
252
236
156
146
140
131
178
228
168
131
131
136
139
140
140
139
139
138
136
128
151
230
252
207
144
140
137
142
139
137
138
139
139
132
135
193
182
152
150
148
168
239
247
248
244
244
244
244
244
244
244
244
244
244
244
244
244
244
244
244
244
244
244
244
244
244
244
245
246
246
245
245
244
244
244
244
244
244
244
244
244
244
244
244
244
244
244
244
244
244
244
244
244
244
244
244
244
244
244
244
244
244
244
244
244
244
245
251
247
222
106
219
235
219
106
222
247
251
245
244
244
244
244
244
247
251
210
147
124
141
211
251
248
244
246
249
245
201
136
144
211
249
247
244
244
244
244
244
244
247
244
222
139
126
133
140
150
153
147
138
137
136
132
132
132
135
137
139
138
133
153
213
161
140
137
134
134
130
138
135
141
135
140
123
109
125
140
128
122
122
131
165
241
245
245
244
244
244
244
244
244
244
244
244
244
244
244
244
244
244
244
244
245
245
247
248
250
251
245
247
247
253
250
248
246
244
244
244
244
244
244
244
244
244
244
244
244
244
244
244
244
244
244
244
244
244
244
244
244
244
244
244
244
244
244
244
247
239
222
83
86
108
251
244
244
239
251
245
244
244
244
244
244
244
248
252
212
142
124
139
208
249
247
245
248
247
204
139
125
137
213
250
247
244
244
244
244
244
244
249
242
157
137
136
139
140
138
133
131
132
132
139
145
152
152
147
140
139
141
138
144
139
138
126
132
142
153
147
151
217
162
146
142
115
96
111
137
144
153
146
138
135
182
248
249
244
244
244
244
244
244
244
244
244
244
244
244
244
244
244
245
245
248
243
246
240
240
234
218
182
231
232
235
243
251
250
247
245
244
244
244
244
244
244
244
244
244
244
244
244
244
244
244
244
244
244
244
244
244
244
244
244
244
244
244
244
248
244
106
86
83
222
241
250
248
247
245
244
244
244
244
244
244
244
247
244
205
134
130
154
221
249
247
247
244
210
136
136
128
144
215
251
247
244
244
244
244
244
244
251
232
155
129
137
140
139
133
136
143
161
155
162
229
239
239
192
137
134
143
139
135
133
140
148
155
194
235
231
239
238
247
221
140
105
101
128
152
217
241
221
140
126
178
245
252
244
244
244
244
244
244
244
244
244
244
244
244
244
244
244
245
242
245
239
192
214
170
151
144
146
146
151
148
202
233
239
244
251
247
245
244
244
244
244
244
244
244
244
244
244
245
247
248
247
245
244
244
244
244
244
244
244
244
244
244
244
247
239
216
106
222
247
251
245
244
244
244
244
244
244
244
244
244
246
252
226
151
130
130
195
244
249
245
250
227
150
133
131
126
137
211
250
247
244
244
244
244
244
244
252
235
158
132
138
136
138
140
144
208
237
233
240
248
255
254
193
94
128
139
138
134
138
166
234
238
243
250
254
251
250
254
244
193
90
94
175
243
248
255
233
144
122
171
241
251
250
247
245
244
244
244
244
244
244
244
244
244
244
244
245
251
250
205
195
174
136
136
129
127
126
124
122
129
141
145
153
221
240
241
246
244
244
244
244
244
244
244
244
244
245
251
239
244
239
251
245
244
244
244
244
244
244
244
244
244
244
245
251
239
244
239
251
245
244
244
244
244
244
244
245
245
247
249
253
248
214
135
129
144
209
252
248
245
250
220
146
130
145
144
154
220
249
245
244
244
244
244
245
246
254
240
160
131
136
136
139
187
241
245
251
251
249
249
242
222
91
81
91
139
137
139
159
242
250
252
248
246
244
244
245
253
230
142
95
101
189
254
253
250
233
152
132
140
199
245
248
239
251
245
244
244
244
244
244
244
244
244
244
244
245
241
234
187
137
137
136
131
142
149
155
153
149
139
129
125
133
138
171
239
249
244
244
244
244
244
244
244
244
245
251
247
222
106
216
239
247
244
244
244
244
244
244
244
244
244
244
244
245
247
248
247
245
244
244
244
244
246
248
250
254
247
249
238
243
221
147
134
128
185
241
249
244
245
253
223
142
127
181
232
237
239
245
244
244
244
244
244
246
242
242
224
152
132
135
142
191
247
250
249
245
244
244
248
244
108
91
77
129
132
140
152
236
247
248
245
244
244
244
244
248
253
219
130
84
115
198
251
249
247
245
218
134
134
186
223
111
216
239
247
244
244
244
244
244
244
244
244
244
246
251
221
154
139
137
133
149
138
162
224
242
236
237
196
152
145
135
122
150
231
250
244
244
244
244
244
244
244
244
247
239
222
83
86
106
244
248
244
244
244
244
244
244
244
244
244
244
244
244
244
244
244
244
244
244
244
245
245
238
234
232
232
176
212
165
142
137
129
141
199
252
249
246
252
250
216
135
140
202
254
253
247
245
244
244
244
244
244
249
244
180
142
142
133
141
181
247
248
247
244
244
244
244
247
239
221
110
167
138
138
149
233
246
248
245
244
244
244
244
244
248
246
207
105
88
116
199
249
248
245
253
225
146
129
170
87
90
106
244
248
244
244
244
244
244
244
244
244
244
248
242
205
131
130
138
137
143
190
107
220
249
255
255
243
224
172
151
153
174
239
249
244
244
244
244
244
244
244
244
248
244
106
86
83
222
239
247
244
244
244
244
244
244
244
244
244
244
244
244
244
244
244
244
244
244
244
248
251
213
152
150
147
147
136
139
131
132
137
183
243
246
250
244
242
224
145
133
172
241
249
245
244
244
244
244
244
244
243
251
239
169
128
132
130
161
236
250
247
244
244
244
244
244
246
254
246
243
176
134
139
220
247
249
245
244
244
244
244
244
244
251
234
143
99
94
127
208
253
247
245
253
225
148
129
87
84
88
223
239
247
244
244
244
244
244
244
244
244
244
250
225
151
136
133
141
134
138
79
95
109
246
254
248
234
107
97
210
225
240
242
246
244
244
244
244
244
244
244
244
247
239
216
106
224
249
254
248
245
244
244
244
244
244
244
244
244
244
244
244
244
244
244
244
244
244
244
247
242
197
128
127
133
134
136
136
136
140
177
245
248
250
245
235
162
146
135
128
179
246
251
244
244
244
244
244
244
244
243
252
243
172
133
130
138
173
247
251
244
244
244
244
244
244
245
250
250
202
142
130
143
221
252
246
244
244
244
244
244
244
244
252
225
138
91
91
163
241
251
248
247
242
214
139
127
120
100
229
249
251
245
244
244
244
244
244
244
244
244
246
252
220
144
129
139
151
209
110
90
92
225
243
242
224
92
69
83
116
251
253
246
245
244
244
244
244
244
244
244
244
245
251
239
245
247
247
245
239
251
245
244
244
244
244
244
244
244
244
244
244
244
244
244
244
244
244
244
250
218
144
133
135
140
140
140
139
133
162
238
250
247
249
243
165
132
131
135
142
189
254
253
245
244
244
244
244
244
244
244
253
244
175
130
136
157
239
244
246
244
244
244
244
244
244
247
243
203
136
133
133
149
227
250
244
244
244
244
244
244
244
245
254
230
142
96
101
128
208
252
253
255
247
162
145
136
145
208
252
254
245
244
244
244
244
244
244
244
244
244
248
245
216
140
131
134
192
230
211
96
219
247
255
247
110
78
68
92
224
239
247
244
244
244
244
244
244
244
244
244
244
244
245
248
254
249
224
106
216
239
247
244
244
244
244
244
244
244
244
244
244
244
244
244
244
244
244
244
250
216
142
131
133
137
136
138
136
135
168
242
252
244
249
243
166
134
132
133
160
225
233
241
244
245
244
244
244
244
244
247
251
241
168
126
145
230
248
248
245
244
244
244
244
244
245
250
217
141
133
131
137
209
245
248
244
244
244
244
244
244
245
249
248
226
132
97
109
134
143
206
237
235
228
207
133
131
177
237
250
253
250
247
245
244
244
244
244
244
244
244
251
232
153
137
136
142
150
162
151
149
153
235
247
242
228
100
102
230
249
254
248
245
244
244
244
244
244
244
244
244
244
244
244
247
239
222
83
86
106
244
248
244
244
244
244
244
244
244
244
244
244
244
244
244
244
244
244
244
247
242
209
154
157
140
143
139
137
135
169
242
253
244
246
246
239
162
140
134
145
147
153
204
247
247
244
244
244
244
245
245
243
180
139
127
152
233
253
245
244
244
244
244
244
244
248
252
213
142
131
132
144
216
252
248
244
244
244
244
244
244
247
246
234
153
130
99
113
134
141
143
151
152
151
152
143
138
145
156
212
234
240
244
251
247
245
244
244
244
244
245
253
226
147
128
135
132
127
131
132
134
139
143
174
242
241
233
237
250
247
245
239
251
245
244
244
244
244
244
244
244
244
244
244
248
244
106
86
83
222
239
247
244
244
244
244
244
244
244
244
244
244
244
244
244
244
244
244
244
246
247
244
238
191
199
164
133
136
134
161
235
248
246
244
251
243
224
147
136
139
122
131
193
248
248
244
244
244
244
248
249
191
138
130
134
155
237
250
244
244
244
244
244
244
244
248
245
207
133
135
132
141
213
249
247
244
244
244
244
244
245
246
239
159
137
132
130
119
139
134
132
132
130
132
134
138
137
134
137
144
154
156
222
241
243
248
245
244
244
244
247
246
222
140
131
143
152
150
140
131
128
127
126
134
140
192
253
255
253
224
106
216
239
247
244
244
244
244
244
244
244
244
244
244
247
239
216
106
222
247
251
245
244
244
244
244
244
244
244
244
244
244
244
244
244
244
244
244
244
244
245
249
245
249
244
173
139
134
133
141
182
250
250
244
250
242
159
157
209
150
128
133
198
248
248
244
244
244
244
251
247
189
134
128
143
222
245
247
244
244
244
244
244
244
244
250
227
150
134
132
134
149
220
251
245
244
244
244
244
244
247
245
192
143
131
133
168
203
152
140
134
134
138
139
141
139
139
138
136
135
131
137
141
164
236
245
246
244
244
244
250
239
157
134
137
180
240
237
174
148
151
153
153
142
134
132
196
239
224
84
86
106
244
248
244
244
244
244
244
244
244
244
244
244
245
251
239
244
239
251
245
244
244
244
244
244
244
244
244
244
244
244
244
244
244
244
244
244
244
244
244
245
247
252
251
243
170
140
131
130
167
237
247
246
252
235
150
151
234
221
136
144
203
250
247
244
244
244
244
248
242
184
132
128
149
227
253
245
244
244
244
244
244
244
246
252
222
146
128
136
141
208
245
246
244
244
244
244
244
244
252
244
178
136
132
143
180
248
245
188
147
145
138
137
136
135
133
129
131
133
134
133
130
136
170
248
251
244
244
244
251
230
151
123
167
242
254
250
240
232
231
234
237
207
137
127
146
207
110
88
83
222
239
247
244
244
244
244
244
244
244
244
244
244
244
245
247
248
247
245
244
244
244
244
244
244
244
244
244
244
244
244
244
244
244
244
244
244
244
244
244
245
251
240
247
243
247
165
140
132
140
188
250
251
247
228
152
158
245
250
199
185
240
246
244
244
244
244
247
251
202
142
132
135
154
232
251
244
244
244
244
244
244
244
248
245
216
141
130
134
193
245
251
245
244
244
244
244
244
246
248
236
159
132
128
155
234
252
252
243
228
155
133
136
143
154
157
151
148
166
153
141
133
128
158
234
247
246
244
245
254
234
153
128
175
247
254
247
248
251
252
254
255
219
144
124
140
198
224
111
222
247
251
245
244
244
244
244
244
244
244
244
244
244
244
244
244
244
244
244
244
244
244
244
244
244
244
244
244
244
244
244
244
244
244
244
244
244
244
244
245
251
247
222
107
222
244
232
147
128
131
180
244
254
244
165
145
222
249
248
242
242
244
247
244
244
244
244
250
250
199
136
125
137
214
245
247
244
244
244
244
244
244
245
252
236
150
138
130
135
196
249
250
244
244
244
244
244
244
249
246
178
139
131
138
172
247
252
252
253
187
143
132
138
166
234
235
230
233
236
236
165
140
132
139
180
248
249
244
246
246
225
143
125
165
237
247
244
244
244
244
244
250
224
157
131
132
204
237
246
241
253
250
247
245
244
244
244
244
244
244
244
244
244
244
244
244
244
244
244
244
244
244
244
244
244
244
244
244
244
244
244
244
244
244
244
244
244
244
244
247
239
222
83
86
107
253
236
155
127
135
185
245
255
237
157
145
229
253
246
246
246
245
244
244
244
244
245
250
245
194
131
133
161
231
252
245
244
244
244
244
244
244
247
246
220
139
130
133
140
201
249
248
244
244
244
244
244
244
253
243
169
130
129
152
231
247
249
247
238
167
128
136
155
240
248
254
253
252
253
252
232
150
127
130
171
242
251
243
246
247
168
143
129
148
193
253
245
244
244
244
244
249
246
203
132
135
158
231
254
254
241
244
239
251
245
244
244
244
244
244
244
244
244
244
244
244
244
244
245
247
248
247
245
244
244
244
244
244
244
244
244
244
244
244
244
244
244
244
244
248
244
106
86
83
223
247
233
152
125
133
181
244
255
241
158
143
228
252
244
244
244
244
244
244
244
244
246
246
210
142
131
131
204
245
248
244
244
244
244
244
244
244
249
238
159
138
133
132
181
241
247
245
244
244
244
244
244
247
249
241
169
131
131
160
238
253
249
251
196
145
131
144
228
248
248
244
244
244
245
250
243
162
135
129
176
243
251
243
246
246
225
143
125
164
235
247
244
244
244
244
244
248
252
210
140
124
192
238
254
249
222
106
218
242
251
247
245
244
244
244
244
244
244
244
244
244
244
245
251
239
244
239
251
245
244
244
244
244
244
244
244
244
244
244
244
244
244
244
244
247
239
216
106
222
247
255
231
150
127
140
188
251
252
231
159
154
237
250
244
244
244
244
244
244
244
245
250
223
157
130
131
143
219
252
246
244
244
244
244
244
244
245
253
232
154
129
134
148
204
252
249
244
244
244
244
244
245
245
243
184
142
136
128
156
233
252
254
244
184
129
130
154
231
253
245
244
244
244
244
247
246
227
143
128
175
243
251
243
245
254
234
153
127
174
245
253
244
244
244
244
244
247
251
208
139
128
146
221
245
224
83
87
114
239
248
239
251
245
244
244
244
244
244
244
244
244
245
251
247
222
106
216
239
247
244
244
244
244
244
244
244
244
244
244
244
244
244
244
244
245
251
239
244
239
252
254
232
151
124
169
238
253
251
175
142
214
244
247
244
244
244
244
244
244
244
248
252
218
143
126
133
198
243
248
244
244
244
244
244
244
244
246
247
227
148
130
132
175
240
248
245
244
244
244
244
244
248
248
192
137
134
134
137
161
243
254
249
230
101
123
129
152
229
252
244
244
244
244
244
246
254
235
154
127
174
243
252
243
244
253
231
151
124
174
242
252
243
244
244
244
244
249
251
208
138
126
142
220
249
109
87
90
226
219
109
216
239
247
244
244
244
244
244
244
244
244
247
239
222
83
86
106
244
248
244
244
244
244
244
244
244
244
244
244
244
244
244
244
244
244
245
247
248
247
248
246
225
141
127
175
246
254
235
163
145
230
251
245
244
244
244
244
244
244
244
248
244
210
136
128
145
210
251
248
244
244
244
244
244
244
245
250
244
166
139
133
140
184
251
250
244
244
244
244
244
243
249
245
188
132
130
128
142
224
248
242
224
92
84
89
130
153
229
252
244
244
244
244
245
248
249
229
143
125
173
241
251
243
244
253
231
150
125
174
242
252
243
244
244
244
244
248
246
204
130
128
196
246
243
218
109
219
226
90
87
106
244
248
244
244
244
244
244
244
244
244
248
244
106
86
83
222
239
247
244
244
244
244
244
244
244
244
244
244
244
244
244
244
244
244
244
244
244
244
249
241
162
134
136
180
253
255
184
141
209
244
248
244
244
244
244
244
244
244
244
250
229
150
131
131
158
220
249
247
244
244
244
244
244
244
246
247
231
151
129
130
164
237
247
245
244
244
244
244
244
244
251
250
191
133
138
145
166
238
254
245
108
88
76
131
128
154
229
252
244
244
244
245
248
247
238
154
133
134
178
246
249
244
244
253
232
150
124
172
242
252
243
244
244
244
246
252
227
157
133
145
213
254
254
239
248
239
114
87
83
222
239
247
244
244
244
244
244
244
244
244
247
239
216
106
222
247
251
245
244
244
244
244
244
244
244
244
244
244
244
244
244
244
244
244
244
244
244
244
251
232
153
124
159
238
249
238
162
134
215
253
246
244
244
244
244
244
244
244
245
251
220
143
129
143
199
248
247
244
244
244
244
244
244
244
251
249
175
140
132
129
166
243
253
244
244
244
244
244
244
244
248
242
185
128
131
204
234
242
250
239
221
107
164
139
133
154
235
255
251
248
246
248
247
241
159
134
134
162
241
246
246
244
244
253
232
151
123
172
242
252
243
244
244
244
248
243
209
132
126
188
242
248
246
247
251
242
218
106
222
247
251
245
244
244
244
244
244
244
244
244
245
251
239
244
239
251
245
244
244
244
244
244
244
244
244
244
244
244
244
244
244
244
244
244
244
244
244
245
253
236
157
126
169
244
255
204
141
145
212
250
245
244
244
244
244
244
244
244
245
252
222
148
122
182
241
254
248
244
244
244
244
244
244
246
247
234
157
131
133
138
170
246
249
244
244
244
244
244
244
247
250
206
144
130
144
170
244
250
246
251
244
244
179
139
130
145
226
235
240
244
255
252
245
167
133
124
148
231
249
247
245
244
244
252
231
150
126
174
245
253
244
244
245
247
254
233
151
131
140
203
252
249
244
244
245
251
239
244
239
251
245
244
244
244
244
244
244
244
244
244
244
245
247
248
247
245
244
244
244
244
244
244
244
244
244
244
244
244
244
244
244
244
244
244
244
244
244
246
246
231
147
124
164
240
249
237
226
174
218
248
245
244
244
244
244
244
244
244
245
253
224
144
123
104
230
246
248
244
244
244
244
244
244
249
248
178
139
133
130
153
231
247
246
244
244
244
244
244
245
250
251
200
137
125
138
214
244
247
244
245
252
255
195
136
85
136
147
150
110
218
235
238
176
134
135
140
170
242
251
245
244
244
244
252
232
151
125
165
237
249
246
246
250
246
243
210
137
131
184
244
246
245
244
244
244
245
247
248
247
245
244
244
244
244
244
244
244
244
244
244
244
244
244
244
244
244
244
244
244
244
244
244
244
244
244
244
244
244
244
244
244
244
244
244
244
244
245
253
249
171
136
134
170
246
251
250
245
243
239
245
244
244
244
244
244
244
244
244
245
253
220
139
75
80
104
233
251
244
244
244
244
244
244
252
244
175
130
131
136
162
245
252
244
244
244
244
244
244
245
246
242
192
136
127
146
221
252
246
244
244
249
239
219
84
79
89
127
77
85
99
156
149
136
131
144
222
239
241
246
244
244
244
244
251
231
155
128
140
189
254
255
248
244
229
161
142
134
167
240
249
247
244
244
244
244
244
244
244
244
244
244
244
244
244
244
244
244
244
244
244
244
244
244
244
244
244
244
244
244
244
244
244
244
244
244
244
244
244
244
244
244
244
244
244
244
246
243
243
227
155
127
150
232
246
246
245
247
251
254
254
255
255
255
255
255
255
255
255
255
255
228
107
72
83
114
245
255
255
255
255
255
255
255
255
247
176
135
146
168
249
255
255
255
255
255
255
255
255
255
238
181
146
145
133
151
227
255
255
255
255
255
255
126
103
88
136
96
91
87
131
134
143
149
161
238
255
255
255
255
255
255
255
255
255
252
180
142
134
176
237
243
238
182
149
142
135
148
196
255
255
255
255
255
255
255
255
255
255
255
255
255
255
255
255
255
255
255
255
255
255
255
255
255
255
255
255
254
253
248
245
244
244
244
244
244
244
244
244
244
244
244
244
244
244
245
252
250
196
150
137
139
168
249
252
245
244
247
233
223
209
212
212
212
212
212
212
212
212
213
221
192
85
61
75
194
211
216
212
212
212
212
212
216
223
170
129
120
127
203
216
222
222
222
221
216
213
212
215
220
195
126
120
123
115
116
189
218
213
212
212
214
208
187
75
123
119
113
75
113
122
120
117
169
209
211
217
214
212
212
212
212
212
212
214
213
198
123
122
133
140
145
135
130
121
118
114
137
207
215
214
212
212
212
212
212
212
212
212
212
212
212
212
212
212
212
212
212
212
212
212
212
212
212
212
212
212
209
223
233
247
244
244
244
244
244
244
244
244
244
244
244
244
245
249
248
247
236
172
131
122
89
212
236
249
244
244
248
237
129
119
123
123
123
123
123
123
123
123
124
127
108
104
91
117
121
130
124
123
123
123
123
127
128
118
103
92
98
112
125
135
122
112
95
106
114
126
124
127
118
104
89
90
101
106
115
118
125
124
123
123
124
130
120
118
109
118
110
112
110
114
110
115
122
129
127
124
123
123
123
123
123
123
123
124
128
122
107
91
84
83
82
84
85
98
105
112
118
123
127
123
123
123
123
123
123
123
123
123
123
123
123
123
123
123
123
123
123
123
123
123
123
123
123
123
123
123
119
129
237
248
244
244
244
244
245
247
249
250
250
250
251
253
252
245
241
197
149
141
130
78
90
114
246
249
244
244
247
235
225
213
215
213
212
212
212
212
212
212
213
217
201
161
221
224
216
213
212
212
212
212
213
215
212
164
118
118
131
201
223
210
188
65
65
89
210
216
213
215
192
126
127
138
182
224
221
215
213
212
212
212
212
213
215
219
220
221
221
222
222
221
220
218
215
213
212
212
212
212
212
212
212
212
212
212
214
219
205
141
139
141
141
142
130
139
206
224
217
214
212
212
212
212
212
212
212
212
212
212
212
212
212
212
212
212
212
212
212
212
212
212
212
212
212
212
212
212
209
223
233
247
244
244
244
246
247
243
234
237
239
241
232
232
235
213
150
141
136
132
85
82
90
224
239
247
244
244
247
254
248
254
253
255
255
255
255
255
255
255
255
255
249
251
250
255
255
255
255
255
255
255
255
255
220
151
131
134
157
238
255
255
118
96
92
233
251
255
255
255
234
181
231
242
246
254
255
255
255
255
255
255
255
255
255
255
255
255
255
255
255
255
255
255
255
255
255
255
255
255
255
255
255
255
255
255
255
255
249
242
234
236
236
240
230
180
239
255
255
255
255
255
255
255
255
255
255
255
255
255
255
255
255
255
255
255
255
255
255
255
255
255
255
255
255
255
255
255
254
253
248
245
244
244
244
247
242
209
153
153
209
175
150
152
155
143
136
131
132
135
130
108
229
246
251
245
244
245
251
247
222
106
216
239
247
244
244
244
244
244
244
245
246
247
246
245
244
244
244
244
244
244
246
236
190
134
141
149
218
243
250
239
216
106
222
247
251
245
244
245
238
243
244
253
248
246
244
244
244
244
244
244
244
244
244
244
244
244
244
244
244
244
244
244
245
251
239
244
239
251
245
244
244
244
244
244
244
245
247
250
252
253
253
253
244
245
238
246
244
244
244
244
244
244
244
244
244
244
244
244
244
244
244
244
244
244
244
244
244
244
244
244
244
244
244
244
244
244
244
244
244
244
244
244
244
250
215
143
128
136
138
139
130
130
132
133
131
135
139
149
208
241
243
251
245
244
244
247
239
222
83
86
106
244
248
244
244
244
244
244
244
244
244
244
244
244
244
244
244
244
244
244
250
218
149
189
231
238
241
248
247
251
239
244
239
251
245
244
244
245
246
247
246
245
244
244
244
244
244
244
244
244
244
244
244
244
244
244
244
244
244
244
244
245
251
247
222
106
216
239
247
244
244
244
244
244
244
244
244
244
244
244
244
245
246
246
246
245
244
244
244
244
244
244
244
244
244
244
244
244
244
244
244
244
244
244
244
244
244
244
244
244
244
244
244
244
244
244
244
244
244
244
244
244
244
248
204
133
122
134
135
136
137
135
132
134
139
146
196
240
245
252
248
245
244
244
244
248
244
106
86
83
222
239
247
244
244
244
244
244
244
244
244
244
244
244
244
244
244
244
244
244
244
235
233
239
250
252
247
245
244
245
247
248
247
245
244
244
244
244
244
244
244
244
244
244
244
244
244
244
244
244
244
244
244
244
244
244
244
244
244
244
244
247
239
222
83
86
106
244
248
244
244
244
244
244
244
244
244
244
244
244
244
244
244
244
244
244
244
244
244
244
244
244
244
244
244
244
244
244
244
244
244
244
244
244
244
244
244
244
244
244
244
244
244
244
244
244
244
244
244
244
244
244
244
250
215
153
144
139
132
130
131
139
145
154
181
237
245
249
249
245
244
244
244
244
244
247
239
216
106
222
247
251
245
244
244
244
244
244
244
244
244
244
244
244
244
244
244
244
244
244
246
247
248
248
246
244
244
244
244
244
244
244
244
244
244
244
244
244
244
244
244
244
244
244
244
244
244
244
244
244
244
244
244
244
244
244
244
244
244
244
244
248
244
106
86
83
222
239
247
244
244
244
244
244
244
244
244
244
244
244
244
244
244
244
244
244
244
244
244
244
244
244
244
244
244
244
244
244
244
244
244
244
244
244
244
244
244
244
244
244
244
244
244
244
244
244
244
244
244
244
244
244
244
245
239
236
233
185
145
156
155
166
229
236
241
247
250
246
244
244
244
244
244
244
244
245
251
239
244
239
251
245
244
244
244
244
244
244
244
244
244
244
244
244
244
244
244
244
244
244
244
244
244
244
244
244
244
244
244
244
244
244
244
244
244
244
244
244
244
244
244
244
244
244
244
244
244
244
244
244
244
244
244
244
244
244
244
244
244
244
244
247
239
216
106
222
247
251
245
244
244
244
244
245
247
248
247
245
244
244
244
244
244
244
244
244
244
244
244
244
244
244
244
244
244
244
244
244
244
244
244
244
244
244
244
244
244
244
244
244
244
244
244
244
244
244
244
244
244
244
244
244
244
245
247
252
249
241
234
231
232
240
247
253
248
246
244
244
244
244
244
244
244
244
244
244
245
247
248
247
245
244
244
244
244
244
244
244
244
244
244
244
244
244
244
244
244
244
244
244
244
244
244
244
244
244
244
244
244
244
244
244
244
244
244
244
244
244
244
244
244
244
244
244
244
244
244
244
244
244
244
244
244
244
244
244
244
244
244
244
244
245
251
239
244
239
251
245
244
244
244
244
245
251
239
244
239
251
245
244
244
244
244
244
244
244
244
244
244
244
244
244
244
244
244
244
244
244
244
244
244
244
244
244
244
244
244
244
244
244
244
244
244
244
244
244
244
244
244
244
244
244
244
244
244
245
246
248
251
252
251
249
246
245
244
244
244
244
244
244
244
244
244
244
244
244
244
244
244
244
244
244
244
244
244
244
244
244
244
244
244
244
244
244
244
244
244
244
244
244
244
244
244
244
244
244
244
244
244
244
244
244
244
244
244
244
244
244
244
244
244
244
244
244
244
244
244
244
244
244
244
244
244
244
244
244
244
244
244
244
244
244
245
247
248
247
245
244
244
244
244
244
245
245
227
122
227
245
245
244
244
244
244
244
244
244
244
244
244
244
244
244
244
244
244
244
244
244
244
244
244
244
244
244
244
244
244
244
244
244
244
244
244
244
244
244
244
244
244
244
244
244
244
244
244
244
244
244
244
244
244
244
244
244
244
244
244
244
244
244
244
244
244
244
244
244
244
244
244
244
244
244
244
244
244
244
244
244
244
244
244
244
244
244
244
244
244
244
244
244
244
244
244
244
244
244
244
244
244
244
244
244
244
244
244
244
244
244
244
244
244
244
244
244
244
244
244
244
244
244
244
244
244
244
244
244
244
244
244
244
244
244
244
244
244
244
244
244
244
244
244
244
244
244
87
87
87
244
244
244
244
244
244
244
244
244
244
244
244
244
244
244
244
244
244
244
244
244
244
244
244
244
244
244
244
244
244
244
244
244
244
244
244
244
244
244
244
244
244
244
244
244
