252
252
252
252
252
252
252
252
252
252
252
252
252
252
252
252
252
252
252
252
252
252
252
252
252
252
252
252
252
252
252
252
252
252
252
252
252
252
252
252
252
252
252
252
252
252
252
252
252
252
252
252
252
252
252
252
252
252
252
252
252
78
78
78
252
252
252
252
252
252
252
252
252
252
252
252
252
252
252
252
252
252
252
252
252
252
252
252
252
252
252
252
252
252
252
252
252
252
252
252
252
252
252
252
252
252
252
252
252
252
252
252
252
252
252
252
252
252
252
252
252
252
252
252
252
252
252
252
252
252
252
252
252
252
78
78
78
252
252
252
252
252
252
252
252
252
252
252
252
252
252
252
252
252
252
252
252
252
252
253
254
254
253
246
218
101
217
237
244
250
254
254
253
252
252
252
252
252
252
252
252
252
252
252
252
252
252
252
252
252
252
252
252
252
252
252
252
252
252
252
252
252
252
252
252
252
252
252
252
253
252
233
117
233
252
253
252
252
252
252
252
252
252
252
252
252
252
252
252
252
252
252
252
252
252
252
252
252
252
252
252
252
252
252
252
252
252
252
252
252
252
252
252
252
252
252
252
252
252
252
252
252
252
252
252
252
252
252
252
252
252
252
252
252
252
252
252
252
252
252
252
254
246
106
76
91
235
254
254
252
252
252
252
252
252
252
252
252
252
252
252
252
252
252
252
252
252
252
252
250
244
244
212
151
78
83
90
160
160
200
242
249
253
253
252
252
252
252
252
252
252
252
252
252
252
252
252
252
252
252
252
252
252
252
252
252
252
252
252
252
252
252
252
252
252
252
252
252
252
253
254
246
251
246
254
253
252
252
252
252
252
252
252
252
252
252
252
252
252
252
252
252
252
252
252
252
252
252
252
252
252
252
252
252
252
252
252
252
252
252
252
252
252
252
252
252
252
252
252
252
252
252
252
252
252
252
252
252
252
252
252
252
252
252
252
252
252
252
252
252
252
254
253
226
76
76
226
253
254
252
252
252
252
252
252
252
252
252
252
252
252
252
252
252
252
252
252
252
254
244
195
159
149
83
69
71
131
138
145
147
146
205
250
254
253
252
252
252
252
252
252
252
252
252
252
252
252
252
252
252
252
252
252
252
252
252
252
252
252
252
252
252
252
252
252
252
252
252
252
252
253
254
254
254
253
252
252
252
252
252
252
252
252
252
252
252
252
252
252
252
252
252
252
252
252
252
252
252
252
252
252
252
252
252
252
252
252
252
252
252
252
252
252
252
252
252
252
252
252
252
252
252
252
252
252
252
252
252
252
252
252
252
252
252
252
252
252
252
252
252
252
254
253
224
72
71
108
252
254
252
252
252
252
252
252
252
252
252
252
252
252
252
252
252
252
252
252
252
254
234
179
138
140
135
86
139
149
151
145
142
142
142
209
253
254
252
252
252
252
252
252
252
252
252
252
252
252
252
252
252
252
252
252
252
252
252
252
252
252
252
252
252
252
252
253
253
254
254
253
253
252
252
252
252
252
252
252
252
252
252
252
252
252
252
252
252
252
252
252
252
252
252
252
252
252
252
252
252
252
252
252
252
252
252
252
252
252
252
252
252
252
252
252
252
252
252
252
252
252
252
252
252
252
252
252
252
252
252
252
252
252
252
252
252
252
252
252
252
252
252
252
254
252
103
82
77
230
246
254
252
252
252
252
252
252
252
252
252
252
252
252
252
252
252
252
252
252
253
254
224
151
143
149
142
144
141
147
144
145
146
142
143
161
222
254
253
252
252
252
252
252
252
252
252
252
252
252
252
252
252
252
252
252
252
252
252
252
252
252
252
252
252
253
254
254
253
248
249
251
252
253
252
252
252
252
252
252
252
252
252
252
252
252
252
252
252
252
252
252
252
252
252
252
252
252
252
252
252
252
252
252
252
252
252
252
252
252
252
252
252
252
252
252
252
252
252
252
252
252
252
252
252
252
252
252
252
252
252
252
252
252
252
252
252
252
252
252
252
252
252
252
254
246
222
99
228
253
254
253
252
252
252
252
252
252
252
252
252
252
252
252
252
252
252
252
252
252
253
254
214
140
128
143
153
165
179
179
180
173
154
148
144
144
181
236
254
252
252
252
252
252
252
252
252
252
252
252
252
252
252
252
252
252
252
252
252
252
252
253
254
254
254
254
253
242
198
199
194
205
248
254
253
252
252
252
252
252
252
252
252
252
252
252
252
252
252
252
252
252
252
252
252
252
252
252
252
252
252
252
252
252
252
252
252
252
252
252
252
252
252
252
252
252
252
252
252
252
252
252
252
252
252
252
252
252
252
252
252
252
252
252
253
254
254
254
254
253
252
252
252
252
253
254
246
251
246
254
253
252
252
252
252
252
252
252
252
252
252
252
252
252
252
252
252
252
252
252
252
254
223
148
154
163
201
237
244
238
254
243
191
142
142
141
154
218
254
253
252
252
252
252
252
252
252
252
252
252
252
252
252
252
252
252
252
252
253
254
254
254
251
244
239
242
207
154
152
150
147
143
203
252
254
253
252
252
252
252
252
252
252
252
252
252
252
252
252
252
252
252
252
252
252
252
252
252
252
252
252
252
252
252
252
252
252
252
252
252
252
252
252
252
252
252
252
252
252
252
252
252
252
252
252
252
252
252
252
252
252
252
253
254
254
252
244
239
246
251
253
252
252
252
252
253
254
254
254
253
252
252
252
252
252
252
252
252
252
252
252
252
252
252
252
252
252
252
252
252
252
253
245
240
237
251
252
233
110
229
254
255
204
147
143
137
150
215
254
254
254
254
254
254
253
252
252
252
252
252
252
252
252
252
252
252
252
253
254
248
244
240
216
157
158
159
150
144
142
145
142
141
148
210
247
252
252
252
252
252
252
252
252
252
252
252
252
252
252
252
252
252
252
252
252
252
252
252
252
252
252
252
252
252
252
252
252
252
252
252
252
252
252
252
252
253
254
254
253
252
252
252
252
252
252
252
252
252
252
252
252
252
251
248
244
221
160
158
201
254
254
253
252
252
252
252
252
252
252
252
252
252
252
252
252
252
252
252
252
252
252
252
252
252
252
252
252
252
252
252
252
253
254
255
255
254
241
80
79
99
254
254
248
195
148
140
149
225
253
254
253
253
252
246
254
253
252
252
252
252
252
252
252
252
252
252
252
253
249
220
146
156
152
143
138
142
144
146
148
150
149
143
149
156
223
254
252
252
252
252
252
252
252
252
252
252
252
252
252
252
252
252
252
252
252
252
252
252
252
252
252
252
252
252
252
252
252
252
252
253
252
254
254
254
254
254
249
248
254
254
254
252
252
252
252
252
252
252
252
252
253
254
244
199
162
154
142
135
175
238
252
254
254
254
253
252
252
252
252
252
252
252
252
252
252
252
252
252
252
252
252
252
252
252
252
252
252
252
252
252
252
252
252
254
246
228
78
67
78
228
246
254
254
250
191
139
148
212
227
112
225
224
103
222
246
254
252
252
252
252
252
252
252
252
252
253
254
254
232
149
136
137
140
140
141
141
141
141
144
147
149
143
143
202
247
253
252
252
252
252
252
252
252
252
252
252
252
252
252
252
252
252
252
252
252
252
252
252
252
252
252
252
252
252
252
252
252
252
252
253
250
218
224
241
242
236
168
187
230
244
247
253
252
252
252
252
252
252
252
254
254
251
223
148
143
143
143
147
152
155
193
240
242
246
251
252
252
252
252
252
252
252
252
252
252
252
252
253
254
254
254
253
252
252
252
252
252
252
252
252
252
252
252
254
251
99
78
78
237
253
254
253
253
247
189
142
144
147
79
77
76
72
82
99
251
254
252
252
252
252
252
253
254
254
254
253
254
250
222
145
141
148
154
159
161
155
155
157
154
148
146
142
149
212
254
254
252
252
252
252
252
252
253
254
254
254
254
254
254
253
252
252
252
252
252
252
252
252
252
252
252
252
252
252
252
252
252
253
254
254
225
173
153
161
163
147
147
149
148
156
234
254
252
252
252
252
252
252
254
251
241
195
152
149
145
149
148
148
143
142
150
156
163
207
253
254
252
252
252
252
252
252
252
252
252
252
253
254
246
251
246
254
252
252
252
252
252
252
252
252
252
252
252
254
246
222
99
228
253
254
253
252
254
217
167
148
141
78
76
79
77
71
77
228
246
254
252
252
252
252
254
248
244
237
240
230
192
225
158
148
144
144
176
237
244
222
216
241
206
155
146
138
148
213
254
254
252
252
252
252
253
254
254
251
243
239
240
238
246
251
254
252
252
252
252
252
252
252
252
252
252
252
252
252
252
252
253
253
251
241
184
142
139
141
141
142
143
144
133
147
225
254
252
252
252
252
252
254
251
234
156
146
141
139
139
140
140
143
143
146
144
139
141
196
252
254
252
252
252
252
252
252
252
252
252
253
254
253
228
99
222
246
252
252
252
252
252
252
252
252
252
252
252
253
254
246
251
246
254
253
252
252
253
245
186
144
137
123
94
229
226
108
230
253
254
253
252
252
252
252
254
242
175
156
161
155
159
147
148
140
139
150
192
254
255
254
254
254
254
207
152
141
141
205
249
253
252
252
252
253
254
250
247
201
166
159
160
158
165
244
254
254
253
252
252
252
252
252
252
252
252
252
252
252
252
253
254
249
196
151
151
148
147
148
149
147
148
147
139
154
231
254
252
252
252
252
252
254
242
157
140
135
145
155
163
155
164
160
152
145
143
141
144
196
250
254
252
252
252
252
252
252
252
252
252
254
246
228
73
76
99
251
252
252
252
252
252
252
252
252
252
252
252
252
253
254
254
254
253
252
252
252
254
254
197
145
146
141
219
254
254
252
248
254
254
254
253
252
252
252
254
235
152
133
141
142
144
142
144
149
151
182
245
252
253
252
253
253
254
249
193
143
141
152
218
254
253
252
253
254
254
235
99
137
140
139
138
138
145
161
237
247
251
253
252
252
252
252
252
252
252
252
252
252
252
253
249
197
142
138
139
139
139
139
150
153
154
148
139
154
232
254
252
252
252
252
254
254
230
145
145
153
176
239
241
240
241
243
215
159
153
147
143
174
229
254
253
252
252
252
252
252
252
252
252
254
251
99
76
73
228
246
252
252
252
252
252
252
252
252
252
252
252
252
252
252
252
252
252
253
254
254
254
249
189
138
142
211
252
254
254
254
254
248
251
246
254
253
252
252
254
238
159
141
148
148
148
143
144
171
237
250
251
254
252
252
252
252
254
254
200
147
135
145
209
254
254
252
254
249
234
83
74
80
145
148
147
146
142
149
148
174
247
254
253
252
252
252
252
252
252
252
252
252
254
254
207
149
140
143
151
154
155
161
161
215
170
145
140
153
230
254
253
252
252
254
250
239
152
142
158
232
251
254
254
254
254
254
253
247
203
145
138
152
205
253
254
252
252
252
252
252
252
252
252
254
246
222
99
228
253
254
252
252
252
252
252
252
252
252
252
252
252
252
252
252
252
253
254
251
250
250
251
201
149
138
146
214
254
254
253
254
253
228
99
222
246
254
252
252
254
240
164
143
150
148
147
151
164
223
254
254
253
252
252
252
252
252
254
252
197
148
137
148
212
254
254
252
254
250
104
74
70
136
137
149
166
164
149
139
139
151
207
253
254
252
252
252
252
252
252
252
252
253
254
248
195
139
142
151
196
235
240
240
245
190
156
147
144
148
195
246
254
252
252
254
243
159
142
146
180
254
254
253
252
252
252
253
254
254
209
145
136
145
201
254
254
252
252
252
252
252
252
252
252
253
254
246
251
246
254
253
252
252
252
252
252
252
252
252
252
252
252
252
252
253
254
254
253
227
177
201
203
154
142
142
152
220
254
253
254
246
228
73
76
99
251
254
252
253
255
239
165
139
151
148
141
167
239
253
252
252
252
252
252
252
252
252
254
250
192
142
134
148
212
254
254
253
254
235
145
79
134
152
153
161
237
242
155
146
141
144
163
242
253
253
252
252
252
252
252
253
254
254
253
205
149
141
141
200
251
254
254
254
254
203
155
143
145
139
154
234
254
252
252
254
239
158
135
153
238
252
254
253
252
252
252
252
254
241
184
147
139
147
199
249
254
252
252
252
252
252
252
252
252
252
253
254
254
254
253
252
252
252
252
252
252
252
252
252
252
252
252
252
252
252
248
244
207
153
148
148
150
148
143
146
210
254
254
252
254
251
99
76
73
228
246
254
253
254
254
229
93
130
146
149
140
170
248
254
252
252
252
252
252
252
252
252
254
253
196
145
135
146
212
254
254
254
254
183
147
143
150
169
237
252
254
254
243
159
150
143
147
176
251
254
252
252
252
252
253
254
249
254
203
157
142
143
156
218
254
254
252
252
254
243
167
141
143
145
163
239
254
252
254
254
236
155
141
151
166
242
251
253
254
253
252
252
254
251
205
145
140
145
163
217
252
252
252
252
252
252
252
252
252
252
252
252
252
252
252
252
252
252
252
252
252
252
252
252
252
252
252
252
254
254
217
153
146
147
143
144
145
147
144
149
211
254
254
254
254
246
222
99
228
253
254
253
254
246
230
83
78
84
148
149
141
167
244
254
252
252
252
252
252
252
252
252
252
254
237
178
135
145
213
254
254
253
239
165
141
146
149
222
249
254
255
254
254
235
154
138
138
162
240
254
252
252
252
253
254
253
231
104
176
144
139
146
203
253
254
254
254
254
255
250
178
143
142
149
228
252
254
253
252
241
156
149
145
144
149
150
171
236
247
249
253
252
254
254
212
151
141
144
142
198
252
253
252
252
252
252
252
252
252
252
252
252
252
252
252
252
252
252
252
252
252
252
252
252
252
252
252
252
254
254
205
137
134
145
146
149
149
149
146
151
157
184
236
250
254
254
246
251
246
254
253
252
254
251
103
76
67
138
146
147
138
167
242
254
252
252
252
252
252
252
252
252
252
254
253
196
138
143
212
254
254
251
182
149
146
146
153
157
166
230
247
248
254
248
169
147
139
164
214
254
252
252
252
254
246
229
78
76
82
145
143
155
211
251
252
246
245
244
254
254
187
146
139
155
233
254
253
254
247
170
144
142
149
147
144
141
146
150
186
252
254
252
254
254
211
150
139
142
169
223
254
253
252
252
252
252
252
252
252
252
252
252
252
252
252
252
252
252
252
252
252
252
252
252
252
252
252
252
254
254
213
154
147
148
143
138
145
147
148
150
145
129
95
231
250
254
254
254
254
253
252
252
254
246
228
93
138
146
151
146
148
178
251
254
252
252
252
252
252
252
252
252
252
254
253
199
140
142
212
254
254
245
173
139
144
145
142
139
146
146
167
246
255
254
232
149
137
166
243
254
253
252
252
254
251
101
81
67
134
142
144
148
204
195
161
215
182
147
219
239
175
145
137
151
229
254
252
254
240
159
137
145
144
142
143
145
143
139
168
243
254
254
254
254
215
150
137
144
175
233
254
252
252
252
252
252
252
252
252
252
252
252
252
252
252
252
252
252
252
252
252
252
252
252
252
252
252
252
252
254
234
189
198
206
156
158
159
149
143
139
135
70
71
99
247
254
252
252
252
252
252
252
253
254
253
235
152
145
148
144
166
241
254
253
252
252
252
252
252
252
252
252
252
254
252
198
140
143
212
254
254
246
174
141
144
154
150
151
142
136
151
225
252
254
245
160
136
159
225
253
253
252
252
254
246
224
103
183
150
147
147
150
152
148
149
147
144
145
152
160
154
144
144
158
237
254
252
254
241
161
138
152
161
167
154
148
141
143
150
179
241
242
242
243
203
143
141
149
202
253
254
252
252
252
252
252
252
252
252
252
252
252
252
252
252
252
252
252
252
252
252
252
252
252
252
252
252
252
252
253
249
247
248
247
243
241
234
183
146
147
83
73
64
141
219
254
252
252
252
252
252
252
252
253
255
242
161
141
147
144
174
247
254
252
252
252
252
252
252
252
252
252
252
254
252
196
138
145
216
254
254
247
177
141
140
159
227
172
149
143
152
153
172
244
233
151
137
153
180
254
253
252
252
253
254
250
253
201
154
142
146
140
140
143
144
146
146
146
145
144
144
141
147
224
250
254
253
254
241
161
137
163
235
249
228
158
148
144
142
151
157
162
162
160
154
146
141
193
249
254
254
254
253
252
252
252
252
252
252
252
252
252
252
252
252
252
252
252
252
252
252
252
252
252
252
252
252
252
252
252
253
254
254
254
254
254
253
249
240
192
148
88
128
149
226
254
254
252
252
252
252
252
252
252
254
237
158
138
147
141
169
244
254
252
252
252
252
252
252
252
252
252
252
254
251
195
138
139
207
250
254
247
179
142
139
164
233
254
172
148
140
138
152
191
151
149
139
162
238
253
252
252
252
252
252
254
254
210
147
142
157
164
159
147
141
141
147
149
148
148
146
145
176
241
254
253
254
251
219
152
137
170
248
255
253
244
203
151
143
139
141
139
139
141
144
140
140
196
255
252
251
246
254
253
252
252
252
252
252
253
254
254
254
253
252
252
252
252
252
252
252
252
252
252
252
252
252
252
252
252
252
252
252
252
252
252
253
254
254
254
242
185
141
147
218
254
254
252
252
252
252
252
252
253
254
240
155
139
148
140
172
245
254
252
252
252
252
252
252
252
252
252
252
254
251
195
141
140
153
221
255
249
178
143
138
154
235
254
248
165
146
141
149
146
150
142
139
168
245
254
252
252
252
252
252
254
254
207
143
137
194
243
245
190
154
150
144
141
139
140
137
147
208
251
254
252
254
247
166
145
137
165
242
254
254
254
252
226
154
150
145
140
146
149
148
145
146
206
254
232
99
222
246
254
252
252
252
252
253
254
246
251
246
254
253
252
252
252
252
252
252
252
252
252
252
252
252
252
252
252
252
252
252
252
252
252
252
252
253
254
254
249
178
144
150
227
253
254
253
252
252
252
252
253
250
230
148
142
147
142
173
248
255
252
252
252
252
252
252
252
252
252
252
254
254
195
144
134
145
212
255
249
178
143
137
161
231
254
254
245
158
145
141
146
147
146
148
172
250
254
252
252
252
252
252
254
254
209
141
140
204
255
254
250
243
215
169
155
163
160
150
154
223
254
253
252
254
240
168
139
138
163
242
254
252
253
254
250
246
215
154
148
147
142
143
142
192
239
231
74
76
99
251
254
252
252
252
253
254
253
228
99
222
246
254
252
252
252
252
252
252
252
252
252
252
252
252
252
252
252
252
252
252
252
252
252
252
252
252
252
254
249
185
139
143
155
229
251
254
252
252
252
252
254
250
160
154
145
147
143
165
240
250
253
252
252
252
252
252
252
252
252
252
254
245
187
142
136
148
213
255
250
177
143
138
158
232
254
254
253
244
172
154
153
142
146
159
238
252
253
252
252
252
252
252
254
252
204
139
142
203
254
254
254
255
253
243
239
239
243
232
174
227
254
252
252
254
245
165
142
140
167
243
254
252
252
252
254
254
252
246
216
165
156
146
142
202
253
106
77
73
228
246
254
252
252
252
254
246
228
73
76
99
251
254
252
252
252
252
252
252
252
252
252
252
252
252
252
252
252
252
252
252
252
252
252
252
252
252
252
254
253
185
146
142
141
162
235
254
252
252
252
252
253
250
231
152
142
147
144
147
173
248
253
252
252
252
252
252
252
252
252
254
254
201
151
145
139
148
214
255
250
180
143
136
154
230
254
253
254
254
249
215
86
125
140
173
253
254
252
252
252
252
252
252
254
236
179
141
140
196
248
254
252
252
253
254
254
254
254
252
250
245
253
252
253
254
237
157
143
141
168
242
254
252
252
252
252
253
254
254
252
236
190
129
143
203
249
226
99
228
253
254
253
252
252
252
254
251
99
76
73
228
246
254
252
252
252
252
252
252
252
252
252
252
252
252
252
252
252
252
252
252
252
252
252
252
252
252
252
253
255
243
166
81
125
148
225
254
252
252
252
252
253
254
241
161
140
148
146
146
178
248
253
252
252
252
252
252
252
252
252
254
250
194
141
141
139
147
215
255
254
189
154
138
154
234
255
254
254
249
235
83
81
87
163
245
252
253
252
252
252
252
252
252
254
235
177
141
139
153
211
254
254
252
252
252
252
252
252
253
253
253
252
252
254
245
166
143
144
142
166
243
254
252
252
252
252
252
252
253
254
227
157
152
183
239
254
249
251
246
254
253
252
252
252
252
254
246
222
99
228
253
254
253
252
252
252
252
252
252
252
252
252
252
252
252
252
252
252
252
252
252
252
252
252
252
252
252
252
254
251
230
83
74
78
155
230
254
254
254
254
253
252
254
237
159
141
150
146
168
240
253
252
252
252
252
252
252
252
252
252
254
251
197
145
144
140
147
215
255
252
235
161
136
151
219
247
247
254
252
99
77
78
225
247
252
254
252
252
252
252
252
252
252
253
252
211
148
138
139
193
245
253
253
253
252
252
252
252
252
252
252
252
252
254
245
155
145
145
143
163
241
254
253
252
252
252
252
252
252
251
243
237
235
246
252
254
254
254
254
253
252
252
252
252
252
253
254
246
251
246
254
253
252
252
252
252
252
252
252
252
252
252
252
252
252
252
252
252
252
252
253
254
254
254
253
252
252
252
254
253
106
80
70
131
155
232
255
248
251
246
254
253
254
240
160
138
148
141
174
248
254
252
252
252
252
252
252
252
252
252
254
252
200
147
144
140
147
214
254
255
195
158
143
150
146
164
242
255
249
223
99
230
254
254
254
252
252
252
252
252
252
252
252
253
253
251
207
148
148
149
167
221
252
254
253
252
252
252
252
252
252
252
252
253
253
236
155
143
144
153
206
252
254
252
252
252
252
252
252
253
254
254
254
254
253
252
252
252
252
252
252
252
252
252
252
252
253
254
254
254
253
252
252
252
252
252
254
254
254
253
252
252
252
252
252
252
252
252
252
253
254
246
251
246
254
253
252
252
253
249
224
91
132
140
161
237
254
229
99
222
246
254
254
237
151
134
85
128
168
245
254
252
252
252
252
252
252
252
252
252
254
252
199
148
144
140
148
214
254
254
236
163
135
141
135
147
220
252
254
251
252
246
254
253
252
252
252
252
252
252
252
252
252
252
253
254
251
199
142
139
143
148
209
251
254
254
254
254
253
252
252
252
252
252
254
243
165
141
147
145
169
247
254
252
252
252
252
252
252
252
252
252
252
252
252
252
252
252
252
252
253
254
254
254
253
252
252
252
252
252
252
252
252
252
252
252
224
231
249
255
255
255
255
255
255
255
254
254
254
254
253
228
99
222
246
254
252
252
252
255
247
182
140
141
157
221
235
74
76
99
251
254
248
166
139
74
77
81
172
247
254
252
252
252
252
252
252
252
252
252
254
252
196
146
144
140
145
213
254
254
251
179
149
149
141
150
152
170
242
254
255
254
253
252
252
252
252
252
252
252
252
252
252
252
252
254
254
201
143
140
144
146
144
193
238
241
239
244
248
253
252
252
252
252
254
241
161
143
149
138
167
242
254
252
252
252
252
252
252
252
252
253
254
254
255
255
255
255
255
255
255
246
245
238
254
252
252
252
252
252
252
252
252
252
252
252
118
108
221
218
216
216
216
216
216
215
234
249
255
254
240
83
88
113
255
255
255
255
255
255
254
195
152
144
165
237
120
91
83
233
247
254
239
159
76
77
75
131
168
246
254
252
252
252
252
252
252
252
252
252
254
249
190
136
134
138
149
219
254
254
248
246
237
167
144
137
137
143
159
234
247
248
253
252
252
252
252
252
252
252
252
252
252
252
252
254
254
208
150
143
144
142
146
150
157
161
155
178
235
254
254
254
255
255
255
255
198
160
147
135
95
233
255
255
255
255
255
255
255
255
255
255
249
234
215
216
216
216
216
216
218
216
120
243
254
252
252
252
252
252
252
252
252
252
252
252
227
218
113
117
118
118
118
118
118
117
113
221
223
213
80
54
54
190
212
220
216
216
217
224
219
161
130
124
133
193
192
64
210
253
255
255
252
165
134
93
143
149
184
254
255
255
255
255
255
255
255
255
255
255
255
255
212
169
172
169
227
255
255
255
255
255
255
254
181
164
161
148
155
156
184
254
255
255
255
255
255
255
255
255
255
255
255
255
255
255
255
255
240
184
158
155
152
152
148
146
141
160
234
255
252
234
215
216
219
218
206
123
125
74
72
90
225
229
222
219
217
216
216
216
216
218
221
113
117
118
118
118
118
118
117
110
234
241
254
252
252
252
252
252
252
252
252
252
252
252
254
247
234
215
216
216
216
216
216
218
221
113
120
108
100
86
106
116
126
120
118
118
120
120
111
98
92
90
103
119
117
118
108
230
220
224
212
146
126
135
132
131
148
215
223
216
216
216
216
216
216
216
216
216
218
215
209
204
201
208
214
219
218
217
216
217
221
216
213
201
136
123
125
119
138
209
222
216
218
220
222
220
218
216
216
216
216
216
216
217
219
221
219
211
161
120
124
127
129
130
126
133
196
223
222
113
117
118
119
123
116
116
88
85
66
90
96
108
113
122
127
123
120
119
118
117
113
221
218
216
216
216
216
216
215
232
244
254
253
252
252
252
252
252
252
252
252
252
252
252
253
254
254
255
255
255
255
255
255
255
253
238
218
221
227
228
227
221
218
216
216
217
221
217
157
126
127
130
168
214
224
224
225
115
117
124
110
103
89
96
94
88
101
109
124
118
118
118
118
118
118
118
118
118
118
120
123
126
126
125
122
120
118
118
118
118
119
121
126
120
114
107
99
90
97
110
122
120
126
113
117
113
126
120
118
118
118
118
118
118
118
119
122
122
115
108
104
108
102
93
86
97
112
120
114
221
218
216
216
218
220
230
209
93
123
134
129
124
141
205
207
212
217
220
217
215
234
249
255
255
255
255
255
255
255
254
254
253
252
252
252
252
252
252
252
252
252
252
252
252
252
252
252
252
253
254
254
254
254
248
254
254
255
255
255
255
255
255
255
255
255
255
255
243
180
150
146
153
200
255
255
255
249
234
216
227
212
133
126
134
132
134
153
222
220
216
216
216
216
216
216
216
216
216
216
216
216
216
216
216
216
216
216
216
216
216
216
216
217
219
222
227
221
148
161
218
221
225
220
193
64
187
212
220
216
216
216
216
216
216
216
216
217
218
221
224
225
227
226
171
140
187
218
217
234
249
255
255
255
255
255
255
247
173
151
160
151
155
162
170
177
197
254
255
255
255
254
254
253
252
252
252
252
252
252
252
252
252
252
252
252
252
252
252
252
252
252
252
252
252
252
252
252
253
254
246
252
253
254
230
99
222
246
254
252
252
252
252
252
253
254
254
249
183
148
144
148
156
232
254
253
253
254
254
255
255
241
151
147
155
150
167
249
255
255
255
255
255
255
255
255
255
255
255
255
255
255
255
255
255
255
255
255
255
255
255
255
255
255
255
255
255
254
251
251
254
255
254
243
88
92
114
255
255
255
255
255
255
255
255
255
255
255
255
255
255
255
255
254
253
249
254
254
255
254
254
253
252
252
252
252
254
249
249
222
151
138
145
146
144
142
146
186
252
254
252
252
252
252
252
252
252
252
252
252
252
252
252
252
252
252
252
252
252
252
252
252
252
252
252
252
252
253
254
253
228
103
217
224
76
76
99
251
254
253
254
254
254
254
252
251
246
186
153
147
143
140
214
245
254
252
252
252
252
254
249
157
151
141
148
144
160
224
254
254
252
252
252
252
252
252
252
252
252
252
252
252
252
252
252
252
252
252
252
252
252
252
252
252
252
252
252
253
254
254
253
254
251
99
76
73
228
246
254
252
252
252
252
252
252
252
252
252
252
252
252
252
252
254
254
254
254
254
252
252
252
252
252
252
252
252
252
254
254
243
166
146
147
144
144
143
139
185
247
254
252
252
252
252
252
252
252
252
252
252
252
252
252
252
252
252
252
252
252
252
252
252
252
252
252
252
252
254
246
228
73
81
100
100
81
73
228
248
253
249
247
249
250
252
251
201
182
167
145
145
144
148
163
237
254
252
252
252
252
254
247
227
138
133
139
137
139
172
244
254
252
252
252
252
252
252
252
252
252
252
252
252
252
252
252
252
252
252
252
252
252
252
252
252
252
252
252
252
252
252
252
254
246
222
99
228
253
254
253
252
252
252
252
252
252
252
252
252
252
252
252
252
253
254
246
251
246
254
253
252
252
252
252
252
252
252
252
252
253
247
245
227
166
158
145
84
131
181
250
254
252
252
252
252
252
252
252
252
252
252
252
252
252
252
252
252
252
252
252
252
252
252
252
252
252
252
252
254
251
99
76
76
224
217
103
228
253
254
254
214
197
199
198
202
204
187
145
147
149
146
139
139
183
238
254
252
252
252
252
253
254
244
162
155
162
159
154
173
233
254
252
252
252
252
252
252
252
252
252
252
252
252
252
252
252
252
252
252
252
252
252
252
252
252
252
252
252
252
252
252
252
253
254
246
251
246
254
253
252
252
252
252
252
252
252
252
252
252
252
252
252
253
254
253
228
99
222
246
254
252
252
252
252
252
252
252
252
252
252
254
254
254
240
201
72
65
76
175
246
254
252
252
252
252
252
252
252
252
252
252
252
252
252
252
252
252
252
252
252
252
252
252
252
252
252
252
252
254
246
222
99
230
254
253
252
246
254
254
252
206
146
145
150
152
154
151
148
146
145
150
152
158
228
253
254
252
252
252
252
252
254
246
243
236
240
239
237
242
247
253
252
252
252
252
252
252
252
252
252
252
252
252
252
252
252
252
252
252
252
252
252
252
252
252
252
252
252
252
252
253
254
254
254
254
254
254
253
252
252
252
252
252
252
252
252
252
252
252
252
252
252
254
246
228
73
76
99
251
254
252
252
252
252
252
252
252
252
252
252
252
252
254
254
106
85
77
147
179
250
254
252
252
252
252
252
252
252
252
252
252
252
252
252
252
252
252
252
252
252
252
252
252
252
252
252
252
252
253
254
246
251
246
254
254
254
254
252
254
253
204
142
133
142
143
145
146
147
144
145
162
220
246
248
254
252
252
252
252
252
252
252
254
254
254
254
254
254
254
254
252
252
252
252
252
252
252
252
252
252
252
252
252
252
252
252
252
252
252
252
252
252
252
252
252
252
252
252
252
253
254
246
251
246
254
253
252
252
252
252
252
252
252
252
252
252
252
252
252
252
252
252
254
251
99
76
73
228
246
254
252
252
252
252
252
252
252
252
252
252
252
252
254
246
222
102
222
242
248
249
253
252
252
252
252
252
252
252
252
252
252
252
252
252
252
252
252
252
252
252
252
252
252
252
252
252
252
252
252
253
254
254
254
253
252
252
252
252
254
254
211
151
147
146
146
141
141
140
142
153
222
254
254
254
252
252
252
252
252
252
252
252
252
252
252
252
252
252
252
252
252
252
252
252
252
252
252
252
252
252
252
252
252
252
252
252
252
252
252
252
252
252
252
252
252
252
252
252
253
254
253
228
99
222
246
254
252
252
252
252
252
252
252
252
252
252
252
252
252
252
252
252
254
246
222
99
228
253
254
253
252
253
254
254
254
253
252
252
252
252
252
252
253
254
246
252
249
255
254
253
252
252
252
252
252
252
252
252
252
252
252
252
252
252
252
252
252
252
252
252
252
252
252
252
252
252
252
252
252
252
252
252
252
252
252
252
252
252
252
253
246
205
198
210
157
152
150
145
180
232
251
254
253
252
252
252
252
252
252
252
252
252
252
252
252
252
252
252
252
252
252
252
252
252
252
252
252
252
252
252
252
252
252
252
252
252
252
252
252
252
252
252
252
252
252
252
252
252
254
246
228
73
76
99
251
254
252
252
252
252
252
252
252
252
252
252
252
252
252
252
252
252
253
254
246
251
246
254
253
252
253
254
246
251
246
254
253
252
252
252
252
252
252
253
254
254
254
253
252
252
252
252
252
252
252
252
252
252
252
252
252
252
252
252
252
252
252
252
252
252
252
252
252
252
252
252
252
252
252
252
252
252
252
252
252
252
252
252
252
253
253
254
244
249
238
199
202
240
247
253
254
253
252
252
252
252
252
252
252
252
252
252
252
252
252
252
252
252
252
252
252
252
252
252
252
252
252
252
252
252
252
252
252
252
252
252
252
252
252
252
252
252
252
252
252
252
252
252
254
251
99
76
73
228
246
254
252
252
252
252
252
252
252
252
252
252
252
252
252
252
252
252
252
253
254
254
254
253
252
253
254
253
228
99
222
246
254
252
252
252
252
252
252
252
252
252
252
252
252
252
252
252
252
252
252
252
252
252
252
252
252
252
252
252
252
252
252
252
252
252
252
252
252
252
252
252
252
252
252
252
252
252
252
252
252
252
252
252
252
252
253
254
238
125
236
253
253
254
254
253
252
252
252
252
252
252
252
252
252
252
252
252
252
252
252
252
252
252
252
252
252
252
252
252
252
252
252
252
252
252
252
252
252
252
252
252
252
252
252
252
252
252
252
252
252
252
252
252
254
245
218
94
225
252
254
253
252
252
252
252
252
252
252
252
252
252
252
252
252
252
252
252
252
252
252
252
252
252
252
253
252
240
92
81
98
245
254
252
252
252
252
252
252
252
252
252
252
252
252
252
252
252
252
252
252
252
252
252
252
252
252
252
252
252
252
252
252
252
252
252
252
252
252
252
252
252
252
252
252
252
252
252
252
252
252
252
252
252
252
252
252
252
78
78
78
252
252
252
252
252
252
252
252
252
252
252
252
252
252
252
252
252
252
252
252
252
252
252
252
252
252
252
252
252
252
252
252
252
252
252
252
252
252
252
252
252
252
252
252
252
252
252
252
252
252
252
252
252
252
252
252
252
252
252
252
252
252
252
252
252
252
252
252
252
252
252
252
252
252
252
252
252
252
252
252
252
252
252
252
252
252
78
78
78
252
252
252
252
252
252
252
252
252
252
252
252
252
252
252
252
252
252
252
252
252
252
252
252
252
252
252
252
252
252
252
252
252
252
252
252
252
252
252
252
252
