242
242
242
242
242
242
242
242
242
242
242
242
242
242
242
242
242
242
242
242
242
242
242
242
242
242
242
242
242
242
242
242
242
242
242
242
242
242
242
242
242
242
242
242
242
242
242
242
242
242
242
242
242
242
242
242
242
242
242
242
242
242
242
242
242
242
242
242
242
242
242
242
242
242
242
242
242
242
242
242
242
242
242
242
242
242
242
242
242
242
242
242
242
242
242
242
242
242
242
242
242
106
106
106
242
242
242
242
242
242
242
242
242
242
242
242
242
242
242
242
242
242
242
242
242
242
242
242
242
242
242
242
242
242
242
242
242
242
242
242
242
242
242
242
242
242
242
242
242
242
242
242
242
242
242
242
242
244
247
240
234
227
231
240
250
253
241
233
226
230
238
245
247
245
244
243
242
242
242
242
242
242
242
242
242
242
242
242
242
242
242
242
242
242
242
242
242
242
242
242
242
242
242
242
242
242
242
242
242
242
242
242
242
242
242
242
242
242
242
242
242
242
242
242
242
242
242
242
242
242
242
242
242
242
242
242
242
242
242
242
242
242
242
242
242
242
242
242
242
244
243
228
138
228
243
244
242
242
242
242
242
242
242
244
245
246
245
243
242
242
242
242
242
242
242
242
242
242
242
242
242
242
242
242
242
242
242
242
242
242
242
242
242
242
242
242
242
242
242
242
242
242
242
242
242
242
242
246
242
212
138
139
142
175
234
236
192
141
138
144
205
250
247
241
245
245
242
244
246
247
246
244
242
242
242
242
242
242
242
242
242
242
242
242
242
242
242
242
242
242
242
242
242
242
242
242
242
242
242
242
242
242
242
242
242
242
242
242
242
242
242
242
242
242
242
242
242
242
242
242
242
242
242
242
243
245
248
249
248
245
243
242
242
242
242
242
242
242
242
244
249
238
242
238
249
244
242
242
242
242
242
242
242
245
236
240
239
247
243
242
242
242
242
242
242
242
242
242
242
242
242
242
242
242
242
242
242
242
242
242
242
242
242
242
242
242
242
242
242
242
242
242
242
242
242
242
243
249
219
137
122
119
123
132
143
145
134
125
117
120
184
233
176
198
243
248
246
249
238
242
238
249
244
242
242
242
242
242
242
242
242
242
242
242
242
242
242
242
242
242
242
242
242
242
242
242
242
242
242
242
242
242
242
242
242
242
242
242
242
242
242
242
242
242
242
242
242
242
242
242
242
242
242
245
247
243
235
231
240
248
254
252
252
252
251
251
249
246
244
243
244
246
247
246
244
242
242
242
242
242
242
242
244
250
230
161
230
245
247
243
242
242
242
242
242
242
242
242
242
242
242
242
242
242
242
242
242
242
242
242
242
242
242
242
242
242
242
242
242
242
242
242
242
242
242
242
244
250
211
133
120
133
129
127
122
122
120
124
126
132
140
140
136
129
201
246
253
249
226
126
223
241
247
242
242
242
242
242
242
242
242
242
242
242
242
242
242
242
242
242
242
244
246
247
246
244
242
242
242
242
242
242
242
242
242
242
242
242
242
242
242
242
242
242
242
242
242
242
242
242
242
242
244
247
242
222
164
138
173
233
232
229
229
229
228
230
236
242
247
245
243
242
242
242
242
242
242
242
242
242
242
242
246
242
215
132
141
237
243
245
242
242
242
242
242
242
242
242
242
242
242
242
242
242
242
242
242
242
242
242
242
242
242
242
242
242
242
242
242
242
242
242
242
242
242
242
245
251
214
134
124
132
128
106
124
136
141
136
126
121
121
122
122
125
137
207
243
225
112
103
123
241
254
249
246
244
242
242
242
242
242
242
242
242
242
242
242
242
242
242
244
249
238
242
238
249
244
242
242
242
242
242
242
242
242
242
242
242
242
242
242
242
242
242
242
242
242
242
242
242
242
244
248
246
214
134
126
124
131
141
146
145
145
145
143
140
161
215
241
247
245
242
242
242
242
242
242
242
242
242
242
244
251
238
147
124
126
158
244
251
243
242
242
242
242
242
242
242
242
242
242
242
242
242
242
242
242
242
242
242
242
242
242
242
242
242
242
242
242
242
242
242
242
242
242
244
250
244
217
132
129
121
98
99
110
178
241
190
134
138
142
140
131
122
127
172
160
117
105
91
127
209
234
236
241
248
244
242
242
242
242
242
242
242
242
242
242
242
242
244
249
245
224
123
219
238
246
242
242
242
242
242
242
242
242
242
242
242
242
242
242
242
242
242
242
242
242
242
242
242
244
248
245
220
141
126
126
131
128
124
122
121
122
124
122
122
126
130
200
241
246
243
242
242
242
242
242
242
242
242
242
246
242
221
132
121
122
144
234
250
250
245
243
242
242
242
242
242
242
242
242
242
242
242
242
242
242
242
242
242
242
242
242
242
242
242
242
242
242
242
242
242
242
242
244
249
246
227
119
189
139
113
110
107
179
245
252
245
194
196
234
177
128
107
121
130
130
122
106
123
135
142
145
145
224
240
247
242
242
242
242
242
242
242
242
242
242
242
242
246
238
224
102
105
123
242
247
242
242
242
242
242
242
242
242
242
242
242
242
242
242
242
242
242
242
242
242
242
242
242
246
243
219
140
130
128
132
133
133
131
129
128
130
131
132
131
126
124
136
211
253
248
243
242
242
242
242
242
242
242
243
250
238
147
128
125
124
129
152
233
241
242
247
243
242
242
242
242
242
242
242
242
242
242
242
242
242
242
242
242
242
242
242
242
242
242
242
242
242
242
242
242
242
242
246
238
224
104
109
121
237
220
130
220
242
246
250
244
242
251
250
188
126
111
112
124
131
129
131
130
131
125
121
123
147
236
253
246
243
242
242
242
242
242
242
242
242
242
242
247
242
123
105
102
224
238
246
242
242
242
242
242
242
242
242
243
245
246
245
244
242
242
242
242
242
242
242
242
242
243
250
226
148
127
127
130
130
129
128
127
130
135
136
134
130
131
131
124
125
194
241
244
244
242
242
242
242
242
242
242
244
249
226
139
118
136
144
140
136
131
163
236
243
246
242
242
242
242
242
242
242
242
242
242
242
242
242
242
242
242
242
242
242
242
242
242
242
242
242
242
242
242
242
242
247
242
123
105
103
228
248
243
244
239
251
245
243
244
245
253
249
185
129
113
108
124
133
130
127
129
130
127
108
118
134
212
239
238
246
242
242
242
242
242
242
242
242
242
242
246
238
219
123
224
245
249
244
242
242
242
242
242
243
245
248
252
244
242
237
244
243
242
242
242
242
242
242
242
242
246
247
216
132
122
131
130
126
127
130
130
140
182
186
125
120
127
130
129
132
133
181
233
249
245
242
242
242
242
242
242
247
241
193
132
119
145
228
215
128
115
128
167
248
250
242
242
242
242
242
242
242
242
242
242
242
242
242
242
242
242
242
242
242
242
242
242
242
242
242
242
242
242
242
242
246
238
219
123
224
245
250
247
247
246
244
242
242
242
245
247
240
175
125
115
108
122
130
136
142
139
131
97
100
103
134
134
158
236
251
243
242
242
242
242
242
242
242
242
242
244
249
238
242
238
249
244
242
242
242
242
242
242
246
242
236
233
224
163
219
248
243
242
242
242
242
242
242
242
244
250
239
184
130
126
131
130
137
141
182
194
181
244
203
149
139
136
129
128
128
126
127
205
241
246
242
242
242
242
242
243
252
237
149
125
124
155
247
240
145
126
119
152
234
247
246
242
242
242
242
242
242
242
242
242
242
242
242
242
242
242
242
242
242
242
242
242
242
242
242
242
242
242
242
242
244
249
238
242
238
249
244
242
242
242
242
242
242
242
246
248
190
135
127
115
110
122
126
133
207
233
119
111
104
132
122
119
133
224
247
248
243
242
242
242
242
242
242
242
242
242
244
246
247
246
244
242
242
242
242
242
242
243
252
246
177
121
124
136
211
249
243
242
242
242
242
242
242
242
246
242
218
133
128
130
129
123
161
232
243
238
245
242
240
233
234
183
131
128
128
128
126
141
219
251
245
242
242
242
242
246
244
224
138
120
134
186
248
251
218
131
101
130
173
252
252
244
243
242
242
242
242
242
242
242
242
242
242
242
242
242
242
242
242
242
242
242
242
242
242
242
242
242
242
242
242
244
246
247
246
244
242
242
242
242
242
242
242
242
249
244
180
125
126
118
111
123
124
137
219
253
228
131
221
152
132
124
132
147
235
242
246
242
242
242
242
242
242
242
242
242
242
242
242
242
242
242
242
242
242
242
242
245
241
225
106
93
95
137
221
250
244
242
242
242
242
242
242
243
249
228
143
127
127
131
128
133
178
251
253
247
246
246
247
252
251
248
186
137
128
108
119
126
204
244
249
244
242
242
242
249
238
152
130
122
145
232
252
245
220
107
90
98
151
228
241
240
246
242
242
242
242
242
242
242
242
242
242
242
242
242
242
242
242
242
242
242
242
242
242
242
242
242
242
242
242
242
242
242
242
242
242
242
242
242
242
242
243
244
253
251
187
128
124
127
116
124
121
131
211
254
241
246
238
243
147
129
122
126
152
237
249
242
242
242
242
242
242
242
242
242
242
242
242
242
242
242
242
242
242
242
242
246
245
130
110
96
120
165
226
249
244
242
242
242
242
242
242
243
250
218
137
120
131
128
123
157
235
246
246
242
242
242
242
242
247
254
242
179
102
104
107
132
134
215
242
246
242
242
242
250
230
144
120
123
150
234
254
243
126
114
106
133
136
135
180
244
248
242
242
242
242
242
242
242
242
242
242
242
242
242
242
242
242
242
242
242
242
242
242
242
242
242
242
242
242
242
242
242
242
242
242
242
242
242
242
242
245
245
243
236
174
122
130
134
137
129
128
142
221
251
246
247
250
246
237
147
132
119
146
233
252
243
242
242
242
242
242
242
242
242
242
242
242
242
242
242
242
244
246
247
246
246
242
224
114
121
122
138
218
249
244
242
242
242
242
242
242
243
251
222
139
122
132
128
136
179
252
250
242
242
242
242
242
244
249
249
231
116
103
103
129
126
127
136
218
249
243
242
242
251
231
147
122
124
151
233
254
238
219
126
221
203
122
109
162
239
251
242
242
242
242
242
242
242
242
242
242
242
242
242
242
244
246
247
246
244
242
242
242
242
242
242
242
242
242
242
242
242
242
242
242
243
244
245
246
249
251
245
195
140
133
130
137
200
170
123
119
199
236
247
244
242
243
247
248
229
140
119
140
228
246
246
242
242
242
242
242
244
246
247
246
244
242
242
242
242
244
249
238
242
238
250
254
242
166
119
125
140
223
249
243
242
242
242
242
242
242
243
251
221
139
122
131
125
148
228
241
247
242
242
242
242
242
246
238
224
107
106
111
161
130
131
121
130
211
250
244
242
242
251
232
147
122
126
153
236
254
250
238
246
247
229
148
127
171
239
249
242
242
242
242
242
242
242
242
242
242
242
242
242
244
249
238
242
238
249
244
242
242
242
242
242
242
242
242
242
242
242
242
242
242
245
245
243
242
238
241
190
133
123
117
118
193
247
186
133
125
141
221
250
244
242
242
243
252
234
148
119
130
152
239
248
242
242
242
242
244
249
238
242
238
249
244
242
242
244
249
245
224
123
219
237
254
241
166
119
129
214
246
247
243
242
242
242
242
242
242
243
251
221
139
122
131
127
136
175
250
247
242
242
242
242
242
247
242
123
106
112
229
172
130
128
123
134
214
251
244
242
242
250
229
144
121
125
143
228
244
247
245
247
247
239
234
204
188
242
248
242
242
242
242
242
242
242
242
242
242
242
242
244
249
245
224
123
219
238
246
242
242
242
242
242
242
242
242
242
242
242
244
247
250
251
244
207
184
197
142
134
129
131
136
145
210
254
243
164
114
131
212
251
245
242
242
242
250
234
146
122
119
147
234
252
243
242
242
244
249
245
224
123
219
238
246
242
242
246
238
225
103
106
123
241
254
241
167
120
129
214
246
247
243
242
242
242
242
242
242
243
251
220
139
122
129
123
139
203
245
246
242
242
242
242
242
246
238
219
122
232
246
179
125
128
123
134
214
251
244
242
242
248
238
151
126
124
130
158
246
253
245
243
244
246
249
242
241
240
244
242
242
242
242
242
242
242
242
242
242
242
242
246
238
224
102
105
123
242
247
242
242
242
242
242
242
242
242
242
242
243
245
236
233
232
201
134
133
129
129
124
128
125
179
232
242
253
245
171
119
123
207
243
246
242
242
242
247
241
183
132
121
142
229
246
245
242
242
246
238
224
102
105
123
242
247
243
244
250
245
128
109
110
233
248
255
248
178
126
125
141
224
250
243
242
242
242
242
242
242
245
252
224
140
123
129
133
168
246
247
243
242
242
242
242
242
244
249
238
241
246
249
171
122
127
122
134
214
251
244
242
242
245
242
233
143
131
120
141
221
242
242
247
243
242
243
245
245
244
243
242
242
242
242
242
242
242
242
242
242
242
242
247
242
123
105
102
224
238
246
242
242
242
242
242
242
242
242
242
242
244
248
215
144
139
136
128
124
128
130
130
130
132
139
204
248
254
250
178
130
124
142
224
250
244
242
242
245
248
229
142
121
131
157
240
248
242
242
247
242
123
105
102
224
238
246
246
243
247
237
197
111
197
233
237
238
233
165
127
116
130
212
248
243
242
242
242
242
242
242
246
244
217
132
124
127
159
243
255
254
250
249
249
250
251
252
252
253
254
254
255
255
186
138
130
122
137
217
253
245
242
242
244
248
247
224
134
121
133
138
160
235
243
245
242
242
242
242
242
242
242
242
242
242
242
242
242
242
242
242
242
242
246
238
219
123
224
245
249
244
242
242
242
242
242
242
242
242
242
242
245
250
206
127
115
126
130
130
131
132
132
130
128
128
130
198
247
251
239
160
115
128
210
245
247
243
242
243
252
232
147
122
120
148
231
251
242
242
246
238
219
123
224
245
249
247
247
242
190
190
180
139
137
149
145
147
152
141
128
129
144
227
251
243
242
242
242
242
242
243
249
230
143
129
128
127
159
232
238
229
232
239
239
235
228
230
229
229
229
229
232
231
226
158
127
125
129
209
243
246
242
242
242
243
251
240
153
129
125
124
129
163
244
250
242
242
242
242
242
242
242
242
242
242
242
242
242
242
242
242
242
242
244
249
238
242
238
249
244
242
242
242
242
242
242
242
242
242
242
242
246
251
211
134
120
128
126
124
124
126
128
131
131
128
127
127
196
249
244
167
120
125
170
231
247
243
242
242
252
229
147
122
122
149
234
252
242
242
244
249
238
242
238
249
247
247
245
190
131
131
128
123
118
119
117
120
124
129
128
123
206
236
247
243
242
242
242
242
242
243
251
221
136
120
131
130
138
143
148
142
143
180
200
143
143
146
144
146
145
144
145
149
146
139
132
128
128
140
223
250
243
242
242
242
246
244
220
131
120
127
123
154
236
249
243
242
242
242
242
242
242
242
242
242
242
242
242
242
242
242
242
242
242
244
246
247
246
244
242
242
242
242
242
242
242
242
242
242
242
242
245
249
206
125
114
133
145
147
138
136
131
130
126
129
124
129
139
219
253
176
130
119
137
220
251
244
242
242
252
231
148
123
122
150
234
252
242
242
242
244
246
247
245
245
245
242
194
128
124
122
129
140
140
129
127
130
134
129
127
128
141
224
250
243
242
242
242
242
242
243
252
223
139
122
131
131
129
125
123
121
124
132
129
128
120
122
122
122
122
123
122
123
124
129
129
131
120
132
213
250
243
242
242
242
244
251
234
154
131
131
122
141
206
248
249
243
242
242
242
242
242
242
242
242
242
242
242
242
242
242
242
242
242
242
242
242
242
242
242
242
242
242
242
242
242
242
242
242
242
242
244
248
216
142
133
172
236
235
198
190
200
149
135
131
124
127
193
245
251
237
158
116
131
215
248
246
242
243
253
232
149
123
123
150
233
252
242
242
242
242
242
242
244
250
253
207
136
121
123
134
169
220
236
174
137
205
173
134
125
125
138
222
248
243
242
242
242
242
242
243
252
223
140
122
131
132
131
133
131
132
129
129
128
127
127
126
127
130
130
131
131
131
133
132
130
127
116
132
213
250
244
242
242
242
242
246
238
237
220
142
130
126
155
239
247
247
243
242
242
242
242
242
242
242
242
242
242
242
242
242
242
242
242
242
242
242
242
242
242
242
242
242
242
242
242
242
242
242
242
242
243
245
238
231
226
240
249
252
246
244
244
240
177
127
123
128
197
244
255
243
166
119
125
181
235
248
242
244
249
230
143
123
122
149
233
252
242
242
242
242
242
243
243
237
232
183
123
121
130
187
244
250
248
239
236
241
240
162
120
130
214
245
247
243
242
242
242
242
242
243
252
223
140
122
131
131
131
129
127
124
122
122
121
123
134
139
135
123
121
123
123
123
122
120
126
135
139
155
224
249
243
242
242
242
242
243
246
253
251
223
134
121
131
156
240
243
245
242
242
242
242
242
242
242
242
242
242
242
242
242
242
242
242
242
242
242
242
242
242
242
242
242
242
242
242
242
242
242
242
242
242
244
246
249
249
248
245
244
244
246
253
250
186
126
121
126
133
206
253
249
170
130
121
137
221
249
244
249
245
196
136
124
122
148
232
251
242
242
242
242
242
243
247
217
149
136
128
130
188
246
248
247
246
247
248
254
244
166
117
127
213
246
247
243
242
242
242
242
242
243
252
223
139
122
130
127
124
121
132
140
146
145
143
140
183
237
190
141
143
149
149
147
144
142
140
207
231
234
238
244
243
242
242
242
242
242
244
250
251
219
114
117
123
127
165
245
248
242
242
242
242
242
242
242
242
242
242
242
242
242
242
242
242
242
242
242
242
242
242
242
242
242
242
242
242
242
242
242
242
242
242
242
242
242
242
242
242
242
242
242
247
249
191
135
125
124
135
207
251
247
235
153
114
135
222
255
252
247
234
143
129
126
131
165
241
248
242
242
242
242
242
243
247
240
192
120
118
179
243
250
245
242
242
242
242
249
248
174
131
126
142
224
249
243
242
242
242
242
242
243
252
223
140
120
130
138
140
144
166
232
233
230
229
232
242
247
242
233
228
231
231
230
230
227
234
243
251
249
246
244
242
242
242
242
242
242
246
238
226
107
108
107
134
120
161
241
253
242
242
242
242
242
242
242
242
242
242
242
242
242
242
242
242
242
242
242
242
242
242
242
242
242
242
242
242
242
242
242
242
242
242
242
242
242
242
242
242
242
242
242
243
246
240
176
120
123
195
241
247
252
252
173
129
129
209
245
241
239
146
130
127
123
141
228
246
245
242
242
242
242
242
243
246
242
194
119
121
182
248
251
242
242
242
242
242
249
243
232
150
113
129
212
248
243
242
242
242
242
242
243
252
223
140
121
126
154
228
236
240
248
254
252
251
250
248
247
248
250
251
252
252
252
253
253
253
249
246
242
242
242
242
242
242
242
242
242
247
242
123
107
113
204
134
119
158
237
248
244
242
242
242
242
242
242
242
242
242
242
242
242
242
242
242
242
242
242
242
242
242
242
242
242
242
242
242
242
242
242
242
242
242
242
242
242
242
242
242
242
242
242
242
251
249
185
120
126
203
251
249
253
243
226
106
124
135
149
220
152
130
127
128
128
155
239
251
243
242
242
242
242
242
243
251
219
144
130
131
191
250
247
242
242
242
242
242
246
245
169
131
127
142
226
251
243
242
242
242
242
242
243
252
223
140
120
126
163
246
255
248
245
243
242
242
242
242
242
242
242
242
242
242
244
249
238
242
238
249
244
242
242
242
242
242
242
242
242
246
238
219
124
232
219
142
117
138
185
247
248
242
242
242
242
242
242
242
242
242
242
242
242
242
242
242
242
242
242
242
242
242
242
242
242
242
242
242
242
242
242
242
242
242
242
242
242
242
242
242
242
242
242
242
251
249
185
118
123
197
247
249
238
228
113
103
101
121
132
130
136
128
131
127
142
198
246
248
242
242
242
242
242
242
245
243
230
182
111
165
237
247
249
242
242
242
242
242
251
212
151
121
119
207
236
247
243
242
242
242
242
242
243
252
223
140
120
126
163
243
253
243
242
242
242
242
242
242
242
242
242
242
242
244
249
245
224
123
219
238
246
242
242
242
242
242
242
242
242
244
249
238
245
247
225
138
118
124
164
240
249
242
242
242
242
242
242
242
242
242
242
242
242
242
242
242
242
242
242
242
242
242
242
242
242
242
242
242
242
242
242
242
242
242
242
242
242
242
242
242
242
242
242
245
246
241
175
120
132
207
250
250
241
122
112
101
133
128
130
129
129
132
133
126
111
219
240
247
242
242
242
242
242
242
243
251
218
142
129
128
187
247
248
247
242
242
244
245
252
243
167
124
125
142
224
250
243
244
246
247
246
244
243
252
223
140
120
127
151
236
247
249
244
242
242
242
242
242
242
242
242
242
242
246
238
224
102
105
125
246
251
246
244
242
242
242
242
242
242
242
244
245
247
253
220
138
119
124
165
241
251
242
242
242
242
242
242
242
242
242
242
242
242
242
242
242
242
242
242
242
242
242
242
242
242
242
242
242
242
242
242
242
242
242
242
242
242
242
242
242
242
242
242
248
251
193
128
119
188
240
246
246
238
219
131
217
156
127
131
129
125
125
130
95
107
130
244
247
242
242
242
242
242
242
242
243
240
198
128
124
125
183
241
245
244
244
249
239
247
234
181
127
123
138
222
249
244
249
238
242
238
249
245
252
222
139
122
131
128
119
229
239
245
242
242
242
242
242
242
242
242
242
242
247
242
123
104
105
223
231
235
239
247
246
246
247
246
244
242
242
242
242
245
253
222
141
122
124
165
241
251
242
242
242
242
242
242
242
242
242
242
242
242
242
242
242
242
242
242
242
242
242
242
242
242
242
242
242
242
242
242
242
242
242
242
242
242
242
242
242
242
242
245
249
242
176
118
132
210
255
253
248
250
237
251
234
162
123
125
135
140
153
114
107
107
225
238
246
242
242
242
242
242
242
242
245
249
243
190
121
119
134
197
254
254
254
248
227
129
178
145
123
130
213
246
248
249
245
224
123
219
238
246
252
223
140
121
127
96
110
131
246
247
242
242
242
242
242
242
242
242
242
242
246
238
219
122
230
245
180
142
219
247
253
239
242
238
249
244
242
242
242
245
244
213
131
122
122
161
239
251
242
242
242
242
242
242
242
242
242
242
242
242
242
242
242
242
242
242
242
242
242
242
242
242
242
242
242
242
242
242
242
242
242
242
242
242
242
242
242
242
244
245
245
191
128
123
191
236
233
229
236
248
245
252
247
163
131
121
139
220
240
219
128
225
245
249
244
242
242
242
242
242
242
242
242
248
251
206
137
119
121
178
233
233
232
224
112
116
115
145
125
131
216
249
252
241
224
102
105
123
242
247
252
224
140
122
109
101
104
223
239
250
243
242
242
242
242
242
242
242
242
242
244
249
238
241
246
246
157
120
144
231
245
226
123
219
238
246
242
242
243
249
227
143
128
125
131
168
247
249
242
242
242
242
242
242
242
242
242
242
242
242
242
242
242
242
242
242
242
242
242
242
242
242
242
242
242
242
242
242
242
242
242
242
242
242
242
242
242
242
248
250
209
144
117
125
201
235
125
121
236
255
250
249
248
233
149
119
135
226
253
245
243
238
249
244
242
242
242
242
242
242
242
242
242
244
245
242
193
126
124
132
143
146
143
116
103
106
209
156
125
131
136
223
249
250
124
105
102
224
238
246
251
223
141
121
127
107
131
165
247
247
247
242
242
242
242
242
242
242
242
242
242
244
245
247
254
245
166
121
130
153
216
113
112
129
245
249
245
247
250
253
223
136
120
124
155
235
246
246
242
242
242
242
244
246
247
246
244
242
242
242
242
242
242
242
242
242
242
242
242
242
242
242
242
242
242
242
242
242
242
242
242
242
242
242
242
242
242
243
247
241
184
122
120
135
208
235
123
107
210
218
228
241
255
250
164
124
130
146
235
251
247
246
244
242
242
242
242
242
242
242
242
242
242
242
245
247
243
196
134
126
118
114
117
119
103
137
143
144
133
126
120
113
227
235
221
123
224
245
249
245
251
223
139
123
131
130
126
130
163
243
246
246
243
242
242
242
242
242
242
243
244
247
249
252
253
238
155
119
125
135
110
103
97
216
241
255
245
241
234
240
212
135
122
126
165
243
253
244
247
250
253
253
254
238
237
232
246
242
242
242
242
242
242
242
242
242
242
242
242
242
242
242
242
242
242
242
242
242
242
242
242
242
242
242
244
246
248
252
254
205
136
125
129
193
247
239
233
223
138
136
134
218
224
215
142
121
120
146
232
255
253
253
253
250
247
244
242
242
242
242
242
242
242
242
242
245
246
241
236
187
147
143
136
105
125
126
129
130
129
124
96
105
128
249
242
242
238
249
244
243
250
223
139
122
130
132
130
125
135
180
247
248
246
243
242
243
244
247
249
251
249
243
234
234
236
167
122
109
112
125
124
105
130
146
230
237
222
159
174
158
140
136
129
127
169
249
255
254
240
228
213
214
216
215
138
235
247
242
242
242
242
242
242
242
242
242
242
242
242
242
242
242
242
242
242
242
242
242
242
242
242
242
242
244
249
239
242
235
241
183
120
117
182
242
250
249
252
239
228
214
219
134
141
130
118
105
120
132
209
225
217
215
213
228
240
254
253
253
253
253
253
253
253
253
253
253
254
255
255
251
233
214
101
99
104
126
125
130
131
106
105
112
225
241
248
247
247
247
247
246
249
233
157
130
128
131
131
129
127
143
195
244
249
251
249
252
249
239
234
235
238
200
156
151
144
134
127
125
115
129
134
134
127
135
140
150
139
137
128
130
125
125
121
113
143
215
221
216
219
134
136
138
136
132
228
234
246
242
242
242
242
242
242
242
242
242
242
242
242
242
242
242
242
242
242
242
242
242
242
242
242
242
244
249
245
227
129
189
145
133
128
137
201
251
248
242
244
247
250
253
240
228
218
222
150
128
104
112
124
136
140
138
136
134
219
216
214
214
214
214
214
214
214
214
214
214
214
215
215
236
249
145
126
120
181
157
151
143
132
124
118
221
255
255
254
253
254
242
245
242
255
254
226
138
127
134
134
133
132
131
138
178
239
244
240
239
234
186
144
178
168
137
129
126
125
124
127
125
110
117
123
124
125
123
120
120
120
122
123
125
125
107
113
119
132
135
140
136
134
219
216
214
213
227
236
248
244
242
242
242
242
242
242
242
242
242
242
242
242
242
242
242
242
242
242
242
242
242
242
242
242
242
246
238
226
109
106
102
123
117
118
175
239
247
244
242
242
242
242
244
247
250
253
253
238
148
122
116
126
204
221
215
216
219
134
136
138
138
138
138
138
138
138
138
138
138
138
138
136
136
216
192
97
193
208
209
205
140
114
109
122
196
223
217
216
219
227
216
128
210
222
223
201
125
119
126
127
126
125
123
122
128
135
181
193
142
137
127
121
121
125
123
123
126
124
106
105
98
107
116
120
112
104
107
108
108
108
108
109
108
105
127
154
228
224
218
215
213
228
240
254
254
254
253
248
244
242
242
242
242
242
242
242
242
242
242
242
242
242
242
242
242
242
242
242
242
242
242
242
242
242
242
247
241
128
106
97
124
129
134
142
196
249
248
242
242
242
242
242
244
246
247
246
253
239
155
124
122
148
235
255
253
254
240
228
214
218
219
218
216
214
214
214
214
214
214
214
214
216
220
141
132
138
136
150
148
142
134
124
121
128
133
140
138
140
130
124
97
112
117
144
140
134
121
110
107
112
112
112
112
110
106
107
112
111
108
102
108
109
110
109
109
107
101
106
129
140
137
138
214
227
156
129
123
124
124
136
124
125
124
123
152
234
253
255
253
253
253
250
248
250
238
242
238
249
244
242
242
242
242
242
242
242
242
242
242
242
242
242
242
242
242
242
242
242
242
242
242
242
242
242
242
250
243
199
110
122
128
127
171
232
240
242
244
242
242
242
242
244
249
238
242
237
254
245
163
132
118
142
228
251
242
244
247
252
255
250
253
250
255
254
253
253
253
253
253
253
253
254
240
230
216
219
218
216
215
218
221
223
223
222
219
216
215
219
213
105
95
108
216
220
217
222
209
131
122
122
124
127
127
126
126
126
124
124
125
126
126
125
122
116
121
130
136
140
207
236
231
237
247
249
244
229
151
152
219
171
219
149
158
214
174
240
251
243
242
242
242
244
249
245
224
123
219
238
246
242
242
242
242
242
242
242
242
242
242
242
242
242
242
242
242
242
242
242
242
242
242
242
242
242
244
250
248
205
130
125
127
133
191
253
251
244
243
242
242
242
244
249
245
224
123
219
242
248
228
139
108
136
224
250
242
242
244
249
245
224
123
219
238
246
242
242
242
242
242
242
242
244
247
250
253
253
253
253
253
253
253
253
253
253
253
253
253
254
248
227
127
227
248
254
253
254
248
224
134
130
128
132
133
134
134
134
135
134
132
129
124
127
137
142
144
203
234
237
243
252
251
249
247
247
251
243
236
237
236
250
235
237
237
236
243
238
246
242
242
242
242
246
238
224
102
105
123
242
247
242
242
242
242
242
242
242
242
242
242
242
242
242
242
242
242
242
242
242
242
242
242
242
242
244
248
245
213
135
129
125
132
182
245
245
245
242
242
242
242
242
246
238
224
102
105
123
242
254
240
163
134
152
231
249
242
242
246
238
224
102
105
123
242
247
242
242
242
242
242
242
242
242
242
242
242
242
242
242
242
242
242
242
242
242
242
242
242
244
249
238
242
238
249
244
242
244
248
244
218
137
127
123
121
123
126
128
129
126
127
134
140
141
193
232
236
242
251
250
247
244
242
242
242
242
244
246
248
249
247
248
248
249
249
247
246
244
243
242
242
242
242
247
242
123
105
102
224
238
246
242
242
242
242
242
242
242
242
242
242
242
242
242
242
242
242
242
242
242
242
242
243
246
249
252
247
214
130
126
126
136
172
245
243
253
244
242
242
242
242
242
247
242
123
105
102
224
238
248
240
235
224
233
238
246
242
242
247
242
123
105
102
224
238
246
242
242
242
242
242
242
242
242
242
242
242
242
242
242
242
242
242
242
242
242
242
242
242
242
244
246
247
246
244
242
242
242
244
248
243
225
168
142
145
144
135
125
122
131
137
188
232
235
241
250
251
247
244
242
242
242
242
242
242
242
242
242
242
242
242
242
242
242
242
242
242
242
242
242
242
242
242
246
238
219
123
224
245
249
244
242
242
242
242
242
242
242
242
242
242
242
242
242
242
242
242
242
242
242
242
242
244
240
237
234
210
133
124
124
139
180
227
127
223
238
245
242
242
242
242
242
246
238
219
123
224
245
249
245
246
249
250
249
246
243
242
242
246
238
219
123
224
245
249
244
242
242
242
242
242
242
242
242
242
242
242
242
242
242
242
242
242
242
242
242
242
242
242
242
242
242
242
242
242
242
242
242
242
244
246
245
237
231
230
234
203
144
138
180
236
243
249
251
247
244
242
242
242
242
242
242
242
242
242
242
242
242
242
242
242
242
242
242
242
242
242
242
242
242
242
242
242
244
249
238
242
238
249
244
242
242
242
242
242
242
242
242
242
242
242
242
242
242
242
242
242
242
242
242
242
243
246
225
165
131
126
121
116
129
164
227
106
108
123
242
247
242
242
242
242
242
244
249
238
242
238
249
244
242
242
242
242
242
242
242
242
242
244
249
238
242
238
250
247
247
246
244
242
242
242
242
242
242
242
242
242
242
242
242
242
242
242
242
242
242
242
242
242
242
242
242
242
242
242
242
242
242
242
242
243
245
248
250
252
252
244
232
229
240
247
250
244
243
242
242
242
242
242
242
242
242
242
242
242
242
242
242
242
242
242
242
242
242
242
242
242
242
242
242
242
242
242
242
244
246
247
246
244
242
242
242
242
242
242
242
242
242
242
242
242
242
242
242
242
242
242
242
242
242
242
243
247
224
143
134
138
140
138
175
241
127
108
102
224
238
246
242
242
242
242
242
242
244
246
247
246
244
242
242
242
242
242
242
242
242
242
242
242
244
246
247
247
250
238
242
238
249
244
242
242
242
242
242
242
242
242
242
242
242
242
242
242
242
242
242
242
242
242
242
242
242
242
242
242
242
242
242
242
242
242
242
242
242
242
244
247
249
249
248
245
243
242
242
242
242
242
242
242
242
242
242
242
242
242
242
242
242
242
242
242
242
242
242
242
242
242
242
242
242
242
242
242
242
242
242
242
242
242
242
242
242
242
242
242
242
242
242
242
242
242
242
242
242
242
242
242
242
242
242
242
242
245
237
231
226
229
229
229
241
238
221
119
222
243
249
244
242
242
242
242
242
242
242
242
242
242
242
242
242
242
242
242
242
242
242
242
242
242
242
242
242
244
243
228
138
228
243
244
242
242
242
242
242
242
242
242
242
242
242
242
242
242
242
242
242
242
242
242
242
242
242
242
242
242
242
242
242
242
242
242
242
242
242
242
242
242
242
242
242
242
242
242
242
242
242
242
242
242
242
242
242
242
242
242
242
242
242
242
242
242
242
242
242
242
242
242
242
242
242
242
242
242
242
242
242
242
242
242
242
242
242
242
242
242
242
242
242
242
242
242
242
242
242
242
242
242
242
242
242
242
242
242
242
242
242
242
242
242
242
242
242
242
242
242
242
242
242
242
242
242
242
242
242
242
242
242
242
242
242
242
242
242
242
242
242
242
242
242
242
242
242
242
242
106
106
106
242
242
242
242
242
242
242
242
242
242
242
242
242
242
242
242
242
242
242
242
242
242
242
242
242
242
242
242
242
242
242
242
242
242
242
242
242
242
242
242
242
242
242
242
242
242
242
242
242
242
242
242
242
242
242
242
242
242
242
242
242
242
242
242
242
242
242
242
242
242
242
242
242
242
242
242
242
242
242
242
242
242
242
242
242
242
242
242
242
242
242
242
242
242
242
242
242
242
242
242
242
