250
250
250
250
250
250
250
250
250
250
250
250
250
250
250
250
250
250
250
250
250
250
250
250
250
250
250
250
250
250
250
250
250
250
250
250
250
250
250
250
250
250
250
250
250
250
250
250
250
250
250
250
250
250
250
250
250
250
250
250
250
250
250
250
250
250
250
250
250
250
250
250
250
250
250
250
250
250
250
250
250
250
250
250
250
250
250
250
250
159
159
160
160
156
250
64
250
250
250
250
250
250
250
250
250
250
250
250
250
250
250
250
250
250
250
250
250
250
250
250
250
250
250
250
250
250
250
250
250
250
250
250
250
250
250
250
250
250
250
250
250
250
250
250
250
250
250
250
250
250
250
250
250
251
251
252
251
251
251
251
252
253
251
246
238
240
237
243
247
251
251
250
250
250
250
250
250
250
250
250
250
250
250
250
250
250
250
250
251
253
251
222
82
214
243
251
250
250
250
250
250
250
250
250
250
250
250
250
250
250
250
250
250
250
250
250
250
250
250
250
251
253
251
222
82
214
243
251
250
250
250
250
250
250
250
250
250
252
240
170
154
159
162
206
65
62
89
243
251
250
250
250
250
251
251
252
251
251
250
250
250
250
250
250
250
250
250
250
250
251
253
251
222
82
214
243
251
250
250
250
250
250
250
250
250
250
250
250
250
250
250
250
250
250
250
250
250
250
250
250
250
250
251
253
245
250
245
253
252
250
244
241
236
172
167
172
168
168
243
251
251
250
250
250
250
250
250
250
250
250
250
250
250
250
250
250
250
251
253
251
234
65
65
88
250
252
250
250
250
250
250
250
250
250
250
250
250
250
250
250
250
250
250
250
250
250
250
250
250
250
251
245
225
59
63
88
250
252
250
250
250
250
250
250
250
250
250
253
240
171
153
158
172
80
72
60
225
245
251
250
250
250
251
253
245
250
245
253
251
250
250
250
250
250
250
250
250
250
250
251
245
225
59
63
88
250
252
250
250
250
250
250
250
250
250
250
250
250
250
250
250
250
250
250
250
250
250
250
250
250
250
251
253
251
225
89
221
251
252
242
174
171
163
156
151
152
148
155
200
250
252
251
250
250
250
250
250
250
250
250
250
250
250
250
250
250
251
253
251
234
70
55
65
225
245
251
250
250
250
250
250
250
250
250
250
250
250
250
250
250
250
250
250
250
250
250
250
250
250
250
252
251
91
68
63
226
245
251
250
250
250
250
250
250
250
250
250
253
240
171
150
155
165
207
95
225
251
253
251
250
250
251
253
251
225
88
218
245
251
250
250
250
250
250
250
250
250
250
250
252
250
88
63
59
225
245
251
250
250
250
250
250
250
250
250
250
250
250
250
250
250
250
250
250
250
250
250
250
250
250
250
251
245
225
59
66
84
245
241
170
157
150
154
156
157
159
158
155
164
238
250
251
250
250
250
250
251
251
252
252
252
251
251
252
252
253
254
251
231
70
61
76
239
252
253
251
250
250
251
251
252
251
251
250
250
250
250
250
250
251
251
251
252
252
252
253
253
253
252
251
252
251
213
88
219
254
253
251
250
250
250
250
250
250
250
250
250
253
240
170
152
154
179
235
253
245
253
251
250
251
251
253
251
230
64
69
93
252
253
251
250
250
250
250
250
250
250
250
250
251
245
218
88
225
251
253
251
250
250
250
250
250
250
250
250
250
250
250
250
250
250
250
250
250
250
250
250
250
250
250
250
252
251
90
68
71
224
178
165
160
155
160
159
166
161
162
156
156
157
172
245
252
250
250
250
250
251
246
244
236
245
251
251
246
237
240
245
237
84
60
62
220
249
253
253
251
251
251
253
245
250
245
253
251
250
250
250
250
250
251
244
250
242
249
239
244
235
245
247
253
254
254
219
88
213
251
252
250
250
250
250
250
250
250
250
250
250
253
240
170
153
151
173
244
254
251
251
251
251
252
250
250
239
87
60
56
211
241
252
253
253
252
252
251
251
250
250
250
250
251
253
245
250
245
253
251
250
250
250
250
250
250
250
250
250
250
250
250
250
250
250
250
250
250
250
250
250
250
250
250
250
251
248
215
81
216
233
171
150
153
156
161
152
168
214
182
163
156
151
170
241
253
251
250
250
250
252
244
176
162
174
239
240
173
167
171
174
161
143
70
151
168
182
239
250
251
252
253
251
225
88
218
245
251
250
250
250
250
251
252
243
178
228
179
172
171
154
88
226
252
251
229
63
68
91
251
252
250
250
250
250
250
250
250
250
250
251
253
243
172
153
153
171
241
253
250
251
250
247
243
236
177
161
161
71
151
168
182
238
243
240
238
245
251
253
253
253
252
252
251
251
251
252
251
251
250
250
250
250
250
250
250
250
250
250
250
250
250
250
250
250
250
250
250
250
250
250
250
250
250
250
251
254
238
179
162
176
163
152
164
177
179
153
80
219
233
170
155
154
163
236
251
251
250
250
250
252
237
166
142
158
169
167
157
148
148
147
151
147
153
151
156
159
168
198
243
251
247
225
59
63
88
250
252
250
250
250
251
252
252
232
165
154
163
147
138
51
60
84
241
251
90
71
63
227
246
251
250
250
250
250
250
250
250
250
250
251
250
235
161
155
150
174
239
253
250
252
245
205
166
161
159
159
155
160
154
159
159
164
171
169
167
173
236
243
240
240
238
244
249
251
251
250
250
250
250
250
250
250
250
250
250
250
250
250
250
250
250
250
250
250
250
250
250
250
250
250
250
250
250
250
250
253
241
170
150
155
152
157
175
234
218
56
64
99
250
193
158
151
157
173
245
252
250
250
250
253
240
169
151
157
155
157
155
154
161
164
173
173
172
167
158
156
155
161
188
252
253
89
63
59
225
245
251
250
250
251
252
251
244
163
159
154
159
157
74
60
54
145
161
170
202
79
220
251
254
252
251
251
250
250
250
250
250
250
250
252
244
155
157
159
150
154
239
253
251
253
243
166
149
152
156
160
160
161
160
163
151
162
153
159
143
151
159
169
169
168
167
174
241
251
251
250
250
250
250
250
250
250
250
250
250
250
250
250
250
250
250
250
250
250
250
250
251
251
252
251
251
250
250
250
250
253
240
167
150
152
156
167
250
252
95
67
62
228
247
249
173
159
148
170
239
252
250
250
250
253
240
169
152
160
159
156
156
160
170
237
243
242
240
194
159
153
158
158
160
240
246
226
89
225
251
253
251
250
250
251
247
239
161
160
155
155
164
157
140
74
143
160
152
166
156
168
203
254
252
251
247
252
251
250
250
250
250
250
250
251
243
183
154
158
149
164
237
253
248
250
232
164
153
160
159
159
156
161
166
164
151
78
207
168
169
170
160
156
148
151
149
156
190
249
252
251
250
250
250
250
250
250
250
250
250
250
250
250
250
250
250
250
250
250
250
251
253
245
250
245
253
251
250
250
250
252
237
163
152
164
171
242
252
249
219
88
225
252
254
251
234
160
149
170
240
252
250
250
250
253
240
171
152
159
157
159
165
197
245
251
253
253
252
247
172
159
161
159
146
84
232
240
251
245
253
251
250
250
250
252
243
155
156
157
156
160
174
240
170
167
230
184
164
159
152
157
177
239
236
174
239
251
252
251
250
250
250
250
250
251
252
241
168
155
150
170
238
253
250
214
193
162
154
160
159
156
163
174
195
174
52
68
92
246
244
244
234
168
155
157
158
155
163
239
251
252
251
250
250
250
250
250
250
250
250
250
250
250
250
250
250
250
250
250
251
253
251
225
88
218
245
251
250
250
250
252
244
178
171
235
247
249
252
253
245
250
245
253
252
247
177
160
150
171
241
253
250
250
251
253
243
172
152
155
158
169
240
249
251
251
251
251
251
251
237
165
151
145
55
66
96
252
254
251
251
250
250
250
251
253
240
172
150
159
155
165
241
251
247
248
247
250
238
170
158
153
164
170
165
163
164
244
251
252
251
250
250
250
250
251
251
238
165
154
161
174
246
252
250
239
170
155
157
160
155
162
183
249
246
89
64
64
228
251
254
254
252
206
162
157
159
157
159
168
244
251
252
251
250
250
250
250
250
250
250
250
250
250
250
250
250
250
250
250
251
245
225
59
63
88
250
252
250
250
250
251
247
242
244
250
252
251
251
251
251
252
251
251
252
239
168
150
148
167
236
252
250
250
251
251
237
164
151
161
169
245
251
252
251
250
250
250
251
252
251
192
160
74
61
59
218
242
252
250
250
250
250
250
251
251
238
169
154
159
153
172
243
253
252
252
252
253
252
239
163
152
155
152
155
152
161
166
242
249
251
250
250
250
250
252
246
173
158
151
165
237
251
251
252
244
186
159
158
161
157
167
243
254
251
222
89
226
252
254
247
251
247
252
186
160
156
159
157
159
167
239
248
251
250
250
250
250
250
250
250
250
250
250
250
250
250
250
250
250
252
250
88
63
59
225
245
251
250
250
250
251
251
252
252
251
251
250
250
250
250
250
250
251
253
243
174
151
156
164
246
252
250
250
252
248
181
159
152
164
238
251
252
251
250
250
250
250
250
251
252
235
156
135
74
147
180
251
252
250
250
250
250
250
252
247
177
160
156
154
157
185
247
252
250
250
250
251
252
249
209
167
166
153
125
147
155
154
177
250
253
251
251
250
250
252
238
165
150
152
172
243
253
251
252
245
197
159
157
159
155
168
234
250
252
246
250
247
254
252
225
88
221
250
239
155
150
160
158
154
161
175
251
251
250
250
250
250
250
250
250
250
250
250
250
250
250
250
250
250
251
245
218
88
225
251
253
251
250
250
250
250
250
250
250
250
250
250
250
250
250
250
250
251
251
236
166
150
164
238
251
251
250
250
252
240
173
150
152
172
243
253
251
250
250
250
250
250
250
251
253
246
161
152
157
147
171
239
252
250
250
250
250
250
252
238
170
150
156
159
167
244
250
251
250
250
250
250
251
250
250
232
167
149
120
107
75
137
161
231
249
247
251
250
250
253
240
165
153
152
169
240
253
250
251
250
204
161
153
159
157
160
170
216
252
252
252
252
247
225
59
63
89
253
246
155
151
162
161
154
165
234
250
251
250
250
250
250
250
250
250
250
250
250
250
250
250
250
250
250
251
253
245
250
245
253
251
250
250
250
250
250
250
250
250
250
250
250
250
250
250
250
251
252
249
180
160
151
165
237
252
251
250
250
252
239
169
151
151
171
240
253
250
250
250
250
250
250
250
250
252
248
219
162
158
152
173
240
253
250
250
250
250
250
253
240
170
152
154
163
236
252
251
251
250
250
250
250
251
251
253
249
180
151
112
53
64
75
164
165
187
247
252
251
250
253
239
171
152
153
169
240
253
250
251
251
246
182
160
156
159
153
159
227
247
251
251
252
250
88
63
59
226
251
247
186
154
159
160
154
177
244
253
251
250
250
250
250
250
250
250
250
250
250
250
250
250
250
250
250
250
251
251
252
251
251
250
250
250
250
250
250
250
250
250
250
250
250
250
250
251
251
252
252
239
169
153
156
171
197
253
252
251
250
253
239
167
149
153
170
240
253
250
250
250
250
250
250
250
250
251
253
242
171
153
152
170
240
253
250
250
250
250
250
253
240
170
152
153
173
246
254
251
251
250
250
250
250
250
250
251
251
242
164
72
64
60
145
151
155
160
236
252
253
252
254
242
171
153
151
170
240
253
250
251
251
252
238
168
152
158
157
162
167
189
243
250
253
246
218
88
225
252
254
243
182
157
159
157
151
172
239
252
250
250
250
250
250
250
250
250
250
250
250
250
250
250
250
250
250
250
250
250
250
250
250
250
250
250
250
250
250
250
250
250
250
250
250
251
251
251
250
246
238
175
161
156
155
178
228
246
250
252
251
253
237
161
149
153
172
243
253
251
250
250
250
250
250
250
250
250
253
241
171
152
152
170
240
253
250
250
250
250
251
253
243
172
153
153
169
234
252
251
252
252
251
251
250
250
250
251
253
243
175
137
79
141
125
155
159
159
172
248
240
248
251
248
173
153
153
172
240
253
250
250
251
252
248
190
163
155
155
155
154
158
172
244
252
254
247
251
249
254
252
206
160
156
159
157
157
171
244
252
250
250
250
250
250
250
250
250
250
250
250
250
250
250
250
250
250
250
250
250
250
250
250
250
250
250
250
250
250
250
251
251
252
252
252
252
251
247
218
174
164
160
154
158
156
156
184
178
242
251
252
253
241
159
151
156
163
235
251
251
250
250
250
250
250
250
250
250
253
240
170
152
151
170
240
253
250
250
250
250
251
251
236
164
155
157
164
183
195
239
243
249
251
252
251
251
250
250
252
247
177
159
155
146
134
165
170
154
165
173
184
89
227
234
174
150
152
171
239
252
250
250
250
251
250
244
186
162
154
157
156
155
159
170
241
251
253
252
251
248
238
174
157
158
159
153
160
217
249
251
250
250
250
250
250
250
250
250
250
250
250
250
250
250
250
250
250
250
250
250
250
250
250
250
250
250
250
250
250
251
253
245
250
248
252
248
236
185
161
154
153
157
158
159
155
155
153
158
169
243
250
253
242
194
155
154
160
172
249
251
250
250
250
250
250
250
250
250
253
240
170
151
151
169
238
252
250
250
250
250
252
246
172
158
157
159
159
155
162
166
188
193
239
250
251
252
251
251
251
250
249
174
154
70
147
215
168
156
153
146
54
67
100
243
177
149
159
177
247
252
250
250
250
251
251
251
245
183
163
154
158
158
157
157
175
251
252
242
191
199
173
162
157
159
155
157
173
246
252
251
250
250
250
250
250
250
250
250
250
250
250
250
250
250
250
250
250
250
250
250
250
250
250
250
250
250
250
250
251
253
251
225
88
222
236
181
163
163
154
158
159
159
159
159
158
157
156
155
158
180
249
253
251
206
164
154
155
194
243
252
250
250
250
250
250
250
250
251
253
243
172
150
158
177
247
252
250
250
250
250
252
238
166
148
156
154
153
154
154
156
154
163
182
193
239
244
250
251
252
254
247
220
59
60
82
170
179
166
155
75
60
63
228
234
177
145
163
237
251
251
250
250
250
250
251
251
251
245
195
171
164
156
160
154
165
234
242
165
159
155
157
157
158
154
158
169
243
250
251
250
250
250
250
250
250
250
250
250
250
250
250
250
250
250
251
251
252
251
251
250
250
250
250
250
250
250
250
250
251
245
225
59
63
93
245
177
155
155
159
158
157
154
153
150
159
160
162
154
153
163
237
252
253
239
166
152
155
190
244
252
250
250
250
250
250
250
250
251
251
237
164
148
164
237
251
251
250
250
250
250
253
240
171
150
165
172
168
159
152
154
155
157
155
162
165
188
202
243
247
252
252
101
71
57
140
163
231
177
158
144
71
155
199
250
179
147
174
248
254
251
250
250
250
251
251
252
253
252
248
232
160
157
160
157
162
169
169
160
151
156
158
157
152
154
164
243
251
252
251
250
250
250
250
250
250
250
250
250
250
250
250
250
250
251
253
245
250
245
253
251
250
250
250
250
250
250
250
250
252
250
88
63
59
229
238
231
151
153
156
152
157
165
174
170
178
236
173
161
154
160
167
245
253
246
171
152
153
167
241
252
250
250
250
250
250
250
250
252
247
176
157
147
169
241
253
251
250
250
250
250
253
240
170
149
162
233
235
176
172
164
157
149
152
153
154
155
163
192
191
205
237
216
77
143
152
176
244
250
174
153
144
68
159
223
175
152
162
237
251
253
251
250
251
253
245
251
241
254
248
186
163
157
159
158
156
154
152
156
157
160
159
165
167
176
242
251
251
251
250
250
250
250
250
250
250
250
250
250
250
250
250
250
251
253
251
225
88
218
245
251
250
250
250
250
250
250
250
250
251
245
218
88
225
252
253
188
174
178
195
168
173
237
243
238
249
250
239
163
151
154
158
165
250
238
173
151
153
171
240
252
250
250
250
250
250
251
251
253
241
171
148
156
174
245
252
250
250
250
250
250
253
240
170
151
162
180
246
251
240
237
174
168
162
157
152
155
157
158
158
165
196
188
166
153
155
168
246
253
201
148
58
59
91
181
181
153
147
82
223
245
251
251
253
251
226
95
211
178
227
166
154
159
159
157
158
156
157
157
159
160
158
167
230
247
251
252
251
250
250
250
250
250
250
250
250
250
250
250
250
250
250
250
251
245
225
59
63
88
250
252
250
250
250
250
250
250
250
250
251
253
245
250
245
253
247
241
236
242
243
240
245
251
253
252
252
253
249
174
157
155
155
155
179
234
176
153
156
178
242
252
250
250
250
250
250
251
250
250
234
166
145
162
234
251
251
250
250
250
250
250
253
240
170
153
149
165
240
254
253
251
246
240
236
175
161
158
149
153
154
157
160
160
161
161
152
169
241
254
240
85
58
54
159
226
172
139
54
62
90
250
252
251
245
226
64
66
71
167
160
166
156
157
154
162
174
198
169
158
157
159
159
164
174
248
251
252
251
250
250
250
250
250
250
250
250
250
250
250
250
250
250
250
252
250
88
63
59
225
245
251
250
250
250
250
250
250
250
250
250
251
251
252
251
251
251
252
252
253
254
254
254
254
254
254
254
254
254
252
184
171
165
159
186
238
187
160
165
189
252
254
254
254
254
254
254
254
253
219
172
168
166
188
254
254
254
254
254
254
254
254
254
251
181
161
160
179
251
254
254
254
254
255
254
254
250
189
184
179
175
165
166
166
166
167
161
180
251
255
254
200
89
147
183
243
183
77
75
81
242
253
254
254
254
105
75
62
152
161
166
167
166
175
183
200
252
254
241
187
173
166
166
164
166
175
251
252
252
251
250
250
250
250
250
250
250
250
250
250
250
250
250
250
251
245
218
88
225
251
253
251
250
250
250
250
250
250
250
250
250
250
250
250
250
250
250
250
250
251
238
226
209
212
212
212
212
213
217
215
205
137
135
134
150
205
149
133
136
146
211
220
215
215
218
220
221
224
215
146
133
131
135
203
212
215
212
212
212
212
212
214
221
211
147
135
135
145
210
220
213
212
212
213
216
220
214
208
203
199
138
128
129
131
133
132
130
141
207
222
220
203
139
130
152
148
144
118
56
194
217
222
215
216
208
186
53
124
144
146
142
138
135
140
198
212
215
221
216
202
132
129
135
137
137
139
147
231
246
252
251
250
250
250
250
250
250
250
250
250
250
250
250
250
251
253
245
250
245
253
251
250
250
250
250
250
250
250
250
250
250
250
250
250
250
250
250
250
250
252
243
115
102
107
107
107
107
107
108
111
109
99
88
80
100
96
100
82
83
88
99
111
118
109
103
94
97
100
93
87
78
85
98
108
111
108
107
107
107
107
107
109
104
93
85
83
83
88
98
107
109
107
107
107
107
108
109
112
116
109
103
95
96
96
97
98
85
94
95
112
112
110
100
89
83
84
89
78
95
101
118
108
107
109
119
101
97
80
95
83
92
94
104
105
108
113
109
109
112
106
101
96
91
87
81
81
81
97
239
251
252
251
250
250
250
250
250
250
250
250
250
250
250
250
250
251
251
252
251
251
250
250
250
250
250
250
250
250
250
250
250
250
250
250
250
250
250
250
250
251
238
226
209
212
212
212
212
212
212
213
221
211
149
131
145
201
146
136
140
138
136
200
208
198
133
126
133
137
135
132
136
150
216
217
213
212
212
212
212
212
212
216
212
140
138
137
137
135
151
210
217
212
212
212
212
212
212
212
213
215
218
220
221
221
221
223
214
156
210
216
213
220
209
144
134
139
139
136
147
210
220
212
212
215
216
209
145
143
144
124
56
191
214
221
215
213
212
212
213
216
218
222
220
148
137
135
133
144
151
242
249
251
250
250
250
250
250
250
250
250
250
250
250
250
250
250
250
250
250
250
251
251
252
251
251
250
250
250
250
250
250
250
250
250
250
250
250
250
250
251
252
253
254
254
254
254
254
254
254
254
254
251
178
159
176
172
174
166
170
165
174
180
187
180
174
166
169
167
163
165
176
251
254
254
254
254
254
254
254
254
254
254
254
247
171
162
166
164
201
253
254
254
254
254
254
254
254
254
254
254
254
254
254
254
254
254
253
253
253
254
254
254
252
183
165
162
168
162
180
251
254
254
254
254
254
211
173
161
155
66
79
107
254
254
254
254
254
254
254
254
254
254
254
251
177
168
164
160
156
172
245
252
250
250
250
250
250
250
250
250
250
250
250
250
250
250
250
250
250
251
253
245
250
245
253
251
250
250
250
250
250
250
250
250
250
250
250
250
250
250
250
250
250
250
250
250
250
250
250
250
253
240
170
150
159
155
156
159
160
159
158
153
152
153
157
156
155
150
154
163
243
250
252
251
250
250
250
250
250
250
250
251
253
242
170
152
159
156
165
238
251
251
250
250
250
250
250
250
250
250
250
250
250
250
250
251
251
251
251
251
250
251
250
242
167
160
157
151
170
240
253
250
250
252
241
172
157
158
76
58
65
221
248
251
250
250
250
250
250
250
250
251
252
251
237
164
154
158
150
166
238
252
250
250
250
250
250
250
250
250
250
250
250
250
250
250
250
250
251
253
251
225
88
218
245
251
250
250
250
250
250
250
250
250
250
250
250
250
250
250
250
250
250
250
250
250
250
250
250
250
253
240
170
152
161
156
157
157
162
160
158
157
155
153
150
157
163
167
173
242
251
251
251
250
250
250
250
250
250
250
250
250
252
242
171
152
156
157
157
175
248
252
251
250
250
250
250
250
250
250
250
250
250
250
250
250
250
250
250
250
250
251
252
251
237
166
154
152
169
240
253
250
250
252
240
174
155
155
143
68
160
244
254
251
250
250
250
250
250
250
250
250
251
252
249
178
160
156
152
167
239
253
250
250
250
250
250
250
250
250
250
250
250
250
250
250
250
250
251
245
225
59
63
88
250
252
250
250
250
250
250
250
250
250
250
250
250
250
250
250
250
250
250
250
250
250
250
250
250
250
253
240
169
152
163
156
130
154
160
153
151
159
165
172
166
174
236
241
245
250
251
251
250
250
250
250
250
250
250
250
250
250
252
249
203
161
155
159
154
164
234
251
251
250
250
250
250
250
250
250
250
250
250
250
250
250
250
250
250
250
250
250
251
253
241
168
150
151
171
240
253
250
250
252
248
190
160
158
157
152
164
247
253
251
250
250
250
250
250
250
250
250
250
251
251
237
163
153
151
171
240
253
250
250
250
250
250
250
250
250
250
250
250
250
250
250
250
250
252
250
88
63
59
225
245
251
250
250
250
250
250
250
250
250
250
250
250
250
250
250
250
250
250
250
250
250
250
250
250
250
253
239
166
154
159
149
122
150
167
168
174
176
237
243
239
245
251
253
252
251
251
250
250
250
250
250
250
250
250
250
250
250
251
251
236
164
151
159
158
160
176
248
252
251
250
250
250
250
250
250
250
250
250
250
250
250
250
250
250
250
250
250
250
252
246
177
159
149
172
240
253
250
250
251
251
239
163
154
161
157
165
237
251
251
250
250
250
250
250
250
250
250
250
251
253
243
173
153
152
171
240
253
250
250
250
250
250
250
250
250
250
250
250
250
250
250
250
250
251
245
218
88
225
251
253
251
250
250
250
250
250
250
250
250
250
250
250
250
250
250
250
250
250
250
250
250
250
250
250
250
252
241
174
156
156
117
126
151
162
229
238
249
251
253
252
252
251
251
250
250
250
250
250
250
250
250
250
250
250
250
250
250
251
252
245
165
156
155
157
153
163
236
251
252
251
250
250
250
250
250
250
250
250
250
250
250
250
250
250
250
250
250
250
251
251
237
164
146
171
240
253
250
250
251
252
244
185
155
157
157
158
174
248
252
251
250
250
250
250
250
250
250
251
251
254
244
170
153
152
169
240
253
250
250
250
250
250
250
250
250
250
250
250
250
250
250
250
250
251
253
245
250
245
253
251
250
250
250
250
250
250
250
250
250
250
250
250
250
250
250
250
250
250
250
250
250
250
250
250
251
253
243
186
159
150
118
130
155
165
187
252
253
251
251
250
250
250
250
250
250
250
250
250
250
250
250
250
250
250
250
250
250
250
251
249
241
166
158
155
156
160
168
244
251
252
251
250
250
250
250
250
250
250
250
250
250
250
250
250
250
250
250
250
251
253
243
172
145
169
240
253
250
250
250
251
250
195
159
152
158
152
161
236
252
252
251
251
250
250
250
250
251
251
250
251
233
166
154
150
164
238
252
250
250
250
250
250
250
250
250
250
250
250
250
250
250
250
250
250
251
251
252
251
251
250
250
250
250
250
250
250
250
250
250
250
250
250
250
250
250
250
251
251
252
251
251
250
250
250
251
251
239
170
158
150
120
149
160
156
186
243
252
250
250
250
250
250
250
250
250
250
250
250
250
250
250
250
250
250
250
250
250
250
251
252
251
244
168
161
156
156
157
166
244
251
252
251
251
250
250
250
250
250
250
250
250
250
250
250
250
250
250
250
250
253
240
169
140
167
238
252
250
250
250
251
251
242
168
159
157
156
161
172
241
250
251
251
251
250
251
251
252
251
245
191
172
164
155
156
173
245
252
250
250
250
250
250
250
250
250
250
250
250
250
250
250
250
250
250
250
250
250
250
250
250
250
250
250
250
250
250
250
250
250
250
250
250
250
250
250
251
253
245
250
245
253
251
250
251
252
250
190
161
160
150
122
150
162
158
192
245
252
250
250
250
250
250
250
250
250
250
250
250
250
250
250
250
250
250
250
250
250
250
250
251
252
252
238
165
155
159
155
158
168
236
249
251
252
251
251
250
250
250
250
250
250
250
250
250
250
250
250
250
250
253
240
167
150
175
245
252
250
250
250
250
251
250
243
178
158
154
155
159
165
203
247
251
252
251
252
251
248
241
193
162
154
156
153
163
235
250
251
250
250
250
250
250
250
250
250
250
250
250
250
250
250
250
250
250
250
250
250
250
250
250
250
250
250
250
250
250
250
250
250
250
250
250
250
250
251
253
251
225
88
218
245
251
250
251
250
237
167
154
161
153
130
153
161
158
192
247
252
250
250
250
250
250
250
250
250
250
250
250
250
250
250
250
250
250
250
250
250
250
250
250
251
253
237
166
146
158
156
156
159
160
173
234
248
251
253
252
252
253
253
253
253
252
252
251
251
250
250
250
250
253
240
165
156
237
251
251
250
250
250
250
251
251
251
244
171
156
151
154
155
160
180
237
248
251
252
243
192
165
164
158
157
155
156
181
248
252
251
250
250
250
250
250
250
250
250
250
250
250
250
250
250
250
250
250
250
250
250
250
250
250
250
250
250
250
250
250
250
250
250
250
250
250
250
250
251
245
225
59
63
88
250
252
251
252
250
175
163
157
160
155
158
159
162
155
191
244
252
250
250
250
250
250
250
250
250
250
250
250
250
250
250
250
250
250
250
250
250
250
250
250
250
252
241
159
157
163
155
156
156
151
159
160
172
236
242
251
243
248
236
245
240
239
245
249
252
251
250
250
250
253
240
163
165
243
253
251
250
250
250
250
250
251
252
251
243
177
163
156
149
150
158
162
176
237
227
170
158
155
154
158
156
160
167
243
250
251
250
250
250
250
250
250
250
250
250
250
250
250
250
250
250
250
250
250
250
250
250
250
250
250
250
250
250
250
250
250
250
250
250
250
250
250
250
250
252
250
88
63
59
225
246
252
252
251
239
179
155
157
169
176
165
159
156
158
177
242
252
250
250
250
250
250
250
250
250
250
250
250
250
250
250
250
250
250
250
250
250
250
250
250
250
251
244
244
233
171
159
156
159
159
158
152
157
165
173
177
219
94
156
166
172
167
171
240
250
251
250
250
251
253
242
163
164
240
253
250
250
250
250
250
250
250
251
252
249
248
236
175
168
164
155
143
151
157
161
156
153
157
158
154
148
157
234
251
252
251
250
250
250
250
250
250
250
250
250
250
250
250
250
250
250
250
250
250
250
250
250
250
250
250
250
250
250
250
250
250
250
250
250
250
250
250
250
250
251
245
218
88
225
252
254
250
247
235
173
165
160
157
171
224
152
74
141
150
175
240
252
250
250
250
250
250
250
250
250
250
250
250
250
250
250
250
250
250
250
250
250
250
250
250
250
251
251
253
252
245
173
157
149
152
154
154
154
155
148
145
60
64
67
152
155
150
151
172
246
252
250
250
251
251
239
160
164
240
253
250
250
250
250
250
250
250
250
251
251
252
251
245
241
236
173
165
168
168
161
156
148
152
160
167
168
170
246
253
251
250
250
250
250
250
250
250
250
250
250
250
250
250
250
250
250
250
250
250
250
250
250
250
250
250
250
250
250
250
250
250
250
250
250
250
250
250
250
250
251
253
245
251
248
254
252
241
165
161
160
155
157
159
162
156
67
61
76
152
175
241
252
250
250
250
250
250
250
250
250
250
250
250
250
250
250
250
250
250
250
250
250
250
250
250
250
250
250
251
252
251
242
175
166
170
172
163
158
153
151
67
52
53
138
149
154
151
142
162
236
252
250
251
252
250
199
153
166
240
253
250
250
250
250
250
250
250
250
250
250
251
251
252
253
251
246
238
240
243
235
173
166
170
183
238
239
242
246
251
250
250
250
250
250
250
250
250
250
250
250
250
250
250
250
250
250
250
250
250
250
250
250
250
250
250
250
250
250
250
250
250
250
250
250
250
250
250
250
251
251
252
253
254
252
251
238
164
155
151
157
156
152
162
181
82
60
52
138
143
172
239
252
250
250
250
250
250
250
250
250
250
250
250
250
250
250
250
250
250
250
250
250
250
250
250
250
250
250
250
251
252
249
244
238
240
243
236
174
169
169
153
86
158
171
176
172
169
165
175
243
252
251
252
252
242
166
148
169
240
253
250
250
250
250
250
250
250
250
250
250
250
250
250
251
251
252
252
253
253
251
246
238
239
247
251
253
252
251
251
250
250
250
250
250
250
250
250
250
250
250
250
250
250
250
250
250
250
250
250
250
250
250
250
250
250
250
250
250
250
250
250
250
250
250
250
250
250
250
251
250
250
243
245
236
181
164
159
155
159
154
160
165
178
237
224
90
156
171
169
187
244
252
250
250
250
250
250
250
250
250
250
250
250
250
250
250
250
250
250
250
250
250
250
250
250
250
250
250
250
250
251
251
252
252
253
253
251
245
239
244
237
240
237
245
241
240
240
238
243
246
252
248
246
240
193
162
148
168
239
253
250
250
250
250
250
250
250
250
250
250
250
250
250
250
250
250
250
250
251
251
252
252
252
252
251
251
250
250
250
250
250
250
250
250
250
250
250
250
250
250
250
250
250
250
250
250
250
250
250
250
250
250
250
250
250
250
250
250
250
250
250
250
250
250
250
250
250
251
251
244
203
197
170
163
161
153
157
159
157
159
171
237
250
252
251
245
235
244
239
244
250
252
252
251
251
250
250
250
250
250
250
250
250
250
250
250
250
250
250
250
250
250
250
250
250
250
250
250
250
250
250
250
250
250
250
251
251
252
252
253
253
253
253
253
253
253
253
252
252
251
252
246
192
168
164
156
152
171
241
252
250
250
250
250
250
250
250
250
250
250
250
250
250
250
250
250
250
250
250
250
250
250
250
250
250
250
250
250
250
250
250
250
250
250
250
250
250
250
250
250
250
250
250
250
250
250
250
250
250
250
250
250
250
250
250
250
250
250
250
250
250
250
250
250
250
250
250
251
250
214
168
153
155
153
157
159
158
156
152
164
238
252
252
252
252
253
253
253
252
252
254
246
250
245
253
251
250
250
250
250
250
250
250
250
250
250
250
250
250
250
250
250
250
250
250
250
250
250
250
250
250
250
250
250
250
250
250
250
250
250
250
250
251
251
252
251
251
250
250
250
252
238
172
148
154
154
159
193
248
252
250
250
250
250
250
250
250
250
250
250
250
250
250
250
250
250
250
250
250
250
250
250
250
250
250
250
250
250
250
250
250
250
250
250
250
250
250
250
250
250
250
250
250
250
250
250
250
250
250
250
250
250
250
250
250
250
250
250
250
250
250
250
250
250
250
250
250
251
250
202
160
151
157
153
154
153
153
159
163
198
248
252
251
250
250
250
250
250
251
253
251
225
88
218
245
251
250
250
250
250
250
250
250
250
250
250
250
250
250
250
250
250
250
250
250
250
250
250
250
250
250
250
250
250
250
250
250
250
250
250
250
251
253
245
250
245
253
251
250
250
252
246
171
157
155
154
166
238
251
251
250
250
250
250
250
250
250
250
250
250
250
250
250
250
250
250
250
250
250
250
250
250
250
250
250
250
250
250
250
250
250
250
250
250
250
250
250
250
250
250
250
250
250
250
250
250
250
250
250
250
250
250
250
250
250
250
250
250
250
250
250
250
250
250
250
250
250
251
251
237
165
155
160
160
164
161
159
166
234
246
249
251
250
250
250
250
250
250
251
251
237
79
68
86
243
251
250
250
250
250
250
250
250
250
250
250
250
250
250
250
250
250
250
250
250
250
250
250
250
250
250
250
250
250
250
250
250
250
250
250
250
251
251
231
107
231
251
251
250
250
251
249
236
162
156
159
187
245
252
251
250
250
250
250
250
250
250
250
250
250
250
250
250
250
250
250
250
250
250
250
250
250
250
250
250
250
250
250
250
250
250
250
250
250
250
250
250
250
250
250
250
250
250
250
250
250
250
250
250
250
250
250
250
250
250
250
250
250
250
250
250
250
250
250
250
250
250
250
250
250
160
159
161
250
250
250
160
250
250
250
250
250
250
250
250
250
250
250
250
250
64
64
64
250
250
250
250
250
250
250
250
250
250
250
250
250
250
250
250
250
250
250
250
250
250
250
250
250
250
250
250
250
250
250
250
250
250
250
250
250
250
250
250
64
64
64
250
250
250
250
250
250
250
158
164
158
250
250
250
250
250
250
250
250
250
250
250
250
250
250
250
250
250
250
250
250
250
250
250
250
250
250
250
250
250
250
250
250
250
250
250
250
250
250
250
250
250
250
250
250
250
250
250
250
250
250
250
250
250
250
250
250
250
250
250
250
250
250
