246
246
246
246
246
246
246
246
246
246
246
246
246
246
246
246
246
246
246
246
246
246
246
246
246
246
246
246
246
246
246
246
246
246
246
246
246
81
81
81
246
246
246
246
246
246
246
246
246
246
246
246
246
246
246
246
246
246
246
246
246
246
246
246
246
246
246
246
246
246
246
246
246
246
246
246
246
246
246
246
246
246
246
246
246
246
246
246
246
246
246
246
246
246
246
246
246
246
246
246
246
246
246
246
246
246
246
246
246
246
246
246
81
81
81
246
246
246
246
246
246
246
246
246
246
246
246
246
246
246
246
246
246
246
246
246
246
246
246
246
246
246
246
246
246
246
246
246
246
246
246
246
246
246
246
246
246
246
246
246
246
246
246
246
246
246
246
246
246
246
246
246
246
246
246
246
246
246
246
246
246
246
246
246
249
239
100
85
94
235
247
248
246
246
246
246
246
246
246
246
246
246
246
246
246
246
246
246
246
246
246
246
246
246
246
246
246
246
246
246
246
246
246
246
246
246
246
246
246
246
246
246
246
246
246
246
246
246
246
246
246
246
246
246
246
246
246
246
246
246
246
246
246
246
246
246
246
246
246
249
239
100
85
94
235
247
248
246
246
246
246
246
246
246
246
246
246
246
246
246
246
246
246
246
246
246
246
246
246
246
246
246
246
246
246
246
246
246
246
246
246
246
246
246
246
246
246
246
246
246
246
246
246
246
246
246
246
246
246
246
246
246
246
246
246
246
248
251
254
254
254
251
248
246
249
241
217
102
224
249
254
248
246
246
246
246
246
246
246
246
246
246
246
246
246
246
246
246
246
246
246
246
246
246
246
246
246
246
246
246
246
246
246
246
246
246
246
246
246
246
246
246
246
246
246
246
246
246
246
246
246
246
246
246
246
246
246
246
246
246
248
249
251
249
248
246
246
246
246
249
241
217
102
224
249
254
248
246
246
246
246
246
246
246
246
246
246
246
246
246
246
246
246
246
246
246
246
246
246
246
246
246
246
246
246
246
246
246
246
246
246
246
246
246
246
246
246
246
246
246
246
246
246
246
246
246
246
246
246
246
246
246
246
246
246
248
251
242
239
228
236
240
246
247
248
254
241
246
241
254
248
246
246
246
246
246
246
246
246
246
246
246
246
246
246
246
246
246
246
246
246
246
246
246
246
246
246
246
246
246
246
246
246
246
246
246
246
246
246
246
246
246
246
246
246
246
248
249
251
249
248
246
246
246
246
246
246
246
246
248
254
241
247
244
255
254
254
254
252
250
254
241
246
241
254
248
246
246
246
246
246
246
246
246
246
246
246
246
246
246
246
246
246
246
246
246
246
246
246
246
246
246
246
246
246
246
246
246
246
246
246
246
246
246
246
246
246
246
246
246
246
246
246
246
246
246
246
246
246
246
246
246
246
246
248
255
250
210
101
139
151
201
250
250
246
248
249
251
249
248
246
246
246
246
246
246
246
246
246
246
246
246
246
246
246
246
246
246
246
246
246
246
246
246
246
246
246
246
246
246
246
246
246
246
246
246
246
246
246
246
246
246
246
246
246
248
254
241
246
241
254
248
246
246
246
246
246
248
251
255
252
226
107
216
235
235
233
233
242
248
255
253
253
250
248
246
246
246
246
246
246
246
246
247
248
249
248
247
246
246
246
246
246
246
246
246
246
246
246
246
246
246
246
246
246
246
246
246
246
246
246
246
246
246
246
246
246
246
246
246
248
251
253
254
254
254
252
250
247
246
246
246
246
246
249
242
226
81
72
73
132
189
246
251
246
246
246
246
246
246
246
246
246
246
246
246
246
246
246
246
246
246
246
246
246
246
246
246
246
246
246
246
246
248
249
251
249
248
246
246
246
246
246
246
246
246
246
246
246
246
246
246
246
246
248
254
249
224
102
217
241
249
246
246
246
248
253
251
245
237
222
87
83
91
157
157
156
153
164
231
237
239
245
247
246
246
246
246
246
246
246
246
247
250
243
245
243
249
247
246
246
247
249
251
250
248
247
246
246
246
246
246
246
246
246
246
246
246
246
246
246
246
246
246
246
246
246
246
246
249
245
240
234
232
234
231
237
243
251
248
247
246
246
246
251
250
109
84
69
130
144
200
252
250
246
246
246
246
246
246
246
246
246
246
246
246
246
246
246
246
246
246
246
246
246
246
246
246
246
246
246
246
248
254
241
246
241
254
248
246
246
246
246
246
246
246
246
246
246
246
246
246
246
246
249
241
224
77
80
102
246
251
246
248
252
251
246
240
193
158
94
80
71
129
134
136
135
133
143
144
169
214
250
247
246
246
246
246
246
246
246
247
250
249
239
165
224
245
250
246
246
249
241
237
240
248
251
246
246
246
246
246
246
246
246
246
246
246
246
246
246
246
246
246
246
246
246
246
246
250
250
198
152
153
157
149
159
223
252
243
249
249
249
251
253
244
215
89
118
140
186
243
251
248
246
246
246
246
246
247
249
252
253
252
249
247
246
246
248
249
251
249
248
246
246
246
246
246
246
246
246
248
254
249
224
102
217
241
249
246
246
246
246
246
246
246
246
246
246
246
246
246
246
246
251
246
102
80
77
224
241
250
248
249
244
239
195
150
145
136
127
86
135
145
146
143
142
139
132
126
156
234
250
246
246
246
246
246
246
246
246
248
245
240
159
139
154
236
251
246
248
255
226
155
168
244
247
249
246
246
246
246
246
246
246
246
246
246
246
246
246
246
246
246
246
246
246
246
246
253
248
189
133
132
136
130
142
207
172
228
250
255
242
245
245
255
223
147
134
144
195
254
255
246
246
246
246
246
246
249
243
240
231
239
242
249
246
248
254
241
246
241
254
248
246
246
246
246
247
249
251
255
248
231
83
86
106
248
252
248
249
251
249
248
246
246
246
246
246
246
246
246
246
246
249
241
217
102
224
249
254
249
250
247
203
144
144
140
140
145
140
140
135
138
137
136
141
147
154
156
177
245
253
246
246
246
246
246
246
246
246
248
253
177
147
128
149
228
253
248
254
250
207
82
126
182
251
250
246
246
246
246
246
246
246
246
246
246
246
246
246
246
246
246
246
246
246
246
249
250
231
171
131
134
137
135
146
142
150
152
240
247
227
102
220
247
231
178
133
138
182
243
249
247
246
246
246
247
248
255
249
168
144
161
242
252
248
254
249
224
102
217
241
249
246
246
246
246
248
243
238
237
232
98
74
73
215
240
254
254
241
246
241
254
248
246
246
246
246
246
246
246
246
246
248
254
241
246
241
254
248
249
247
208
143
137
137
142
142
139
141
148
157
157
159
162
159
213
236
233
239
244
248
246
246
246
246
246
246
246
246
247
247
236
160
129
148
230
254
251
244
220
86
76
91
211
250
249
246
246
246
246
246
246
246
246
246
246
246
246
246
246
246
246
246
246
246
246
249
250
202
153
151
156
159
151
144
136
137
142
152
217
83
79
104
254
227
150
137
139
142
193
250
250
246
246
247
250
247
249
228
142
68
142
231
254
249
241
224
77
80
102
246
251
246
246
247
248
255
249
179
155
147
135
82
135
173
252
255
251
224
102
217
241
249
246
246
246
246
246
246
246
246
246
246
248
249
251
249
248
250
254
221
152
138
141
143
141
145
147
150
213
238
235
236
233
239
246
254
254
251
249
247
246
246
246
246
246
246
246
246
246
255
245
172
128
150
229
254
254
240
102
72
69
162
239
254
247
246
246
246
246
246
246
246
246
246
246
246
246
246
246
246
246
246
246
246
246
249
245
218
212
232
235
236
239
170
144
138
137
154
89
88
76
227
247
218
144
133
140
144
196
250
250
246
246
248
247
242
177
139
83
70
101
236
255
251
246
102
80
77
224
241
249
246
246
251
247
247
230
158
133
140
140
142
136
151
209
245
230
77
80
102
246
251
246
246
246
246
246
246
246
246
246
246
246
246
246
246
247
249
246
208
143
137
144
140
139
154
208
243
246
255
254
254
254
252
250
248
246
246
246
246
246
246
246
246
246
246
246
246
246
254
242
170
129
153
230
254
254
224
140
75
137
185
254
253
246
246
246
246
246
246
246
246
246
246
246
246
246
246
246
246
246
246
246
246
246
247
246
247
249
253
254
255
253
246
171
145
135
152
205
110
223
251
255
219
146
133
138
182
243
250
247
246
246
251
247
181
143
81
76
69
151
234
254
249
241
217
102
224
249
254
248
246
251
250
244
181
147
144
137
136
137
140
139
140
166
239
103
82
77
224
241
249
246
246
246
246
246
246
246
246
246
246
246
246
246
246
249
252
226
160
143
143
141
139
141
206
252
254
250
248
246
246
246
246
246
246
246
246
246
246
246
246
246
246
246
246
246
246
246
254
242
170
129
154
231
255
255
232
149
129
163
240
250
249
246
246
246
246
246
246
246
246
246
246
246
246
246
246
246
246
246
246
246
246
246
246
247
249
251
253
253
253
253
254
239
161
131
162
228
254
241
255
254
218
149
131
140
189
251
254
246
246
246
255
244
174
136
129
88
129
162
239
254
248
254
241
246
241
254
248
246
249
247
245
176
140
130
140
148
156
157
148
143
135
146
172
222
109
224
248
254
248
246
246
246
246
246
246
246
246
246
246
246
246
246
248
252
243
198
143
140
142
143
144
200
248
250
248
246
246
246
246
246
246
246
246
246
246
246
246
246
246
246
246
246
246
246
246
246
254
242
170
129
152
231
255
248
224
143
139
178
250
254
246
246
246
246
246
246
246
246
246
246
246
246
246
246
246
246
246
246
246
246
246
246
246
248
254
241
250
232
250
241
255
246
170
131
158
236
255
249
251
254
217
147
131
138
187
249
253
245
246
251
251
241
166
141
141
144
134
164
237
254
246
248
249
251
249
248
246
246
250
251
186
142
135
142
152
224
238
237
230
153
142
136
169
232
250
243
254
248
246
246
246
246
246
246
246
246
246
246
246
246
246
246
249
244
219
146
142
142
139
137
189
246
252
248
246
246
246
246
246
246
246
246
246
246
246
246
246
246
246
246
246
246
246
246
246
246
254
242
170
128
150
230
255
237
155
134
153
221
249
250
246
246
246
246
246
246
246
246
246
246
246
246
246
246
246
246
246
246
246
246
246
246
248
254
249
225
114
203
109
218
248
243
163
129
155
232
253
246
249
254
217
149
132
141
191
248
253
246
251
249
247
174
145
141
143
146
138
161
236
254
246
246
246
246
246
246
246
247
255
251
186
138
131
141
217
251
255
255
253
229
147
134
147
185
253
254
247
246
246
246
246
246
246
246
246
246
246
246
246
246
246
248
254
230
151
139
141
140
139
150
207
254
251
246
246
246
246
246
246
246
246
246
246
246
246
246
246
246
246
246
246
246
246
246
246
246
254
242
170
128
152
232
255
230
148
134
172
249
252
247
246
246
246
246
246
246
246
246
246
246
246
246
246
246
246
246
246
246
246
246
246
246
250
242
226
84
82
62
88
106
248
211
147
138
164
240
252
246
248
251
217
146
133
141
191
248
253
247
247
244
173
141
138
140
138
141
135
160
236
254
246
246
246
246
246
246
249
245
245
234
166
132
138
152
228
254
248
247
255
231
152
131
137
174
243
254
246
246
246
246
246
246
246
246
246
246
246
246
246
246
246
249
246
216
141
137
142
139
134
182
242
251
247
246
246
246
246
246
246
246
246
246
246
246
246
246
246
246
246
246
246
246
246
246
246
246
254
242
170
129
152
233
255
228
144
153
236
250
249
246
246
246
246
246
246
246
246
246
246
246
246
246
246
246
246
246
246
246
246
246
246
246
253
245
106
84
66
82
91
239
246
176
134
144
225
246
249
246
249
249
205
150
132
138
186
248
253
252
253
184
141
135
141
151
158
149
134
160
237
254
246
246
246
246
246
246
251
252
203
153
124
111
166
233
243
248
246
246
253
230
149
136
135
170
240
251
246
246
246
246
246
246
246
246
246
246
246
246
246
246
246
252
232
156
142
142
143
141
148
200
254
254
253
252
250
248
246
246
246
246
246
246
246
246
246
246
246
246
246
246
246
246
246
246
246
246
254
242
170
129
153
235
250
174
136
163
242
254
246
246
246
246
246
246
246
246
246
246
246
246
246
246
246
246
246
246
248
249
251
249
248
246
251
237
171
87
145
98
217
243
240
164
132
155
236
255
250
251
254
250
216
143
134
143
192
250
254
252
243
175
136
133
143
190
226
160
132
156
235
252
248
246
246
246
248
251
255
246
184
134
126
138
212
253
252
247
246
246
250
241
192
140
136
164
218
254
247
246
246
246
246
246
246
246
246
246
246
246
246
246
248
254
226
150
135
143
141
137
179
246
252
244
233
236
246
254
254
254
254
254
254
252
249
247
246
246
246
246
246
246
246
246
246
246
246
246
254
242
170
128
153
239
243
155
132
170
242
253
246
246
246
246
246
246
246
246
246
246
246
246
246
246
246
246
246
248
254
241
246
241
254
248
254
224
162
148
137
155
152
166
154
144
142
187
243
255
241
247
245
246
186
141
133
157
213
249
252
246
188
145
138
141
152
239
244
163
132
146
198
245
249
246
246
248
254
245
245
189
147
144
137
148
218
254
250
246
246
246
249
252
227
148
130
168
240
250
249
246
246
246
246
246
246
246
246
246
246
246
246
246
249
245
219
143
137
144
139
134
187
254
254
192
145
155
212
238
236
235
235
235
234
243
248
254
249
247
246
246
246
246
246
246
246
246
246
246
254
242
170
128
156
232
236
144
145
205
249
251
246
246
246
246
246
246
246
246
246
246
246
246
246
246
246
246
246
254
249
224
102
217
241
249
250
242
190
137
138
143
139
137
135
135
147
230
255
251
224
102
222
219
156
135
138
162
216
255
255
198
146
138
135
141
217
255
242
162
131
147
172
249
250
246
248
254
249
234
102
127
140
141
135
144
214
251
249
246
246
246
247
254
227
150
130
155
212
249
249
246
246
246
246
246
246
246
246
246
246
246
246
246
250
240
161
147
139
145
142
145
188
245
196
140
133
139
146
155
156
155
157
158
150
162
227
247
246
250
247
246
246
246
246
246
246
246
246
246
254
242
169
129
160
229
169
137
155
235
251
247
246
246
246
246
246
246
246
246
246
246
246
246
246
246
246
246
246
241
224
77
80
102
246
251
251
254
202
144
139
143
143
142
150
151
198
243
247
225
77
81
106
232
169
140
133
174
238
246
239
179
137
136
136
149
224
255
240
162
132
145
227
241
251
246
249
241
225
83
75
80
141
140
135
156
223
252
247
246
246
246
247
253
226
148
131
145
182
249
250
246
246
246
246
246
246
246
246
246
246
246
246
246
249
245
218
142
137
145
145
179
201
156
147
141
142
142
139
135
133
137
140
136
125
87
135
165
243
251
252
248
247
246
246
246
246
246
246
246
254
242
172
131
153
214
155
137
167
245
252
246
246
246
246
246
246
246
246
246
246
246
246
246
246
246
246
246
246
246
102
80
77
224
241
249
247
248
246
188
139
136
138
140
147
216
244
253
247
102
80
77
228
236
214
136
142
155
199
209
149
147
141
143
143
188
237
255
239
160
134
143
167
247
252
246
251
247
106
88
75
135
139
145
146
214
249
249
246
246
246
246
247
253
227
150
129
161
225
250
249
246
246
246
246
246
246
248
249
251
249
248
246
246
248
254
228
151
136
144
148
154
150
144
134
135
135
136
136
137
139
142
141
136
79
77
82
141
167
237
242
245
248
246
246
246
246
246
246
246
254
242
170
133
150
156
146
152
234
251
248
246
246
246
246
246
246
246
246
246
246
246
246
246
246
246
246
246
246
241
217
102
224
249
254
248
246
250
251
246
187
146
147
138
146
193
245
255
243
217
102
224
255
238
160
140
138
185
205
151
136
136
139
146
211
243
247
255
238
161
135
132
156
236
254
246
251
244
217
97
170
145
141
136
198
242
251
250
246
246
246
246
247
253
227
150
129
174
245
254
246
246
246
246
246
246
248
254
241
246
241
254
248
246
247
254
225
150
135
144
144
141
139
140
146
154
156
156
165
164
157
150
138
83
77
79
134
137
148
155
190
248
253
246
246
246
246
246
246
246
254
243
168
135
141
145
135
161
239
255
248
246
246
246
246
246
246
246
246
246
246
246
246
246
246
246
246
246
246
254
241
246
241
254
248
246
246
246
250
247
245
238
175
140
135
171
232
253
254
241
246
243
255
221
148
131
142
183
201
149
137
140
140
179
236
254
250
255
241
163
137
136
161
238
254
246
251
253
211
152
142
150
140
144
171
233
252
246
246
246
246
246
247
253
227
149
129
174
244
254
246
246
246
246
246
248
254
249
224
102
217
241
249
246
247
254
225
151
135
145
144
140
140
143
193
239
236
235
236
239
236
188
163
142
90
132
143
144
139
134
166
238
249
249
246
246
246
246
246
246
254
243
171
137
145
145
129
92
217
245
249
246
246
246
246
246
246
246
246
246
246
246
246
246
246
246
246
246
246
248
249
251
249
248
246
246
246
246
247
248
254
254
218
159
132
150
226
253
248
249
251
250
254
220
146
134
142
149
153
146
135
137
150
216
250
248
248
247
231
153
136
135
162
238
254
248
253
222
154
132
86
131
139
145
206
247
247
246
246
246
246
246
247
253
226
148
128
174
244
254
245
246
246
246
246
249
241
224
77
80
102
246
251
246
247
254
225
150
136
145
142
140
143
192
250
254
255
254
254
254
251
244
242
232
165
141
141
147
140
141
145
186
253
252
246
246
246
246
246
246
254
243
172
139
141
135
72
82
106
247
251
246
246
246
246
246
246
246
246
246
246
246
246
246
246
246
246
246
246
246
246
246
246
246
246
246
246
246
246
246
246
253
243
174
129
148
223
253
247
246
246
248
255
222
146
136
144
143
141
143
146
149
208
247
250
247
248
252
175
151
139
136
161
238
254
250
254
210
135
71
80
84
140
200
246
251
247
246
246
246
246
246
247
253
226
147
129
173
244
254
245
246
246
246
246
251
246
102
80
77
224
241
249
246
247
254
225
149
136
143
142
147
192
249
250
250
246
246
246
247
248
250
254
253
238
164
182
148
139
140
135
169
239
249
249
246
246
246
246
246
254
242
170
138
141
84
77
85
225
241
249
246
246
246
246
246
246
246
246
246
246
246
246
246
246
246
246
246
246
246
246
246
246
246
246
246
246
246
246
246
246
254
246
177
128
145
222
252
247
246
246
250
247
216
141
138
144
143
139
140
187
239
245
249
248
246
247
247
231
153
138
136
161
238
255
250
250
208
91
76
78
133
151
215
254
251
246
246
246
246
246
246
248
255
230
150
128
173
244
254
245
246
246
246
246
249
241
217
102
224
249
254
248
246
247
254
225
149
135
141
135
175
244
253
250
246
246
246
246
246
246
246
247
250
244
247
229
162
144
141
141
144
187
250
251
246
246
246
246
246
254
242
169
137
138
136
100
231
249
254
248
246
246
246
246
246
246
246
246
246
246
246
246
246
246
246
246
246
246
246
246
246
246
246
246
246
246
246
246
246
245
254
245
174
134
150
231
252
247
246
246
251
227
147
139
141
144
140
137
152
210
255
253
247
246
246
247
255
240
163
136
135
163
238
255
250
225
156
133
85
128
136
194
243
250
246
246
246
246
246
246
246
250
248
223
144
131
173
243
254
245
246
246
246
246
248
254
241
246
241
254
248
246
246
247
254
225
150
135
141
144
187
253
253
246
246
246
246
246
246
246
246
246
247
248
253
251
224
144
138
140
136
178
245
253
245
246
246
246
246
254
242
170
141
139
149
232
254
255
248
246
246
246
246
246
246
246
246
246
246
246
246
246
246
246
246
246
246
246
246
246
246
246
246
246
246
246
246
246
246
245
254
245
169
137
214
247
249
246
246
246
252
226
142
139
142
141
138
142
195
247
248
247
246
246
246
246
254
239
162
136
136
161
239
255
237
184
146
136
143
144
153
207
252
251
246
246
246
246
246
246
246
251
236
160
139
134
173
243
254
245
246
246
246
246
246
248
249
251
249
248
246
246
246
247
254
225
150
134
138
174
241
250
247
246
246
246
246
246
246
246
246
246
246
246
248
255
229
151
136
140
137
181
246
254
245
246
246
246
246
254
243
173
139
130
94
218
247
251
246
246
246
246
246
246
246
246
246
246
246
246
246
246
246
246
246
246
246
246
246
246
246
246
246
246
246
246
246
246
246
246
255
248
171
144
221
255
248
246
246
246
251
248
218
142
139
143
141
184
249
250
250
246
246
246
246
246
255
241
159
134
144
181
252
254
218
142
142
140
141
182
237
243
246
249
246
246
246
246
246
246
246
253
227
149
129
145
180
250
251
246
246
246
246
246
246
246
246
246
246
246
246
246
246
247
254
225
150
133
141
183
251
255
246
246
246
246
246
246
246
246
246
246
246
246
247
254
226
149
134
141
139
182
247
254
245
246
246
246
246
255
245
170
127
70
83
107
247
251
246
246
246
246
246
246
246
246
246
246
246
246
246
246
246
246
246
246
246
246
246
246
246
246
246
246
246
246
246
246
246
250
252
243
162
141
219
253
247
246
246
246
250
249
220
143
135
136
178
243
251
250
246
246
246
246
246
247
255
241
154
80
137
232
248
233
150
142
139
141
152
206
255
253
248
246
246
246
246
246
246
246
247
255
232
154
129
163
238
250
250
249
252
253
252
250
248
246
246
246
246
246
246
246
246
247
254
225
150
133
139
177
246
253
248
246
246
246
246
246
246
246
246
246
246
246
247
254
224
144
135
140
138
182
247
254
245
246
246
246
247
252
244
167
80
77
84
225
241
249
246
246
246
246
246
246
246
246
246
246
246
246
246
246
246
246
246
246
246
246
246
246
246
246
246
246
246
246
246
246
250
250
249
179
134
146
220
254
247
246
246
246
252
227
146
131
135
149
199
253
252
246
246
246
246
246
246
249
245
221
83
72
92
166
231
164
141
140
138
135
179
242
250
247
246
246
246
246
246
246
246
246
249
247
226
146
131
173
245
255
249
246
239
232
236
241
247
247
246
246
246
246
246
246
246
247
254
225
150
134
143
146
198
250
254
247
246
246
246
246
246
246
246
246
246
246
247
254
225
148
134
142
138
182
246
254
245
246
246
246
250
250
211
149
128
97
227
249
254
248
246
246
246
246
246
248
249
251
249
248
246
246
246
246
246
246
246
246
246
246
246
247
249
252
254
254
254
254
254
255
253
249
185
143
129
142
218
252
247
246
246
246
252
230
158
154
165
213
244
246
247
246
246
246
246
246
246
251
249
108
87
73
132
145
152
149
141
143
142
144
191
254
252
246
246
246
246
246
246
246
246
246
251
240
162
138
133
169
243
255
246
218
165
148
158
211
250
250
246
246
246
246
246
246
246
247
253
224
151
138
142
126
94
226
245
249
246
246
246
246
246
246
246
246
246
246
247
254
225
150
135
140
136
177
245
253
245
246
246
246
252
245
179
136
138
223
247
254
248
246
246
246
246
248
251
255
244
247
241
254
248
246
246
246
246
246
246
246
246
246
246
248
241
237
231
235
234
234
234
237
242
188
143
135
135
145
225
252
247
246
246
246
252
229
212
208
238
255
255
255
255
251
248
246
246
246
246
249
245
216
92
132
145
145
145
143
142
141
134
171
239
249
247
246
246
246
246
246
246
246
246
247
254
232
154
132
148
187
255
254
212
144
138
130
138
200
249
250
246
246
246
246
246
246
246
247
252
227
154
135
132
74
80
107
249
254
246
246
246
246
246
246
246
246
246
246
247
254
225
148
135
141
145
187
250
251
246
246
246
246
255
246
172
136
160
238
254
248
248
251
255
255
255
255
249
242
212
105
217
241
249
246
246
246
246
246
246
246
246
246
246
251
226
157
148
154
152
155
155
160
164
151
138
140
143
219
246
249
246
246
246
246
252
243
130
117
224
218
214
211
228
244
255
255
255
255
255
255
255
245
158
135
146
144
144
145
142
138
138
180
253
253
246
246
246
246
246
246
246
246
246
248
251
231
152
134
156
229
240
214
145
139
136
131
136
197
249
250
246
246
246
246
246
246
246
246
251
240
186
143
86
78
73
173
241
254
246
246
246
246
246
246
246
246
246
246
248
255
227
150
133
139
172
241
249
249
246
246
246
250
252
245
167
147
231
255
255
255
255
244
228
211
213
217
209
97
68
85
102
246
251
246
246
246
246
246
246
246
246
246
246
251
226
148
134
132
134
136
135
137
138
139
134
136
209
247
252
248
246
246
246
246
249
234
225
214
115
118
120
118
115
217
214
213
213
213
213
212
219
226
159
153
148
150
149
149
149
155
188
255
255
255
255
255
255
255
251
248
246
246
246
251
245
195
145
139
152
156
160
148
139
134
145
148
152
206
251
250
246
246
246
246
246
246
246
246
250
251
222
145
127
86
133
194
253
254
246
246
246
246
246
246
246
248
251
255
255
255
232
153
141
148
193
255
255
255
255
255
255
255
253
175
124
128
199
221
214
213
214
217
115
118
120
123
111
85
70
80
224
241
249
246
246
246
246
246
246
246
246
246
246
249
245
211
136
133
141
142
139
137
133
138
142
156
223
254
249
246
246
246
246
246
248
251
255
242
228
211
213
214
217
115
118
120
120
120
120
119
121
116
213
135
129
131
131
129
123
147
213
216
217
213
212
213
211
228
244
255
255
255
255
255
248
166
144
147
149
143
141
145
155
162
206
250
252
253
255
255
255
255
255
255
255
255
255
255
255
255
234
158
140
146
143
194
255
255
255
255
255
255
255
255
255
255
247
235
221
215
146
132
125
123
153
214
217
213
215
217
219
227
221
96
84
101
116
122
120
120
118
115
217
214
213
214
222
212
108
225
249
254
248
246
246
246
246
246
246
246
246
246
246
248
253
228
157
142
139
135
145
153
156
158
205
240
242
247
247
246
246
246
246
246
246
246
248
251
255
255
255
255
244
228
211
213
213
213
213
212
219
220
106
97
94
95
94
92
100
112
122
123
120
119
120
120
118
115
217
214
213
213
213
219
207
136
125
130
129
128
124
120
148
206
213
218
222
217
214
213
213
213
213
213
213
213
213
213
213
219
195
129
125
132
130
139
184
224
217
213
213
213
213
213
214
222
214
115
109
110
96
89
90
97
109
120
121
120
119
114
107
109
100
136
132
205
221
214
213
213
211
228
244
255
255
255
255
246
247
241
254
248
246
246
246
246
246
246
246
246
246
246
246
246
248
242
240
209
156
150
191
238
235
238
246
252
250
247
246
246
246
246
246
246
246
246
246
246
246
246
246
248
251
255
255
255
255
255
255
255
255
240
153
121
130
129
133
134
161
215
219
213
213
213
213
213
214
217
115
118
120
120
120
125
111
103
88
91
90
97
104
113
121
126
128
121
120
119
120
120
120
120
120
120
120
120
120
120
120
122
114
102
93
91
93
93
102
116
128
129
126
123
121
121
127
121
94
79
164
128
125
126
129
156
221
218
213
216
217
166
119
118
124
136
219
255
255
255
255
255
255
255
251
248
246
246
248
249
251
249
248
246
246
246
246
246
246
246
246
246
246
246
246
246
247
250
252
245
238
235
244
252
255
252
250
248
246
246
246
246
246
246
246
246
246
246
246
246
246
246
246
246
246
246
246
246
246
246
246
246
254
237
162
137
146
144
160
191
207
255
255
255
255
255
255
255
255
244
228
211
213
213
213
218
205
129
125
127
135
153
232
217
218
211
221
214
213
213
213
213
213
213
213
213
213
213
213
213
213
214
220
203
138
132
129
128
122
163
206
200
203
212
221
226
216
197
67
80
98
154
146
148
174
253
255
255
255
255
255
203
147
142
145
154
227
254
248
246
246
246
246
246
246
246
246
246
246
246
246
246
246
246
246
246
246
246
246
246
246
246
246
246
246
246
246
246
248
250
252
252
251
248
246
246
246
246
246
246
246
246
246
246
246
246
246
246
246
246
246
246
246
246
246
246
246
246
246
246
246
246
251
244
162
138
134
140
160
239
248
243
247
246
246
246
246
246
248
251
255
255
255
255
255
255
250
171
167
224
178
254
255
240
116
232
255
255
255
255
255
255
255
255
255
255
255
255
255
255
255
255
255
255
223
155
143
150
152
160
171
164
161
224
252
254
250
112
87
76
131
133
141
164
245
248
250
247
247
254
252
192
134
127
137
206
245
250
246
246
246
246
246
246
246
246
248
249
251
249
248
246
246
246
246
246
246
246
246
246
246
246
246
246
246
246
246
246
246
246
246
246
246
246
246
246
246
246
246
246
246
246
246
246
246
246
246
246
246
246
246
246
246
246
246
246
246
246
246
246
246
246
249
246
237
150
141
154
240
248
251
247
246
246
246
246
246
246
246
246
246
246
246
246
246
249
241
237
239
240
252
240
229
77
80
102
246
251
246
246
246
246
246
246
246
246
246
246
246
246
246
248
254
253
228
93
120
137
142
138
137
134
137
146
156
161
148
135
83
130
145
148
166
240
249
250
247
248
254
244
250
192
159
149
161
225
254
249
246
246
246
246
246
246
246
248
254
241
246
241
254
248
246
246
246
246
246
246
246
246
246
246
246
246
246
246
246
246
246
246
246
246
246
246
246
246
246
246
246
246
246
246
246
246
246
246
248
249
251
249
248
246
246
246
246
246
246
246
246
246
246
246
247
251
248
232
160
235
249
251
247
246
246
246
246
246
246
246
246
246
246
246
246
246
246
247
249
251
252
251
254
247
103
80
77
224
241
249
246
246
246
246
246
246
246
246
246
246
246
246
246
249
241
225
82
83
91
147
141
137
141
139
134
130
127
128
133
130
133
139
160
216
242
246
250
247
248
254
248
226
103
213
218
225
237
242
248
246
246
246
246
246
246
246
248
254
249
224
102
217
241
249
246
246
246
246
246
246
246
246
246
246
246
246
246
246
246
246
246
246
246
246
246
246
246
246
246
246
246
246
246
246
246
246
246
248
254
241
246
241
254
248
246
246
246
246
246
246
246
246
246
246
246
247
251
243
246
243
250
247
246
246
246
246
246
246
246
246
246
246
246
246
246
246
246
246
246
246
246
246
249
241
217
102
224
249
254
248
246
246
246
246
246
246
246
246
246
246
246
246
246
251
246
102
81
82
226
207
152
139
140
144
155
156
156
156
156
156
155
161
236
249
251
249
247
246
249
241
224
77
82
105
251
255
251
250
247
246
246
246
246
246
246
246
249
241
224
77
80
102
246
251
246
246
246
246
246
246
246
246
246
246
246
246
246
246
246
246
246
246
246
246
246
246
246
246
246
246
246
246
246
246
246
246
248
254
249
224
102
217
241
249
246
246
246
246
246
246
246
246
246
246
246
246
247
248
249
248
247
246
246
246
246
246
246
246
246
246
246
246
246
246
246
246
246
246
246
246
246
246
248
254
241
246
241
254
248
246
246
246
246
246
246
246
246
246
246
246
246
246
246
249
241
217
102
227
251
253
241
190
148
201
239
236
235
234
233
234
233
239
245
252
247
246
246
246
251
246
102
80
77
224
241
250
246
246
246
246
246
246
246
246
246
246
251
246
102
80
77
224
241
249
246
246
246
246
246
246
246
246
246
246
246
246
246
246
246
246
246
246
246
246
246
246
246
246
246
246
246
246
246
246
246
246
249
241
224
77
80
102
246
251
246
246
246
246
246
246
246
246
246
246
246
246
246
246
246
246
246
246
246
246
246
246
246
246
246
246
246
246
246
246
246
246
246
246
246
246
246
246
246
248
249
251
249
248
246
246
246
246
246
246
246
246
246
246
246
246
246
246
246
248
254
241
245
241
254
253
252
243
239
244
253
254
254
254
254
254
254
252
249
247
246
246
246
246
249
241
217
102
224
249
254
248
246
246
246
246
246
246
246
246
246
246
249
241
217
102
224
249
254
248
246
246
246
246
246
246
246
246
246
246
246
246
246
246
246
246
246
246
246
246
246
246
246
246
246
246
246
246
246
246
246
246
251
246
102
80
77
224
241
249
246
246
246
246
246
246
246
246
246
246
246
246
246
246
246
246
246
246
246
246
246
246
246
246
246
246
246
246
246
246
246
246
246
246
246
246
246
246
246
246
246
246
246
246
246
246
246
246
246
246
246
246
246
246
246
246
246
246
246
246
248
249
251
249
248
246
248
250
251
250
248
246
246
246
246
246
246
246
246
246
246
246
246
246
248
254
241
246
241
254
248
246
246
246
246
246
246
246
246
246
246
246
248
254
241
246
241
254
248
246
246
246
246
246
246
246
246
246
246
246
246
246
246
246
246
246
246
246
246
246
246
246
246
246
246
246
246
246
246
246
246
246
249
239
214
97
221
247
254
248
246
246
246
246
246
246
246
246
246
246
246
246
246
246
246
246
246
246
246
246
246
246
246
246
246
246
246
246
246
246
246
246
246
246
246
246
246
246
246
246
246
246
246
246
246
246
246
246
246
246
246
246
246
246
246
246
246
246
246
246
246
246
246
246
246
246
246
246
246
246
246
246
246
246
246
246
246
246
246
246
246
246
246
246
246
248
249
251
249
248
246
246
246
246
246
246
246
246
246
246
246
246
246
248
249
251
249
248
246
246
246
246
246
246
246
246
246
246
246
246
246
246
246
246
246
246
246
246
246
246
246
246
246
246
246
246
246
246
246
246
246
246
246
246
246
246
246
246
246
246
246
246
246
246
246
246
246
246
246
246
246
246
246
246
246
246
246
246
246
246
246
246
246
246
246
246
246
246
246
246
246
246
246
246
246
246
246
246
246
246
246
246
246
246
246
246
246
246
246
246
246
246
246
246
246
246
246
246
246
246
246
246
246
246
246
246
246
246
246
246
246
246
246
246
246
246
246
246
246
246
246
246
246
246
246
246
246
246
246
246
246
246
246
246
246
246
246
246
246
246
246
246
246
246
246
246
246
246
246
246
246
246
246
246
246
246
246
246
246
246
246
