253
253
253
253
253
253
253
253
253
253
253
253
253
253
253
253
253
253
253
253
253
253
253
253
253
253
253
253
253
253
253
253
253
253
253
253
253
253
253
65
65
65
253
253
253
253
253
253
253
253
253
253
253
253
253
253
253
253
253
253
253
253
253
253
253
253
253
253
253
253
253
253
253
253
253
253
253
253
253
253
253
253
253
253
253
254
204
154
158
244
253
253
253
253
253
253
253
253
253
253
253
253
253
253
253
253
253
253
253
253
253
253
253
253
253
253
253
253
253
253
253
253
253
253
253
253
253
253
253
253
253
253
253
253
253
253
253
253
253
253
253
253
253
253
253
253
253
253
253
253
253
253
253
253
253
253
253
253
253
253
253
253
253
254
249
253
245
247
235
244
249
254
253
253
253
253
253
253
253
253
253
253
253
253
253
253
253
253
254
233
108
233
254
253
253
253
253
253
253
253
253
253
253
253
253
253
253
253
253
253
253
253
253
253
253
253
253
255
254
224
83
217
246
254
253
253
253
253
253
253
253
253
253
253
254
251
204
156
153
172
244
255
248
253
248
255
253
253
253
253
253
253
253
253
253
253
253
253
253
253
253
253
253
253
253
253
253
253
253
253
253
253
253
253
253
253
253
253
253
253
253
253
253
253
253
253
253
253
253
253
253
253
253
253
253
253
253
253
253
253
253
253
253
253
253
253
253
253
253
253
253
253
253
255
246
194
219
163
154
160
221
251
254
253
253
253
253
253
253
253
253
253
253
253
253
253
253
253
255
248
253
248
255
253
253
253
253
253
253
253
253
253
253
253
253
253
253
253
253
253
253
253
253
253
253
253
254
248
227
60
64
89
253
254
253
253
253
253
253
253
253
253
253
253
254
253
203
155
146
170
248
255
227
89
221
248
254
253
253
253
253
254
255
255
255
255
254
253
253
253
253
253
253
253
253
253
253
253
253
253
253
253
253
253
253
253
253
253
253
253
253
253
253
253
253
253
253
253
253
253
253
253
253
253
253
253
253
253
253
253
253
253
253
253
253
253
253
253
253
253
253
253
250
253
232
172
152
156
147
149
165
235
254
253
253
253
253
253
253
253
253
253
253
253
253
253
253
253
253
254
254
254
253
253
253
253
253
253
253
253
253
253
253
253
253
253
253
253
253
253
253
253
253
254
255
255
255
254
90
64
60
227
248
254
253
253
253
253
253
253
253
253
253
253
254
252
204
157
147
175
236
235
60
64
89
253
254
253
253
253
253
248
242
240
242
240
245
251
255
253
253
253
255
254
254
253
253
253
253
253
253
253
253
253
253
253
253
253
253
253
253
253
253
253
253
253
253
253
253
253
253
253
253
253
253
253
253
253
253
253
253
253
253
253
253
253
253
253
253
253
253
255
251
198
184
162
154
159
161
153
165
232
255
253
253
253
253
253
254
254
255
255
255
255
254
253
253
253
253
253
253
253
253
253
253
253
253
253
253
253
253
253
253
253
253
253
253
253
253
253
253
253
253
247
242
238
252
249
230
97
234
255
255
253
253
253
253
253
253
253
254
254
254
253
254
252
200
153
148
177
242
97
64
60
227
248
254
253
253
254
253
210
169
168
169
170
193
254
255
246
194
224
243
250
254
255
254
254
253
253
253
253
253
253
253
253
253
253
253
253
253
253
253
253
253
253
253
253
253
253
253
253
253
253
253
253
253
253
253
253
253
253
253
253
253
253
253
253
253
253
253
254
240
178
151
158
155
155
157
153
160
230
254
254
253
253
253
254
250
247
241
242
239
239
245
251
253
253
253
253
253
253
253
253
253
253
253
253
253
253
253
253
253
253
253
253
253
253
253
253
253
254
255
215
168
164
175
244
239
241
238
255
255
255
254
254
253
253
253
255
248
253
248
255
254
254
207
160
148
179
237
228
89
227
254
255
253
253
253
254
252
199
149
148
151
152
193
227
230
195
159
160
170
183
240
243
246
252
255
254
254
253
253
253
253
253
253
253
253
253
253
253
253
253
253
253
253
253
253
253
253
253
253
253
253
253
253
253
253
253
253
253
253
253
253
253
253
253
253
253
254
254
197
159
154
159
165
167
163
154
156
165
239
253
254
253
253
254
249
186
167
169
170
171
220
254
253
253
253
253
253
253
253
253
253
253
253
253
253
253
253
253
253
253
253
253
253
253
253
253
253
254
247
200
148
147
158
168
175
173
170
210
242
241
245
250
254
253
255
254
227
89
221
248
254
254
245
187
146
174
251
254
253
248
255
253
253
253
253
254
251
202
153
154
160
161
165
172
173
160
155
152
152
158
164
171
169
216
243
248
249
254
253
253
253
253
253
253
253
253
253
253
253
253
253
253
253
253
253
253
253
253
253
253
253
253
253
254
254
253
253
253
253
253
253
253
253
253
253
253
254
248
193
154
152
153
183
237
207
168
161
153
172
249
254
253
253
254
241
174
143
148
143
189
239
253
253
253
253
253
253
253
253
253
253
253
253
253
253
253
253
253
253
253
253
253
253
253
253
253
253
254
223
164
154
153
153
148
146
144
149
158
167
165
178
245
254
254
248
227
60
64
89
253
254
255
253
196
148
168
243
255
254
254
253
253
253
253
253
254
254
206
161
155
158
157
162
171
156
157
160
160
159
156
154
151
156
162
167
188
250
255
253
253
253
253
253
253
253
253
253
253
253
253
253
253
253
253
253
253
253
253
253
253
253
253
255
248
246
253
253
253
253
253
253
253
253
253
253
253
254
250
195
154
149
157
191
254
254
247
186
152
172
243
255
253
253
254
251
182
160
154
160
184
237
255
253
253
253
253
253
253
253
253
253
254
254
254
253
253
253
253
253
253
253
253
253
253
253
253
254
254
217
155
153
166
173
172
173
168
161
154
148
143
166
238
255
254
253
89
64
60
227
248
254
254
251
199
150
167
241
255
253
253
253
253
253
253
253
254
254
245
190
154
156
160
164
163
162
162
158
156
158
160
161
159
158
156
151
164
231
252
253
254
253
253
253
253
253
253
253
253
253
253
253
253
253
253
253
253
253
253
253
253
253
255
254
227
91
253
253
253
253
253
253
253
253
253
253
253
254
247
186
154
157
183
245
253
255
255
244
172
163
239
254
253
253
254
253
236
165
150
154
200
248
254
253
253
253
253
253
253
253
253
255
248
253
248
255
253
253
253
253
253
253
253
253
253
253
253
254
253
216
153
157
221
249
246
243
245
213
161
153
145
167
240
255
254
248
221
89
227
254
255
253
254
250
198
151
170
241
255
253
253
253
253
253
246
249
251
255
255
198
157
156
159
161
164
156
163
168
171
160
150
152
156
158
159
158
162
161
190
248
254
254
253
253
253
253
253
253
253
253
253
253
253
253
253
253
253
253
253
253
253
254
248
227
60
62
65
253
253
253
253
253
253
253
253
253
253
254
251
197
169
230
252
253
254
253
255
248
178
151
182
252
254
253
253
255
251
178
158
157
176
227
249
253
253
253
253
253
253
253
255
254
227
89
221
248
254
253
253
253
253
253
253
253
253
253
253
254
238
181
156
154
226
255
255
255
255
253
220
174
166
187
246
254
253
255
248
253
248
255
253
253
254
251
198
149
169
242
255
253
253
253
253
254
238
185
250
253
250
184
161
157
161
163
162
145
75
198
233
179
166
168
165
160
158
159
157
153
153
190
248
253
253
253
253
253
253
253
253
253
253
253
253
253
253
253
253
253
253
253
253
254
253
89
64
62
253
253
253
253
253
253
253
253
253
253
253
253
251
246
247
252
254
254
253
253
254
251
182
151
177
248
255
253
253
254
250
230
158
156
163
165
226
254
253
253
253
253
253
255
252
232
64
66
90
253
254
253
253
253
253
253
253
253
253
253
253
254
229
170
153
141
83
225
248
254
253
254
252
246
240
247
250
253
253
253
254
254
254
253
253
253
254
251
199
151
170
243
255
253
253
253
253
255
238
187
187
226
94
164
155
158
161
156
140
56
66
99
247
254
242
244
216
167
156
157
160
158
154
161
209
254
254
253
253
253
253
253
253
253
253
253
253
253
253
253
253
253
253
253
253
254
248
221
89
221
253
253
253
253
253
253
253
253
253
253
253
253
253
254
254
254
254
254
254
254
254
253
239
163
171
242
254
253
253
255
253
177
160
152
163
181
233
254
253
253
253
253
253
254
245
84
60
63
226
251
254
253
253
253
253
253
253
253
253
253
253
254
230
162
139
54
64
92
253
254
253
253
254
254
255
254
253
253
253
253
253
253
253
253
253
253
254
250
194
150
164
238
254
254
253
253
254
253
237
161
144
61
69
75
162
164
164
159
74
64
67
229
249
255
255
255
254
204
158
153
157
159
156
153
198
249
254
253
253
253
253
253
253
253
253
253
253
253
253
253
253
253
253
253
253
253
255
248
253
246
253
253
253
253
253
253
253
253
253
253
253
253
253
253
253
253
255
248
253
248
255
255
246
172
154
192
253
254
253
255
245
162
69
138
158
216
254
255
253
253
253
254
255
255
183
146
69
167
247
255
254
253
253
253
253
253
253
253
253
253
254
255
232
165
69
63
69
229
248
254
253
253
253
253
253
253
253
253
253
253
253
253
253
253
253
253
254
251
192
152
154
182
250
254
253
253
254
249
176
157
71
62
68
180
156
159
157
163
173
93
234
254
255
253
253
253
253
248
192
157
157
154
156
156
161
216
253
254
253
253
253
253
253
253
253
253
253
253
253
253
253
253
253
253
253
253
253
254
254
254
253
253
253
253
253
253
253
253
253
253
253
253
253
253
253
255
254
227
89
221
249
255
246
173
145
186
247
254
254
250
224
65
60
73
158
214
252
254
253
253
252
247
247
234
185
151
155
157
201
254
254
253
253
253
253
253
253
253
253
253
254
253
226
156
133
79
210
254
255
253
253
253
253
253
253
253
253
253
253
253
253
253
253
253
253
253
254
253
208
160
148
175
242
254
253
254
253
218
165
151
140
86
205
204
155
75
142
159
182
243
250
255
253
253
253
253
254
252
250
238
176
171
163
154
156
159
222
251
253
253
253
253
253
253
253
253
253
253
253
253
253
253
253
253
253
253
253
253
253
253
253
253
253
253
253
253
253
253
254
254
254
253
253
253
254
248
227
60
64
89
254
255
241
165
146
186
247
254
254
253
92
64
53
140
157
188
243
255
253
254
255
216
172
167
166
160
158
154
192
248
254
253
253
253
253
253
253
253
253
253
254
241
176
161
149
164
223
255
254
253
253
253
253
253
253
253
253
253
253
253
253
253
253
253
253
253
254
254
220
167
149
177
244
255
253
255
250
186
158
162
159
161
200
184
70
63
77
158
164
208
255
254
253
253
253
253
253
253
254
254
254
228
174
155
156
154
164
237
255
253
253
253
253
253
253
253
253
253
253
253
253
253
254
254
254
253
253
253
253
253
253
253
253
253
253
253
253
255
248
253
248
255
253
253
254
253
89
64
60
230
248
252
181
156
157
194
254
254
254
248
224
89
148
160
158
210
248
254
253
254
249
206
152
152
157
160
158
155
195
250
254
253
253
253
253
253
253
253
253
253
254
233
166
153
156
168
229
255
254
253
253
253
253
253
253
253
253
253
253
253
253
253
253
253
253
253
254
252
216
164
148
178
244
255
253
255
245
175
154
165
162
150
80
64
60
61
145
152
166
212
252
254
253
253
253
253
253
253
253
254
255
237
167
151
159
153
158
225
253
254
253
253
253
253
253
253
253
253
253
253
253
255
248
253
248
255
253
253
253
253
253
253
253
253
253
253
255
254
227
89
221
248
254
253
254
248
221
89
228
255
255
198
158
150
170
242
254
255
254
255
251
253
217
165
156
184
236
255
254
255
235
173
157
159
159
161
156
154
192
250
254
253
253
253
253
253
253
253
253
253
255
234
167
154
156
156
212
251
254
255
254
254
253
253
253
253
253
253
253
253
253
253
253
253
253
253
254
255
207
164
151
179
248
255
253
250
204
163
157
153
139
56
61
62
82
147
160
164
181
229
254
254
253
253
253
253
253
253
253
253
254
237
163
154
156
159
158
173
244
255
253
253
253
253
253
253
253
253
253
253
255
254
227
89
221
248
254
253
253
253
253
253
253
253
253
254
248
227
60
64
89
253
254
253
253
255
248
254
253
255
255
194
160
158
163
192
246
250
252
254
255
255
228
160
151
165
226
255
252
248
213
159
153
159
157
145
151
154
192
250
254
253
253
253
253
253
253
253
253
253
255
234
167
153
157
159
164
176
236
243
245
251
254
254
253
253
253
253
253
253
253
253
253
253
253
253
253
254
242
177
147
168
240
255
254
205
160
156
157
160
74
69
77
223
185
157
162
157
170
217
253
254
253
253
253
253
253
253
253
253
253
250
229
162
161
163
158
174
240
255
253
253
253
253
253
253
253
253
253
254
248
227
60
64
89
253
254
253
255
254
253
253
253
253
253
254
253
89
64
60
227
248
254
253
253
253
254
255
248
238
195
151
147
157
165
169
172
203
251
255
255
253
181
167
158
187
243
255
254
190
167
162
154
166
158
143
148
154
194
250
254
253
253
253
253
253
253
253
253
253
255
235
166
153
159
158
154
162
164
168
168
209
246
253
254
254
253
253
253
253
253
253
253
253
253
253
253
254
251
182
151
152
173
251
249
191
151
153
163
181
220
96
236
254
204
161
159
165
173
216
255
255
255
255
255
255
255
255
255
255
255
255
255
229
157
146
130
154
230
255
253
253
253
253
253
253
253
253
253
254
253
89
64
60
227
248
254
255
254
240
65
253
253
253
253
254
248
221
89
227
254
255
253
253
253
253
253
255
245
109
86
87
81
140
137
132
131
138
193
222
223
206
157
132
135
142
197
228
211
144
140
160
169
185
235
191
167
165
210
255
255
255
255
255
255
255
255
255
255
255
255
248
178
161
169
169
168
166
162
159
163
169
177
224
254
255
255
255
255
255
255
255
255
255
255
255
255
255
255
215
165
165
207
255
231
174
164
162
183
255
255
255
255
255
197
163
156
144
160
211
217
216
215
215
215
215
215
215
215
215
215
218
221
191
142
77
82
103
241
255
253
253
253
253
253
253
253
253
253
254
248
221
89
227
254
255
254
248
227
80
65
253
253
253
253
253
255
248
253
248
255
253
253
253
253
253
253
255
219
159
126
138
140
86
93
93
85
84
89
101
108
111
99
89
80
94
98
109
95
89
79
138
173
163
194
214
145
135
170
221
223
217
215
215
215
216
219
221
221
219
221
204
141
130
135
133
133
134
136
138
138
135
139
144
147
210
220
216
215
215
215
215
215
215
215
215
215
218
216
175
137
148
216
222
192
143
134
133
149
214
225
221
224
215
155
134
139
86
101
111
116
109
108
108
108
108
108
108
108
108
108
111
110
97
86
134
142
216
247
254
253
253
253
253
253
253
253
253
253
254
255
251
254
248
255
253
254
253
89
69
65
253
253
253
253
253
253
254
254
254
253
253
253
253
253
253
254
254
219
163
156
168
157
169
218
205
142
136
130
139
206
226
198
137
132
141
187
152
133
134
136
91
98
109
106
100
89
90
89
105
106
118
110
108
111
111
106
98
101
108
115
102
90
85
94
99
99
99
92
87
81
84
85
80
84
94
107
111
108
108
108
108
108
108
108
108
108
111
111
101
88
89
102
107
100
87
82
86
97
108
111
108
113
105
95
83
82
138
164
210
216
217
215
215
215
215
215
215
215
215
215
217
219
187
146
148
176
239
255
254
253
253
253
253
253
253
253
253
255
248
254
251
255
254
253
253
254
248
221
87
253
253
253
253
253
253
253
253
253
253
253
253
253
253
253
253
253
255
221
157
151
163
226
222
255
255
224
168
160
170
246
255
248
177
162
175
171
173
167
163
158
184
222
223
220
166
142
137
144
54
185
210
219
218
220
215
179
125
128
191
216
216
166
172
221
225
223
225
216
156
143
141
138
140
134
146
208
220
215
215
215
215
215
215
215
215
215
216
221
213
151
135
160
192
137
134
139
151
215
221
216
215
220
213
159
134
148
157
169
214
255
255
255
255
255
255
255
255
255
255
255
255
255
229
166
151
168
231
255
253
253
253
253
253
253
253
253
255
254
227
89
221
248
254
253
253
253
255
248
246
253
253
253
253
253
253
253
253
253
253
253
253
253
253
253
253
253
254
249
207
164
227
249
254
253
254
252
206
157
155
175
251
255
217
157
154
159
156
161
158
191
250
255
255
255
253
173
148
66
81
106
255
255
255
255
237
176
166
163
181
254
255
254
255
255
255
255
255
255
255
228
172
164
165
162
183
254
255
255
255
255
255
255
255
255
255
255
255
255
254
186
183
239
198
169
160
168
239
255
255
255
255
255
255
196
163
164
157
150
195
251
254
253
253
253
253
253
253
253
253
253
254
254
218
160
148
167
231
255
253
253
253
253
253
253
253
254
248
227
60
64
89
253
254
253
253
253
253
254
254
253
253
253
253
253
253
253
253
253
253
253
253
253
253
253
253
253
253
253
248
248
250
254
254
253
254
255
248
188
146
168
246
255
218
159
155
159
156
172
220
204
250
254
253
255
249
172
66
61
68
229
250
255
250
199
162
158
152
152
164
238
255
254
254
253
253
253
253
254
255
255
220
162
158
154
166
238
254
254
255
248
253
248
255
253
253
253
253
255
244
176
174
219
167
155
150
162
230
255
253
253
253
255
248
193
155
158
154
164
213
254
254
253
253
253
253
253
253
253
253
253
254
255
220
161
147
168
233
255
253
253
253
253
253
253
253
254
253
89
64
60
227
248
254
253
253
253
253
253
253
253
253
253
253
253
253
253
253
253
253
253
253
253
253
253
253
253
253
253
254
254
254
253
253
253
253
254
252
196
151
163
243
249
191
162
155
159
155
180
241
254
250
253
254
254
240
162
131
84
231
255
254
251
230
160
151
153
155
159
227
252
254
253
253
253
253
253
253
255
250
254
244
208
156
154
160
185
252
255
254
227
89
221
248
254
253
253
253
255
244
177
159
162
163
154
156
171
237
254
253
253
253
255
249
185
155
159
154
165
213
254
254
253
253
253
253
253
253
253
253
253
254
250
211
154
149
160
228
253
254
253
253
253
253
253
253
254
248
221
89
227
254
255
253
253
253
253
253
253
253
253
253
253
253
253
253
253
253
253
253
253
253
253
253
253
253
253
253
253
253
253
253
253
253
253
253
254
254
214
163
155
183
244
216
152
155
155
161
193
253
254
253
253
254
249
182
160
148
195
250
255
254
196
163
159
156
161
166
223
253
254
253
253
253
253
253
253
255
254
228
95
222
199
161
154
152
176
247
253
227
60
64
89
253
255
254
254
254
255
244
176
152
156
154
154
169
229
251
253
253
253
253
255
248
184
155
158
157
163
209
254
254
253
253
253
253
253
253
253
253
253
255
240
172
160
153
157
172
244
255
253
253
253
253
253
253
253
255
248
253
248
255
253
253
253
253
253
253
253
253
253
253
253
253
253
253
253
253
253
253
253
253
253
253
253
253
253
253
253
253
253
253
253
253
253
253
253
254
245
181
147
180
220
171
152
155
151
165
233
254
253
253
253
254
242
175
148
156
197
253
255
238
174
149
152
152
190
244
253
254
253
253
253
253
253
254
255
251
229
60
68
88
203
164
155
155
177
249
255
89
64
60
227
249
255
248
253
248
255
246
177
154
158
158
162
219
254
254
253
253
253
253
255
247
184
154
157
156
177
229
254
254
253
253
253
253
253
253
253
253
253
254
246
210
151
157
151
166
236
255
253
253
253
253
253
253
253
253
254
254
254
253
253
253
253
253
253
253
253
253
253
253
253
253
253
253
253
253
253
253
253
253
253
253
253
253
253
253
253
253
253
253
253
253
253
253
253
255
249
185
151
180
221
169
158
164
162
181
246
254
253
253
253
255
244
179
150
154
199
253
231
178
161
153
156
170
223
255
255
253
253
253
253
253
255
248
254
248
98
66
64
227
198
161
155
154
178
248
254
221
89
227
254
255
254
227
89
221
254
248
178
153
155
155
200
250
255
253
253
253
253
253
255
245
183
151
155
155
176
231
254
254
253
253
253
253
253
253
253
253
253
255
240
184
158
158
151
168
238
255
253
253
253
253
253
253
253
253
253
253
253
253
253
253
253
253
253
253
253
253
253
253
253
253
253
253
253
253
253
253
253
253
253
253
253
253
253
253
253
253
253
253
253
253
253
253
253
255
252
181
146
175
245
254
207
169
210
246
250
253
253
253
253
255
244
178
148
153
188
238
204
158
150
156
178
245
252
253
253
253
253
253
253
255
254
227
92
215
215
92
233
255
213
158
153
151
172
245
255
248
253
248
255
249
227
60
64
89
255
249
179
153
153
157
203
254
254
253
253
253
253
253
254
252
189
158
157
156
159
206
252
253
253
253
253
253
253
253
253
253
253
254
229
167
158
160
152
169
238
255
253
253
253
253
253
253
253
253
253
253
253
253
253
253
253
253
253
253
253
253
253
253
253
253
253
253
253
253
253
253
253
253
253
253
253
253
253
253
253
253
253
253
253
253
253
253
253
255
250
173
66
163
245
255
249
205
226
255
254
253
253
253
253
255
245
176
152
166
172
175
164
156
155
172
247
254
254
253
253
253
253
253
254
248
227
60
66
98
248
255
252
255
202
155
153
160
179
249
255
254
254
254
255
253
89
64
60
227
254
249
179
152
154
162
210
254
254
253
253
253
253
253
253
254
241
172
153
158
161
183
231
254
253
253
253
253
253
253
253
253
253
255
232
178
157
161
151
171
238
255
253
253
253
253
253
253
253
253
253
253
253
253
253
253
253
253
253
253
253
253
253
253
253
253
253
253
253
253
253
253
253
253
253
253
253
253
253
253
253
253
253
253
253
253
253
253
254
250
225
65
53
88
244
255
250
249
248
253
253
253
253
253
253
255
245
175
150
179
204
154
148
154
167
241
254
254
253
253
253
253
253
253
254
253
89
64
60
229
251
255
255
232
175
154
151
169
237
253
254
253
253
253
254
248
221
89
227
254
255
247
180
152
153
183
238
254
253
253
253
253
253
253
253
255
249
182
154
158
156
173
221
253
253
253
253
253
253
253
253
253
254
255
225
160
154
164
152
166
236
255
253
253
253
253
253
253
253
253
253
253
253
253
253
253
253
253
253
253
253
253
253
253
253
253
253
253
253
253
253
253
253
253
253
253
253
253
253
253
253
253
253
253
253
253
253
253
254
254
95
67
50
162
242
255
253
253
253
253
253
253
253
253
253
255
245
177
155
167
166
165
161
177
237
253
254
253
253
253
253
253
253
253
254
248
221
89
227
254
255
255
253
212
157
154
158
178
249
255
253
253
253
253
253
255
248
253
248
255
255
247
179
149
151
192
249
255
253
253
253
253
253
253
253
254
241
173
156
158
157
160
216
255
253
253
253
253
253
253
253
253
255
254
213
78
139
154
158
171
244
255
253
253
253
253
253
253
253
253
253
253
253
253
253
253
253
253
253
253
253
253
253
253
253
253
253
253
253
253
253
253
253
253
253
253
253
253
253
253
253
253
253
253
253
253
253
253
254
251
224
81
132
184
248
255
253
253
253
253
253
253
253
253
253
255
244
177
153
157
154
155
204
248
254
253
253
253
253
253
253
253
253
253
253
255
248
253
248
255
254
252
225
160
158
152
161
229
254
253
253
253
253
253
253
253
254
254
254
254
255
244
173
153
160
193
253
254
253
253
253
253
253
253
254
251
183
158
158
155
156
201
246
254
253
253
253
253
253
253
253
254
248
229
68
64
76
156
159
226
253
254
253
253
253
253
253
253
253
253
253
253
253
253
253
253
253
253
253
253
253
253
253
253
253
253
253
253
253
253
253
253
253
253
253
253
253
253
253
253
253
253
253
253
253
253
253
253
254
255
242
178
151
179
252
254
253
253
253
253
253
253
253
253
253
255
244
178
153
157
154
164
221
255
254
253
253
253
253
253
253
253
253
253
253
253
254
254
254
255
253
231
155
155
153
157
167
241
255
253
253
253
253
253
253
253
253
253
253
250
245
183
156
156
193
243
253
253
253
253
253
253
253
253
254
246
181
151
157
156
159
205
254
254
253
253
253
253
253
253
253
254
253
92
64
54
146
150
169
235
255
254
253
253
253
253
253
253
253
253
253
253
253
253
253
253
253
253
253
253
253
253
253
253
253
253
253
253
253
253
253
253
253
253
253
253
253
253
254
254
254
253
253
253
253
253
253
253
254
255
202
157
160
237
253
253
253
253
253
253
253
253
253
253
253
255
244
177
152
157
159
203
250
254
253
253
253
253
253
253
253
253
253
253
253
253
253
253
254
254
242
167
156
152
160
168
231
250
253
253
253
253
253
253
253
253
253
254
255
255
190
160
154
155
188
251
255
253
253
253
253
253
253
253
255
246
184
153
156
157
173
224
255
254
253
253
253
253
253
253
253
254
248
224
80
138
157
160
161
227
253
254
253
253
253
253
253
253
253
253
253
253
253
253
253
253
253
253
253
253
253
253
253
253
253
253
253
253
253
253
253
253
253
253
253
253
253
255
248
253
248
255
253
253
253
253
253
253
254
245
188
144
166
241
255
253
253
253
253
253
253
253
253
253
253
255
245
178
150
150
188
246
255
253
253
253
253
253
253
253
253
253
253
253
253
253
254
254
253
242
165
159
154
154
169
227
254
254
253
253
253
253
253
253
254
254
253
253
253
252
236
172
148
150
181
246
254
253
253
253
253
253
253
253
254
252
190
160
156
154
188
243
254
254
253
253
253
253
253
253
253
253
255
252
230
158
162
157
158
170
243
254
253
253
253
253
253
253
253
253
253
253
253
253
253
253
253
253
253
253
254
254
253
253
253
253
253
253
253
253
253
253
253
253
253
253
255
254
227
89
221
248
254
253
253
253
253
254
254
208
160
156
174
246
254
253
253
253
253
253
253
253
253
253
253
254
242
172
146
158
197
254
254
253
253
253
253
253
253
253
253
253
253
253
254
254
252
245
209
167
159
151
152
154
206
253
254
253
253
253
253
253
253
254
248
246
225
197
217
221
196
161
160
169
208
251
254
253
253
253
253
253
253
253
253
254
241
173
153
155
162
210
255
254
253
253
253
253
253
253
253
253
253
255
254
218
159
156
152
162
236
255
253
253
253
253
253
253
253
253
253
253
253
253
253
253
253
253
253
255
248
246
253
253
253
253
253
253
253
253
253
253
253
253
253
254
248
227
60
64
89
253
254
253
253
253
254
254
235
181
147
156
229
253
254
253
253
253
253
253
253
253
253
253
253
254
248
182
154
185
240
254
253
253
253
253
253
253
253
253
253
253
253
254
252
247
208
165
163
156
155
161
161
197
248
254
253
253
253
253
253
253
253
254
246
173
161
163
161
164
160
153
165
234
253
252
253
253
253
253
253
253
253
253
253
255
244
175
145
145
149
198
249
254
253
253
253
253
253
253
253
253
253
254
255
222
163
156
153
175
242
255
254
253
253
253
253
253
253
253
253
253
253
253
253
253
253
253
255
254
227
91
253
253
253
253
253
253
253
253
253
253
253
253
253
254
253
89
64
60
227
248
254
253
253
253
254
252
211
155
155
166
241
255
253
253
253
253
253
253
254
254
254
253
253
254
250
247
228
197
250
255
253
253
253
253
253
253
253
253
253
253
254
253
230
164
160
155
154
156
154
176
238
252
253
254
253
253
253
253
253
253
253
255
240
168
145
154
156
157
157
155
179
248
255
253
253
253
253
253
253
253
253
253
253
254
248
184
166
167
168
208
253
254
253
253
253
253
253
253
253
253
253
254
249
202
159
160
159
156
235
253
255
253
253
253
253
253
253
253
253
253
253
253
253
253
253
254
248
227
60
62
65
253
253
253
253
253
253
253
253
253
253
253
253
254
248
221
89
227
254
255
253
253
253
254
252
223
158
151
154
222
250
253
253
253
253
253
253
255
248
253
248
255
253
253
254
254
251
251
249
253
253
253
253
253
253
253
253
253
253
254
253
236
158
155
154
157
157
151
160
203
254
255
253
253
253
253
253
253
253
253
253
255
243
173
151
158
160
160
156
151
194
244
254
253
253
253
253
253
253
253
253
253
253
254
250
246
239
240
242
246
252
253
253
253
253
253
253
253
253
253
253
254
234
173
157
164
158
141
82
225
248
254
253
253
253
253
253
253
253
253
253
253
253
253
253
254
253
89
64
62
253
253
253
253
253
253
253
253
253
253
253
253
253
253
255
248
253
248
255
253
253
253
253
255
238
168
153
153
167
235
255
253
253
253
253
253
255
254
227
89
221
248
254
253
253
253
253
253
253
253
253
253
253
253
253
253
253
253
253
250
238
159
148
147
152
150
157
155
172
244
254
253
253
253
253
253
253
253
253
253
253
254
250
202
164
161
158
157
156
159
179
249
254
253
253
253
253
253
253
253
253
253
253
253
254
254
255
255
255
254
253
253
253
253
253
253
253
253
253
253
253
254
223
157
147
150
138
51
63
92
253
254
253
253
253
253
253
253
253
253
253
253
253
253
253
254
248
221
89
221
253
253
253
253
253
253
253
253
253
253
253
253
253
253
253
254
254
254
253
253
253
253
254
253
227
156
153
163
221
252
253
253
253
253
253
254
248
227
60
64
89
253
254
253
253
253
253
253
253
253
253
253
253
253
253
253
253
253
254
252
185
169
167
169
171
169
168
224
248
250
254
253
253
253
253
253
253
253
253
253
253
253
252
251
220
156
146
157
162
196
242
251
254
253
253
253
253
253
253
253
253
253
253
253
253
253
253
253
253
253
253
253
253
253
253
253
253
253
253
253
253
254
230
169
169
173
79
65
65
228
248
254
253
253
253
253
253
253
253
253
253
253
253
253
253
253
255
248
253
246
253
253
253
253
253
253
253
253
253
253
253
253
253
253
253
253
253
253
253
253
253
253
254
245
179
153
148
202
250
254
253
253
253
253
253
254
253
89
64
60
227
248
254
253
253
253
253
253
253
253
253
253
253
253
253
253
253
253
253
248
244
240
245
248
246
242
248
252
254
254
253
253
253
254
254
254
253
253
253
253
253
253
254
255
238
174
164
173
222
252
254
254
253
253
253
253
253
253
253
253
253
253
253
253
253
253
253
253
253
253
253
253
253
253
253
253
253
253
253
253
253
253
248
244
241
242
219
93
228
254
255
253
253
253
253
253
253
253
253
253
253
253
253
253
253
253
253
254
254
254
253
253
253
253
253
253
253
253
253
253
253
253
253
253
253
253
253
253
253
253
253
253
254
235
164
144
160
215
254
254
253
253
253
253
253
254
248
221
89
227
254
255
253
253
253
253
253
253
253
253
253
253
253
253
253
253
253
253
253
254
255
255
254
255
254
255
255
254
253
253
253
253
255
248
253
248
255
253
253
253
253
253
253
253
249
244
238
246
251
254
254
253
253
253
253
253
253
253
253
253
253
253
253
253
253
253
253
253
253
253
253
253
253
253
253
253
253
253
253
253
253
253
254
254
255
255
250
253
248
255
253
253
253
253
253
253
253
253
253
253
253
253
253
253
253
253
253
253
253
253
253
253
253
253
253
253
253
253
253
253
253
253
253
253
253
253
253
253
253
253
253
253
254
242
175
169
216
248
253
253
253
253
253
253
253
253
255
248
253
248
255
253
253
253
253
253
253
253
253
253
253
253
253
253
253
253
253
253
253
253
255
254
227
89
221
248
254
253
253
253
253
255
254
227
89
221
248
254
253
253
253
253
253
253
254
254
255
254
254
253
253
253
253
253
253
253
253
253
253
253
253
253
253
253
253
253
253
253
253
253
253
253
253
253
253
253
253
253
253
253
253
253
253
253
253
253
254
254
254
253
253
253
253
253
253
253
253
253
253
253
253
253
253
253
253
253
253
253
253
253
253
253
253
253
253
253
253
253
253
253
253
253
253
253
253
253
253
253
253
253
253
253
254
248
245
243
251
254
254
253
253
253
253
253
253
253
253
254
254
254
253
253
253
253
253
253
253
253
253
253
253
253
253
253
253
253
253
253
253
254
248
227
60
64
89
253
254
253
253
253
254
248
227
60
64
89
253
254
253
253
253
253
253
253
253
253
253
253
253
253
253
253
253
253
253
253
253
253
253
253
253
253
253
253
253
253
253
253
253
253
253
253
253
253
253
253
253
253
253
253
253
253
253
253
253
253
253
253
253
253
253
253
253
253
253
253
253
253
253
253
253
253
253
253
253
253
253
253
253
253
253
253
253
253
253
253
253
253
253
253
253
253
253
253
253
253
253
253
253
253
253
253
253
254
254
254
254
253
253
253
253
253
253
253
253
253
253
253
253
253
253
253
253
253
253
253
253
253
253
253
253
253
253
253
253
253
253
253
253
254
246
91
62
62
221
246
254
253
253
253
254
246
91
62
62
221
246
254
253
253
253
253
253
253
253
253
253
253
253
253
253
253
253
253
253
253
253
253
253
253
253
253
253
253
253
253
253
253
253
253
253
253
253
253
253
253
253
253
253
253
253
253
253
253
253
253
253
253
253
253
253
253
253
253
253
253
253
253
253
253
253
253
253
253
253
253
253
253
253
253
253
253
253
253
253
253
253
253
253
253
253
253
253
253
253
253
253
253
253
253
253
253
253
253
253
253
253
253
253
253
253
253
253
253
253
253
253
253
253
253
253
253
253
253
253
253
253
253
253
253
253
253
253
253
253
253
253
253
253
253
253
253
65
253
253
253
253
253
253
253
253
253
253
65
253
253
253
253
253
253
253
253
253
253
253
253
253
253
253
253
253
253
253
253
253
253
253
253
253
253
253
253
253
253
253
253
253
253
253
253
253
253
253
253
253
253
253
253
253
253
253
253
253
253
253
253
253
253
253
253
253
253
253
253
253
253
253
253
253
253
253
253
253
253
253
253
253
253
253
253
253
