245
245
245
245
245
245
245
245
245
245
245
245
245
245
245
245
245
245
245
245
245
245
245
245
245
245
245
245
245
245
62
62
62
245
245
245
245
245
245
245
245
245
245
245
245
245
245
245
245
245
245
245
245
245
245
245
245
245
245
245
245
245
245
245
245
245
245
245
245
245
245
245
245
245
245
245
245
245
245
245
245
245
245
245
245
245
245
245
245
245
245
245
245
245
245
245
245
245
245
245
245
245
245
245
245
245
245
245
245
245
245
245
245
245
245
245
245
245
245
245
245
245
245
245
245
245
245
245
245
245
245
245
245
245
245
245
245
245
245
245
245
245
245
245
245
245
245
245
245
245
245
245
245
245
245
245
245
245
245
245
245
245
246
246
248
249
248
246
246
245
245
245
245
246
252
240
245
240
254
248
225
104
225
246
246
245
245
245
245
245
245
245
245
245
245
245
245
245
245
245
245
245
245
245
245
245
245
245
245
245
245
245
245
245
245
245
245
245
245
245
245
245
245
245
245
245
245
245
245
245
245
245
245
245
245
245
245
245
245
245
245
245
245
245
245
245
245
245
245
245
245
245
245
245
245
245
245
245
245
245
245
245
245
245
245
245
245
245
245
245
245
245
245
245
245
245
245
245
245
245
246
248
249
248
248
252
246
216
80
209
238
248
245
245
245
245
245
245
245
245
245
245
245
245
245
245
245
245
245
245
245
245
247
245
240
233
240
245
247
245
245
245
246
252
248
220
85
212
241
255
240
245
240
252
246
245
245
245
245
246
246
246
246
246
245
245
245
245
245
245
246
247
249
250
250
247
246
246
248
249
248
246
245
245
245
245
245
245
245
245
245
245
245
245
245
245
245
245
245
245
245
245
245
245
245
245
245
245
245
245
245
245
245
245
245
245
245
245
245
245
245
245
245
245
245
245
245
245
245
245
245
245
245
245
245
245
245
245
245
245
245
245
245
245
245
245
245
245
245
246
252
240
245
240
255
241
220
57
60
85
245
249
245
245
245
245
245
245
245
245
245
245
245
245
245
245
245
245
245
245
245
246
246
240
185
159
184
239
247
246
246
248
252
243
222
57
60
85
245
251
248
249
248
246
245
245
245
246
247
249
243
246
244
249
246
245
245
245
245
245
246
240
235
231
236
242
248
254
240
245
240
252
246
245
245
245
245
245
245
245
245
245
245
245
245
245
245
245
245
245
245
245
245
245
245
245
245
245
245
245
245
245
245
245
245
245
245
245
245
245
245
245
245
245
245
245
245
245
245
245
245
245
245
245
245
245
245
245
245
245
245
245
245
245
245
245
245
245
246
252
248
220
85
212
245
248
85
60
57
220
240
248
245
245
245
245
245
245
245
245
245
245
245
245
245
245
245
245
245
245
245
248
249
196
155
146
154
195
248
250
252
240
250
239
94
62
57
220
240
248
245
245
245
245
245
246
247
247
247
244
234
183
231
244
248
248
246
245
245
246
249
244
183
169
163
219
252
250
220
85
212
240
248
245
245
245
245
245
246
246
247
249
249
250
251
251
250
248
247
246
246
245
245
245
245
245
245
245
245
245
245
245
245
245
245
245
245
245
245
245
245
245
245
245
245
245
245
245
245
245
245
245
245
245
245
245
246
248
249
248
246
245
245
245
245
245
245
245
248
240
220
57
60
85
248
245
212
85
220
248
252
246
245
245
245
245
245
245
245
245
245
245
245
245
245
245
245
245
245
245
245
249
245
196
154
150
153
192
246
255
248
220
89
208
208
89
220
248
252
246
245
245
246
246
248
250
247
240
202
209
181
161
158
198
240
244
247
246
246
248
246
237
207
148
148
169
225
225
57
60
85
245
249
245
245
245
245
245
246
245
239
241
239
241
233
233
240
240
248
246
251
247
246
245
245
245
246
246
246
246
246
245
245
245
245
245
245
245
245
245
245
245
245
245
245
245
245
245
245
245
245
245
245
245
245
246
252
240
245
240
252
246
245
245
245
245
245
245
249
245
85
60
57
220
241
255
240
245
240
252
246
245
245
245
245
245
245
245
245
245
245
245
245
245
245
245
245
245
245
245
245
249
246
195
155
154
157
197
250
246
220
57
62
94
239
250
240
252
246
245
245
245
246
243
240
237
225
168
163
161
158
155
154
158
164
223
245
247
247
243
234
173
156
160
148
167
223
89
61
57
220
240
248
245
245
245
245
246
246
243
192
168
218
173
164
166
172
216
190
230
237
239
245
245
246
248
251
244
244
241
246
245
245
245
245
245
245
245
245
245
245
245
245
245
245
245
245
245
245
245
245
245
245
245
246
252
248
220
85
212
240
248
245
245
245
245
245
245
248
240
212
85
220
248
252
248
248
249
248
246
245
245
245
245
245
245
245
245
245
245
245
245
245
245
245
245
245
245
245
245
245
250
246
194
154
154
155
189
246
248
86
60
57
222
243
252
248
246
245
245
245
245
248
246
198
166
161
158
153
157
159
160
160
155
152
170
233
250
248
249
174
147
151
152
155
169
226
218
86
220
248
252
246
245
245
245
245
247
248
210
157
154
155
158
150
150
158
156
164
158
162
217
248
247
245
239
236
223
190
240
248
245
245
245
245
245
245
246
247
249
251
251
249
247
246
245
245
245
245
245
245
245
245
245
248
240
220
57
60
85
245
249
245
245
245
245
245
245
246
252
240
245
240
252
246
245
245
245
245
245
245
245
245
245
245
245
245
245
245
245
245
245
245
245
245
245
245
245
245
245
245
249
243
193
154
156
156
158
211
245
215
85
220
248
252
246
245
245
245
245
245
245
249
243
189
150
151
157
159
164
155
158
158
163
152
166
230
251
248
245
231
168
154
155
153
213
254
243
245
240
252
246
245
245
245
245
245
247
249
207
158
153
157
158
157
155
152
149
151
150
172
226
246
250
249
208
168
156
181
236
251
245
245
245
245
245
246
246
243
239
234
233
238
242
247
245
245
245
245
245
245
245
245
245
249
245
85
60
57
220
240
248
245
245
245
245
245
245
245
246
248
249
248
246
245
245
245
245
245
245
245
245
245
245
245
245
245
245
245
245
245
245
245
245
245
245
245
245
245
245
247
249
221
171
156
156
152
159
211
254
243
245
240
252
246
245
245
245
245
245
245
245
250
244
190
152
151
155
161
160
144
73
141
155
156
162
227
246
248
253
244
184
155
152
161
217
251
251
249
248
246
245
245
245
245
245
245
245
248
241
189
153
154
153
156
161
169
170
161
190
237
245
246
249
240
192
148
146
180
242
252
245
245
245
245
245
246
245
231
175
167
167
180
235
248
245
245
245
245
245
246
246
246
246
248
240
212
85
220
248
252
246
245
245
245
245
245
245
245
245
245
245
245
245
245
245
245
245
245
245
245
245
245
245
245
245
245
245
245
245
245
245
245
245
245
245
245
245
245
245
249
250
209
155
160
167
159
158
209
250
251
249
248
246
245
245
245
245
245
245
245
245
249
242
186
153
161
176
162
149
51
62
74
162
157
157
178
243
252
248
235
174
152
153
167
222
249
246
245
245
245
245
245
245
245
245
245
245
251
246
195
155
159
157
165
211
240
236
219
206
247
250
247
250
215
161
152
152
173
235
247
246
245
245
245
245
249
241
179
153
149
146
165
229
250
245
245
245
245
245
246
241
241
240
247
253
240
245
240
252
246
245
245
245
245
245
245
245
245
245
245
245
245
245
245
245
245
245
245
245
245
245
245
245
245
245
245
245
245
245
245
245
245
245
245
245
245
245
245
246
249
245
203
149
162
211
164
153
207
248
248
245
245
245
245
245
245
245
245
245
245
245
249
245
196
171
227
242
234
80
61
67
200
162
156
152
173
235
254
246
188
157
155
163
208
247
247
245
245
245
245
245
245
245
245
245
245
245
249
246
192
151
163
226
238
245
252
251
245
243
243
246
246
249
216
163
153
153
156
187
246
247
245
245
245
246
249
235
171
151
157
150
166
229
250
245
245
245
245
245
249
239
194
226
246
246
248
249
248
246
245
245
245
245
245
245
245
245
245
245
245
245
245
245
245
245
245
245
245
245
245
245
245
245
245
245
245
245
245
245
245
245
245
245
245
245
245
245
245
248
246
221
160
156
175
222
169
151
206
248
248
245
245
245
245
245
246
249
254
255
254
249
247
243
238
240
245
255
246
217
89
226
220
170
154
152
173
237
255
244
186
154
153
187
240
248
249
245
245
245
245
245
245
245
245
245
245
245
249
246
196
152
161
208
250
251
246
246
246
246
246
245
245
249
243
196
152
150
157
194
245
247
245
245
245
247
246
209
164
155
157
158
172
235
250
245
245
245
245
245
251
236
192
220
248
247
249
254
255
254
249
246
245
245
245
245
245
245
245
245
245
245
245
245
245
245
245
245
245
245
245
245
245
245
245
245
245
245
245
245
245
245
245
245
245
245
245
245
245
249
233
173
149
153
222
232
168
152
209
250
249
245
245
245
245
245
248
233
219
202
225
243
255
255
255
255
255
255
255
254
255
255
247
179
167
159
179
241
255
241
187
150
156
158
211
250
247
245
245
245
245
245
245
245
245
245
245
245
249
243
190
147
155
188
247
248
245
245
245
245
245
245
245
250
249
201
154
156
179
243
246
246
245
245
245
251
244
188
157
157
157
168
231
255
255
255
255
255
255
255
255
246
200
234
255
255
243
225
202
219
233
248
245
245
245
245
245
245
245
245
245
245
245
245
245
245
245
245
245
245
245
245
245
245
245
245
245
245
245
245
245
245
245
245
245
245
245
245
246
251
228
162
144
164
230
238
171
146
202
243
248
245
245
245
245
245
249
238
111
97
99
213
209
207
207
207
207
207
209
211
213
214
210
175
132
130
166
243
255
220
168
144
70
153
210
255
255
255
255
255
255
255
255
255
255
255
255
255
255
255
201
163
178
248
255
255
255
255
255
255
255
255
255
255
255
215
165
167
241
255
255
255
255
255
255
255
249
188
163
167
154
151
193
216
210
207
207
207
208
210
217
170
142
194
213
210
213
99
97
111
238
249
245
245
245
245
245
245
245
245
245
245
245
245
245
245
245
245
245
245
245
245
245
245
245
245
245
245
245
245
245
245
245
245
245
245
245
245
247
246
226
160
150
177
236
235
166
148
159
219
249
246
245
245
245
245
248
233
219
206
213
99
103
104
104
104
104
104
104
104
104
108
106
97
85
76
88
217
221
175
134
59
51
65
208
219
214
210
208
207
207
207
207
207
207
207
207
207
210
209
204
148
146
208
215
208
207
207
207
207
207
207
207
211
212
180
139
137
161
214
211
207
208
209
212
218
173
140
134
139
139
81
92
103
107
104
104
104
106
108
100
85
86
94
107
103
99
213
206
219
233
248
245
245
245
245
245
245
245
245
245
245
245
245
245
245
245
245
245
245
245
245
245
245
245
245
245
245
245
245
245
245
245
245
245
245
245
246
250
244
182
155
153
205
251
231
162
145
159
216
250
247
245
245
245
245
246
249
254
255
243
225
206
207
207
207
207
207
207
207
207
211
213
179
136
146
152
102
94
102
68
62
49
76
85
97
100
102
108
105
104
104
104
104
104
104
104
104
105
109
103
91
86
95
105
106
104
104
104
104
104
104
104
107
104
93
83
77
92
100
108
105
106
106
102
95
82
87
85
88
78
135
139
197
212
207
207
208
211
209
176
125
137
197
213
206
225
243
255
254
249
246
245
245
245
245
245
245
245
245
245
245
245
245
246
248
249
248
246
245
245
245
245
245
245
245
245
245
245
245
245
245
245
245
245
245
245
246
247
233
168
149
161
214
255
240
181
149
161
219
250
247
245
245
245
245
245
245
245
246
249
254
255
255
255
255
255
255
255
255
255
255
255
222
171
170
195
68
151
138
134
83
146
151
135
126
136
199
211
210
208
207
207
207
207
207
207
207
207
213
208
152
132
170
214
218
214
212
210
208
207
207
207
209
215
179
141
132
149
204
210
208
211
207
180
130
130
147
192
148
142
155
179
248
255
255
255
255
255
237
173
161
173
239
255
255
254
249
246
245
245
245
245
245
245
245
245
245
245
245
245
245
245
246
252
240
245
240
252
246
245
245
245
245
245
245
245
245
245
245
245
245
245
245
245
245
245
248
246
193
159
149
192
241
252
248
219
151
154
218
250
247
245
245
245
245
245
245
245
245
245
245
245
245
245
245
245
245
245
245
245
247
243
204
149
149
64
81
85
172
156
189
234
227
174
167
168
190
255
255
255
255
255
255
255
255
255
255
255
255
255
196
165
196
248
253
249
255
255
255
255
255
255
255
255
248
189
159
172
214
255
255
255
248
184
168
161
183
232
189
160
160
220
247
249
245
246
246
232
164
152
150
167
231
249
245
245
245
245
245
245
245
245
245
245
245
245
245
245
245
245
245
246
252
248
220
85
212
240
248
245
245
245
245
245
245
245
245
245
245
245
245
245
245
245
245
245
250
241
183
150
154
198
248
253
251
222
156
156
221
251
248
245
245
245
245
245
245
245
245
245
245
245
245
245
245
245
245
245
245
246
251
223
166
154
68
61
62
185
154
160
185
247
253
241
183
153
153
189
246
249
246
245
245
245
245
245
245
245
251
242
185
153
161
168
173
166
175
230
238
242
247
246
247
250
209
165
152
157
197
246
253
245
222
159
151
157
180
233
217
149
158
221
247
248
246
250
245
187
156
154
159
218
245
248
245
245
245
245
245
245
245
245
245
245
245
245
245
245
245
245
245
248
240
220
57
60
85
245
249
245
245
245
245
246
248
249
248
246
245
245
248
249
248
246
245
246
249
230
175
150
155
197
246
252
250
221
159
150
216
245
248
245
245
245
245
245
245
245
245
245
245
245
245
245
245
245
245
245
245
248
251
220
164
149
135
82
202
173
168
151
181
237
255
251
243
173
152
152
202
246
249
246
245
245
245
245
245
245
251
242
183
152
153
154
153
151
158
160
165
208
244
247
247
248
220
171
151
152
183
238
251
242
180
159
150
157
225
235
175
155
155
172
234
249
248
244
233
169
149
151
201
245
249
246
245
245
245
245
245
245
245
245
245
245
245
245
245
245
245
245
245
249
245
85
60
57
220
240
248
245
245
245
246
252
240
245
240
252
245
245
238
245
240
252
246
249
249
203
162
148
151
194
244
252
250
220
159
152
168
233
250
245
245
245
245
245
245
245
245
245
245
245
245
245
245
245
245
245
245
248
245
216
159
159
161
180
214
172
157
143
78
214
242
251
247
236
164
153
156
216
248
248
246
245
245
245
245
245
250
240
182
152
154
157
157
155
155
153
151
163
223
251
248
249
243
186
154
156
156
197
255
240
171
150
153
164
233
231
165
147
154
170
235
249
251
248
180
156
153
162
211
251
248
245
245
245
245
245
245
245
245
245
245
245
245
245
245
245
245
245
245
248
240
212
85
220
248
252
246
245
245
246
252
248
220
85
212
240
245
245
213
85
212
240
248
247
241
190
153
152
153
191
248
250
249
219
162
144
170
228
250
245
245
245
245
245
245
245
245
245
245
245
245
245
245
245
245
245
245
249
232
168
156
157
162
215
168
159
140
52
63
89
246
250
248
247
228
163
155
159
224
245
251
249
248
246
245
245
249
244
185
155
150
156
164
163
160
151
149
154
214
245
249
251
244
188
158
146
163
212
252
236
161
151
156
211
250
235
170
151
156
219
246
249
249
238
180
149
150
188
241
248
245
245
245
245
245
245
245
245
245
245
245
245
245
245
245
245
245
245
245
246
252
240
245
240
252
246
245
245
245
248
240
220
57
60
85
245
245
245
58
60
85
245
253
251
212
163
153
152
175
237
246
248
251
225
164
150
166
229
251
245
245
245
245
245
245
245
245
245
245
245
245
245
245
245
245
246
246
254
230
166
149
163
176
161
165
154
67
56
62
222
240
248
246
248
249
217
160
154
162
246
246
246
240
252
246
245
246
244
237
182
170
171
210
236
179
165
162
159
162
229
245
252
245
193
155
139
75
200
242
184
155
157
201
247
251
248
216
151
163
225
251
250
245
198
158
153
160
202
250
249
245
245
245
245
245
245
245
245
245
245
245
245
245
245
245
245
245
245
245
245
246
248
249
248
246
245
245
245
245
249
245
85
60
57
220
240
245
62
58
57
220
240
252
244
202
152
150
161
202
249
252
246
247
243
205
149
165
229
251
245
245
245
245
245
245
245
245
245
245
245
245
245
245
245
245
246
243
244
221
162
151
158
203
182
156
156
143
86
227
248
252
246
245
246
249
244
197
146
166
229
220
87
212
240
248
245
246
248
244
241
233
237
246
246
244
235
202
151
151
181
242
255
247
193
145
52
65
94
236
178
145
180
240
250
251
247
216
152
160
221
253
252
215
163
150
156
185
242
246
246
245
245
245
245
245
245
245
245
245
245
245
245
245
245
245
245
245
245
245
245
245
245
245
245
245
245
245
245
245
248
240
212
85
220
248
252
245
245
87
220
248
253
252
227
173
154
154
176
239
249
247
250
255
255
215
157
167
231
252
246
245
245
245
245
245
245
245
245
246
248
249
248
246
245
245
249
244
190
164
160
157
171
172
171
157
161
198
244
245
252
246
245
245
245
249
251
206
160
157
160
60
63
85
245
249
245
245
246
246
249
250
250
248
248
252
254
217
162
150
166
231
251
248
195
71
55
68
225
194
161
157
192
249
250
249
233
170
150
159
222
255
246
205
152
154
174
240
248
247
245
245
245
245
245
245
245
245
245
245
245
245
245
245
245
245
245
245
245
245
245
245
245
245
245
245
245
245
245
245
246
252
240
245
240
252
246
245
245
238
240
252
249
249
219
164
150
157
179
234
214
210
236
239
239
205
155
161
230
251
251
248
246
245
245
245
245
245
246
252
240
245
240
252
246
245
251
242
183
153
150
158
202
206
160
149
157
209
253
252
246
245
245
245
245
246
249
240
186
151
66
58
61
220
240
248
245
245
245
245
245
245
245
245
245
245
249
240
192
149
156
189
248
254
187
141
68
175
215
178
151
170
235
247
248
249
226
165
144
163
225
254
226
163
152
158
226
247
248
246
245
245
245
245
245
245
245
245
245
245
245
245
245
245
245
245
245
245
245
245
245
245
245
245
245
245
245
245
245
245
245
246
248
249
248
246
245
245
245
248
248
246
247
250
214
156
151
158
165
168
173
167
168
171
172
167
161
159
170
232
240
245
250
249
246
245
245
246
252
248
220
85
212
240
248
246
250
240
180
153
155
164
210
190
162
154
158
199
244
249
245
245
245
245
245
245
250
245
192
149
143
82
224
251
253
246
245
245
245
245
245
245
245
245
245
245
249
250
202
157
148
178
242
254
240
170
155
156
164
164
151
176
240
250
246
251
228
165
145
163
221
243
185
154
152
175
237
251
246
245
245
245
245
245
245
245
245
245
245
245
245
245
245
245
245
245
245
245
245
245
245
245
245
245
245
245
245
245
245
245
245
245
245
245
245
245
245
245
245
245
245
245
247
250
214
157
152
158
156
156
156
156
150
151
152
156
158
156
161
162
172
200
243
243
252
246
245
248
240
220
57
60
85
246
252
250
248
195
159
154
159
199
196
161
157
151
155
201
245
248
245
245
245
245
245
245
249
248
196
163
146
185
238
254
246
245
245
245
245
245
245
245
245
245
245
245
246
249
242
181
148
180
242
255
240
181
154
158
163
156
158
186
244
248
245
249
231
171
149
164
218
199
161
151
156
216
246
247
245
245
245
245
245
245
245
245
245
245
245
245
245
245
245
245
245
245
245
245
245
245
245
245
245
245
245
245
245
245
245
245
245
245
245
245
245
245
245
245
245
245
245
245
245
249
227
173
149
151
154
153
153
153
154
156
157
158
159
158
156
157
155
143
81
219
240
248
245
249
245
85
60
57
220
241
245
242
201
159
153
157
187
246
205
160
152
153
151
202
251
248
245
245
245
245
245
245
246
248
237
176
152
168
213
251
247
245
245
245
245
245
245
245
245
245
245
245
246
249
241
180
146
177
240
254
243
177
158
158
161
152
163
229
246
246
245
250
243
205
153
159
208
171
155
153
165
222
251
247
245
245
245
245
245
245
245
245
245
245
245
245
245
245
245
245
245
245
245
245
245
245
245
245
245
245
245
245
245
245
245
245
245
245
245
245
245
245
245
245
245
245
245
245
245
248
247
209
167
160
164
161
172
163
165
156
160
152
155
157
158
151
139
47
59
87
245
249
245
248
240
212
85
221
252
255
238
174
160
157
150
171
237
252
244
189
161
155
182
236
246
247
245
245
245
245
245
245
246
254
245
183
149
165
216
245
248
245
245
245
245
245
245
245
245
245
245
245
248
249
202
156
154
182
245
252
248
232
166
155
159
160
181
239
251
246
245
249
245
215
155
161
160
160
155
158
188
234
249
245
245
245
245
245
245
245
245
245
245
245
245
245
245
245
245
245
245
245
245
245
245
245
245
245
245
245
245
245
245
245
245
245
245
245
245
245
245
245
245
245
245
245
245
245
245
246
246
241
238
227
183
231
238
232
188
216
176
167
164
158
167
168
80
62
60
222
240
248
245
246
252
240
247
241
251
242
218
160
151
155
150
175
239
254
245
245
220
159
159
215
252
249
245
245
245
245
245
245
246
247
234
172
149
159
202
248
249
247
249
248
246
245
245
245
245
245
245
245
249
247
197
149
159
231
247
249
248
233
167
152
159
194
237
244
246
245
245
248
234
168
154
154
157
156
153
168
217
249
247
245
245
245
245
245
245
245
245
245
245
245
245
245
245
245
245
245
245
245
245
245
245
245
245
245
245
245
245
245
245
245
245
245
245
245
245
245
245
245
245
245
245
245
245
245
245
245
246
248
251
245
246
245
254
246
248
240
244
236
194
153
160
224
210
92
220
248
252
246
245
245
246
249
252
248
207
172
164
160
154
153
154
182
242
249
246
254
236
159
151
201
245
249
246
245
245
245
245
245
249
247
180
153
150
171
221
250
255
239
245
240
252
246
245
245
245
245
245
246
250
243
193
153
174
242
250
249
243
185
158
151
160
216
251
250
246
245
245
248
231
172
153
157
159
155
156
197
245
248
246
245
245
245
245
245
245
245
245
245
245
245
245
245
245
245
245
245
245
245
245
245
245
245
245
245
245
245
245
245
245
245
245
246
248
249
248
246
245
245
245
245
245
245
245
245
245
245
245
245
246
246
246
246
246
246
247
248
254
252
203
156
151
178
239
250
240
252
246
245
245
246
247
251
248
212
163
154
152
156
162
169
184
234
244
246
245
248
243
214
152
154
220
248
252
250
250
248
246
245
249
246
192
154
150
189
246
255
249
220
85
212
240
248
245
245
245
245
245
247
248
216
160
157
223
246
247
251
237
173
152
150
158
211
248
247
245
245
245
249
242
202
158
157
156
156
182
243
248
246
245
245
245
245
245
245
245
245
245
245
245
245
245
245
245
245
245
245
245
245
245
245
245
245
245
245
245
245
245
245
245
245
246
252
240
245
240
252
246
245
245
245
245
245
245
245
245
245
245
245
245
245
245
245
245
245
245
245
249
247
202
157
142
165
240
255
247
246
245
246
246
250
246
243
213
162
157
156
154
151
190
234
244
244
248
246
245
246
250
230
171
156
162
222
250
237
247
240
252
247
248
251
242
175
147
180
242
242
220
57
60
85
245
249
245
245
245
245
246
250
236
185
147
161
227
251
246
252
239
173
150
155
157
212
251
247
245
245
245
246
250
218
162
153
161
174
240
247
247
245
245
245
245
245
245
245
245
245
245
245
245
245
245
245
245
245
245
245
245
245
245
245
245
245
245
245
245
245
245
245
245
246
252
248
220
85
212
240
248
245
245
245
245
245
245
245
245
245
245
245
245
245
245
245
245
245
245
245
248
245
202
155
146
177
241
252
245
245
245
246
243
241
230
173
160
158
152
153
158
158
200
252
252
246
246
245
245
245
246
242
241
190
160
160
179
215
89
212
240
249
243
244
234
174
155
167
217
250
86
60
57
220
240
248
245
245
245
245
248
246
220
157
151
164
231
249
245
252
239
180
150
151
196
242
247
245
245
245
245
248
252
220
163
150
164
229
249
248
246
245
245
245
245
245
245
245
245
245
245
245
245
245
245
245
245
245
245
245
245
245
245
245
245
245
245
245
245
245
245
245
245
248
240
220
57
60
85
245
249
245
245
245
245
245
245
245
245
245
245
245
245
245
245
245
245
245
245
245
248
250
200
157
150
186
243
252
245
245
245
249
245
196
159
158
152
161
168
176
188
239
245
245
246
245
245
245
245
245
246
248
249
245
184
147
142
54
71
90
251
253
221
180
166
158
169
229
246
238
213
85
220
248
252
246
245
245
246
248
251
237
172
152
151
212
243
248
245
249
239
179
144
149
199
248
249
245
245
245
245
248
245
215
157
147
167
231
251
246
245
245
245
245
245
245
245
245
245
245
245
245
245
245
245
245
245
245
245
245
245
245
245
245
245
245
245
245
245
245
246
248
249
252
246
85
60
57
220
240
248
245
245
245
245
245
245
245
245
245
245
245
245
245
245
245
245
245
245
245
246
247
239
179
150
178
241
250
246
245
245
249
242
186
150
155
157
156
200
228
230
233
243
245
246
245
245
245
246
248
249
248
248
248
243
171
69
49
53
217
237
236
174
154
151
150
178
241
255
254
240
245
240
252
246
245
246
247
247
245
240
198
158
149
166
224
251
246
245
248
242
190
163
164
205
247
248
245
245
245
245
248
231
169
152
154
170
235
251
245
245
245
245
245
245
245
245
245
245
245
245
245
245
245
245
245
245
245
245
245
245
245
245
245
245
245
245
245
245
246
252
240
245
243
248
214
85
220
248
252
246
245
245
245
245
245
245
245
245
245
245
245
245
245
245
245
245
245
245
245
245
252
244
189
153
158
193
243
246
246
244
249
242
185
149
151
156
160
167
176
166
159
199
253
254
250
249
248
253
240
245
240
253
249
248
233
156
75
151
172
229
173
158
157
154
158
181
243
248
246
248
249
248
246
245
245
246
245
242
211
171
161
156
157
207
245
247
245
245
246
244
239
233
234
239
244
246
245
245
245
245
248
231
163
150
156
219
245
248
245
245
245
245
245
245
245
245
245
245
245
245
245
245
245
245
245
245
245
245
245
245
245
245
245
245
245
245
245
246
252
248
220
85
214
248
243
245
240
252
246
245
245
245
245
245
245
245
245
245
245
245
245
245
245
245
245
245
245
245
245
245
250
243
186
152
152
157
203
247
246
244
249
246
195
166
168
163
153
148
149
147
148
190
235
237
234
243
253
252
220
85
212
240
248
249
250
238
201
149
161
160
161
155
158
155
165
229
246
246
245
245
245
245
245
245
245
248
235
190
158
156
152
151
189
243
249
246
245
245
246
246
249
250
250
248
246
245
245
245
245
245
248
243
210
148
157
223
250
246
245
245
245
245
245
245
245
245
245
245
245
245
245
245
245
245
245
245
245
245
245
245
245
245
245
245
245
245
246
251
245
223
58
60
85
246
252
249
248
246
245
245
245
245
245
245
245
245
245
245
245
245
245
245
245
245
245
245
245
245
245
245
250
242
184
153
150
154
201
246
249
244
246
243
239
234
236
214
167
168
167
160
158
164
169
168
165
187
235
223
62
63
87
246
249
246
250
255
213
153
149
151
153
153
153
149
166
234
250
246
245
245
245
245
245
245
247
249
218
157
150
156
152
158
197
249
249
245
245
245
245
245
245
245
245
245
245
245
245
245
245
245
246
251
223
166
182
231
249
245
245
245
245
245
245
245
245
245
245
245
245
245
245
245
245
245
245
245
245
245
245
245
245
245
245
245
245
246
252
245
244
80
68
58
220
240
248
245
245
245
245
245
245
245
245
245
245
245
245
245
245
245
245
245
245
245
245
245
245
245
245
245
249
244
189
156
151
160
208
248
249
245
246
246
248
251
251
245
238
237
237
174
155
148
147
149
150
161
167
81
55
58
215
242
248
245
245
246
242
187
153
164
166
166
173
167
187
237
249
245
245
245
245
245
245
245
245
250
221
160
149
156
161
182
240
247
246
246
248
251
251
251
248
246
245
245
245
245
245
245
245
245
245
245
240
235
236
242
246
245
245
245
245
245
245
245
245
245
245
245
245
245
246
248
249
248
246
245
245
245
245
245
245
245
245
245
246
252
248
223
80
182
80
223
248
252
246
245
245
245
245
245
245
245
245
245
245
245
245
245
245
245
245
245
245
245
245
245
245
245
245
245
246
247
212
165
150
160
208
247
248
245
245
245
245
245
246
247
251
255
244
230
164
176
167
162
156
157
152
137
62
147
236
255
246
245
245
248
246
240
234
225
187
233
238
235
239
244
246
245
245
245
245
245
245
245
245
247
244
210
163
170
226
243
245
247
246
252
240
250
228
250
240
252
246
245
245
245
245
245
245
245
245
246
247
249
249
247
246
245
245
245
245
245
245
245
245
245
245
245
245
246
252
240
245
240
252
246
245
245
245
245
245
245
245
245
248
240
220
58
68
80
244
245
252
246
245
245
245
245
245
245
245
245
245
245
245
245
245
245
245
245
245
245
245
245
245
245
245
245
245
245
246
250
238
174
149
153
201
249
248
245
245
245
245
245
245
246
252
249
223
83
207
229
241
179
155
151
155
148
150
159
242
250
245
245
245
245
246
249
252
246
247
245
253
253
253
250
246
245
245
245
245
245
245
245
245
246
247
242
236
239
245
249
246
246
252
248
221
99
198
99
221
248
252
246
245
245
245
245
245
245
245
245
245
245
245
245
245
245
245
245
245
245
245
245
245
245
245
245
246
252
248
220
85
212
240
248
245
245
245
245
245
245
245
245
249
245
85
60
58
223
245
251
246
245
245
245
245
245
245
245
245
245
245
245
245
245
245
245
245
245
245
245
245
245
245
245
245
245
245
245
245
250
237
171
144
153
203
247
248
245
245
245
245
245
245
248
240
220
58
63
91
252
254
239
175
164
168
169
170
231
245
247
245
245
245
245
245
245
246
246
246
247
253
240
245
240
252
246
245
245
245
245
245
245
245
245
246
247
249
249
247
246
245
248
240
220
62
62
47
66
65
221
240
248
245
245
245
245
245
245
245
245
245
245
245
245
245
245
245
245
245
245
245
245
245
245
245
245
248
240
220
57
60
85
245
249
245
245
245
245
245
245
245
245
248
240
212
85
220
248
252
246
245
245
245
245
245
245
245
245
245
245
245
245
245
245
245
245
245
245
245
245
245
245
245
245
245
245
245
245
245
248
241
181
159
161
204
245
248
245
245
245
245
245
245
249
245
85
60
57
220
240
251
244
240
233
234
233
239
243
249
246
245
245
245
245
245
245
245
245
246
252
248
220
85
212
240
248
245
245
245
245
245
245
245
245
245
245
245
245
245
245
245
249
245
85
68
44
56
32
57
90
245
249
245
245
245
245
245
245
245
245
245
245
245
245
245
245
245
245
245
245
245
245
245
245
245
245
249
245
85
60
57
220
240
248
245
245
245
245
245
245
245
245
246
252
240
245
240
252
246
245
245
245
245
245
245
245
245
245
245
245
245
245
245
245
245
245
245
245
245
245
245
245
245
245
245
245
245
245
245
246
242
240
232
210
210
246
248
245
245
245
245
245
245
248
240
212
85
220
248
252
247
246
249
251
251
251
249
247
246
245
245
245
245
245
245
245
245
245
248
240
220
57
60
85
245
249
245
245
245
245
245
245
245
245
245
245
245
245
245
245
245
248
240
212
94
205
79
59
65
221
240
248
245
245
245
245
245
245
245
245
245
245
245
245
245
245
245
245
245
245
245
245
245
245
245
245
248
240
212
85
220
248
252
246
245
245
245
245
245
245
245
245
245
246
248
249
248
246
245
245
245
245
245
245
245
245
245
245
245
245
245
245
245
245
245
245
245
245
245
245
245
245
245
245
245
245
245
245
245
246
246
249
249
244
242
243
246
245
245
245
245
245
245
246
252
240
245
240
252
246
245
245
245
245
245
245
245
245
245
245
245
245
245
245
245
245
245
245
249
245
85
60
57
220
240
248
245
245
245
245
245
245
245
245
245
245
245
245
245
245
245
246
252
240
250
237
227
90
221
248
252
246
245
245
245
245
245
245
245
245
245
245
245
245
245
245
245
245
245
245
245
245
245
245
245
245
246
252
240
245
240
252
246
245
245
245
245
245
245
245
245
245
245
245
245
245
245
245
245
245
245
245
245
245
245
245
245
245
245
245
245
245
245
245
245
245
245
245
245
245
245
245
245
245
245
245
245
245
245
245
245
245
246
246
246
246
245
245
245
245
245
245
245
245
246
248
249
248
246
245
245
245
245
245
245
245
245
245
245
245
245
245
245
245
245
245
245
245
248
238
209
80
216
246
252
246
245
245
245
245
245
245
245
245
245
245
245
245
245
245
245
245
246
248
251
255
241
245
240
252
246
245
245
245
245
245
245
245
245
245
245
245
245
245
245
245
245
245
245
245
245
245
245
245
245
245
245
246
248
249
248
246
245
245
245
245
245
245
245
245
245
245
245
245
245
245
245
245
245
245
245
245
245
245
245
245
245
245
245
245
245
245
245
245
245
245
245
245
245
245
245
245
245
245
245
245
245
245
245
245
245
245
245
245
245
245
245
245
245
245
245
245
245
245
245
245
245
245
245
245
245
245
245
245
245
245
245
245
245
245
245
245
245
245
245
245
245
245
245
245
245
245
245
245
245
245
245
245
245
245
245
245
245
245
245
245
245
245
245
245
245
245
245
245
245
245
245
245
245
245
245
245
245
245
245
245
245
245
245
245
245
245
245
245
245
245
245
245
245
245
245
245
245
245
245
245
245
245
245
245
245
245
245
245
245
245
245
245
245
245
245
245
245
245
245
245
245
245
245
245
245
245
245
245
245
245
245
245
245
245
245
