239
239
239
239
239
239
239
239
239
239
239
239
239
239
239
239
239
239
239
239
239
239
242
218
145
151
151
151
150
151
145
210
243
239
239
239
239
239
239
239
239
239
239
239
239
239
239
239
239
239
239
239
239
239
239
239
239
239
239
239
239
239
239
239
239
239
239
239
239
239
239
239
239
239
239
239
239
239
239
239
239
239
239
239
239
239
239
239
239
239
239
239
239
239
239
239
239
239
239
239
239
239
239
239
239
239
239
239
239
239
239
239
239
239
239
239
239
239
239
239
239
239
239
239
239
239
239
239
239
239
239
239
239
239
239
239
239
239
239
239
239
239
69
239
239
239
239
239
239
239
239
239
239
239
239
239
239
239
239
239
239
239
239
239
240
242
243
243
241
240
239
239
242
238
204
196
173
144
145
148
150
150
158
219
231
237
240
242
239
239
239
239
239
239
239
239
239
239
239
239
239
239
239
239
239
239
239
239
239
239
239
239
239
239
239
239
239
239
239
241
247
241
214
85
207
233
243
239
239
239
239
239
239
239
239
239
239
239
239
239
239
239
239
239
239
239
239
239
239
239
239
239
239
239
239
239
239
239
239
239
239
239
239
239
239
239
239
239
239
239
239
239
239
239
239
239
239
239
239
239
239
239
239
239
239
239
239
239
243
233
211
65
65
92
233
243
239
239
239
239
239
239
239
239
239
239
239
239
239
239
239
239
239
239
242
236
232
235
243
247
244
243
243
239
243
238
187
163
156
153
147
145
149
152
158
192
240
246
243
240
239
239
239
239
239
239
239
239
239
239
239
239
239
239
239
239
239
239
239
239
239
239
239
239
239
239
239
239
241
246
239
223
69
72
95
243
245
239
239
239
239
239
239
239
239
239
239
239
239
241
243
244
243
241
239
239
239
239
239
239
239
239
239
239
239
239
239
239
239
239
239
239
239
239
239
239
239
239
239
239
239
239
239
239
239
239
239
239
239
239
239
239
239
239
239
239
239
239
244
239
90
67
64
217
234
243
239
239
239
239
239
239
239
239
239
239
239
239
239
239
239
239
239
240
245
237
174
172
229
229
233
235
242
241
243
240
236
232
208
148
142
148
148
144
143
148
194
238
238
243
241
239
239
239
239
239
241
243
244
243
241
239
239
239
239
239
239
239
239
239
239
239
239
239
239
239
239
240
239
241
228
86
63
60
205
230
244
240
239
239
239
239
239
239
239
239
239
239
241
247
234
239
234
247
241
239
239
239
239
239
239
239
239
239
239
239
239
239
239
239
239
239
239
239
239
239
239
239
239
239
239
239
239
239
239
239
239
239
239
239
239
239
239
239
239
239
239
239
243
234
211
90
217
243
247
241
239
239
239
239
239
239
239
239
239
239
239
239
239
239
239
239
240
243
244
227
154
146
156
158
165
223
245
240
240
241
244
249
227
154
136
143
142
147
147
150
152
151
221
239
242
239
239
239
239
241
247
234
239
234
247
241
239
239
239
239
239
239
239
239
239
239
239
239
239
239
239
243
243
209
154
134
74
140
159
214
245
243
239
239
239
239
239
239
239
239
239
241
247
243
217
90
211
234
243
239
239
239
239
239
239
239
239
239
239
239
239
239
239
239
239
239
241
243
243
242
240
239
239
239
239
239
239
239
239
239
239
239
239
239
239
239
239
239
239
239
239
239
241
247
234
239
234
247
241
239
239
239
239
239
239
239
239
239
239
239
239
239
239
239
239
240
241
241
238
167
147
145
146
138
149
214
245
240
239
239
240
241
237
234
181
140
148
153
148
148
144
145
160
235
246
240
239
239
241
247
243
217
90
211
234
243
239
239
239
239
239
239
239
239
239
239
239
239
239
239
239
243
241
192
148
141
149
140
151
199
242
243
239
239
239
239
239
239
239
239
239
243
234
217
64
67
90
239
244
239
239
239
239
239
239
239
239
239
239
239
239
239
239
239
240
243
244
235
233
233
242
239
239
239
239
239
239
239
239
239
239
239
239
239
239
239
239
239
239
239
239
239
239
241
243
244
243
241
239
239
239
239
239
239
239
239
239
239
239
239
239
239
239
239
239
240
243
245
190
148
144
149
151
143
154
218
246
242
243
244
243
243
243
244
236
232
224
162
145
144
148
143
156
227
244
244
240
239
243
234
217
64
67
90
239
244
239
239
239
239
239
239
239
239
239
239
239
239
239
239
239
244
243
190
145
147
153
146
150
201
243
243
239
239
239
239
239
239
239
239
239
244
239
90
67
64
217
234
243
239
239
239
239
239
239
239
239
239
239
239
239
239
239
240
243
240
237
192
160
216
243
240
239
239
239
239
239
239
239
239
239
239
239
239
239
239
239
239
239
239
239
239
239
239
239
239
239
239
239
239
239
239
239
239
239
239
239
239
239
239
239
239
239
239
239
241
245
233
178
145
147
150
150
144
156
218
248
248
234
239
234
247
242
242
243
247
245
226
149
150
151
145
151
168
233
239
241
240
244
239
90
67
64
217
234
243
239
239
239
239
239
239
239
239
239
239
239
239
239
239
239
243
241
196
149
146
152
144
148
200
243
243
239
239
239
239
239
239
239
239
239
243
235
212
93
222
247
250
242
239
239
239
239
239
239
239
239
239
239
241
243
244
244
247
243
225
159
144
150
209
244
242
239
239
239
239
239
239
239
239
239
239
239
239
239
239
239
239
239
239
239
239
239
239
239
239
239
239
239
239
239
239
239
239
239
239
239
239
239
239
239
239
239
239
240
243
241
198
147
149
150
150
151
144
156
220
253
245
217
90
211
234
243
239
239
240
243
237
238
195
150
142
143
150
163
213
244
244
243
234
213
93
222
246
249
241
239
239
239
239
239
239
239
239
239
239
239
239
239
239
239
243
244
196
150
148
152
145
148
200
243
243
239
239
239
239
239
239
239
239
239
241
248
238
237
226
238
237
241
239
239
239
239
239
239
239
239
239
241
247
234
242
234
245
227
159
144
138
150
212
245
242
239
239
239
239
239
239
239
239
239
239
239
239
239
239
239
239
239
239
239
239
239
239
239
239
239
239
239
239
239
239
239
239
239
239
239
239
239
239
239
239
239
239
241
245
216
155
145
147
150
151
151
144
154
221
241
218
64
67
90
239
244
239
239
239
241
243
246
241
190
149
151
143
143
189
240
245
243
249
243
234
234
243
249
241
239
239
239
239
239
239
239
239
239
239
239
239
239
239
239
243
240
203
153
145
152
145
147
200
243
243
239
239
239
239
239
239
239
239
239
240
243
241
215
157
161
219
243
240
239
239
239
239
239
239
239
241
247
243
218
96
213
186
156
148
143
147
175
227
244
240
239
239
239
239
239
239
239
239
239
239
239
239
239
239
239
239
239
239
239
239
239
239
239
239
239
239
239
239
239
239
239
239
239
239
239
239
239
239
239
239
239
240
243
237
196
148
145
151
151
153
150
144
156
223
246
92
67
64
217
234
243
239
239
239
239
239
242
241
240
226
164
144
147
151
204
238
243
249
246
222
93
213
234
243
239
239
239
239
239
239
239
239
239
239
239
239
239
239
239
243
245
198
154
147
150
145
148
201
245
243
239
239
239
239
239
239
239
239
241
243
251
228
156
139
153
219
244
239
239
239
239
239
239
239
239
243
234
218
67
68
78
170
145
140
144
185
239
240
240
239
239
239
239
239
239
239
239
239
239
239
239
239
239
239
239
239
239
239
239
239
239
239
239
239
239
239
239
239
239
239
239
239
239
239
239
239
239
239
239
239
239
242
242
221
155
148
145
157
159
158
148
144
154
221
241
212
90
217
243
247
241
239
239
239
239
239
240
241
249
238
171
145
143
149
157
228
251
236
217
64
67
90
239
244
239
239
239
239
239
239
239
239
239
239
239
239
239
239
239
240
243
234
178
144
149
144
149
202
245
243
239
239
239
239
239
239
239
241
247
238
238
198
151
142
200
239
244
239
239
239
239
239
239
239
239
244
239
91
71
57
139
144
156
151
182
238
244
243
240
239
239
239
239
239
239
239
239
239
239
239
239
239
239
239
239
239
239
239
239
239
239
239
239
239
239
239
239
239
239
239
239
239
239
239
239
239
239
239
239
239
240
246
237
175
146
144
148
163
212
159
146
144
155
219
253
237
239
234
247
241
239
239
239
239
239
239
239
239
245
233
172
145
147
153
193
236
242
247
92
67
64
217
234
243
239
239
239
239
239
239
239
239
239
239
239
239
239
239
239
239
246
241
185
147
147
144
148
201
243
243
239
239
239
239
239
239
241
247
243
221
92
137
144
148
204
245
243
239
239
239
239
239
239
239
239
243
234
213
95
183
153
143
156
218
240
239
243
240
239
239
239
239
239
239
239
239
239
239
239
239
239
239
239
239
239
239
239
239
239
239
239
239
239
239
239
239
239
239
239
239
239
239
239
239
239
239
239
239
239
240
243
243
228
157
143
147
152
222
228
164
144
144
155
217
247
243
245
246
246
245
245
244
245
243
241
239
239
239
245
235
178
147
149
154
184
95
217
230
214
90
217
243
247
241
239
239
239
239
239
239
239
239
239
239
239
239
239
239
240
242
249
243
187
147
147
145
147
200
243
243
239
239
239
239
239
239
243
234
217
68
62
69
145
157
211
246
242
239
239
239
239
239
239
239
239
241
247
238
238
195
151
145
167
236
248
242
240
239
239
239
239
239
239
239
239
239
239
239
239
239
239
239
239
239
239
239
239
239
239
239
239
239
239
239
239
239
239
239
239
239
239
239
239
239
239
239
239
239
239
242
240
235
165
150
143
145
199
247
230
160
144
142
152
216
245
243
239
236
231
229
243
233
241
234
247
241
239
240
246
237
178
149
144
138
59
71
93
247
239
239
234
247
241
239
239
239
239
239
239
239
239
239
240
242
244
246
247
247
247
239
238
231
182
148
148
145
149
200
244
243
240
243
245
246
246
246
248
242
92
74
64
142
139
188
236
243
239
239
239
239
239
239
239
239
239
239
243
250
227
161
145
150
217
239
243
239
239
239
239
239
239
239
239
239
239
239
239
239
239
239
239
239
239
239
239
239
239
239
239
239
239
239
239
239
239
239
239
239
239
239
239
239
239
239
239
239
239
239
239
244
241
179
147
143
145
156
210
253
229
162
142
146
158
223
245
243
241
201
163
168
180
213
97
215
241
247
243
244
245
233
166
149
147
75
64
72
218
236
246
244
243
241
239
239
239
239
239
239
239
240
241
243
246
241
235
228
229
230
233
215
167
167
163
150
149
145
147
200
243
243
240
234
230
228
229
226
236
232
216
93
200
153
149
194
246
244
239
239
239
239
239
239
239
239
239
239
243
239
210
147
142
174
231
245
240
239
239
239
239
239
239
239
239
239
239
239
239
239
239
239
239
239
239
239
239
239
239
239
239
239
239
239
239
239
239
239
239
239
239
239
239
239
239
239
239
239
239
239
239
246
239
181
142
145
150
191
241
248
230
171
142
146
203
240
243
244
240
187
143
136
143
64
71
86
230
240
237
243
239
183
151
149
144
129
83
223
244
247
241
239
239
239
239
239
239
239
239
239
240
243
242
238
233
217
162
161
162
159
162
155
148
146
151
150
150
145
149
201
243
246
243
211
160
156
160
155
175
252
243
235
158
157
178
238
241
240
239
239
239
239
239
239
239
239
239
239
246
229
160
142
147
207
242
243
239
239
239
239
239
239
239
239
239
239
239
239
239
239
239
239
239
239
239
239
239
239
239
239
239
239
239
239
239
239
239
239
239
239
239
239
239
239
239
239
239
239
239
239
240
244
235
176
142
142
174
234
244
248
233
181
141
150
210
246
243
243
240
185
146
143
77
64
61
143
154
173
209
197
195
155
146
148
152
142
205
242
249
241
239
239
239
239
239
239
239
239
239
241
242
239
234
190
161
151
149
141
141
140
141
142
146
148
151
149
151
145
149
201
243
246
243
208
148
139
140
138
164
230
243
181
145
164
232
245
242
240
239
239
239
239
239
239
239
239
239
239
246
223
157
137
151
210
246
243
239
239
239
239
239
239
239
239
239
239
239
239
239
239
239
239
239
239
239
239
239
239
239
239
239
239
239
239
239
239
239
239
239
239
239
239
239
239
239
239
239
239
239
239
244
246
199
152
143
150
185
244
245
244
231
177
141
148
207
245
242
243
243
190
148
141
134
78
138
149
148
150
150
157
150
151
147
145
143
188
239
244
241
239
239
239
239
239
239
239
239
240
242
245
242
211
160
151
145
143
146
143
148
156
156
149
143
146
148
151
150
145
149
201
243
243
242
239
194
148
148
149
155
175
216
182
138
169
237
248
239
239
239
239
239
239
239
239
239
239
239
239
246
225
159
136
155
211
245
243
241
243
245
246
247
246
245
243
241
240
239
239
239
239
239
239
239
239
239
239
239
239
239
239
239
239
239
239
239
239
239
239
239
239
239
239
239
239
239
239
239
239
239
239
243
238
187
143
142
165
231
243
243
245
227
163
139
149
207
245
243
240
241
234
188
158
148
145
145
153
151
149
147
147
147
147
148
143
149
198
246
244
239
239
239
239
239
239
239
239
240
243
240
239
213
155
145
142
145
144
152
156
164
215
226
168
156
152
148
147
150
145
149
200
243
243
241
244
246
181
151
144
146
185
230
180
142
170
235
246
239
239
239
239
239
239
239
239
239
239
239
239
246
225
159
138
151
209
246
247
245
239
232
228
229
228
231
238
243
243
240
239
239
239
239
239
239
239
239
239
239
239
239
239
239
239
239
239
239
239
239
239
239
239
239
239
239
239
239
239
239
239
239
243
247
215
159
144
143
172
235
246
240
246
226
159
137
151
208
245
244
243
247
244
241
225
158
147
144
147
150
151
152
150
148
145
150
155
187
236
240
240
239
239
239
239
239
239
239
239
241
240
232
172
152
149
144
151
156
163
185
229
235
242
242
237
233
191
152
151
149
145
148
200
243
243
241
250
244
215
79
133
145
157
201
179
140
169
233
246
239
239
239
239
239
239
239
239
239
239
239
239
246
225
160
137
153
213
246
239
231
196
155
162
161
160
157
192
236
241
245
242
240
239
239
239
239
239
239
239
239
239
239
239
239
239
239
239
239
239
239
239
239
239
239
239
239
239
239
239
239
239
239
243
238
200
145
141
148
173
237
243
239
246
225
160
138
150
207
246
250
234
240
236
252
244
221
159
156
152
148
148
151
148
152
155
169
227
238
240
242
240
239
239
239
239
239
239
239
241
245
242
177
147
142
147
152
174
223
232
237
243
245
243
243
245
246
238
194
151
147
145
148
202
243
243
242
235
219
70
71
77
150
150
152
152
149
173
239
243
239
239
239
239
239
239
239
239
239
239
239
239
246
225
160
139
149
210
239
198
151
140
146
141
144
142
144
149
158
216
240
239
243
240
239
239
239
239
239
239
239
239
239
239
239
239
239
239
239
239
239
239
239
239
239
239
239
239
239
239
239
239
240
246
221
158
145
148
160
229
240
241
239
246
227
160
137
152
209
252
246
217
90
211
235
245
237
235
231
183
150
148
149
147
153
206
239
242
245
241
240
239
239
239
239
239
239
239
240
241
239
214
161
142
143
150
195
241
243
245
243
241
240
239
239
239
245
246
192
154
147
143
149
201
243
243
244
239
90
68
71
207
159
150
146
145
160
230
246
243
240
239
239
239
239
239
239
239
239
239
239
239
245
223
157
140
147
160
208
159
141
143
145
147
147
146
146
143
150
158
172
233
240
241
239
239
239
239
239
239
239
239
239
239
239
239
239
239
239
239
239
239
239
239
239
239
239
239
239
239
239
239
242
245
217
153
139
152
218
242
244
240
239
246
225
161
137
152
210
240
221
63
67
90
239
245
243
245
245
240
179
149
145
144
156
218
251
247
241
239
239
239
239
239
239
239
239
239
243
243
210
161
149
148
149
185
241
245
242
240
239
239
239
239
239
239
240
242
231
166
144
143
148
200
244
243
242
234
211
90
219
242
217
148
147
146
160
225
242
241
242
240
239
239
239
239
239
239
239
239
239
239
245
230
162
146
150
153
156
154
143
148
155
156
153
150
149
149
146
144
148
181
244
247
240
239
239
239
239
239
239
239
239
239
239
239
239
239
239
239
239
239
239
239
239
239
239
239
239
239
239
240
244
243
215
148
143
175
232
246
240
239
239
246
226
161
137
154
218
250
100
72
68
219
236
247
247
248
247
245
234
161
147
141
149
201
237
236
242
239
239
239
239
239
239
239
239
239
244
243
201
150
142
144
175
232
244
242
239
239
239
239
239
239
239
239
239
248
237
172
145
143
149
200
244
243
241
247
234
239
237
254
226
167
148
148
153
153
184
236
240
240
239
239
239
239
239
239
239
239
239
239
243
240
213
148
145
194
160
141
147
156
204
231
179
179
203
151
144
145
143
170
230
240
241
243
244
243
241
239
239
239
239
239
239
239
239
239
239
239
239
239
239
239
239
239
239
239
239
239
239
242
240
226
158
145
143
205
242
243
240
241
243
251
230
163
140
151
205
230
201
80
211
242
251
229
214
218
236
253
244
230
169
150
152
151
160
234
246
240
239
239
239
239
239
239
239
239
243
239
194
146
144
152
179
244
246
240
239
239
239
239
239
239
239
239
239
246
235
172
145
144
149
200
244
243
239
241
243
244
243
246
239
197
145
147
147
143
150
199
247
244
239
239
239
239
239
239
239
239
239
239
242
246
215
152
148
154
162
156
182
234
242
241
238
238
237
201
153
150
146
149
167
223
253
236
232
226
243
239
239
239
239
239
239
239
239
239
239
239
239
239
239
239
239
239
239
239
239
239
240
245
237
164
145
145
160
221
252
250
247
244
239
236
217
156
144
153
157
171
158
158
190
248
250
232
113
99
209
225
242
255
252
213
160
142
154
222
241
241
239
239
239
239
239
239
239
242
246
216
156
147
144
160
227
242
241
239
239
239
239
239
239
239
239
239
239
247
238
171
145
141
152
202
244
243
239
239
239
239
240
245
229
173
148
147
150
144
152
202
236
243
240
239
239
239
239
239
239
239
239
239
240
245
220
155
144
142
150
214
235
244
244
243
243
244
243
241
236
176
157
148
158
195
225
205
110
231
244
239
239
239
239
239
239
239
239
241
243
244
243
241
239
239
239
239
239
239
239
243
245
244
228
158
140
147
191
229
232
229
230
233
189
160
158
154
149
149
146
146
142
144
185
240
247
227
218
207
102
102
211
210
211
208
171
139
156
188
251
255
253
251
249
244
241
239
239
243
240
205
146
145
145
168
233
247
240
239
239
239
239
239
239
239
239
239
241
252
238
165
75
130
147
202
243
243
239
239
239
239
243
245
219
155
147
176
164
153
148
153
209
246
243
239
239
239
239
239
239
239
239
239
239
242
240
206
151
144
155
188
251
252
252
253
253
253
254
255
242
213
132
123
132
180
106
102
223
229
243
239
239
239
239
239
239
239
241
247
234
239
234
247
241
239
239
239
239
239
239
232
244
237
189
152
144
152
162
164
162
158
162
160
151
145
146
149
150
152
149
147
142
147
189
244
245
244
250
236
223
209
103
107
112
108
97
131
126
145
206
210
206
204
221
238
254
253
253
255
239
177
155
154
152
176
242
254
244
241
239
239
239
239
239
239
239
239
242
237
216
70
64
73
149
204
243
243
239
239
239
239
243
241
212
145
147
210
225
157
137
144
200
241
244
240
239
239
241
244
249
251
253
253
253
254
255
251
201
148
163
237
239
224
204
205
205
205
205
208
215
103
103
90
89
82
187
220
236
246
241
239
239
239
239
239
239
241
247
243
217
90
211
234
243
239
239
239
239
239
239
210
96
205
171
147
147
150
147
145
143
142
143
143
145
146
147
149
149
150
148
149
150
181
236
241
240
239
241
244
250
236
221
203
209
210
168
83
80
91
100
110
110
106
103
211
207
205
206
211
192
133
129
132
129
144
201
227
237
254
253
253
253
253
253
253
253
253
255
254
108
82
69
142
155
214
255
255
252
253
253
253
255
243
180
150
161
232
251
169
156
155
164
228
251
255
253
253
254
238
221
204
205
207
211
216
220
220
174
125
136
205
218
105
106
108
108
108
108
106
104
214
217
188
131
137
166
238
250
242
239
239
239
239
239
239
239
243
234
217
64
67
90
239
244
239
239
239
239
239
239
65
74
84
176
149
147
151
150
150
148
146
143
139
147
154
157
154
147
149
152
160
224
238
239
242
240
239
239
239
241
244
249
251
255
253
194
139
127
130
160
206
209
207
211
103
106
108
109
111
98
90
81
87
85
95
101
109
211
207
205
205
205
205
205
205
205
205
209
201
183
58
117
131
135
176
210
208
205
205
205
206
211
198
141
124
133
189
209
187
125
125
130
142
204
211
206
205
207
211
103
106
110
116
107
96
79
92
92
92
87
97
105
214
207
205
205
205
205
204
221
241
255
221
158
141
154
218
240
242
239
239
239
239
239
239
239
244
239
90
67
64
217
234
243
239
239
239
239
239
69
65
71
213
171
147
148
149
148
145
150
156
166
162
160
217
222
157
147
147
159
221
244
246
242
240
239
239
239
239
239
239
239
239
244
241
192
152
149
155
195
251
255
254
238
221
204
205
205
209
198
138
133
131
130
144
204
216
103
106
108
108
108
108
108
108
108
108
110
119
103
97
82
86
90
98
110
110
108
108
108
112
106
98
87
81
89
100
114
110
102
91
84
84
96
106
111
108
106
103
211
207
209
201
179
45
45
76
206
162
124
137
218
242
255
253
253
253
253
251
249
245
246
213
150
142
148
174
236
244
239
239
239
239
239
239
239
243
234
211
90
217
243
247
241
239
239
239
239
239
239
91
224
239
182
142
144
142
148
152
160
232
227
226
229
254
233
163
145
144
160
223
247
241
239
239
239
239
239
239
239
239
239
239
244
241
189
147
143
145
179
238
244
241
244
249
251
253
253
255
251
216
156
151
153
182
246
245
222
204
205
205
205
205
205
205
205
205
205
210
205
152
130
129
130
175
211
208
205
205
205
211
198
134
124
131
142
192
211
212
212
172
128
124
141
201
210
205
204
221
238
254
255
253
103
78
73
233
244
192
150
158
201
244
243
240
239
239
239
239
239
239
243
239
200
149
141
170
229
245
239
239
239
239
239
239
239
241
247
234
239
234
247
241
239
239
239
239
239
239
239
232
241
240
178
153
164
159
161
209
246
244
225
97
217
245
231
160
143
144
153
217
246
240
239
239
239
239
239
239
239
239
239
239
244
241
191
146
141
150
187
242
244
239
239
239
239
239
239
243
246
212
153
144
146
163
231
248
250
251
253
253
253
253
253
253
253
253
253
255
251
185
158
149
158
212
255
255
252
253
253
255
243
176
147
155
207
251
255
255
255
206
153
144
178
243
255
253
251
249
244
241
243
234
211
90
217
246
250
187
149
143
158
206
243
243
239
239
239
239
239
239
241
244
239
186
140
164
233
247
240
239
239
239
239
239
239
239
241
243
244
243
241
239
239
239
239
239
239
239
239
243
248
237
185
217
231
228
234
243
240
220
65
67
91
247
231
160
143
142
157
219
246
240
239
239
239
239
239
239
239
239
239
239
245
244
191
146
141
166
232
243
240
239
239
239
239
239
239
242
244
207
148
143
145
151
187
241
244
239
239
239
239
239
239
239
239
239
239
241
242
227
159
139
148
201
243
245
242
244
244
243
227
160
139
152
204
245
243
240
241
236
186
145
167
229
245
239
239
239
239
239
241
247
234
239
234
248
243
228
163
136
146
193
244
246
240
239
239
239
239
239
239
245
242
188
140
153
227
242
241
239
239
239
239
239
239
239
239
239
239
239
239
239
239
239
239
239
239
239
239
239
241
236
238
239
246
246
244
247
241
90
67
64
218
242
229
161
143
143
156
219
246
240
239
239
239
239
239
239
239
239
239
240
244
237
187
143
142
175
237
248
239
239
239
239
239
239
239
242
245
212
151
146
145
145
179
237
246
239
239
239
239
239
239
239
239
241
243
245
251
233
166
139
148
201
246
251
234
239
240
248
175
148
142
162
214
244
242
239
242
240
238
223
181
231
243
239
239
239
239
239
239
241
243
244
243
241
244
239
162
145
144
184
235
240
242
241
239
239
239
239
239
243
245
192
149
146
177
241
244
240
239
239
239
239
239
239
239
239
239
239
239
239
239
239
239
239
239
239
239
239
240
241
242
241
240
239
239
243
234
211
90
217
243
253
228
161
144
144
155
217
246
240
239
239
239
239
239
239
239
239
239
243
245
207
153
144
143
175
235
247
239
239
239
239
239
239
239
239
243
237
191
142
144
143
168
234
243
240
239
239
239
239
239
239
241
247
234
239
242
237
166
139
150
203
252
246
217
90
217
227
170
134
135
179
236
244
239
239
240
241
245
237
238
234
242
239
239
239
239
239
239
239
239
239
239
239
242
240
226
154
144
151
157
218
241
244
240
239
239
239
239
243
240
231
166
138
165
231
243
240
239
239
239
239
239
239
239
239
239
239
239
239
239
239
239
239
239
239
239
239
239
239
239
239
239
239
239
241
247
234
239
234
247
247
226
162
145
143
154
218
246
240
239
239
239
239
239
239
239
239
240
245
246
204
149
143
143
168
233
247
239
239
239
239
239
239
239
239
244
247
203
153
146
145
153
197
247
247
241
239
239
239
239
241
247
243
219
95
225
233
172
140
150
205
239
221
63
67
95
238
185
154
154
190
242
244
239
239
239
239
240
241
242
241
240
239
239
239
239
239
239
239
239
239
239
239
241
245
238
192
154
147
144
154
225
242
243
240
239
239
239
243
244
195
152
143
151
190
243
244
239
239
239
239
239
239
239
239
239
239
239
239
239
239
239
239
239
239
239
239
239
239
239
239
239
239
239
241
244
247
247
244
241
246
226
159
143
142
157
221
251
246
243
241
239
239
239
239
240
241
243
241
238
195
149
144
139
166
233
247
239
239
239
239
239
239
239
239
240
243
234
179
141
144
146
178
231
238
242
241
239
239
239
243
234
219
71
65
81
211
161
142
150
206
244
95
66
64
219
233
237
227
227
233
238
241
239
239
239
239
239
239
239
239
239
239
239
239
239
239
239
239
239
239
239
239
239
241
240
238
203
147
142
149
162
234
244
244
243
243
244
247
247
196
154
142
140
177
238
245
239
239
239
239
239
239
239
239
239
239
239
239
239
239
239
239
239
239
239
239
239
239
239
239
239
239
241
247
234
239
234
247
241
246
225
159
143
145
159
221
237
234
237
247
241
239
239
240
243
239
242
225
167
153
149
150
144
171
229
246
239
239
239
239
239
239
239
239
239
244
244
193
150
146
150
154
148
207
242
245
242
240
239
244
240
98
68
42
69
84
159
145
150
205
239
215
90
217
243
249
245
246
246
244
242
240
239
239
239
239
239
239
239
239
239
239
239
239
239
239
239
239
239
239
239
239
239
240
244
247
215
150
144
143
148
172
233
241
250
238
241
237
246
229
170
144
142
176
240
245
239
241
243
244
243
241
239
239
239
239
239
239
239
239
239
239
239
239
239
239
239
239
239
239
239
241
247
243
217
90
211
234
243
246
225
159
143
145
157
204
152
89
222
243
249
246
247
247
246
236
184
180
152
141
143
157
203
173
235
243
239
239
239
239
239
239
239
239
239
240
241
237
183
150
147
143
144
151
216
241
242
248
247
250
243
216
74
60
69
138
146
145
147
203
251
238
239
234
247
241
239
239
239
239
239
239
239
239
239
239
239
239
239
239
239
239
239
239
239
239
239
239
239
239
239
239
239
239
239
242
238
207
157
148
144
150
157
204
238
216
97
212
201
169
162
147
144
183
238
245
241
247
234
239
234
247
241
239
239
239
239
239
239
239
239
239
239
239
239
239
239
239
239
239
239
243
234
217
64
67
90
239
244
246
226
159
146
148
129
128
66
63
87
232
235
229
229
231
234
178
152
147
151
151
156
192
229
241
234
242
239
239
239
239
239
239
239
239
239
240
242
243
236
171
148
144
145
151
153
173
228
231
229
232
241
214
143
77
140
152
154
145
148
201
245
246
244
243
241
239
239
239
239
239
239
241
243
244
243
241
239
239
239
239
239
239
239
239
239
239
239
239
239
239
239
239
239
239
239
241
243
241
235
175
149
143
146
157
163
71
73
80
153
151
149
147
145
183
239
247
247
243
217
90
211
234
243
239
239
239
239
239
239
239
239
239
239
239
239
239
239
239
239
239
239
244
239
90
67
64
217
234
243
246
226
159
143
146
119
67
64
61
140
155
166
161
159
161
159
154
147
148
152
142
194
236
250
245
242
241
239
239
239
239
239
239
239
239
239
239
240
243
243
228
163
151
150
145
145
151
155
161
161
162
161
160
149
148
146
152
152
144
150
201
243
243
239
239
239
239
239
239
239
239
241
247
234
239
234
247
241
239
239
239
239
239
239
239
239
239
239
239
239
239
239
239
239
239
239
239
240
243
243
236
172
145
142
145
74
64
61
135
145
151
150
148
147
187
240
248
234
217
64
67
90
239
244
239
239
239
239
239
239
239
239
239
239
239
239
239
239
239
239
239
239
243
234
211
90
217
243
247
241
245
223
152
139
151
159
144
83
136
150
150
145
143
142
142
144
147
149
156
151
141
86
219
238
243
239
239
239
239
239
239
239
239
239
239
239
239
239
240
243
239
238
200
149
143
140
142
138
135
135
137
140
145
148
147
152
150
152
141
148
201
243
243
239
239
239
239
239
239
239
241
247
243
217
90
211
234
243
239
239
239
239
239
239
239
239
239
239
239
239
239
239
239
239
239
239
239
239
240
243
243
229
163
158
152
136
78
141
153
153
152
151
148
147
187
240
249
239
90
67
64
217
234
243
239
239
239
239
239
239
239
239
239
239
239
239
239
239
239
239
239
239
241
247
234
239
234
247
241
239
245
228
166
153
197
241
220
156
141
152
150
150
148
147
148
146
146
146
143
149
57
67
94
241
244
239
239
239
239
239
239
239
239
239
239
239
239
239
239
240
242
245
241
194
154
159
161
162
161
162
155
149
140
142
149
162
214
157
141
141
198
242
243
239
239
239
239
239
239
239
243
234
217
64
67
90
239
244
239
239
239
239
239
239
239
239
239
239
239
239
239
239
239
239
239
239
239
239
239
240
243
238
236
235
201
149
148
143
152
144
144
144
141
141
181
237
247
234
211
90
217
243
247
241
239
239
239
239
239
239
239
239
239
239
239
239
239
239
239
239
239
239
239
241
243
244
243
241
239
239
242
236
231
229
238
250
241
163
143
144
148
148
146
151
150
150
153
171
172
83
70
67
218
234
243
239
239
239
239
239
239
239
239
239
239
239
239
239
239
239
239
242
241
235
229
228
230
229
230
232
227
170
156
150
188
246
245
232
159
158
205
244
243
239
239
239
239
239
239
239
244
239
90
67
64
217
234
243
239
239
239
239
239
239
239
239
239
239
239
239
239
239
239
239
239
239
239
239
239
239
240
242
246
253
242
169
73
138
155
164
162
162
161
166
194
241
245
247
234
239
234
247
241
239
239
239
239
239
239
239
239
239
239
239
239
239
239
239
239
239
239
239
239
239
239
239
239
239
239
239
240
242
244
244
243
243
239
224
162
148
197
183
160
197
204
159
206
236
232
210
94
218
243
247
241
239
239
239
239
239
239
239
239
239
239
239
239
239
239
239
239
240
241
243
246
246
247
247
247
248
242
236
228
237
230
248
233
244
227
236
237
240
240
239
239
239
239
239
239
239
243
234
211
90
217
243
247
241
239
239
239
239
239
241
243
244
243
241
239
239
239
239
239
239
239
239
239
239
239
239
239
239
243
238
216
68
63
88
227
235
229
229
230
230
236
238
241
241
243
244
243
241
239
239
239
239
239
239
239
239
239
239
239
239
239
239
239
239
239
239
239
239
239
239
239
239
239
239
239
239
239
239
239
239
239
240
244
239
232
231
233
235
233
237
235
236
238
246
251
237
240
234
247
241
239
239
239
239
239
239
239
239
239
239
239
239
239
239
239
239
239
239
239
239
239
239
239
239
239
240
242
246
253
248
223
105
197
101
216
240
246
241
239
239
239
239
239
239
239
239
241
247
234
239
234
247
241
239
239
239
239
239
241
247
234
239
234
247
241
239
239
239
239
239
239
239
239
239
239
239
239
239
244
240
91
69
67
223
241
250
247
246
246
245
243
241
240
239
239
239
239
239
239
239
239
239
239
239
239
239
239
239
239
239
239
239
239
239
239
239
239
239
239
239
239
239
239
239
239
239
239
239
239
239
239
239
240
242
244
245
245
245
244
244
244
243
242
241
241
243
244
243
241
239
239
239
239
239
239
239
239
239
239
239
239
239
239
239
239
239
239
239
239
239
239
239
239
239
239
239
239
241
241
229
83
78
58
78
89
233
243
239
239
239
239
239
239
239
239
239
239
241
243
244
243
241
239
239
239
239
239
239
241
241
222
108
222
241
241
239
239
239
239
239
239
239
239
239
239
239
239
239
243
233
207
85
214
241
247
241
239
239
239
239
239
239
239
239
239
239
239
239
239
239
239
239
239
239
239
239
239
239
239
239
239
239
239
239
239
239
239
239
239
239
239
239
239
239
239
239
239
239
239
239
239
239
239
239
239
239
239
239
239
239
239
239
239
239
239
239
239
239
239
239
239
239
239
239
239
239
239
239
239
239
239
239
239
239
239
239
239
239
239
239
239
239
239
239
239
239
239
239
239
69
69
69
69
69
239
239
239
239
239
239
239
239
239
239
239
239
239
239
239
239
239
239
239
239
239
239
239
239
239
239
69
69
69
239
239
239
239
239
239
239
239
239
239
239
239
239
239
239
239
239
239
239
239
239
239
239
239
239
239
239
239
239
239
239
239
239
239
239
239
239
239
239
239
239
239
239
239
239
239
239
239
