249
249
249
249
249
249
249
249
249
249
249
249
249
249
249
249
249
249
249
249
249
249
249
249
249
249
249
249
249
249
249
249
249
249
249
249
249
249
249
249
249
249
249
249
249
249
249
249
249
249
249
249
249
249
249
249
249
249
249
249
249
249
249
249
249
249
249
249
249
249
249
249
249
249
249
249
249
249
249
249
249
249
249
249
249
249
249
249
249
249
249
89
89
89
249
249
249
249
249
249
249
249
249
249
249
249
249
249
89
89
89
249
249
249
249
249
249
249
249
249
249
249
249
249
249
249
249
249
249
249
249
249
249
249
249
249
249
249
249
249
249
249
249
249
249
249
249
249
249
249
249
249
249
249
249
249
249
249
249
249
249
249
249
249
250
251
251
250
250
249
249
249
249
249
249
249
249
249
249
249
249
249
249
249
249
249
249
249
249
249
249
249
249
249
249
249
249
249
249
249
249
249
249
249
249
249
249
250
252
253
252
250
249
249
249
249
249
249
249
249
249
249
249
249
249
249
249
249
249
249
249
249
249
249
249
249
249
249
249
250
251
232
126
232
251
250
249
249
249
249
249
249
249
249
249
252
243
107
94
109
234
250
246
255
250
249
249
249
249
249
249
249
249
249
249
249
249
249
249
249
249
249
249
249
249
249
249
249
249
249
249
249
249
249
249
249
249
249
249
249
249
249
249
249
249
249
249
249
249
249
249
249
249
250
251
246
247
247
250
249
249
249
249
249
249
249
249
249
249
249
249
249
249
249
249
249
249
249
249
249
249
249
249
249
249
249
249
249
249
249
249
249
249
249
249
249
250
255
245
250
245
255
250
249
249
249
249
249
249
249
249
249
249
249
249
249
249
249
249
249
249
249
249
249
249
249
249
249
249
250
255
245
250
245
255
250
249
249
249
249
249
249
249
249
249
252
245
223
116
231
231
116
223
245
252
249
249
249
249
249
249
249
249
249
249
249
249
249
249
249
249
249
249
249
249
249
249
249
249
249
249
249
249
249
249
249
249
249
249
249
249
249
249
249
249
249
249
249
249
249
249
249
249
252
246
222
192
247
254
249
249
249
249
249
249
249
249
249
249
249
249
249
249
249
249
249
249
249
249
249
249
249
249
249
249
249
249
249
249
249
249
249
249
249
249
250
255
252
228
109
222
245
252
249
249
249
249
249
249
249
249
250
252
254
254
254
252
250
249
249
249
249
249
249
249
249
249
249
249
249
250
252
253
252
250
249
249
249
249
249
249
250
251
254
255
255
255
249
244
223
91
88
109
250
253
249
249
249
249
249
249
249
249
249
249
249
249
249
249
249
249
249
249
249
249
249
249
249
249
249
249
249
249
249
249
249
249
249
249
249
249
249
249
249
249
249
249
249
249
249
249
249
250
255
244
164
185
246
254
249
249
249
249
249
249
249
249
249
249
249
249
249
249
249
249
249
249
249
249
249
249
249
249
249
249
249
249
249
249
249
249
249
249
249
249
252
245
228
84
87
109
250
253
249
249
249
249
249
249
249
250
255
245
253
235
253
245
255
250
249
249
249
249
249
249
249
249
249
249
249
249
249
249
249
249
249
249
249
250
252
254
255
251
245
233
241
249
255
254
112
88
84
228
245
252
249
249
249
249
249
249
249
249
249
249
249
249
249
249
249
249
249
249
249
249
249
249
249
249
249
249
249
249
249
249
249
249
249
249
249
249
249
249
249
249
249
249
249
249
249
249
249
250
253
233
151
174
243
255
249
249
249
249
249
249
249
249
249
249
249
249
249
249
250
250
251
251
250
249
249
249
249
249
249
249
249
249
249
249
249
249
249
249
249
250
255
253
112
88
84
228
245
252
249
249
249
249
249
249
250
255
252
229
121
208
116
222
245
252
249
249
249
249
249
249
249
249
249
249
249
249
249
249
249
249
249
249
249
251
246
242
237
233
171
146
161
234
254
242
223
109
228
252
255
250
249
249
249
249
249
249
249
249
249
249
249
249
249
249
249
249
249
249
249
249
249
249
249
249
249
249
249
249
249
249
249
249
249
249
249
249
252
252
250
249
249
249
249
249
249
249
249
254
254
191
135
143
219
254
252
249
249
249
249
249
249
249
249
249
249
249
249
249
252
248
250
251
255
254
252
250
249
249
249
249
249
249
249
249
249
249
249
249
250
255
248
244
217
116
229
252
255
250
249
249
249
249
249
249
252
245
228
88
88
69
95
109
250
253
249
249
249
249
249
249
249
249
249
249
249
249
249
249
249
249
249
249
250
255
251
182
150
145
139
127
144
197
204
250
251
250
245
255
250
249
249
249
249
249
249
249
249
249
249
249
249
249
249
249
249
249
249
249
249
249
249
249
249
249
249
249
249
249
249
249
249
249
249
249
249
249
243
245
255
250
249
249
249
249
249
249
249
254
250
188
127
137
211
254
252
249
249
249
249
249
249
249
249
249
249
251
253
255
255
247
189
220
238
243
248
253
250
249
249
249
249
249
249
249
249
249
249
250
255
252
229
116
217
244
248
255
253
254
255
254
252
250
249
249
253
250
109
95
69
88
88
228
245
252
249
249
249
249
249
249
249
249
249
249
249
249
249
249
249
249
249
250
253
250
235
160
126
129
134
135
141
137
183
237
252
254
252
250
249
249
249
249
249
249
249
249
249
249
249
249
249
249
249
249
249
249
249
249
249
249
249
249
249
249
249
249
249
250
252
253
252
250
249
249
249
249
107
222
245
252
249
249
249
249
249
249
249
254
245
183
127
140
213
255
253
249
249
249
249
249
249
249
249
249
250
251
246
242
241
196
142
142
146
157
232
248
250
249
249
249
249
249
249
249
249
249
249
252
245
228
84
88
112
254
255
255
250
243
234
243
249
253
250
249
252
245
222
119
212
127
234
254
255
250
249
249
249
249
249
249
249
249
249
249
249
249
249
249
249
249
250
253
251
227
149
140
135
142
138
137
129
134
140
174
248
254
250
249
249
249
249
249
249
249
249
249
249
249
249
249
249
249
249
249
249
249
249
249
249
249
249
249
249
249
249
249
250
255
245
250
245
255
250
249
249
89
92
109
250
253
249
249
249
249
249
249
252
255
213
142
127
134
207
250
253
249
249
249
249
249
249
249
249
250
254
252
220
155
150
143
134
124
126
138
184
253
251
249
249
249
249
249
249
249
249
249
249
253
250
109
87
84
229
249
249
243
229
160
145
163
239
250
250
249
250
255
249
255
232
243
237
255
253
249
249
249
249
249
250
251
251
251
250
249
249
249
249
249
249
249
252
253
242
156
130
128
139
168
214
159
151
143
128
156
237
254
252
249
249
249
249
249
249
249
249
249
249
249
249
249
249
249
249
249
249
249
249
249
249
249
249
249
249
249
249
250
255
252
228
109
222
245
252
249
249
89
101
228
245
252
249
249
249
249
249
249
252
254
207
145
131
141
158
239
255
249
249
249
249
250
252
253
252
253
253
239
154
130
125
127
132
139
148
215
242
247
250
249
249
249
249
249
249
249
249
249
249
252
245
222
109
228
255
255
229
155
142
138
124
138
184
253
254
249
249
252
248
249
199
148
183
247
252
250
249
250
252
254
255
249
249
244
251
249
249
249
249
249
249
250
254
249
180
132
135
141
182
247
246
249
225
151
131
136
183
247
252
250
249
249
249
249
249
249
249
249
249
249
249
249
249
249
249
249
249
249
249
249
249
249
249
249
249
249
249
252
245
228
84
87
109
250
253
249
249
89
239
252
255
250
249
249
249
249
249
249
253
254
207
153
189
142
149
234
255
250
249
249
250
255
245
250
247
255
250
175
134
138
148
156
156
190
242
250
254
252
250
249
249
249
249
249
249
249
249
249
249
250
255
245
250
248
255
245
162
132
128
134
132
130
177
242
253
249
249
252
250
172
140
126
144
211
254
253
249
251
247
241
237
227
188
242
253
249
249
249
249
249
249
253
251
206
136
131
140
214
250
253
255
255
248
172
134
129
145
214
255
253
249
249
249
249
249
249
249
249
249
249
249
249
249
249
249
249
249
249
249
250
252
253
252
250
249
249
249
253
250
109
87
84
228
245
252
249
249
249
251
255
250
249
249
249
249
249
249
249
254
255
209
161
195
152
142
230
253
251
249
250
255
252
228
110
227
247
202
136
129
139
213
241
240
247
253
253
250
249
249
249
249
249
249
249
249
249
249
249
249
249
250
252
254
255
251
186
133
136
145
147
140
131
141
209
255
252
249
251
248
215
135
124
140
201
254
254
249
255
248
176
148
138
170
239
255
249
249
249
249
249
249
254
232
151
131
138
196
254
255
251
250
252
251
217
141
129
132
204
250
254
250
249
249
249
249
249
249
249
249
249
249
249
249
249
249
249
249
249
250
255
245
250
245
255
250
249
249
252
245
222
109
228
252
255
250
249
249
249
250
250
249
249
249
249
249
249
249
249
253
249
202
154
194
149
130
175
250
254
249
252
245
228
84
91
110
226
151
132
130
150
231
255
255
253
251
250
249
249
249
249
249
249
249
249
249
249
249
249
249
250
251
253
255
254
212
136
128
140
214
220
148
130
137
206
254
253
249
250
255
230
152
131
133
196
248
254
253
254
238
161
123
123
161
240
255
249
249
249
249
250
252
255
230
146
121
156
233
251
254
249
249
250
254
251
190
136
135
148
233
251
251
249
249
249
249
249
249
249
249
249
249
249
249
249
249
249
249
250
255
252
228
109
222
245
252
249
249
250
255
245
250
245
255
250
249
249
249
249
249
249
249
249
249
249
249
249
249
249
255
239
150
148
201
155
128
168
243
255
249
253
250
109
87
92
227
175
139
130
136
197
250
252
249
249
249
249
249
249
249
249
249
249
249
249
249
249
249
249
251
254
249
248
246
234
148
135
136
194
255
249
187
124
140
208
254
253
249
249
254
246
193
131
130
153
229
255
254
252
195
139
129
133
167
247
254
249
249
251
253
255
248
253
224
149
135
151
204
255
251
249
249
249
251
254
237
157
123
134
173
251
255
249
249
249
249
249
249
249
249
249
249
249
249
249
249
249
249
252
245
228
84
87
109
250
253
249
249
249
250
252
254
254
254
252
250
249
249
249
249
249
249
249
249
249
249
249
249
250
255
231
147
144
227
202
130
170
247
255
249
252
245
222
111
232
241
164
130
136
174
249
253
251
249
249
249
249
249
249
249
249
249
249
249
249
249
250
251
254
255
250
235
162
194
166
136
142
222
251
255
225
150
128
139
208
255
253
249
249
254
255
205
143
125
144
223
255
253
220
142
134
140
152
231
250
251
249
251
251
247
243
210
155
198
146
140
218
246
248
250
249
249
249
249
254
249
172
139
131
162
242
254
251
249
249
249
249
249
249
249
249
249
249
249
249
249
249
249
254
253
118
98
94
232
246
252
249
249
249
249
250
255
245
250
245
255
250
249
249
249
249
249
249
249
249
249
249
249
251
253
226
142
186
248
208
133
162
242
253
250
250
255
244
252
248
197
142
126
148
230
254
252
249
249
249
249
249
249
249
249
249
249
249
249
249
249
250
248
244
240
205
143
141
136
135
132
197
251
255
255
222
152
129
140
211
255
254
249
249
250
251
246
175
132
137
220
255
248
164
132
128
170
240
251
252
250
251
254
252
208
151
140
143
138
137
153
233
255
252
250
249
249
249
249
251
248
244
192
132
133
195
250
253
249
249
249
249
249
249
249
249
249
249
249
249
249
249
250
255
243
211
80
211
243
255
250
249
249
249
250
255
252
228
109
222
245
252
249
249
249
249
249
249
249
249
249
249
249
254
250
167
138
203
254
208
134
137
202
254
253
249
250
252
255
253
187
131
130
152
240
255
250
249
249
249
249
250
252
253
252
250
249
249
249
251
253
255
255
206
150
141
136
131
134
132
149
214
255
254
253
244
196
131
132
204
249
254
249
249
249
252
255
233
147
132
166
254
243
152
126
137
187
255
255
251
253
253
251
223
144
134
133
136
137
131
152
231
255
250
249
249
249
249
249
250
254
255
213
144
129
146
225
255
250
249
249
249
249
249
249
249
249
249
249
249
249
249
252
246
232
94
98
118
253
254
249
249
249
249
252
245
228
84
87
109
250
253
249
249
252
253
252
250
249
249
249
249
249
255
244
166
130
202
248
201
127
132
196
252
253
249
249
250
255
247
183
130
138
214
254
255
254
255
255
255
255
255
246
250
245
255
250
250
251
251
246
242
235
180
126
123
139
143
143
130
171
242
253
249
254
255
195
139
132
156
235
255
249
249
249
250
255
237
156
124
156
234
189
138
134
157
241
250
251
254
249
245
187
142
137
131
132
133
135
131
146
228
254
253
249
249
249
249
249
249
249
254
243
175
126
135
214
250
252
249
249
249
249
249
249
249
249
249
249
249
249
249
253
250
109
87
84
228
245
252
249
249
249
249
253
250
109
87
84
228
245
252
249
249
243
250
245
255
250
249
249
249
249
255
248
168
132
204
238
157
134
133
198
252
254
249
249
253
250
212
139
132
190
254
253
250
240
243
236
235
247
247
229
109
222
245
252
252
250
254
209
159
144
144
144
151
157
197
140
139
185
254
255
249
250
254
238
164
124
151
229
255
249
249
249
249
254
242
166
134
144
149
146
129
138
218
252
253
251
249
236
155
136
130
134
145
154
155
148
141
135
167
246
253
251
249
249
249
249
249
249
255
247
180
129
131
163
246
255
250
249
249
249
249
249
249
249
249
249
249
249
249
252
245
222
109
228
252
255
250
249
249
249
249
252
245
222
109
228
252
255
250
249
249
222
109
222
245
252
249
249
249
249
254
241
164
138
209
251
200
129
132
198
254
255
253
252
255
235
149
130
135
187
244
215
155
205
159
151
151
158
208
90
89
109
250
255
252
242
186
183
132
130
146
218
242
227
157
136
143
229
248
254
249
249
255
245
171
125
150
231
255
249
249
249
249
252
251
210
136
130
136
136
140
160
232
253
251
254
249
174
132
127
138
150
213
241
243
219
145
129
135
191
251
254
250
249
249
249
249
249
254
250
194
143
131
150
234
254
252
249
249
249
249
249
249
249
249
249
249
249
249
250
255
245
250
245
255
250
249
249
249
249
249
250
255
245
250
245
255
250
249
249
249
86
87
109
250
253
249
249
249
252
254
202
137
168
246
255
205
132
132
200
255
249
243
243
255
230
150
128
142
154
151
142
139
130
135
126
131
138
90
92
94
231
247
254
247
187
142
133
143
170
245
252
255
250
172
133
137
181
253
254
249
249
255
243
168
125
149
231
255
249
249
249
249
253
255
222
150
135
136
130
161
234
249
251
249
255
246
174
128
135
161
241
252
255
255
239
156
133
133
143
220
252
254
250
249
249
249
249
250
250
247
208
135
132
179
248
252
250
249
249
249
249
249
249
249
249
249
249
249
249
250
252
253
252
250
249
249
249
249
249
249
249
250
252
253
252
250
249
249
249
89
86
84
228
245
253
252
253
251
254
252
191
130
172
252
255
209
139
135
197
248
204
158
232
255
233
153
132
138
133
129
125
133
141
144
139
137
135
120
94
226
249
255
255
214
142
128
124
144
230
255
254
254
252
220
138
126
178
249
255
253
251
255
244
168
124
150
230
255
249
249
249
249
249
254
247
187
134
139
146
179
252
255
251
252
255
245
171
125
140
223
254
254
250
254
245
189
131
131
138
154
239
253
252
249
249
249
249
250
252
255
227
148
127
138
206
254
252
249
249
249
249
249
249
249
249
249
249
249
249
249
249
249
249
249
249
249
249
249
249
249
249
249
249
249
249
249
249
249
249
249
110
228
252
255
255
245
250
244
255
254
194
130
171
248
255
244
170
134
190
173
133
143
222
255
233
153
131
137
141
146
149
160
226
205
143
135
138
136
143
166
244
255
255
217
146
135
141
163
242
254
250
253
255
224
144
124
174
250
249
250
244
255
243
165
122
149
232
255
250
249
249
249
249
255
254
204
140
131
199
242
250
252
254
252
249
195
139
131
152
232
255
250
249
253
254
206
139
132
133
136
177
248
253
251
249
249
249
249
249
253
245
184
121
135
205
254
252
249
249
249
249
249
249
249
249
249
249
249
249
249
249
249
249
249
249
249
249
249
249
249
249
249
249
249
249
249
249
249
249
249
243
245
255
255
252
228
109
221
251
255
196
140
177
252
255
250
179
137
139
139
133
149
238
255
234
153
128
136
146
211
239
244
251
251
198
143
138
135
134
144
224
254
255
241
179
122
170
235
247
253
249
252
255
222
144
128
159
217
234
110
221
250
251
171
130
141
227
252
251
249
249
249
250
254
248
188
134
136
172
246
255
251
244
235
161
140
135
137
202
250
252
249
249
250
252
246
178
136
133
135
136
201
251
253
250
249
249
249
249
254
254
201
143
179
245
252
250
249
249
249
249
249
249
249
249
249
249
249
249
249
249
249
249
249
249
250
252
253
252
250
249
249
249
249
249
249
249
249
249
249
252
252
253
245
228
84
87
109
254
252
187
145
229
255
255
247
173
131
136
135
141
196
248
255
240
154
128
139
191
255
255
255
254
252
251
214
139
136
132
138
175
252
255
218
145
134
154
226
255
251
249
252
255
222
144
128
168
221
89
88
109
252
255
225
139
131
174
249
254
249
249
250
253
255
218
144
133
129
146
228
252
255
221
150
136
130
131
175
246
255
251
249
249
249
252
254
242
159
139
133
135
141
224
250
252
249
249
249
249
250
248
242
237
243
249
252
249
249
249
249
249
249
249
249
249
249
249
249
249
249
249
249
249
249
250
255
245
250
245
255
250
249
249
249
249
249
249
249
249
249
249
249
253
250
110
90
88
232
253
230
144
153
240
255
250
207
148
136
140
139
144
186
116
235
229
156
125
160
240
254
251
249
250
251
255
251
202
146
137
128
161
239
255
218
144
125
174
238
252
252
248
252
255
220
144
129
174
100
93
86
228
247
255
231
150
122
167
243
255
249
249
251
251
239
166
142
140
141
135
177
251
255
245
178
134
131
133
173
244
255
250
249
249
249
250
253
253
225
146
135
132
138
165
248
254
250
249
249
249
250
251
253
254
254
251
250
249
249
249
249
249
249
249
249
249
249
249
249
249
249
249
249
249
250
255
252
228
109
222
245
252
249
249
249
249
249
249
249
249
249
249
249
252
246
229
105
227
251
255
224
145
152
244
247
170
140
142
138
141
134
128
76
94
114
230
150
127
167
245
255
250
249
249
249
251
252
250
195
142
130
140
194
255
242
177
126
149
219
255
252
248
252
255
220
142
132
138
177
112
230
252
255
255
228
147
123
168
242
255
249
249
254
249
178
133
146
199
151
131
172
246
255
253
243
159
134
131
144
207
255
253
249
249
249
249
250
254
254
198
140
135
130
159
236
252
250
249
249
249
249
249
249
249
249
249
249
249
249
249
249
249
249
249
249
249
249
249
249
249
249
250
252
253
254
246
228
84
87
109
250
253
249
249
249
249
249
249
249
249
249
249
249
252
255
247
228
105
233
248
218
139
190
194
184
139
132
136
137
138
147
95
89
93
227
166
136
127
173
243
255
249
249
249
249
249
252
255
231
150
128
136
195
255
231
153
131
139
211
254
252
248
252
255
222
148
126
144
193
250
248
255
251
255
224
140
124
171
248
254
249
249
255
246
173
124
156
207
165
125
169
242
254
255
253
225
146
132
133
198
248
255
250
249
249
249
249
251
254
241
167
131
132
143
195
255
254
249
249
249
249
249
249
249
249
249
249
249
249
249
249
249
249
249
249
249
249
249
249
249
250
255
245
250
250
255
110
87
84
228
245
252
249
249
249
249
249
249
249
249
249
249
249
252
246
231
88
90
117
246
163
141
141
148
138
134
128
138
139
139
160
216
119
233
251
179
135
129
171
244
255
249
249
249
249
249
250
255
231
152
128
132
186
248
247
183
125
140
214
255
253
249
252
255
220
145
126
140
195
252
255
250
249
254
232
155
150
231
250
251
249
250
254
242
171
135
152
209
105
119
144
205
254
254
255
247
193
128
130
146
227
251
252
249
249
249
249
249
255
251
174
137
130
131
184
245
255
250
249
249
249
249
249
249
249
249
249
249
249
249
249
249
249
249
249
249
249
249
249
250
255
252
228
109
225
240
225
109
228
252
255
250
249
249
249
249
249
249
249
249
249
249
249
253
250
109
87
84
235
233
162
128
134
133
138
146
153
160
198
140
166
235
255
248
255
232
147
129
170
243
255
249
249
249
249
249
249
255
229
149
126
136
149
229
255
191
131
134
208
251
253
249
249
255
228
153
130
138
203
254
254
249
249
251
244
239
239
247
252
250
249
253
255
206
141
127
175
92
90
84
137
199
252
253
253
254
208
146
135
134
167
249
255
250
249
249
249
249
251
251
233
148
134
134
142
215
251
253
249
249
249
249
249
249
249
249
249
249
249
249
249
249
249
249
249
249
249
249
249
252
245
228
84
87
110
255
250
250
245
255
250
249
249
249
249
249
249
249
249
249
249
249
249
252
245
222
109
228
255
248
162
128
142
133
145
210
242
250
212
140
154
242
255
254
254
230
147
127
170
244
255
250
249
249
249
249
249
255
237
159
131
130
185
250
254
190
133
130
168
240
255
249
249
255
249
196
131
133
200
248
254
249
249
250
252
254
254
252
250
249
249
254
247
192
129
140
97
99
79
123
135
200
254
254
250
250
248
223
143
127
159
235
252
250
250
249
249
249
250
254
252
213
141
134
134
160
241
255
250
249
249
249
249
249
249
249
249
249
249
249
249
249
249
249
249
249
249
249
249
253
250
109
87
84
228
246
254
253
252
250
249
249
249
249
249
249
249
249
249
249
249
249
249
250
255
245
250
245
255
237
159
128
157
195
159
231
255
255
216
137
153
241
255
251
254
184
145
126
160
239
253
250
249
249
249
249
249
254
251
208
133
134
194
255
255
189
134
127
149
232
255
249
249
254
247
193
130
128
151
229
254
249
249
249
249
249
249
249
249
249
249
255
229
151
137
173
224
121
188
144
132
192
247
254
249
251
255
241
156
135
144
170
217
255
254
249
249
249
249
250
255
246
181
131
127
145
227
251
250
249
249
249
249
249
249
249
249
249
249
249
249
249
249
249
249
249
249
249
249
252
245
222
109
228
252
255
250
249
249
249
249
249
249
249
249
249
249
249
249
249
249
249
249
249
250
252
253
252
255
241
168
185
198
232
246
243
252
255
220
141
150
234
253
254
255
229
147
127
145
198
255
255
250
249
249
249
249
254
251
209
134
133
190
255
254
188
135
126
159
233
255
249
249
254
229
146
130
130
156
233
254
249
249
249
249
249
249
249
249
249
250
255
224
141
135
233
243
255
237
181
129
147
225
255
249
249
253
251
216
142
127
93
197
245
254
249
249
249
249
249
254
254
190
137
124
138
174
254
251
249
249
249
249
249
249
249
249
249
249
249
249
249
249
249
249
249
249
249
249
250
255
245
250
245
255
250
249
249
249
249
249
249
249
249
249
249
249
249
249
249
249
249
249
249
249
249
249
249
252
245
245
239
249
251
255
252
251
254
245
183
133
182
254
255
254
225
102
122
134
178
242
251
255
250
249
249
249
255
237
158
131
135
192
255
255
187
136
127
157
235
255
251
249
251
245
196
141
174
241
248
251
249
249
249
249
249
249
249
249
249
252
251
219
134
136
180
255
255
252
181
124
140
218
254
252
249
250
255
241
172
77
82
111
240
255
250
249
249
249
249
250
251
239
159
136
150
234
248
250
249
249
249
249
249
249
249
249
249
249
249
249
249
249
249
249
249
249
249
249
249
250
252
253
252
250
249
249
249
249
249
249
249
249
249
249
249
249
249
249
249
249
249
249
249
249
249
249
249
250
251
253
254
253
251
250
249
249
254
253
190
131
178
252
251
229
92
84
90
138
134
110
239
255
255
255
255
255
255
241
158
132
138
192
255
255
199
139
122
102
225
255
255
255
255
255
255
251
255
255
255
255
255
255
255
255
255
255
255
255
255
255
254
172
142
157
246
255
255
255
198
141
148
229
255
255
255
255
255
255
127
97
81
144
234
255
255
255
255
255
255
255
255
255
238
203
255
255
255
255
255
255
255
255
255
255
255
255
255
255
255
255
255
255
255
255
255
255
255
255
255
255
255
255
255
255
255
253
250
249
249
249
249
249
249
249
249
249
249
249
249
249
249
249
249
249
249
249
249
249
249
249
249
249
249
249
249
249
254
251
189
129
172
249
254
110
94
83
134
128
81
81
97
219
224
217
218
220
227
210
138
122
125
126
197
224
170
121
78
80
92
214
222
217
217
219
221
223
222
220
217
217
217
217
217
217
217
217
217
217
217
222
211
135
112
185
220
222
220
218
205
123
120
191
223
218
216
217
221
213
196
77
110
128
160
225
222
217
217
217
217
217
218
219
216
218
218
221
218
217
217
217
217
217
217
217
217
217
217
217
217
217
217
217
217
217
217
217
217
217
217
217
217
217
217
214
227
239
252
249
249
249
249
249
249
249
249
249
249
249
249
249
249
249
249
249
249
249
249
249
249
249
249
249
249
249
249
249
253
254
198
139
140
216
253
225
113
226
190
100
84
77
100
115
135
133
133
130
126
112
102
93
92
102
117
130
116
90
86
86
111
116
130
127
127
127
127
127
127
127
127
127
127
127
127
127
127
127
127
127
127
130
121
110
109
118
130
128
127
130
124
116
115
120
127
127
127
127
128
134
125
119
99
97
101
118
130
129
128
127
127
127
127
128
128
129
128
127
127
127
127
127
127
127
127
127
127
127
127
127
127
127
127
127
127
127
127
127
127
127
127
127
127
127
127
121
131
243
253
249
249
249
249
249
249
249
249
249
249
249
249
249
249
249
249
249
249
249
249
249
249
249
249
249
249
249
249
249
250
254
239
158
127
202
254
250
252
250
249
152
94
123
128
170
210
217
218
214
165
123
122
131
131
177
225
226
222
147
112
224
231
222
219
217
217
217
217
217
217
217
217
217
217
217
217
217
217
217
217
217
217
219
222
202
177
221
220
217
217
218
220
223
223
221
219
217
217
217
217
219
222
230
187
127
117
154
208
215
219
217
217
217
217
217
217
217
217
217
217
217
217
217
217
217
217
217
217
217
217
217
217
217
217
217
217
217
217
217
217
217
217
217
217
217
217
214
227
239
252
249
249
249
249
249
249
249
249
249
249
249
249
249
249
249
249
249
249
249
249
249
249
249
249
249
249
249
249
249
249
255
246
168
129
151
236
255
254
255
255
225
143
131
141
151
160
204
249
176
153
146
137
147
223
255
255
255
255
243
244
251
255
255
255
255
255
255
255
255
255
255
255
255
255
255
255
255
255
255
255
255
255
255
255
255
255
255
255
255
255
255
255
255
255
255
255
255
255
255
255
255
255
255
254
181
142
144
185
254
255
255
255
255
255
255
255
255
255
255
255
255
255
255
255
255
255
255
255
255
255
255
255
255
255
255
255
255
255
255
255
255
255
255
255
255
255
255
255
253
250
249
249
249
249
249
249
249
249
249
249
249
249
249
250
250
249
249
249
249
249
249
249
249
249
249
249
249
249
249
249
255
241
165
120
144
228
254
250
250
254
252
209
151
140
130
122
133
134
133
126
129
131
152
235
255
251
250
252
254
254
253
250
249
249
249
249
249
249
249
249
249
249
249
249
249
249
249
249
249
249
249
249
249
250
251
251
250
250
249
249
249
249
249
249
249
249
249
249
249
249
249
249
252
253
240
153
129
151
235
254
251
249
249
249
249
249
249
249
249
249
249
249
249
249
249
249
249
249
249
249
249
249
249
249
249
249
249
249
249
249
249
249
249
249
249
249
249
249
249
249
249
249
249
249
249
249
249
249
249
249
249
249
249
251
255
250
249
249
249
249
249
249
249
249
249
249
249
249
249
249
255
249
172
131
149
233
255
250
249
251
251
246
243
210
151
149
150
148
152
145
145
140
208
247
254
249
249
249
249
249
249
249
249
249
249
249
249
249
249
249
249
249
249
249
249
249
249
249
249
249
249
249
249
249
249
249
249
249
249
249
249
249
249
249
249
249
249
249
249
249
249
249
250
254
252
212
134
133
182
249
252
250
249
249
249
249
249
249
249
249
249
249
249
249
249
249
249
249
249
249
249
249
249
249
249
249
249
249
249
249
249
249
249
249
249
249
249
249
249
249
249
249
249
249
249
249
249
249
249
249
249
249
89
232
245
252
249
249
249
249
249
249
249
249
249
249
249
249
249
249
253
255
227
140
138
229
253
252
249
249
251
254
254
249
241
234
237
237
240
234
179
231
248
251
251
249
249
249
249
249
249
249
249
249
249
249
249
249
249
249
249
249
249
249
249
249
249
249
249
249
249
249
249
249
249
249
249
249
249
249
249
249
249
249
249
249
249
249
249
249
249
249
249
251
255
222
143
124
139
209
253
252
249
249
249
249
249
249
249
249
249
249
249
249
249
249
249
249
249
249
249
249
249
249
249
249
249
249
249
249
249
249
249
249
249
249
249
249
249
249
249
249
249
249
249
249
249
249
249
249
249
249
89
126
250
253
249
249
249
249
249
249
249
249
249
249
249
249
249
250
255
255
221
94
119
169
247
254
249
249
249
249
251
253
255
255
255
255
255
251
252
249
254
251
249
249
249
249
249
249
249
249
249
249
249
249
249
249
249
249
249
249
249
249
249
249
249
249
249
249
249
249
249
249
249
249
249
249
249
249
249
249
249
249
249
249
249
249
249
249
249
249
249
249
253
248
188
136
142
213
253
252
249
249
249
249
249
249
249
249
249
249
249
249
249
249
249
249
249
249
249
249
249
249
249
249
249
249
249
249
249
249
249
249
249
249
249
249
249
249
249
249
249
249
249
249
249
249
249
250
250
249
89
232
245
252
249
249
249
249
249
249
249
249
249
249
249
249
249
252
245
228
89
88
93
173
245
253
249
249
249
249
249
249
249
249
249
249
250
251
251
251
250
249
249
249
249
249
249
249
249
249
249
249
249
249
249
249
249
249
249
249
249
249
249
249
249
249
249
249
249
249
249
249
249
249
249
249
249
249
249
249
249
249
249
249
249
249
249
249
249
249
249
249
251
252
241
182
230
245
251
250
249
249
249
249
249
249
249
249
249
249
249
249
249
249
249
249
249
249
249
249
249
249
249
249
249
249
249
249
249
249
249
249
249
249
249
249
249
249
249
249
249
249
249
249
249
249
250
255
251
249
249
251
255
250
249
249
249
249
249
249
249
249
249
249
249
249
249
253
250
109
88
89
224
243
246
251
249
249
249
249
249
249
249
249
249
249
249
249
249
249
249
249
249
249
249
249
249
249
249
249
249
249
249
249
249
249
249
249
249
249
249
249
249
249
249
249
249
249
249
249
249
249
249
249
249
249
249
249
249
249
249
249
249
249
249
249
249
249
249
249
249
249
250
252
248
250
249
254
251
249
249
249
249
249
249
249
249
249
249
249
249
249
249
249
249
249
249
249
249
249
249
249
249
249
249
249
249
249
249
249
249
249
249
249
249
249
249
249
249
249
249
249
249
249
249
249
252
245
232
89
249
250
250
249
249
249
249
249
249
249
249
249
249
250
252
253
252
253
245
222
109
229
254
255
252
250
249
249
249
249
249
249
249
249
249
249
249
249
249
249
249
249
249
249
249
249
249
249
249
249
249
249
249
249
249
249
249
249
249
249
249
249
249
249
249
249
249
249
249
249
249
249
249
249
249
249
249
249
249
249
249
249
249
249
249
249
249
249
249
249
249
249
249
250
250
251
251
250
249
249
249
249
249
249
249
249
249
249
249
249
249
249
249
249
249
249
249
249
249
249
249
249
249
249
249
249
249
249
249
249
249
249
249
249
249
249
249
249
249
249
249
249
249
249
249
249
253
250
126
89
249
249
249
249
249
249
249
249
249
249
249
249
250
255
245
250
245
255
255
245
250
245
255
250
249
249
249
249
249
249
249
249
249
249
249
249
249
249
249
249
249
249
249
249
249
249
249
249
249
249
249
249
249
249
249
249
249
249
249
249
249
249
249
249
249
249
249
249
249
249
249
249
249
249
249
249
249
249
249
249
249
249
249
249
249
249
249
249
249
249
249
249
249
249
249
249
249
249
249
249
249
249
249
249
249
249
249
249
249
249
249
249
249
249
249
249
249
249
249
249
249
249
249
249
249
249
249
249
249
249
249
249
249
249
249
249
249
249
249
249
249
249
249
249
249
249
252
245
232
89
249
249
249
249
249
249
249
249
249
249
249
249
250
251
232
126
232
251
252
252
253
252
250
249
249
249
249
249
249
249
249
249
249
249
249
249
249
249
249
249
249
249
249
249
249
249
249
249
249
249
249
249
249
249
249
249
249
249
249
249
249
249
249
249
249
249
249
249
249
249
249
249
249
249
249
249
249
249
249
249
249
249
249
249
249
249
249
249
249
249
249
249
249
249
249
249
249
249
249
249
249
249
249
249
249
249
249
249
249
249
249
249
249
249
249
249
249
249
249
249
249
249
249
249
249
249
249
249
249
249
249
249
249
249
249
249
249
249
249
249
249
249
249
249
249
249
250
255
251
249
249
249
249
249
249
249
249
249
249
249
249
249
249
249
89
89
89
249
249
249
249
249
249
249
249
249
249
249
249
249
249
249
249
249
249
249
249
249
249
249
249
249
249
249
249
249
249
249
249
249
249
249
249
249
249
249
249
249
249
249
249
249
249
249
249
249
249
249
249
249
249
249
249
249
249
249
249
249
249
249
249
249
249
249
249
249
249
249
249
249
249
249
249
249
249
249
249
249
249
249
249
249
249
249
249
249
249
249
249
249
249
249
249
249
249
249
249
249
249
249
249
249
249
249
249
249
249
249
249
249
249
249
249
249
249
249
249
249
249
249
249
249
249
249
249
249
249
249
249
249
