252
252
252
252
252
252
252
252
252
252
252
252
252
252
252
72
72
72
252
252
252
252
252
252
252
252
252
252
252
252
252
252
252
252
252
252
252
252
252
252
252
252
252
252
252
252
252
252
252
252
252
252
252
252
252
252
252
252
252
252
252
252
252
252
252
252
252
252
252
252
252
252
252
252
252
252
252
252
252
252
252
252
72
72
72
252
252
72
252
252
252
252
252
252
252
252
252
252
252
252
252
252
252
252
252
252
252
252
252
252
252
252
252
252
252
252
254
212
224
254
252
252
252
252
252
252
252
252
252
252
252
252
252
252
252
252
252
252
252
252
252
252
252
252
252
252
252
252
252
252
252
252
252
252
252
252
252
252
252
252
252
252
254
245
92
75
86
240
253
253
252
252
252
252
252
252
252
252
252
252
252
252
252
252
252
252
252
252
252
252
252
252
252
252
252
252
252
252
252
252
252
252
252
252
252
252
252
252
252
252
252
252
252
252
252
252
252
252
252
252
252
252
252
252
252
252
252
252
252
254
245
92
75
89
233
223
78
70
68
82
221
245
254
252
252
252
252
252
252
252
252
252
252
252
252
252
252
252
252
252
252
252
252
252
254
250
196
153
153
157
157
155
155
212
241
242
238
243
246
253
253
252
252
252
252
252
252
252
252
252
252
252
252
252
252
252
252
252
252
252
252
252
252
252
252
252
252
252
252
252
252
252
254
246
221
94
228
254
255
253
252
252
252
252
252
252
252
252
252
252
252
252
252
252
252
252
252
252
252
252
252
252
252
252
252
252
252
252
252
252
252
252
252
252
252
252
252
252
252
252
252
252
252
252
252
252
252
252
252
252
252
252
252
252
252
252
252
252
252
254
246
221
94
233
254
105
66
46
46
65
97
252
254
252
252
252
252
252
252
252
252
252
252
252
252
252
252
252
252
252
252
252
252
252
254
249
190
141
140
146
145
144
149
155
165
166
162
165
228
255
254
253
252
252
252
252
252
252
252
252
252
252
252
252
252
252
252
252
252
252
252
252
252
252
252
252
252
252
252
252
252
252
253
255
246
252
246
255
253
252
252
252
252
252
252
252
252
252
252
252
252
252
252
252
252
252
252
252
252
252
252
252
252
252
252
252
252
252
252
252
252
252
252
252
252
252
252
252
252
252
252
252
252
252
252
252
252
252
252
252
252
252
252
252
252
252
253
253
254
254
255
246
252
250
254
228
95
70
73
75
229
246
254
252
252
252
252
252
252
252
252
252
252
252
252
252
252
252
252
252
252
252
252
252
254
252
203
154
145
145
147
148
150
150
146
145
138
145
208
248
252
254
254
253
252
252
252
252
252
252
252
252
252
252
252
252
252
252
252
252
252
252
252
252
252
252
252
252
252
252
252
252
252
253
254
254
254
253
252
252
252
252
252
252
252
252
252
252
252
252
252
252
252
252
252
252
252
252
252
252
252
252
252
252
252
252
252
252
252
252
252
252
252
252
252
252
252
252
252
252
252
252
252
252
252
252
252
252
252
252
252
252
252
252
252
252
254
246
251
248
254
254
254
254
255
250
247
215
103
229
254
255
253
252
252
252
252
252
252
252
253
254
254
254
253
253
252
252
252
252
252
252
252
252
253
252
248
209
169
164
161
153
146
149
153
153
151
157
157
163
220
248
250
254
253
252
252
252
252
252
252
252
252
252
252
252
252
252
252
252
252
252
252
252
252
252
252
252
252
252
252
252
252
252
252
252
252
252
252
252
252
252
253
254
254
254
253
253
252
252
252
252
252
252
252
252
252
252
252
252
252
252
252
252
253
253
254
254
254
253
252
252
252
252
252
252
252
252
252
252
252
252
252
252
252
252
252
252
252
252
252
252
252
252
252
253
254
241
177
239
254
254
253
252
253
254
255
250
253
246
255
253
252
252
252
252
252
252
253
254
255
249
242
244
251
253
252
252
252
252
252
252
252
252
252
253
254
250
243
241
241
194
158
156
152
152
153
153
147
151
153
168
231
254
254
253
252
252
252
252
252
252
252
252
252
252
252
252
252
252
252
252
252
252
252
252
252
252
252
252
252
252
252
252
252
252
252
252
252
252
252
253
254
248
243
244
250
253
252
252
252
252
252
252
252
252
252
252
252
252
252
252
252
252
253
250
243
243
247
254
253
252
252
252
252
252
252
252
252
252
252
252
252
252
252
252
252
252
252
252
252
252
252
252
252
254
252
230
155
160
246
253
254
253
252
252
253
254
254
254
253
252
252
252
252
252
252
253
252
246
245
209
157
194
251
254
252
252
252
252
252
252
252
252
252
252
253
254
254
255
254
251
243
190
153
145
145
149
149
151
146
150
169
232
250
254
252
252
252
252
252
252
252
252
252
252
252
252
252
252
252
252
252
252
252
252
252
252
252
252
252
252
252
252
252
252
252
252
252
252
253
254
252
218
156
193
253
254
253
252
252
252
252
252
252
252
252
252
252
252
252
252
252
252
254
251
196
157
216
253
254
254
253
252
252
252
252
252
252
252
252
252
252
252
252
252
252
252
252
252
252
252
252
252
253
254
248
171
148
151
166
247
254
254
253
253
252
252
252
252
252
252
252
252
252
252
252
254
254
221
159
147
146
185
248
254
252
252
252
252
252
252
252
252
252
252
252
252
252
253
253
254
254
249
188
162
170
162
156
151
152
151
151
161
236
254
253
252
252
252
252
252
252
252
252
252
252
252
252
252
252
252
252
252
252
252
252
252
252
252
252
252
252
252
252
252
252
252
252
253
253
250
219
148
141
174
240
252
253
252
252
252
252
252
252
252
252
252
252
252
252
252
252
252
254
246
183
141
147
213
246
251
254
253
252
252
252
252
252
252
252
252
252
252
252
252
252
252
252
252
252
252
252
252
254
251
232
152
142
147
150
166
238
248
249
253
252
252
252
252
252
252
252
252
252
252
252
254
254
211
146
139
148
191
250
254
252
252
252
252
252
252
252
252
252
252
252
252
252
252
252
253
254
252
247
240
242
242
182
153
151
152
146
153
221
251
254
252
252
252
252
252
252
252
252
252
253
254
254
252
252
252
252
252
252
252
252
252
252
252
252
252
252
252
252
252
252
252
252
254
255
228
158
146
148
163
205
255
254
252
252
252
252
252
252
252
252
252
252
252
252
252
252
252
254
252
194
147
147
151
159
222
251
254
253
252
252
252
252
252
252
252
252
252
252
252
252
252
252
252
252
252
252
252
254
246
161
157
152
155
145
153
157
185
250
254
253
252
252
252
252
252
252
252
252
252
252
254
254
216
152
143
150
192
249
254
252
252
252
252
252
252
252
252
252
252
252
252
252
252
252
252
253
253
254
254
255
254
250
182
155
152
150
153
159
233
254
253
252
252
252
252
252
252
252
253
255
246
245
252
252
252
252
252
252
252
252
252
252
252
252
252
252
252
252
252
252
252
253
254
253
216
149
147
147
176
237
249
254
252
252
252
252
252
252
252
252
252
252
252
252
252
252
252
253
253
248
187
147
140
143
150
221
254
254
254
254
253
252
252
252
252
252
252
252
252
252
252
252
252
252
252
252
253
255
239
158
156
229
167
150
144
140
161
240
254
254
253
252
253
253
254
253
253
252
252
252
254
254
218
157
143
150
194
251
254
252
252
252
252
252
252
252
252
252
252
252
252
252
252
252
252
252
252
252
252
253
254
254
248
177
149
151
141
148
222
254
253
252
252
252
252
252
252
253
255
254
228
96
252
252
252
252
252
252
252
252
252
252
252
252
252
252
252
252
252
252
252
253
250
224
156
154
152
154
159
198
254
254
252
252
252
252
252
252
252
252
252
252
252
252
252
252
252
253
254
254
247
193
158
151
147
153
220
242
244
250
254
253
252
252
252
252
252
252
252
252
252
252
252
252
252
253
254
254
237
153
168
243
250
180
158
154
152
171
248
253
254
254
254
247
249
249
254
253
252
252
254
254
219
156
144
150
195
250
254
252
252
252
252
252
252
252
252
252
252
252
252
252
252
252
252
252
252
252
252
252
254
254
245
179
151
150
151
162
233
254
253
252
252
252
252
252
252
254
246
228
67
68
72
252
252
252
252
252
252
252
252
252
252
252
252
252
252
252
252
252
253
254
226
153
149
155
151
150
146
193
251
255
253
252
252
252
252
252
252
252
252
252
252
252
252
252
252
252
253
254
253
249
243
183
147
147
155
160
158
224
250
254
252
252
252
252
252
252
252
252
252
252
252
252
252
253
252
244
165
144
162
244
254
251
224
152
138
149
169
246
253
250
253
225
186
242
254
254
253
252
254
254
223
165
142
148
192
250
254
252
252
252
252
252
252
252
252
252
252
252
252
252
252
252
252
252
252
252
252
252
254
250
183
152
152
148
153
223
252
254
252
252
252
252
252
252
252
254
252
94
70
68
252
252
252
252
252
252
252
252
252
252
252
252
252
252
252
252
252
252
253
254
221
153
148
157
145
79
134
180
244
253
253
252
252
252
252
252
252
252
252
252
252
252
252
252
252
252
252
253
253
254
254
249
189
155
151
139
141
155
230
254
253
252
252
252
252
252
252
252
252
252
252
252
253
254
250
180
151
148
161
249
254
255
242
171
155
153
149
180
254
235
181
211
156
171
249
254
254
253
254
254
220
157
145
149
189
251
254
252
252
252
252
252
252
252
252
252
253
253
254
253
253
252
252
252
252
252
252
252
254
250
181
156
152
147
160
231
255
254
252
252
252
252
252
252
252
254
246
221
94
221
252
252
252
252
252
252
252
252
252
252
252
252
252
252
252
252
252
252
254
254
224
159
142
144
70
70
78
148
187
251
254
252
252
252
252
252
252
252
252
252
252
252
252
252
252
252
252
252
252
253
254
252
250
243
182
156
142
152
222
254
253
252
252
252
252
252
252
252
252
252
252
252
254
252
237
158
140
156
235
252
254
254
246
247
222
157
135
174
246
246
168
151
152
150
179
248
254
254
254
254
218
155
140
153
199
249
254
252
252
252
253
254
254
254
253
253
254
254
252
250
252
253
252
252
252
252
252
252
254
254
245
180
152
148
156
226
254
254
252
252
252
252
252
252
252
253
255
246
252
245
252
252
252
252
252
252
252
252
252
252
252
252
252
252
252
252
252
252
254
255
226
158
147
81
71
65
138
152
196
252
254
252
252
252
252
252
252
252
252
252
252
252
252
252
252
252
252
252
252
252
253
253
254
255
250
181
142
155
225
254
253
252
252
252
252
252
252
252
252
252
252
252
254
247
172
151
152
177
253
254
253
253
254
255
252
171
139
84
225
247
221
147
140
148
152
179
249
254
254
254
218
153
145
156
196
254
254
252
252
253
255
246
252
246
255
253
248
241
194
211
251
255
254
254
253
252
252
253
254
254
248
180
150
148
148
182
238
254
252
252
252
252
252
252
252
252
253
254
254
254
252
252
252
252
252
252
252
252
252
252
252
252
252
252
252
252
252
252
254
253
220
149
145
166
85
138
144
180
240
251
254
252
252
252
252
252
252
252
252
252
252
252
252
252
252
252
252
252
252
252
252
252
254
254
244
181
141
155
225
254
253
252
252
252
252
252
252
252
252
252
252
252
254
241
163
141
152
233
247
254
252
252
252
254
242
218
58
70
101
254
239
163
155
153
145
153
184
249
254
255
219
153
141
185
244
253
253
252
253
255
254
228
94
221
249
253
202
161
160
157
209
242
246
251
254
254
254
254
254
251
185
158
151
149
152
159
235
254
252
252
252
252
252
252
252
252
252
252
252
252
252
252
252
252
252
252
252
252
252
252
252
252
252
252
252
252
252
253
254
233
168
147
162
196
231
160
155
153
195
254
254
254
253
253
252
252
252
252
252
252
252
252
252
252
252
252
252
252
252
252
252
252
254
252
185
151
147
161
232
254
253
252
252
252
252
252
252
252
252
252
252
252
254
240
168
141
153
181
254
255
254
253
252
254
254
100
74
69
229
248
252
249
226
160
151
146
154
187
253
255
221
151
141
190
251
255
252
252
254
246
228
67
70
94
254
254
198
149
145
150
157
165
164
211
246
253
254
252
243
185
154
149
152
147
149
220
250
254
252
252
252
252
252
252
252
252
252
252
252
252
252
252
252
252
252
252
252
252
252
252
252
252
252
252
252
252
252
253
254
223
151
139
183
250
253
214
143
142
188
246
250
245
248
253
252
252
252
252
252
252
252
252
252
252
252
252
252
252
252
252
252
252
254
245
182
140
148
220
252
254
252
252
252
252
252
252
252
252
252
252
252
252
254
247
169
150
143
160
230
251
250
254
253
254
246
221
94
228
254
255
255
253
254
222
161
151
147
154
192
253
220
154
136
181
249
254
252
252
254
252
94
70
67
228
248
254
244
192
145
146
148
146
150
152
160
218
241
186
162
161
152
151
152
152
167
238
255
253
252
252
252
252
252
252
252
252
252
252
252
252
252
252
252
252
252
252
252
252
252
252
252
252
252
252
252
252
252
254
254
227
155
143
188
254
236
165
150
150
197
253
220
196
248
254
252
252
252
252
252
252
252
252
252
252
252
252
252
252
252
252
253
253
255
252
187
141
154
225
255
254
252
252
252
252
252
252
252
252
252
252
252
252
253
251
242
166
151
154
156
162
241
251
253
253
255
246
252
246
255
255
254
229
99
222
222
157
149
147
152
185
215
151
156
208
254
254
252
252
254
246
221
94
228
254
255
254
254
220
171
153
149
149
151
147
150
158
160
155
149
151
154
155
147
150
220
252
254
252
252
252
252
252
252
252
252
252
252
252
252
252
252
252
252
252
252
252
252
252
252
252
252
252
252
252
252
252
252
254
252
220
148
141
184
255
224
155
141
153
187
235
204
192
244
254
252
252
252
252
252
252
252
252
252
252
252
252
252
253
254
254
254
251
250
237
176
146
160
231
254
253
252
252
252
252
252
252
252
252
252
252
252
252
253
254
254
245
164
152
141
148
171
249
254
252
253
254
254
254
254
246
228
67
72
99
253
232
157
150
148
156
153
152
178
242
253
254
252
252
253
255
246
252
246
255
253
253
251
250
244
193
154
151
150
151
153
149
149
150
151
153
153
148
149
160
235
254
253
252
252
252
252
252
252
252
252
252
252
252
252
252
252
252
252
252
252
252
252
252
252
252
252
252
252
252
252
252
253
254
234
164
146
154
201
255
233
85
128
150
157
152
158
197
249
254
252
252
252
252
252
252
252
252
252
252
252
252
253
255
246
252
252
255
199
161
152
151
219
252
254
252
252
252
252
252
252
252
252
252
252
252
252
252
252
253
254
254
235
155
143
144
177
245
255
253
252
252
252
252
254
252
94
70
67
229
252
254
217
148
147
150
151
149
157
200
254
254
252
252
252
253
254
254
254
253
252
252
253
254
254
250
221
175
156
152
152
155
153
152
153
151
149
151
154
226
250
254
252
252
252
252
252
252
252
252
252
252
252
252
252
252
252
252
252
252
252
252
252
252
252
252
252
252
252
252
252
252
253
254
225
153
136
178
236
232
78
68
78
150
151
141
140
188
248
254
252
252
252
252
252
252
252
252
252
252
252
253
255
254
228
95
224
237
181
143
136
149
219
254
254
252
252
252
252
252
252
252
252
252
252
252
252
252
252
252
253
254
247
184
158
153
162
242
254
254
253
252
252
252
254
246
221
94
228
254
255
255
230
161
150
151
153
151
145
185
251
254
252
252
252
252
252
252
252
252
252
252
252
253
253
254
254
243
184
147
150
155
152
149
155
159
161
169
233
254
254
253
252
252
252
252
252
252
252
252
252
252
252
252
252
252
252
252
252
252
252
252
252
252
252
252
252
252
252
252
252
252
254
254
226
154
147
195
254
103
78
64
141
148
156
157
160
202
252
254
252
252
252
252
252
252
252
252
252
252
252
254
246
229
70
81
100
203
163
154
153
156
225
254
253
252
252
252
252
252
252
252
252
252
252
252
252
252
252
252
252
254
248
250
229
157
149
169
246
252
253
252
252
252
253
255
246
252
246
255
253
253
250
227
168
155
152
151
148
185
247
255
254
253
252
252
252
252
252
252
252
252
252
252
252
253
254
254
203
156
147
149
150
155
166
231
179
223
249
255
254
252
253
254
254
254
253
252
252
252
252
252
252
252
252
252
252
252
252
252
252
252
252
252
252
252
252
252
252
252
252
252
254
253
221
148
171
247
253
229
96
190
153
153
151
185
241
249
250
253
252
252
252
252
252
252
252
252
252
252
252
254
253
103
66
67
211
182
147
150
211
246
247
253
252
252
252
252
252
252
252
252
252
252
252
252
252
253
254
254
254
253
254
255
240
162
139
151
182
250
254
253
252
252
252
253
254
254
254
253
252
253
254
254
222
160
149
152
152
156
192
242
246
250
253
252
252
252
252
252
252
252
252
252
252
252
253
253
247
205
165
157
149
149
226
248
229
92
224
248
254
253
255
246
252
246
255
253
252
252
252
252
252
252
252
252
252
252
252
252
252
252
252
252
252
252
252
252
252
252
252
252
254
240
176
146
179
253
255
242
216
150
162
150
153
198
254
255
253
253
252
252
252
252
252
252
252
252
252
252
252
254
254
224
73
75
169
163
146
154
223
255
254
253
252
252
252
252
252
252
252
252
252
252
252
252
253
255
246
252
246
255
253
254
246
168
150
145
164
240
254
253
252
252
252
252
252
252
252
252
252
252
254
254
226
161
149
154
149
149
153
157
201
254
254
253
252
252
252
252
252
252
252
252
252
252
252
254
254
253
241
181
146
153
182
220
77
73
95
252
254
255
254
228
94
221
246
254
252
252
252
252
252
252
252
252
252
252
252
252
252
252
252
252
252
252
252
252
252
252
252
253
254
230
169
150
191
253
230
167
160
154
149
149
149
192
250
254
252
252
252
252
252
252
252
252
252
252
252
252
252
254
254
223
72
64
83
149
148
164
228
254
253
252
252
252
252
252
252
252
252
252
252
252
252
253
255
254
228
94
221
246
254
254
252
231
152
142
153
185
249
254
252
252
252
252
252
252
252
252
252
252
254
254
222
160
146
157
164
158
151
142
187
247
255
254
253
253
252
252
252
252
252
252
252
252
252
252
253
254
254
207
158
150
152
79
71
71
228
246
254
246
228
67
70
94
252
254
252
252
252
252
252
252
252
252
252
252
252
252
252
252
252
252
252
252
252
252
252
252
252
253
254
227
154
164
236
223
161
154
158
169
169
163
156
202
255
255
255
255
255
255
255
255
255
255
255
255
255
255
255
255
255
116
88
73
147
159
174
239
255
255
255
255
255
255
255
255
255
255
255
255
255
255
255
255
255
240
77
82
107
255
255
255
255
255
177
159
161
188
255
255
255
255
255
255
255
255
255
255
255
255
255
255
233
164
151
163
204
220
163
155
164
202
252
254
255
255
255
255
255
255
255
255
255
255
255
255
255
255
255
255
191
153
145
131
89
233
254
254
254
252
94
70
67
228
246
254
252
252
252
252
252
252
252
252
252
252
252
252
252
252
252
252
252
252
252
252
252
252
252
254
255
227
158
156
173
153
136
122
129
166
186
131
130
168
217
220
216
216
216
216
216
216
216
216
216
216
216
216
216
221
214
196
64
119
135
133
187
217
220
217
216
216
216
216
216
216
216
216
216
216
216
216
216
221
211
73
49
49
188
210
219
216
220
217
207
130
136
209
216
218
216
216
216
216
216
216
216
216
216
216
218
223
195
134
128
134
167
191
136
125
132
139
144
183
224
222
217
216
216
216
216
216
216
216
216
216
216
216
220
215
181
149
152
149
223
254
255
253
254
246
221
94
228
254
255
253
252
252
252
252
252
252
252
252
252
252
252
252
252
252
252
252
252
252
252
252
252
252
252
253
253
223
151
145
151
153
101
101
105
113
106
96
86
103
114
118
113
113
113
113
113
113
113
113
113
113
113
113
115
115
116
98
95
82
91
98
111
118
115
113
113
113
113
113
113
113
113
113
113
113
113
114
115
119
104
96
80
102
111
122
115
113
116
113
104
88
98
109
120
114
113
113
113
113
113
113
113
113
113
114
116
110
100
89
87
96
106
109
105
92
88
82
85
90
100
111
115
116
113
113
113
113
113
113
113
113
113
113
115
112
111
175
151
151
222
253
254
252
253
255
246
252
246
255
253
252
252
252
252
252
252
252
252
252
252
252
252
252
252
252
252
252
252
252
252
252
252
252
252
254
236
171
148
146
145
167
225
226
224
225
194
138
126
163
212
217
217
216
216
216
216
216
216
216
216
216
216
216
221
217
168
131
134
137
140
198
224
217
216
216
216
216
216
216
216
216
216
216
216
216
216
220
212
217
218
230
229
226
221
217
216
217
222
210
139
123
145
213
222
216
216
216
216
216
216
216
216
216
216
217
220
191
134
130
133
162
220
226
225
195
139
134
132
131
126
166
214
222
221
217
216
216
216
216
216
216
216
216
216
220
225
175
150
149
158
228
254
253
252
253
254
254
254
253
252
252
252
252
252
252
252
252
252
252
252
252
252
252
252
252
252
252
252
252
252
252
252
252
252
254
234
162
144
149
158
194
255
255
255
255
230
164
153
167
213
255
255
255
255
255
255
255
255
255
255
255
255
255
255
255
200
158
152
159
221
255
255
255
255
255
255
255
255
255
255
255
255
255
255
255
255
255
254
186
252
255
255
255
255
255
255
255
255
249
168
151
182
254
255
255
255
255
255
255
255
255
255
255
255
255
255
233
163
152
160
202
255
255
255
255
223
162
157
156
159
166
214
255
255
255
255
255
255
255
255
255
255
255
255
255
255
192
151
144
158
223
254
253
252
252
252
252
252
252
252
252
252
252
252
252
252
252
252
252
252
252
252
252
252
252
252
252
252
252
252
252
252
252
252
253
251
227
159
179
239
248
250
253
254
254
218
154
143
155
197
254
254
252
252
252
252
252
252
252
253
255
246
254
249
209
158
149
149
161
226
255
254
252
252
252
252
252
252
252
252
252
252
252
252
252
254
249
172
150
162
235
250
253
255
254
255
254
243
163
152
142
177
242
254
252
252
252
252
252
252
252
252
252
252
254
254
223
156
141
163
215
252
254
253
254
252
212
151
146
144
150
157
159
205
247
253
253
252
252
252
252
252
252
253
254
243
180
149
145
163
226
254
253
252
252
252
252
252
252
252
252
252
252
252
252
252
252
252
252
252
252
252
252
252
252
252
252
252
252
252
252
252
252
252
253
254
248
244
246
254
255
253
253
254
254
217
153
139
179
239
251
254
252
252
252
252
252
252
253
255
254
229
103
217
187
148
143
147
208
248
254
252
252
252
252
252
252
252
252
252
252
252
252
252
252
254
240
166
138
152
159
172
234
247
243
247
238
164
150
143
149
170
249
254
252
252
252
252
252
252
252
252
252
252
254
254
223
155
143
172
223
254
254
252
253
254
251
217
168
162
155
149
148
149
205
254
254
254
254
254
253
252
252
254
252
191
153
151
144
154
221
254
253
252
252
252
252
252
252
252
252
252
252
252
252
252
252
252
252
252
252
253
253
252
252
252
252
252
252
252
252
252
252
252
252
253
254
254
254
253
253
252
252
253
254
228
169
150
154
199
254
254
252
252
252
252
252
252
254
246
229
71
75
84
157
156
156
176
230
254
254
252
252
252
252
252
252
252
252
252
252
252
252
252
252
254
250
174
152
148
148
154
159
170
192
172
159
153
147
154
164
245
250
253
252
252
252
252
252
252
252
252
252
252
254
254
224
156
140
179
242
253
253
252
252
253
254
251
241
194
147
150
147
148
200
253
255
246
252
246
255
253
252
254
247
185
145
148
151
155
228
254
253
252
252
252
252
252
252
252
252
252
252
252
252
252
252
252
252
252
252
253
255
253
252
252
252
252
252
252
252
252
252
252
252
252
252
252
252
252
252
252
252
252
254
252
212
144
142
192
247
254
252
252
252
252
252
252
254
252
100
70
58
135
143
148
204
245
251
253
253
252
252
252
252
252
252
252
252
252
252
252
252
252
252
253
252
238
161
144
150
150
149
150
149
151
149
150
149
164
240
254
254
253
252
252
252
252
252
252
252
252
252
252
254
251
216
148
148
175
225
255
253
252
252
252
254
255
221
168
137
129
149
158
216
255
254
228
94
221
246
254
252
254
249
187
148
145
146
215
249
254
252
252
252
252
252
252
252
252
252
252
252
252
252
252
252
252
252
252
72
233
246
254
252
252
252
252
252
252
252
252
252
252
252
252
252
252
252
252
252
252
252
252
254
255
217
150
145
197
254
254
252
252
252
252
252
252
254
247
223
81
126
144
151
158
222
255
254
253
252
252
252
252
252
252
252
252
252
252
252
252
252
252
252
253
254
250
184
157
152
145
148
151
153
155
157
149
156
180
254
254
253
254
254
254
253
252
252
252
252
252
252
254
254
229
157
151
155
177
242
250
255
253
252
252
254
252
206
150
145
127
100
171
245
252
234
68
70
94
252
254
253
255
251
187
146
148
158
230
255
254
252
252
252
252
252
252
252
252
252
252
252
252
252
252
252
252
252
252
72
112
252
254
252
252
252
252
252
252
253
254
254
254
253
252
252
252
252
252
252
252
252
252
253
244
202
144
182
248
252
253
252
252
252
252
252
252
253
255
250
200
153
164
163
214
248
253
253
252
252
252
252
252
252
252
252
252
252
252
252
252
252
252
252
252
253
249
248
237
170
163
160
153
144
151
151
139
80
217
243
254
255
246
252
246
255
253
252
252
252
252
252
254
250
214
148
148
156
167
95
225
247
254
252
252
254
255
208
162
149
137
107
117
194
249
95
76
74
233
251
254
254
254
248
184
145
150
217
251
254
252
252
252
252
252
252
252
252
252
252
252
252
252
252
252
252
252
252
252
72
233
246
254
252
252
252
252
252
253
255
246
252
246
255
253
252
252
252
252
252
252
252
253
254
226
161
190
246
254
254
253
252
252
252
252
252
252
252
254
253
248
242
239
244
249
254
253
252
252
252
252
252
252
252
252
252
252
252
252
252
252
252
252
252
252
253
253
254
253
247
241
237
170
166
144
145
59
74
100
254
255
254
228
94
221
246
254
252
252
252
252
253
254
233
162
153
147
141
61
73
96
252
254
252
253
255
254
223
86
172
147
146
144
153
156
179
82
224
250
255
251
251
246
192
153
144
153
228
255
254
252
252
252
252
252
252
252
252
252
252
252
252
252
252
252
252
252
252
252
252
253
255
253
252
252
252
252
253
255
254
228
94
221
246
254
252
252
252
252
252
252
252
253
251
243
240
244
253
254
253
252
252
252
252
252
252
252
252
253
253
254
254
254
254
254
253
252
252
252
252
252
252
252
252
252
252
252
252
252
252
252
252
252
252
252
252
252
253
254
254
255
253
248
242
238
87
70
71
229
250
250
228
67
70
94
252
254
252
252
252
252
253
248
215
149
150
153
75
66
74
228
248
254
254
254
249
229
71
77
92
198
153
147
149
158
153
165
168
224
194
211
204
170
158
140
71
138
217
254
253
252
252
252
252
252
252
252
252
252
252
252
252
252
252
252
252
252
252
252
252
253
253
252
252
252
252
252
254
246
228
67
70
94
252
254
252
252
252
252
252
252
252
252
253
254
254
254
253
253
252
252
252
252
252
252
252
252
252
252
252
252
252
252
252
252
252
252
252
252
252
252
252
252
252
252
252
252
252
252
252
252
252
252
252
252
252
252
252
252
252
253
254
254
255
254
227
96
229
254
255
253
94
70
67
228
246
254
252
252
252
252
254
238
167
156
149
149
138
92
235
254
255
248
252
252
255
96
70
71
231
207
165
152
149
148
152
151
156
153
157
154
156
148
138
66
67
93
228
255
253
252
252
252
252
252
252
252
252
252
252
252
252
252
252
252
252
252
252
252
252
252
252
252
252
252
252
252
254
252
94
70
67
228
246
254
252
252
252
252
252
252
252
252
252
252
252
252
252
252
252
252
252
252
252
252
252
252
252
252
252
252
252
252
252
252
252
252
252
252
252
252
252
252
252
252
252
252
252
252
252
252
252
252
252
252
252
252
252
252
252
252
252
252
253
255
246
252
246
255
254
246
221
94
228
254
255
253
252
252
252
252
253
248
211
143
147
153
177
240
253
255
254
228
94
224
242
224
94
229
254
254
244
202
161
154
149
148
151
151
151
150
152
152
81
65
68
202
248
254
252
252
252
252
252
252
252
252
252
252
252
252
252
252
252
252
252
252
252
252
252
252
252
252
252
252
252
252
254
246
221
94
228
254
255
253
252
252
252
252
252
252
252
252
252
252
252
252
252
252
253
254
254
254
253
252
252
252
252
252
252
252
252
252
252
252
252
252
252
252
252
252
252
252
252
252
252
252
252
252
252
252
252
252
252
252
252
252
252
252
252
252
252
252
252
253
254
254
254
253
253
255
246
252
246
255
253
252
252
252
252
252
253
254
229
162
183
219
195
253
255
248
228
67
70
96
255
252
252
247
255
254
254
251
244
198
160
155
150
149
149
149
152
148
134
77
149
229
255
254
252
252
252
252
252
252
252
252
252
252
252
252
252
252
252
252
252
252
252
252
252
252
252
252
252
252
252
252
253
255
246
252
246
255
253
252
252
252
252
252
252
252
252
252
252
252
252
252
252
253
255
246
252
249
255
254
254
253
252
252
252
252
252
252
252
252
252
252
252
252
252
252
252
252
252
252
252
252
252
252
252
252
252
252
252
252
252
252
252
252
252
252
252
252
252
252
252
252
252
252
252
253
254
254
254
253
252
252
252
252
252
252
252
253
246
243
245
246
251
248
254
252
94
70
67
228
248
254
254
254
253
252
253
254
254
251
244
192
156
161
161
153
152
162
171
158
218
246
255
254
252
252
252
252
252
252
252
252
252
252
252
252
252
252
252
252
252
252
252
252
252
252
252
252
252
252
252
252
252
253
254
254
254
253
252
252
252
252
252
252
252
252
252
252
252
252
252
252
253
255
254
228
96
229
242
254
246
255
253
252
252
252
252
252
252
252
252
252
252
252
252
252
252
252
252
252
252
252
252
252
252
252
252
252
252
252
252
252
252
252
252
252
252
252
252
252
252
252
252
252
252
252
252
252
252
252
252
252
252
252
252
252
252
253
254
254
254
254
254
253
254
246
221
94
228
254
255
253
252
252
252
252
252
252
253
254
254
249
204
215
241
193
164
225
247
223
94
224
248
254
252
252
252
252
252
252
252
252
252
252
252
252
252
252
252
252
252
252
252
252
252
252
252
252
252
252
252
252
252
252
252
252
252
252
252
252
252
252
252
252
252
252
252
253
254
254
254
253
254
246
228
68
78
99
227
99
221
246
254
252
252
252
252
252
252
252
252
252
252
252
252
252
252
252
252
252
252
252
252
252
252
252
252
252
252
252
252
252
252
252
252
252
252
252
252
252
252
252
252
252
252
252
252
252
252
252
252
252
252
252
252
252
252
252
252
252
252
252
252
252
253
255
246
252
246
255
253
252
252
252
252
252
252
252
252
253
254
252
253
253
254
249
250
245
235
73
73
95
252
254
252
252
252
252
252
252
252
252
252
252
252
252
252
252
252
252
252
252
252
252
252
252
252
252
252
252
252
252
252
252
252
252
252
252
252
252
252
252
252
252
252
252
253
255
246
252
246
255
254
252
94
74
61
204
61
74
94
252
254
252
252
252
252
252
252
252
252
252
252
252
252
252
252
252
252
252
252
252
252
252
252
252
252
252
252
252
252
252
252
252
252
252
252
252
252
252
252
252
252
252
252
252
252
252
252
252
252
252
252
252
252
252
252
252
252
252
252
252
252
252
252
253
254
254
254
253
252
252
252
252
252
252
252
252
252
252
252
253
253
253
254
254
255
254
95
70
67
228
246
254
252
252
252
252
252
252
252
252
252
252
252
252
252
252
252
252
252
252
252
252
252
252
252
252
252
252
252
252
252
252
252
252
252
252
252
252
252
252
252
252
252
253
255
254
229
99
229
254
255
248
221
99
227
99
78
68
228
246
254
252
252
252
252
252
252
252
252
252
252
252
252
252
252
252
252
252
252
252
252
252
252
252
252
252
252
252
252
252
252
252
252
252
252
252
252
252
252
252
252
252
252
252
252
252
252
252
252
252
252
252
252
252
252
252
252
252
252
252
252
252
252
252
252
252
252
252
252
252
252
252
252
252
252
252
252
252
252
252
252
252
252
252
254
246
221
94
228
254
255
253
252
252
252
252
252
252
252
252
252
252
252
252
252
252
252
252
252
252
252
252
252
252
252
252
252
252
252
252
252
252
252
252
252
252
252
252
252
252
252
252
252
253
253
240
87
73
87
240
254
255
246
254
240
226
90
225
253
255
253
252
252
252
252
252
252
252
252
252
252
252
252
252
252
252
252
252
252
252
252
252
252
252
252
252
252
252
252
252
252
252
252
252
252
252
252
252
252
252
252
252
252
252
252
252
252
252
252
252
252
252
252
252
252
252
252
252
252
252
252
252
252
252
252
252
252
252
252
252
252
252
252
252
252
252
252
252
252
252
252
252
252
252
253
255
246
252
246
255
253
252
252
252
252
252
252
252
252
252
252
252
252
252
252
252
252
252
252
252
252
252
252
252
252
252
252
252
252
252
252
252
252
252
252
252
252
252
252
252
252
252
252
252
252
72
72
72
72
72
252
252
252
252
252
252
252
252
252
252
252
252
252
252
252
252
252
252
252
252
252
252
252
252
252
252
252
252
252
252
252
252
252
252
252
252
252
252
252
252
252
252
252
252
252
252
252
252
252
252
252
252
252
252
252
252
252
252
252
252
252
252
252
252
252
252
252
252
252
252
252
252
252
252
252
252
252
252
252
252
252
252
252
252
252
252
252
252
252
252
252
252
252
252
252
252
252
252
252
252
252
252
252
252
252
252
252
252
252
252
252
252
252
252
252
252
252
252
252
252
252
252
