247
247
247
247
247
247
247
247
247
247
247
247
247
247
247
247
247
247
247
247
247
247
247
247
247
247
247
247
247
247
247
247
247
247
247
247
247
247
247
247
247
247
247
247
247
247
247
247
247
247
247
247
247
247
247
247
247
247
247
247
247
247
247
247
247
247
247
247
247
247
247
247
247
247
185
185
186
187
187
247
247
247
247
247
247
247
247
247
247
247
247
247
247
247
247
247
247
247
247
40
40
40
247
247
247
247
247
247
247
247
247
247
247
247
247
247
247
247
247
247
247
247
247
247
247
247
247
247
247
247
247
247
247
247
247
247
247
247
247
247
247
247
247
247
247
247
247
247
247
247
247
247
247
247
247
247
247
247
247
247
247
247
247
247
247
247
247
247
247
247
247
247
247
247
247
247
247
247
247
247
247
247
247
247
247
247
247
247
247
247
247
247
247
247
247
247
247
247
247
247
247
247
247
247
247
247
247
247
247
247
247
247
247
248
250
247
244
239
242
236
191
186
188
188
186
184
185
184
199
242
250
247
247
247
247
247
247
247
247
247
247
249
254
250
215
60
207
241
253
225
88
225
250
249
247
247
247
247
247
247
247
247
247
247
247
247
247
247
247
247
247
247
247
247
247
247
247
247
247
247
247
247
247
247
247
247
247
247
247
247
247
247
247
247
247
247
247
247
247
247
247
247
247
247
247
247
247
247
247
247
247
247
247
247
247
247
247
247
247
247
247
247
247
247
247
247
247
247
247
247
247
247
247
247
247
247
247
247
247
247
247
247
247
247
247
247
247
247
247
247
247
247
247
247
247
247
247
247
247
248
251
253
254
254
251
242
193
189
192
188
181
174
177
181
183
182
182
178
195
239
251
247
247
247
247
247
247
247
247
247
247
251
241
219
35
39
66
250
255
241
248
241
254
249
247
247
247
247
247
247
247
247
247
247
247
247
247
247
247
247
247
247
247
247
247
247
247
247
247
247
247
247
247
247
247
247
247
247
247
247
247
247
247
247
247
247
247
247
247
247
247
247
247
247
247
247
247
247
247
247
247
247
247
247
247
247
247
247
247
247
247
247
247
247
247
247
247
247
247
247
247
247
247
247
247
247
247
248
248
249
248
248
247
247
247
247
247
247
247
247
247
247
247
247
247
247
247
247
247
251
251
239
238
238
245
191
183
177
178
179
185
188
192
186
187
187
188
188
192
244
251
247
247
247
247
247
247
247
247
247
247
252
248
66
39
35
219
241
252
251
252
251
249
247
247
247
247
247
247
247
247
247
247
247
247
247
247
247
247
247
247
247
247
247
247
247
247
247
247
247
247
247
247
247
247
247
247
247
247
247
247
247
247
247
247
247
247
247
247
247
247
247
247
247
247
247
247
247
247
247
247
247
247
247
247
247
248
249
250
251
250
249
248
247
247
247
247
247
247
247
247
247
247
247
248
249
251
252
247
249
247
251
249
248
247
247
247
247
247
247
247
247
247
247
247
247
247
247
250
254
245
170
62
168
184
190
182
183
182
184
193
240
230
214
198
224
217
219
242
245
249
247
247
247
247
247
247
247
247
247
247
251
241
211
66
219
251
254
249
247
247
247
247
247
247
247
247
247
247
247
247
247
247
247
247
247
247
247
247
247
247
247
247
247
247
247
247
247
247
247
247
247
247
247
247
247
247
247
247
247
247
247
247
247
247
247
247
247
247
247
247
247
247
247
247
247
247
247
249
251
252
251
249
247
247
248
250
248
244
240
244
247
250
248
247
247
247
247
247
247
247
247
247
248
250
247
243
240
236
199
235
244
245
249
247
247
247
247
247
247
247
247
247
247
247
247
247
247
252
243
198
33
31
52
181
183
180
183
183
194
243
249
250
245
246
244
249
248
249
249
248
247
247
247
247
249
251
252
251
249
247
249
254
241
248
241
254
249
247
247
247
247
247
247
247
247
247
247
247
247
247
247
247
247
247
247
247
247
247
247
247
247
247
247
247
247
247
247
247
247
247
247
247
247
247
247
247
247
247
247
247
247
247
247
247
247
247
247
247
247
247
247
247
247
247
247
247
249
254
241
248
241
254
249
248
250
248
243
205
192
196
242
249
251
249
248
247
247
247
247
247
247
247
249
248
240
192
190
189
192
184
199
242
251
247
247
247
247
247
247
247
247
247
247
247
247
247
247
254
242
66
34
35
166
184
193
186
192
220
244
248
251
249
250
250
250
250
249
248
247
247
247
247
247
249
254
241
248
241
254
249
247
249
251
252
251
249
247
247
247
247
247
247
247
247
247
247
247
247
247
247
247
247
247
247
247
247
247
247
247
247
247
247
247
247
247
247
247
247
247
247
247
247
247
247
247
247
247
247
247
247
247
247
247
247
247
247
247
247
247
247
247
247
247
247
247
249
254
251
219
66
211
241
251
249
247
242
195
189
179
183
192
235
243
244
249
247
247
247
247
247
247
248
251
247
199
180
180
184
183
178
190
238
251
247
247
247
247
247
247
247
247
247
247
247
247
247
247
254
234
155
51
165
185
199
236
243
241
246
250
249
248
247
247
247
247
247
247
249
251
252
251
249
249
254
251
219
66
211
241
251
247
247
247
247
247
247
248
249
250
250
249
248
247
247
247
247
247
247
247
247
247
247
247
247
247
247
247
247
247
247
247
247
247
247
247
247
247
247
247
247
247
247
247
247
247
247
247
247
247
247
247
247
247
247
247
247
247
247
247
247
247
247
247
247
247
251
241
219
35
39
66
248
253
251
246
196
185
184
187
186
186
188
197
245
250
247
247
247
247
247
248
250
250
239
188
180
184
184
181
175
189
238
251
247
247
247
247
247
247
247
247
247
247
247
247
247
247
253
244
182
179
183
189
197
245
254
251
250
248
247
247
247
247
247
247
247
249
254
241
248
241
254
252
241
219
35
39
66
248
252
247
247
247
247
247
247
249
245
241
242
249
252
249
248
247
247
247
247
247
247
247
247
247
247
247
247
247
247
247
247
247
247
247
247
247
247
247
247
247
247
247
247
247
247
247
247
247
247
247
247
247
247
247
247
247
247
247
247
247
247
247
247
247
247
247
252
248
66
39
35
221
247
251
246
219
189
184
185
187
185
185
183
218
243
250
247
247
247
247
247
249
248
243
194
184
185
191
205
192
188
195
243
251
247
247
247
247
247
247
247
247
247
247
247
247
247
247
251
244
194
190
189
183
194
241
251
247
247
247
247
247
247
247
247
247
249
254
251
219
66
211
241
254
248
66
39
35
219
241
251
247
247
247
247
247
247
251
242
197
191
234
241
242
249
247
247
247
247
247
247
247
247
247
247
247
247
247
247
247
247
247
247
247
247
247
247
247
247
247
247
247
247
247
247
247
247
247
247
247
247
247
247
247
247
247
247
247
247
247
247
247
247
247
247
247
251
241
211
66
221
248
253
237
195
188
187
185
185
185
185
183
189
224
247
251
247
247
247
247
247
250
244
203
184
182
192
242
243
241
237
243
245
249
247
247
247
247
247
247
247
247
249
251
252
251
249
247
251
243
220
189
183
182
194
241
251
247
247
247
247
247
247
247
247
247
251
241
219
35
39
66
248
254
241
211
66
219
251
254
249
247
247
247
247
247
247
251
239
188
178
188
185
245
250
247
247
247
247
247
247
247
247
247
247
247
247
247
247
247
247
247
247
247
247
247
247
247
247
247
247
247
247
247
247
247
247
247
247
247
247
247
247
247
247
247
247
247
247
247
247
247
247
247
247
247
249
254
242
249
245
251
190
184
187
183
184
188
191
188
186
184
184
203
244
251
247
247
247
247
247
251
241
197
176
188
241
251
252
251
251
251
249
248
247
247
247
247
247
247
247
249
254
241
248
242
255
252
253
250
216
190
184
180
194
241
251
247
247
247
247
247
247
247
247
247
252
248
66
39
35
219
241
252
254
241
248
241
254
249
247
247
247
247
247
247
248
253
242
194
177
186
234
245
249
247
247
247
247
247
247
247
247
247
247
247
247
247
247
247
247
247
247
247
247
247
247
247
247
247
247
247
247
247
247
247
247
247
247
247
247
247
247
247
247
247
247
247
247
247
247
247
247
247
247
247
247
250
252
254
251
222
187
179
184
188
183
192
211
199
182
185
181
190
239
251
247
247
247
247
247
251
241
195
177
194
242
253
248
247
247
247
247
247
247
247
247
247
247
247
249
254
251
219
67
213
240
247
241
245
221
192
182
181
192
240
251
247
247
247
247
247
247
247
247
247
251
241
211
66
219
251
254
249
249
251
252
251
249
247
247
249
251
252
251
249
249
249
239
187
176
191
241
253
248
247
247
247
247
247
247
247
247
247
247
247
247
247
247
247
247
247
247
247
247
247
247
247
247
247
247
247
247
247
247
247
247
247
247
247
247
247
247
247
247
247
247
247
247
247
247
247
247
247
247
247
248
250
247
244
216
190
187
184
184
181
184
197
238
199
182
184
186
195
244
251
247
247
247
247
248
253
242
195
176
193
241
251
247
247
247
247
247
247
247
247
247
247
247
247
251
241
219
35
41
64
226
200
190
198
234
191
183
180
193
241
251
247
247
247
247
247
247
247
247
247
249
254
241
248
241
254
249
247
247
247
247
247
247
247
249
254
241
248
241
254
252
245
195
184
181
187
242
251
247
247
247
247
247
247
247
247
247
247
247
247
247
247
247
247
247
247
247
247
247
247
247
247
247
247
247
247
247
247
247
247
247
247
247
247
247
247
247
247
247
247
247
247
247
247
247
247
247
249
251
252
252
249
243
195
188
183
183
182
188
188
191
246
242
199
182
182
189
239
249
249
247
247
247
247
249
249
239
189
176
192
240
251
247
247
247
247
247
247
247
247
247
247
247
247
252
248
66
39
40
212
183
181
180
183
186
188
186
181
197
241
251
247
247
247
247
247
247
247
247
247
247
249
251
252
251
249
247
247
247
247
247
247
247
249
254
251
219
66
211
242
254
241
192
178
188
219
247
250
247
247
247
247
247
247
247
247
247
247
247
247
247
247
247
247
247
247
247
247
247
247
247
247
247
247
247
247
247
247
247
247
247
247
247
247
247
247
247
247
247
247
247
247
247
247
247
247
249
254
241
248
246
254
209
189
182
184
184
179
190
232
248
248
242
193
183
181
193
242
253
248
249
251
251
251
252
245
198
183
181
196
242
251
247
247
247
247
247
247
247
247
247
247
247
247
251
241
211
66
224
242
193
180
187
178
151
179
187
182
199
243
251
247
247
247
247
247
247
247
247
247
247
247
247
247
249
251
252
251
249
247
247
247
247
251
241
219
35
39
66
249
253
238
185
177
191
242
251
248
247
247
247
247
247
247
247
247
247
247
247
247
247
247
247
247
247
247
247
247
247
247
247
247
247
247
247
247
247
247
247
247
247
247
247
247
247
247
247
247
247
247
247
247
247
247
247
249
254
251
219
68
211
232
197
184
186
187
184
184
198
248
254
248
207
187
185
181
193
241
251
249
244
242
238
244
251
244
193
177
185
222
247
250
247
247
247
247
247
248
249
249
249
249
248
248
249
254
241
248
247
250
195
182
189
178
155
179
190
184
201
242
253
247
247
248
249
251
251
251
251
251
250
249
248
249
254
241
248
241
254
249
247
247
247
252
248
66
39
35
219
245
248
192
182
177
192
241
252
247
247
247
247
247
247
247
247
247
247
247
247
247
247
247
247
247
247
247
247
247
247
247
247
247
247
247
247
247
247
247
247
247
247
247
247
247
247
247
247
247
247
247
247
247
247
247
247
251
241
219
35
43
65
196
193
184
188
183
186
191
243
247
252
241
200
183
186
181
197
241
251
251
242
196
188
197
242
238
191
179
194
242
252
249
247
247
247
248
249
251
246
248
246
250
249
250
249
250
251
253
254
245
201
187
192
192
189
184
196
180
184
239
255
253
251
253
249
244
240
242
243
241
246
249
253
255
251
219
66
211
241
251
247
247
247
251
241
211
66
219
251
255
243
195
179
180
194
244
254
250
249
248
247
247
247
247
247
247
247
247
247
247
247
247
247
247
247
247
247
247
247
247
247
247
247
247
247
247
247
247
247
247
247
247
247
247
247
247
247
247
247
247
247
247
247
247
247
252
248
68
43
38
210
181
186
185
186
182
184
235
249
250
252
241
191
182
186
180
195
241
251
251
238
189
176
185
191
192
189
181
190
241
251
253
251
251
250
251
248
246
237
198
236
229
227
245
250
253
251
252
249
240
198
185
190
217
191
193
190
161
62
209
240
244
240
243
239
196
192
201
200
200
201
238
250
243
224
36
40
66
248
252
247
247
247
249
254
241
248
241
255
251
239
186
182
183
190
235
243
245
250
252
251
251
249
248
247
247
247
247
247
247
247
247
247
247
247
247
247
247
247
247
247
247
247
247
247
247
247
247
247
247
247
247
247
247
247
247
247
247
247
247
247
247
247
247
247
251
244
211
65
210
196
196
184
182
192
199
190
244
251
248
251
243
193
185
186
179
191
239
251
251
241
190
178
180
181
181
184
185
186
193
240
241
239
243
247
249
241
201
190
192
188
196
190
199
239
242
238
247
243
197
184
185
187
173
186
180
166
34
41
64
196
197
193
194
189
184
180
182
184
182
187
187
202
237
64
39
40
221
242
251
247
247
247
247
249
251
252
251
251
245
200
183
183
186
191
190
192
198
239
243
240
244
246
250
248
247
247
247
247
247
247
247
247
247
247
247
247
247
247
247
247
247
247
247
247
247
247
247
247
247
247
247
247
247
247
247
247
247
247
247
247
247
247
247
247
251
255
234
194
185
196
183
184
190
207
238
244
244
249
247
251
243
219
183
184
184
196
244
251
250
244
209
186
200
193
186
183
184
181
185
188
194
189
200
245
246
182
184
182
183
181
182
180
185
189
191
189
204
238
203
184
184
187
180
189
183
59
38
34
162
179
184
181
183
183
184
186
187
185
185
183
182
189
179
162
54
217
248
255
249
247
247
247
247
247
247
247
247
251
239
193
180
184
184
181
179
175
180
186
192
192
194
241
247
249
247
247
247
247
247
247
247
247
247
247
247
247
247
247
247
247
247
247
247
247
247
247
247
247
247
247
247
247
247
247
247
247
247
247
247
247
247
247
247
247
250
247
203
190
186
187
184
193
220
245
249
251
249
248
247
251
244
198
183
182
191
239
249
249
249
247
244
241
244
236
189
181
187
185
186
179
178
176
193
234
196
185
180
183
188
187
194
186
187
179
180
179
197
214
195
180
190
195
230
196
179
162
59
166
190
194
188
185
186
184
181
183
184
185
186
187
185
186
192
180
187
183
252
253
248
247
247
247
247
247
247
247
248
253
243
190
182
187
188
192
195
194
190
186
182
177
183
194
245
251
248
247
247
247
247
247
247
247
247
247
247
247
247
247
247
247
247
247
247
247
247
247
247
247
247
247
247
247
247
247
247
247
247
247
247
247
247
247
247
247
251
240
194
181
185
187
194
226
249
251
249
248
247
247
247
251
241
191
180
180
192
243
253
248
248
249
250
251
254
243
195
175
187
216
206
190
188
180
190
190
188
183
183
187
199
237
212
236
197
189
186
188
189
166
62
160
177
201
233
198
184
179
181
177
188
185
184
185
189
190
195
192
187
182
181
184
185
185
186
187
182
188
236
248
251
251
252
251
249
247
247
247
249
249
237
191
183
184
199
237
244
241
242
241
194
187
179
186
238
249
250
248
247
247
247
247
247
247
247
247
247
247
247
247
247
247
247
247
247
247
247
247
247
247
247
247
247
247
247
247
247
247
247
247
247
247
247
247
247
247
251
241
193
181
186
187
214
242
250
253
249
248
247
247
247
251
240
195
180
180
193
240
251
247
247
247
247
248
253
242
193
180
181
241
249
238
202
206
199
191
186
183
187
197
246
246
251
245
247
219
199
186
166
31
37
58
182
203
236
201
194
198
199
197
198
207
188
189
182
247
246
241
221
192
186
186
180
182
184
185
183
185
198
248
255
242
248
241
254
249
247
247
251
245
194
187
184
183
198
246
254
251
253
251
239
190
180
187
196
244
249
249
247
247
247
247
247
247
247
247
247
247
247
247
247
247
247
247
247
247
247
247
247
247
247
247
247
247
247
247
247
247
247
247
247
247
247
247
247
247
251
240
194
180
186
188
188
192
239
246
246
250
248
247
247
251
241
195
182
181
195
242
251
247
247
247
247
249
248
237
187
185
238
249
253
249
248
241
235
185
184
183
190
240
251
251
250
250
250
246
249
240
65
37
33
165
178
199
238
248
240
241
241
243
250
245
213
57
208
242
255
251
247
244
236
196
188
184
184
187
188
181
194
249
253
220
66
211
241
251
247
247
252
239
192
178
184
185
202
245
250
247
248
251
246
199
184
178
185
208
247
251
248
247
247
247
247
247
247
247
247
247
247
247
247
247
247
247
247
247
247
249
251
252
251
249
247
247
247
247
247
247
247
247
247
247
247
247
247
247
250
244
199
184
183
184
180
183
185
193
242
249
251
249
248
252
241
199
182
180
192
240
251
247
247
247
247
251
245
196
181
194
243
253
249
249
253
247
196
184
183
183
202
244
252
248
247
247
248
250
253
246
219
66
169
187
186
195
241
253
251
251
251
254
247
224
40
44
70
250
253
248
250
252
248
246
239
196
186
183
188
184
194
218
222
38
40
66
248
252
247
248
251
239
181
181
184
190
239
249
249
247
247
249
248
243
190
187
181
187
238
246
249
247
247
247
247
247
247
247
247
247
247
247
247
247
247
247
247
247
249
254
241
248
241
254
249
247
247
247
247
247
247
247
247
247
247
247
247
247
249
248
242
193
184
181
183
184
182
182
190
238
246
248
252
254
247
202
183
187
197
245
251
247
247
247
247
251
239
198
175
192
241
251
247
247
251
239
191
179
184
183
198
241
251
247
247
247
247
247
249
255
240
235
178
190
186
193
244
251
247
247
247
252
248
66
39
35
219
241
251
247
247
248
249
253
253
251
201
189
185
184
189
191
59
36
37
219
241
251
247
250
247
220
184
181
184
195
244
252
248
247
247
248
250
249
238
190
181
183
185
244
251
247
247
247
247
247
247
247
247
247
247
247
247
247
247
247
247
249
254
251
219
66
211
241
251
247
247
247
247
247
247
247
247
247
247
247
247
247
248
250
248
242
199
190
189
188
189
182
186
188
198
238
235
250
232
193
176
196
240
248
249
247
247
247
247
251
241
192
175
191
239
252
247
247
251
242
195
182
186
179
190
240
252
247
247
247
247
247
247
252
247
185
191
184
189
237
248
249
247
247
247
251
241
211
66
219
251
254
249
247
247
247
249
255
244
249
233
199
185
184
188
179
156
65
224
251
254
249
247
251
242
191
182
183
179
199
239
251
247
247
247
247
248
251
247
200
187
177
191
240
252
248
247
247
247
247
247
247
247
247
247
247
247
247
247
247
247
251
241
219
35
39
66
248
252
247
247
247
247
247
247
247
247
247
247
247
247
247
247
248
251
253
255
253
189
178
170
184
181
181
186
189
200
194
178
62
156
189
238
253
250
248
247
247
248
253
242
195
175
186
239
251
247
247
250
247
216
189
185
178
187
238
252
247
247
247
247
247
247
251
237
195
179
182
198
248
255
250
247
247
247
249
254
241
248
241
254
249
247
247
247
249
254
251
220
72
207
187
184
187
193
185
183
235
253
255
249
247
248
253
240
190
180
184
183
184
244
251
247
247
247
247
247
249
249
239
192
179
188
236
247
249
247
247
247
247
247
247
247
247
247
247
247
247
247
247
247
252
248
66
39
35
219
241
251
247
247
247
247
247
247
247
247
247
247
247
247
247
247
247
253
241
236
217
215
85
186
199
181
180
178
183
175
161
33
38
55
189
225
247
249
251
249
248
249
249
240
187
181
203
244
251
247
247
250
248
238
188
184
181
183
239
252
247
247
247
247
247
247
252
241
192
183
189
183
239
246
254
249
247
247
247
249
251
252
251
249
247
247
247
247
251
241
219
35
42
62
203
190
190
189
163
64
216
247
252
247
247
249
249
237
186
183
183
188
238
248
249
247
247
247
247
247
248
252
243
200
181
190
195
250
250
247
247
247
247
247
247
247
247
247
247
247
247
247
247
247
251
241
211
68
223
255
255
251
247
247
247
247
247
247
247
247
247
247
247
247
247
247
247
254
226
69
34
61
224
252
255
236
198
200
197
186
53
36
35
165
183
197
198
237
246
247
251
251
245
193
182
187
239
250
249
247
247
250
246
204
186
183
181
198
241
252
247
247
247
247
247
247
252
240
190
188
187
167
62
215
241
251
247
247
247
247
247
247
247
247
247
247
247
247
252
248
66
39
37
221
216
198
179
166
33
44
73
250
253
247
247
251
245
191
187
187
183
199
245
253
249
247
247
247
247
247
247
252
242
197
181
183
234
243
250
247
247
247
247
247
247
247
247
247
247
247
247
247
249
252
255
255
255
255
236
249
233
251
247
247
247
247
247
247
247
247
247
247
247
247
247
247
247
254
226
68
33
59
206
219
211
202
220
238
255
212
180
75
178
200
205
197
197
194
196
241
249
247
220
184
177
193
241
253
248
247
247
250
245
203
185
185
183
198
242
251
248
247
247
247
247
247
252
240
195
177
165
30
38
68
248
252
247
247
247
247
247
247
247
247
247
247
247
247
251
241
213
70
226
255
251
196
181
58
37
32
214
240
254
252
251
253
245
187
179
181
190
194
240
250
250
248
247
247
247
247
248
251
241
192
181
186
199
246
251
247
247
247
249
252
255
255
255
255
255
255
255
255
255
246
226
205
209
213
209
92
238
252
247
247
247
247
247
247
247
247
247
247
247
247
247
247
247
252
239
232
217
223
88
88
89
88
86
218
211
212
193
158
150
162
158
156
169
179
199
209
255
255
202
195
193
210
254
255
255
255
255
255
255
255
212
198
186
189
225
249
251
248
247
247
247
247
251
242
200
180
57
38
41
220
241
251
247
247
247
247
247
247
247
247
247
247
247
247
249
255
251
242
242
254
253
204
178
160
60
167
199
255
248
248
243
255
247
175
51
161
179
188
189
245
253
255
255
255
255
255
255
255
237
201
195
194
206
254
255
255
255
255
255
246
226
203
205
205
205
205
205
205
207
211
82
86
88
86
78
226
235
251
247
247
247
247
247
247
247
247
247
247
247
247
247
247
247
249
252
255
255
246
226
203
205
207
211
83
87
95
89
85
74
75
73
71
67
156
151
159
204
204
157
150
152
167
204
209
205
205
205
206
208
207
200
171
179
198
207
252
255
255
255
255
255
255
255
254
211
190
171
76
236
255
255
255
255
255
255
255
255
255
255
255
255
255
255
255
255
255
255
229
76
229
250
224
202
194
184
175
198
250
228
72
227
251
233
47
49
79
212
203
194
206
238
226
209
210
209
209
212
208
169
156
154
151
158
202
208
205
205
205
207
211
82
86
88
88
88
88
88
88
86
82
211
207
205
203
224
239
253
249
247
247
247
247
247
247
247
247
247
247
247
247
247
247
247
247
247
247
249
252
255
255
255
255
246
226
204
210
204
163
152
158
155
158
161
74
73
79
92
88
80
70
73
80
86
90
88
88
88
88
88
91
88
76
160
154
157
170
194
208
208
207
207
208
213
206
161
159
148
162
200
217
207
205
205
205
205
205
205
205
205
205
205
205
205
205
205
213
206
43
24
43
201
173
157
170
160
61
160
207
47
24
45
199
50
16
16
176
194
154
148
154
159
76
78
85
83
86
82
80
76
71
71
73
80
88
90
88
88
88
86
82
211
207
205
205
205
205
205
205
203
226
246
255
255
255
255
252
249
247
247
247
247
247
247
247
247
247
247
247
247
247
247
247
247
247
247
247
247
247
247
247
247
249
252
255
255
255
254
206
196
199
198
187
232
225
167
208
208
201
156
151
159
188
208
206
205
205
205
205
205
206
210
211
75
70
69
72
75
84
91
91
90
85
87
78
76
71
78
85
91
91
88
88
88
88
88
88
88
88
88
88
88
88
88
88
88
96
58
51
27
70
71
84
63
59
29
48
68
63
53
26
72
64
70
51
74
89
96
87
79
79
70
157
149
153
176
155
158
154
154
154
154
163
207
209
206
205
205
205
203
226
246
255
255
255
255
255
255
255
255
255
252
249
247
247
247
247
247
247
247
247
247
247
247
247
247
247
247
247
247
247
247
247
247
247
247
247
247
247
247
247
247
247
247
247
251
243
196
187
187
185
185
199
251
255
255
255
255
201
199
194
205
253
255
255
255
255
255
255
255
255
255
251
233
163
157
151
150
152
197
198
168
182
157
155
154
151
159
204
210
206
205
205
205
205
205
205
205
205
205
205
205
205
205
205
205
213
198
74
208
223
190
160
152
39
26
47
213
210
75
206
225
217
219
219
217
212
209
209
210
211
224
191
197
196
197
201
198
199
194
193
196
234
255
255
255
255
255
255
255
255
252
249
247
247
247
247
247
247
247
247
247
247
247
247
247
247
247
247
247
247
247
247
247
247
247
247
247
247
247
247
247
247
249
251
252
251
249
247
247
247
247
247
247
247
252
237
183
182
187
182
192
239
249
250
249
252
238
192
178
181
193
242
252
247
247
247
247
247
247
247
251
255
251
251
200
215
202
204
201
204
205
200
204
198
195
198
210
255
255
255
255
255
255
255
255
255
255
255
255
255
255
255
255
255
255
255
248
251
251
255
221
203
192
169
59
172
252
251
252
248
255
255
255
255
255
255
255
255
255
255
255
247
195
190
188
185
179
177
181
184
201
245
255
243
248
241
254
249
247
247
247
247
247
247
247
247
247
247
247
247
247
247
247
247
247
247
247
247
247
247
247
247
247
247
247
247
247
247
247
247
247
249
254
241
248
241
254
249
247
247
247
247
247
247
252
239
184
181
188
180
193
242
253
248
247
251
240
192
181
181
195
241
251
247
247
247
247
247
247
249
254
251
222
65
209
235
242
195
189
191
186
183
179
181
177
186
236
248
249
247
247
247
247
247
247
247
247
247
247
247
247
247
247
247
247
249
251
253
254
244
189
183
193
181
182
186
214
251
253
251
249
247
247
247
247
247
247
247
247
248
250
247
243
241
237
195
194
191
183
235
247
253
253
219
66
211
241
251
247
247
247
247
247
247
247
247
247
247
247
247
247
247
247
247
247
247
247
247
247
247
247
247
247
247
247
247
247
247
247
247
247
254
251
219
66
211
241
251
247
247
247
247
247
247
252
239
192
180
187
179
188
240
252
247
247
251
243
195
183
177
192
241
251
247
247
247
247
247
247
251
241
219
35
41
70
253
253
244
239
242
239
196
193
194
191
201
245
251
248
247
247
247
247
247
247
247
247
247
247
247
247
247
247
247
247
247
249
247
246
216
188
182
188
188
188
199
224
245
249
247
247
247
247
247
247
247
247
247
247
247
248
249
251
252
249
244
240
238
243
247
254
243
220
35
39
66
248
252
247
247
247
247
247
247
247
247
247
247
247
247
247
247
247
247
247
247
247
247
247
247
247
247
247
247
247
247
247
247
247
247
247
241
219
35
39
66
248
252
247
247
247
247
247
247
251
240
191
181
188
180
190
240
252
247
247
249
247
242
190
178
188
239
251
247
247
247
247
247
247
252
248
66
39
35
219
242
252
251
251
253
249
246
239
241
239
243
245
249
247
247
247
247
247
247
247
247
247
247
247
247
247
247
247
247
248
250
251
245
202
188
187
185
186
184
194
224
247
248
248
247
247
247
247
247
247
247
247
247
247
247
247
247
247
248
249
251
251
251
251
249
253
248
66
39
35
219
241
251
247
247
247
247
247
247
247
247
247
247
247
247
247
247
247
247
247
247
247
247
247
247
247
247
247
247
247
247
247
247
247
247
247
248
66
39
35
219
241
251
247
247
247
247
247
247
251
240
196
181
187
181
195
241
251
247
247
248
250
249
242
191
198
244
250
247
247
247
247
247
247
251
241
211
66
219
251
254
249
247
247
248
249
251
251
251
251
251
249
248
247
247
247
247
247
247
247
247
247
247
247
247
247
248
249
251
250
247
245
217
192
182
185
187
185
184
217
243
250
249
247
247
247
247
247
247
247
247
247
247
247
247
247
247
247
247
247
247
247
247
247
247
251
241
211
66
219
251
254
249
247
247
247
247
247
247
247
247
247
247
247
247
247
247
247
247
247
247
247
247
247
247
247
247
247
247
247
247
247
247
247
247
247
241
211
66
219
251
254
249
247
247
247
247
247
247
251
242
198
182
184
181
194
240
251
247
247
247
248
250
247
243
242
246
249
249
251
252
251
249
247
249
254
241
248
241
254
249
247
247
247
247
247
247
247
247
247
247
247
247
247
248
248
249
250
251
251
251
251
251
251
251
251
252
250
247
242
223
198
193
188
185
187
188
183
191
206
249
250
247
247
247
247
247
247
247
247
247
247
247
247
247
247
247
247
247
247
247
247
247
247
247
249
254
241
248
241
254
249
247
247
247
247
247
247
247
247
247
247
247
247
247
247
247
247
247
247
247
247
247
247
247
247
247
247
247
247
247
247
247
247
247
247
254
241
248
241
254
249
247
247
247
247
247
247
247
251
243
201
181
183
185
200
245
250
247
247
247
247
248
249
250
250
249
250
254
241
248
241
254
249
247
249
251
252
251
249
247
247
247
247
247
247
247
247
247
247
247
247
247
247
249
244
248
244
247
241
240
241
238
246
245
245
240
239
204
200
193
184
185
186
186
186
185
186
191
241
248
248
247
247
247
247
247
247
247
247
247
247
247
247
247
247
247
247
247
247
247
247
247
247
247
247
249
251
252
251
249
247
247
247
247
247
247
247
247
247
247
247
247
247
247
247
247
247
247
247
247
247
247
247
247
247
247
247
249
251
252
251
249
247
247
247
249
251
252
251
249
247
247
247
247
247
247
247
247
251
244
201
181
181
189
238
250
249
247
247
247
247
247
247
247
247
249
254
251
219
66
211
241
251
247
247
247
247
247
247
247
247
247
247
247
247
247
247
247
247
247
247
247
248
251
243
208
235
206
192
198
189
188
199
235
190
189
190
181
184
186
186
186
187
186
185
182
190
221
246
251
248
247
247
247
247
247
247
247
247
247
247
247
247
247
247
247
247
247
247
247
247
247
247
247
247
247
247
247
247
247
247
247
247
247
247
247
247
247
247
247
247
247
247
247
247
247
247
247
247
247
247
247
247
247
247
247
249
254
241
248
241
254
249
247
247
247
247
247
247
247
247
247
247
247
247
247
247
247
250
243
206
181
175
191
240
252
248
247
247
247
247
247
247
247
247
251
241
219
35
39
66
248
252
247
247
247
247
247
247
247
247
247
247
247
247
247
247
247
247
247
247
247
249
248
236
193
186
190
183
182
181
180
186
185
184
178
181
184
185
186
187
187
186
184
188
183
193
233
249
249
247
247
247
247
247
247
247
247
247
247
247
247
247
247
247
247
247
247
247
247
247
247
247
247
247
247
247
247
247
247
247
247
247
247
247
247
247
247
247
247
247
247
247
247
247
247
247
247
247
247
247
247
247
247
247
249
254
251
219
66
211
241
251
247
247
247
247
247
247
247
247
247
247
247
247
247
247
247
249
246
221
198
195
201
245
251
247
247
247
247
247
247
247
247
247
252
248
66
39
35
219
241
251
247
247
247
247
247
247
247
247
247
247
247
247
247
247
247
247
247
247
247
250
242
192
180
179
184
187
186
187
186
186
186
184
185
187
187
184
183
183
183
182
186
197
214
219
244
249
248
247
247
247
247
247
247
247
247
247
247
247
247
247
247
247
247
247
247
247
247
247
247
247
247
247
247
247
247
247
247
247
247
247
247
247
247
247
247
247
247
247
247
247
247
247
247
247
247
247
247
247
247
247
247
247
251
241
219
35
39
66
248
252
247
247
247
247
247
247
247
247
247
247
247
247
247
247
247
248
249
253
235
238
236
253
251
247
247
247
247
247
247
247
247
247
251
241
211
66
219
251
254
249
247
247
247
247
247
247
247
247
247
247
247
247
247
247
247
247
247
247
247
250
241
195
190
192
187
179
182
181
181
183
185
184
184
184
183
186
183
187
191
190
201
239
246
248
247
249
247
247
247
247
247
247
247
247
247
247
247
247
247
247
247
247
247
247
247
247
247
247
247
247
247
247
247
247
247
247
247
247
247
247
247
247
247
247
247
247
247
247
247
247
247
247
247
247
247
247
247
247
247
247
247
247
252
248
66
39
35
219
241
251
247
247
247
247
247
247
247
247
247
247
247
247
247
247
247
247
250
251
229
92
229
251
250
247
247
247
247
247
247
247
247
247
249
254
241
248
241
254
249
247
247
247
247
247
247
247
247
247
247
247
247
247
247
247
247
247
247
247
247
249
245
242
240
236
193
186
186
188
188
190
187
187
189
190
185
194
232
197
218
238
227
247
251
249
248
247
247
247
247
247
247
247
247
247
247
247
247
247
247
247
247
247
247
247
247
247
247
247
247
247
247
247
247
247
247
247
247
247
247
247
247
247
247
247
247
247
247
247
247
247
247
247
247
247
247
247
247
247
247
247
247
247
251
239
207
60
215
250
254
249
247
247
247
247
247
247
247
247
247
247
247
247
247
247
247
247
247
247
40
40
40
247
247
247
247
247
247
247
247
247
247
247
247
247
247
247
247
247
247
247
247
247
247
247
247
247
247
247
247
247
247
247
247
247
247
247
247
247
247
247
247
247
247
247
247
247
247
247
247
247
247
189
230
247
187
247
247
247
247
247
247
247
247
247
247
247
247
247
247
247
247
247
247
247
247
247
247
247
247
247
247
247
247
247
247
247
247
247
247
247
247
247
247
247
247
247
247
247
247
247
247
247
247
247
247
247
247
247
247
247
247
247
247
247
247
247
247
247
247
247
247
247
247
247
247
247
247
247
247
247
247
