244
244
244
244
244
244
244
244
244
244
244
244
244
244
244
244
244
244
244
244
244
244
244
244
244
244
244
244
244
244
244
244
244
244
244
244
244
244
244
244
244
244
244
244
244
244
244
244
244
244
244
244
244
244
244
244
244
244
244
244
244
244
244
244
244
244
244
244
244
244
244
244
244
244
244
244
244
244
244
244
244
244
244
244
244
244
244
244
244
244
244
244
244
244
244
244
244
244
244
244
244
244
244
244
244
244
244
244
244
244
244
244
244
244
244
244
244
244
244
244
244
244
244
244
244
244
244
244
244
244
244
244
244
244
244
244
244
244
244
244
244
244
244
244
244
244
244
244
244
244
244
244
244
244
244
244
244
244
244
244
244
244
244
244
244
244
244
244
244
244
244
244
244
244
244
244
244
244
244
244
244
244
244
244
244
244
244
246
247
248
247
246
244
244
244
244
244
244
244
244
244
244
244
244
244
244
244
244
244
244
244
244
244
244
244
244
244
244
244
244
244
244
244
244
244
244
244
244
244
244
244
244
244
244
244
244
244
244
244
244
244
244
244
244
244
244
244
244
244
244
246
248
249
248
246
244
244
244
244
244
244
244
244
244
244
244
244
244
244
245
247
249
249
247
245
244
244
244
244
244
244
244
244
244
244
244
244
244
244
244
244
244
244
244
244
244
244
244
244
244
244
244
244
244
244
244
244
244
244
244
244
244
244
244
244
244
244
244
244
244
244
244
244
244
244
244
244
244
244
244
244
244
244
244
244
244
246
251
240
245
240
251
246
244
244
244
244
244
244
244
244
244
244
244
244
244
244
244
244
244
244
244
244
244
244
244
244
244
244
244
244
244
244
244
244
244
244
244
244
244
244
244
244
244
244
244
244
244
244
244
244
244
244
244
244
244
244
244
244
248
246
238
235
237
245
245
244
244
244
244
244
244
244
244
244
244
244
244
245
249
245
236
235
239
248
244
244
244
244
244
244
244
244
244
244
244
244
244
244
244
244
244
244
244
244
244
244
244
244
244
244
244
244
244
244
244
244
244
244
244
244
244
244
244
244
244
244
244
244
244
244
244
244
246
247
248
247
246
244
244
244
244
244
244
244
246
251
248
224
111
218
240
247
244
244
244
244
244
244
244
244
244
244
244
244
244
244
244
244
244
244
244
244
244
244
244
244
244
244
244
244
244
244
244
244
244
244
244
244
244
244
244
244
244
244
244
244
244
244
244
244
244
244
244
244
244
244
244
246
249
245
188
139
211
249
247
244
244
244
244
244
244
244
244
244
244
244
244
247
245
239
162
155
235
250
245
244
244
244
244
244
244
244
244
244
244
244
244
244
244
244
244
244
244
244
244
244
244
244
244
244
244
244
244
244
244
244
244
244
244
244
244
244
244
244
244
244
244
244
244
244
244
246
251
240
245
240
251
246
244
244
244
244
244
244
247
240
224
87
90
111
245
248
244
244
244
244
244
244
244
244
244
244
244
244
244
244
244
244
244
244
244
244
244
244
244
244
244
244
244
244
244
244
244
244
244
244
244
244
245
248
250
252
253
253
252
250
248
245
244
244
244
244
244
244
244
244
244
246
244
199
125
132
205
250
249
244
244
244
244
244
244
244
244
246
247
248
247
251
250
178
126
133
223
249
251
247
245
244
244
244
244
244
244
244
244
244
244
244
244
244
244
244
244
244
244
244
244
244
244
244
244
244
244
244
244
244
244
244
244
244
244
244
244
244
244
244
244
244
244
244
246
251
248
224
111
218
240
247
244
244
244
244
244
244
248
245
111
90
87
224
240
247
244
244
244
244
244
244
244
244
244
244
244
244
244
244
244
244
244
244
244
244
244
244
244
244
244
244
244
244
244
244
244
244
244
244
245
247
250
244
237
230
232
232
229
236
239
246
244
244
244
244
244
244
244
244
246
251
214
142
124
130
205
245
248
244
244
244
244
244
244
244
246
251
240
245
242
255
240
170
125
135
152
229
240
242
247
244
244
244
244
244
244
244
244
244
244
244
244
244
244
244
244
244
244
244
244
244
244
244
244
244
244
244
244
244
244
244
244
244
244
244
244
244
244
244
244
244
244
244
247
240
224
87
90
111
245
248
244
244
244
244
244
244
247
240
218
111
224
248
251
246
244
244
244
244
244
244
244
244
244
244
244
244
244
244
244
244
244
244
244
244
244
244
244
244
244
244
244
244
244
244
244
244
244
245
249
244
242
216
150
145
146
142
136
147
224
249
244
244
244
244
244
244
244
244
247
249
207
137
124
132
145
225
250
245
244
244
244
244
244
246
251
248
224
111
223
248
201
142
133
132
137
137
178
246
251
244
244
244
244
244
244
244
244
244
244
244
244
244
244
244
244
244
244
244
244
244
244
244
244
244
244
244
244
244
244
244
244
244
244
244
244
244
244
244
244
245
248
250
254
249
113
91
87
224
240
247
244
244
244
244
244
244
246
251
240
245
240
251
246
244
244
244
244
244
244
244
245
247
249
251
252
251
249
246
245
244
244
244
244
244
244
244
244
244
244
244
244
244
244
244
244
245
246
250
249
236
156
137
131
123
131
139
137
147
224
249
244
244
244
244
244
244
244
244
248
250
209
139
129
128
141
219
252
246
244
244
244
244
244
247
240
224
87
91
115
240
186
129
132
135
129
123
156
236
250
248
244
244
244
246
247
248
247
246
244
244
244
244
244
244
244
244
244
244
244
244
244
244
244
244
244
244
244
244
244
244
244
244
244
244
244
244
244
244
244
247
239
231
231
234
218
113
224
248
251
246
244
244
244
244
244
244
244
246
247
248
247
246
244
244
244
244
244
244
244
245
248
244
239
230
231
231
237
243
247
244
244
244
244
244
244
244
244
244
244
244
244
244
244
244
246
250
248
244
234
154
130
123
124
132
184
239
235
239
243
248
244
244
244
244
244
244
244
244
248
252
212
140
130
132
136
214
245
249
244
244
244
244
244
248
245
111
90
92
232
203
147
131
132
144
139
140
134
177
246
248
248
244
246
251
240
245
240
251
246
244
244
244
244
244
244
244
244
244
244
244
244
244
244
244
244
244
244
244
244
244
244
244
244
244
244
244
244
245
248
254
223
146
141
209
246
250
244
254
248
246
244
244
244
244
244
244
244
244
244
244
244
244
244
244
244
244
244
244
244
248
248
240
166
145
147
146
185
245
249
244
244
244
244
244
244
244
244
244
244
244
244
244
245
249
249
245
237
179
141
134
135
141
145
181
247
255
249
250
244
252
246
244
244
244
246
247
248
247
249
245
204
133
131
133
134
155
235
251
245
244
244
244
244
247
240
218
112
229
245
199
132
128
138
155
213
141
122
130
186
247
250
249
252
248
224
111
218
240
247
244
244
244
244
244
244
244
244
244
244
244
244
244
244
244
244
244
244
244
244
244
244
244
244
244
244
244
245
249
245
245
200
128
116
189
246
255
244
246
242
253
249
247
246
244
244
244
244
244
244
244
244
244
244
244
244
244
244
246
250
250
245
170
131
127
125
126
170
242
252
244
244
244
244
244
244
244
244
244
244
244
244
246
247
243
239
194
142
136
126
130
149
229
236
241
252
250
225
111
220
244
251
247
246
246
251
240
245
241
255
231
153
138
140
141
131
136
220
246
248
244
244
244
244
246
251
240
246
246
219
145
132
128
137
224
238
166
134
131
132
191
241
244
241
225
87
90
111
245
248
244
244
244
244
244
244
244
244
244
244
244
244
244
244
244
244
244
244
244
244
244
244
244
244
244
244
244
247
244
232
155
135
98
122
144
220
253
226
112
225
235
248
240
251
246
244
244
244
244
244
244
244
244
244
244
244
245
248
249
246
240
177
135
132
135
136
130
168
239
248
247
244
244
244
244
244
244
244
244
244
244
244
247
243
216
143
137
130
124
131
140
233
249
253
251
243
225
87
91
119
239
249
240
252
252
248
224
111
220
245
229
167
123
158
155
140
134
155
241
251
245
244
244
244
244
246
247
251
252
205
136
126
135
150
233
249
243
210
139
134
133
152
229
251
114
90
87
224
240
247
244
244
244
244
244
244
244
244
244
244
244
244
244
244
244
244
244
244
244
244
244
244
244
244
244
244
244
249
241
156
125
83
89
88
139
200
229
92
97
114
224
115
218
240
247
244
244
244
244
244
244
244
244
244
244
245
248
243
240
200
145
138
132
128
129
131
129
139
191
254
249
244
244
244
244
244
244
244
244
244
244
246
252
229
147
129
127
134
139
153
227
245
249
245
248
245
111
91
94
227
220
114
218
244
244
224
87
90
113
251
230
147
121
102
163
134
127
142
225
246
247
244
244
244
244
244
244
249
253
209
138
122
132
207
245
252
252
247
200
129
121
129
211
242
224
112
224
248
251
246
244
244
244
244
244
244
244
244
244
244
244
244
244
244
244
244
244
244
244
244
244
244
244
244
245
247
249
255
240
155
89
90
91
123
137
203
113
97
83
203
84
93
111
245
248
246
247
248
247
246
244
244
245
246
247
250
245
221
143
136
131
124
134
141
155
147
132
92
168
238
248
246
244
244
244
244
244
244
244
245
247
251
249
219
137
125
133
139
202
243
244
248
245
244
247
240
218
114
220
227
94
91
111
249
249
111
90
87
226
248
221
141
78
94
98
140
131
135
156
241
249
244
244
244
244
244
244
248
244
201
131
128
145
220
252
246
248
251
221
159
137
136
142
233
239
246
240
251
246
244
244
244
244
244
244
244
244
244
244
244
244
244
244
244
244
244
244
244
244
244
244
244
244
244
247
242
238
237
225
148
121
95
131
128
137
195
223
118
224
114
97
89
224
240
248
251
240
245
240
251
246
246
250
245
246
249
238
151
130
126
134
138
146
219
231
204
88
84
106
203
253
249
244
246
247
248
247
246
244
246
244
242
228
148
135
130
134
197
249
251
248
245
244
244
246
251
240
249
239
119
91
87
224
244
244
218
111
224
249
255
221
106
82
102
173
143
132
127
154
237
254
245
244
244
244
244
245
249
220
144
127
129
200
243
249
244
245
245
244
235
175
125
123
151
238
253
247
246
244
244
244
244
244
244
244
244
244
244
244
244
244
244
244
244
244
244
244
244
244
244
244
244
244
244
250
249
188
149
144
142
141
147
141
133
148
220
247
249
235
225
112
224
248
252
252
248
224
111
218
241
251
245
244
231
166
222
218
142
128
134
138
196
242
250
253
123
98
82
124
185
241
248
246
251
240
245
240
251
246
251
245
191
143
134
129
132
185
246
249
246
244
244
244
244
244
246
247
251
244
220
111
224
248
252
252
240
245
240
252
254
216
131
88
188
238
172
128
128
151
232
247
246
244
244
244
244
245
249
220
144
126
137
211
255
252
245
245
246
251
253
195
136
118
139
224
249
244
244
244
244
244
244
244
244
244
244
244
244
244
244
244
244
244
244
244
244
244
244
244
244
244
244
245
249
252
241
170
123
123
128
149
198
134
129
191
245
251
250
253
242
245
240
251
248
240
224
88
91
115
251
255
246
188
134
142
144
144
142
128
134
190
254
252
253
244
209
98
122
133
142
207
252
254
247
224
111
218
240
250
246
233
152
128
130
137
176
246
248
248
244
244
244
244
244
244
244
244
246
251
240
245
240
251
246
246
247
248
247
247
252
219
135
126
199
254
189
138
129
136
171
248
252
246
247
246
245
245
247
243
200
126
128
194
242
245
248
245
244
246
245
241
189
143
161
235
249
244
244
244
244
244
244
244
244
244
244
244
244
244
244
244
244
244
244
244
244
244
244
244
244
244
245
246
242
240
185
138
129
136
145
160
145
136
135
199
250
249
244
246
247
248
247
246
249
246
115
96
96
224
234
239
189
134
128
130
131
134
136
122
98
221
242
249
246
254
229
148
128
128
134
200
250
244
224
87
90
111
245
254
248
170
136
131
129
160
237
250
248
244
244
245
246
249
251
251
250
247
246
246
247
248
247
246
244
244
244
244
244
245
252
218
137
125
195
251
242
156
128
126
155
234
250
244
242
239
245
245
247
252
211
134
132
138
147
224
245
249
245
244
247
247
240
232
236
242
247
244
244
244
244
244
244
244
244
244
244
244
244
244
244
244
244
244
244
244
244
244
246
247
248
247
248
249
218
154
135
133
134
147
231
216
142
122
136
197
249
249
244
244
244
244
244
244
249
235
218
103
223
219
156
143
135
126
126
130
136
136
131
83
94
118
246
249
244
249
238
178
135
126
136
201
253
249
110
90
87
224
243
252
237
162
128
129
135
174
248
251
245
247
249
253
248
242
232
231
237
246
251
250
247
245
244
244
244
244
244
244
244
245
252
218
137
125
192
255
247
169
131
130
135
176
250
242
182
214
249
247
245
247
244
196
134
126
129
141
229
244
247
244
245
246
249
249
249
247
245
244
244
244
244
244
244
244
244
244
244
244
244
244
244
244
244
244
244
244
244
246
251
240
245
242
255
254
210
135
124
125
132
218
255
233
148
125
136
197
249
249
244
244
244
244
244
244
252
250
171
211
155
144
133
131
143
150
151
145
144
135
93
91
97
227
240
247
244
248
249
216
141
123
137
202
251
244
218
111
224
250
254
249
181
138
131
137
159
241
249
252
253
249
241
233
227
173
152
149
160
207
233
239
244
248
245
244
244
244
244
244
244
246
254
221
138
125
190
252
251
179
140
129
128
176
251
201
136
200
243
248
244
246
250
245
185
132
126
133
157
241
251
245
244
244
244
244
244
244
244
244
244
244
244
244
244
244
244
244
244
244
244
244
244
244
244
244
244
244
246
251
248
225
114
224
242
246
197
132
130
137
155
232
250
223
142
124
134
195
249
249
244
244
244
244
244
248
250
234
167
136
139
126
131
175
237
235
237
227
153
130
122
107
233
251
251
245
244
247
252
217
141
121
137
202
250
254
240
245
241
251
243
192
140
131
128
148
235
254
248
236
233
234
169
147
144
137
129
127
133
139
143
156
227
246
249
245
244
244
244
244
244
248
242
211
128
127
191
250
252
231
152
127
130
172
234
182
124
138
223
250
244
244
249
250
218
157
132
126
143
228
246
246
244
244
244
244
244
244
244
244
244
244
244
244
244
244
244
244
244
244
244
244
244
244
244
244
244
244
247
240
224
90
86
105
219
156
136
132
133
196
241
246
238
160
136
128
135
194
249
249
244
244
244
244
246
245
244
174
134
130
130
133
166
245
253
254
255
243
163
132
127
166
238
252
248
244
244
245
250
224
148
126
136
206
251
250
247
248
248
253
209
148
134
132
132
160
236
251
203
147
147
140
129
120
124
129
135
136
135
131
126
132
145
230
244
247
244
244
244
244
244
249
239
153
134
128
190
249
255
244
168
136
132
146
148
142
131
141
224
250
244
244
245
247
246
204
148
129
136
166
247
251
245
244
244
244
244
244
244
244
244
244
244
244
244
244
244
244
244
244
244
244
244
244
244
244
244
244
248
245
111
97
79
140
135
139
138
147
205
251
252
254
229
142
129
130
135
195
248
249
244
244
244
244
248
248
186
134
131
132
138
164
242
247
248
244
251
236
162
129
130
141
191
250
249
244
244
244
248
245
204
131
127
197
243
248
244
244
245
247
233
174
131
133
134
159
214
155
136
127
125
133
146
151
142
136
130
135
136
137
136
131
130
151
239
249
244
244
244
244
244
249
236
207
123
131
191
249
252
246
225
140
127
133
132
126
130
204
244
248
244
244
244
246
251
239
164
124
124
151
234
249
247
245
244
244
244
244
244
244
244
244
244
244
244
244
244
244
244
244
244
244
244
244
244
244
244
244
247
240
218
119
208
149
128
132
161
223
235
245
252
255
229
148
129
131
132
193
249
249
244
244
244
244
248
249
186
137
133
130
150
233
249
248
245
244
250
244
170
138
129
130
178
242
249
244
244
244
249
251
210
136
124
142
217
251
246
244
244
252
251
190
135
133
136
145
138
133
123
127
133
200
237
237
225
154
140
138
133
136
137
135
127
152
233
251
244
244
244
244
245
251
233
149
128
135
196
246
249
252
241
160
138
136
136
134
150
223
252
247
244
244
244
244
250
244
186
141
136
134
165
243
245
247
244
244
244
244
244
244
244
244
244
244
244
244
244
244
244
244
244
244
244
244
244
244
244
244
246
251
240
250
237
170
135
134
147
151
154
203
241
251
235
151
130
131
131
191
249
249
244
244
244
244
246
249
239
170
129
127
156
239
255
246
244
244
246
247
228
147
129
131
153
213
248
247
244
244
246
251
217
147
124
137
211
252
248
244
246
251
245
185
131
134
136
131
129
137
144
151
204
245
253
255
246
243
211
144
130
131
135
135
130
166
235
251
244
244
244
244
245
250
224
143
121
141
200
251
248
250
240
218
133
135
131
132
197
245
248
244
244
244
244
244
247
243
244
224
147
126
135
182
249
250
244
244
244
244
244
244
244
244
244
244
244
244
244
244
244
244
244
244
244
244
244
244
244
244
244
246
247
250
249
225
137
121
125
123
131
136
155
227
225
145
131
129
134
194
246
249
244
244
244
244
244
252
247
178
132
126
145
230
247
246
244
244
245
253
232
152
126
133
143
200
252
248
244
244
244
249
244
195
126
130
207
244
248
245
246
245
200
139
134
134
133
138
143
182
233
238
242
248
247
246
248
252
248
210
145
140
138
135
131
158
240
253
245
244
244
244
245
251
226
144
121
176
240
249
245
253
241
159
137
136
130
135
202
251
249
244
244
244
244
244
245
246
254
236
153
124
127
169
237
248
246
244
244
244
244
244
244
244
244
244
244
244
244
244
244
244
244
244
244
244
244
244
244
244
244
244
244
245
252
238
162
146
147
141
133
127
135
155
151
142
133
134
145
205
250
247
244
244
244
244
244
251
242
173
129
127
136
162
243
250
244
244
244
250
238
159
134
126
169
234
246
248
244
244
244
249
251
202
134
127
148
225
251
248
250
213
143
132
135
134
137
152
232
246
248
251
248
246
245
244
244
246
247
246
238
175
132
132
131
147
231
248
246
244
244
244
245
251
226
141
124
183
249
254
250
250
227
142
130
136
130
136
201
250
248
244
244
244
244
244
244
244
250
239
154
135
130
137
189
250
248
244
246
247
248
247
246
244
244
244
244
244
244
244
244
244
244
244
244
244
244
244
244
244
244
244
244
244
247
241
237
232
237
195
135
128
128
134
135
135
133
133
185
244
250
246
244
244
244
244
244
249
248
182
137
129
131
163
239
251
244
244
244
248
247
222
141
128
142
202
253
249
244
244
244
248
249
200
135
119
141
217
250
248
249
205
139
128
136
130
141
226
249
250
246
245
244
244
244
244
244
244
245
253
251
188
133
135
133
136
170
243
249
244
244
244
245
251
226
142
122
182
249
252
242
233
154
135
129
133
127
136
204
251
249
244
244
244
244
244
244
244
247
246
225
145
125
129
184
245
250
245
251
240
245
240
251
246
244
244
244
244
244
244
244
244
244
244
244
244
244
244
244
244
244
244
244
244
245
247
249
252
253
247
192
139
140
135
136
138
135
131
182
246
251
246
244
244
244
244
244
246
249
236
160
128
135
191
240
251
244
244
244
245
254
229
146
124
129
182
241
249
244
244
244
248
250
199
135
122
144
219
251
249
251
206
137
130
135
136
160
238
251
247
247
248
247
246
244
244
244
244
244
251
246
185
131
133
132
138
169
244
249
244
244
244
245
251
226
141
122
184
246
246
171
137
134
138
148
145
134
129
198
244
248
244
244
244
244
244
244
244
246
253
232
152
125
135
189
248
253
250
248
224
111
218
240
247
244
244
244
244
244
244
244
244
244
244
244
244
244
244
244
244
244
244
244
244
244
244
244
244
248
246
242
237
171
137
131
137
136
134
136
197
248
249
246
244
244
244
244
244
253
243
169
128
133
173
243
253
244
244
244
244
252
225
147
126
132
136
203
251
247
244
244
248
248
197
133
120
140
217
249
250
250
207
138
129
131
140
218
246
249
251
240
245
240
251
246
244
244
244
244
251
249
188
127
92
123
148
232
248
246
244
244
244
245
251
226
142
123
189
250
190
133
123
130
155
237
205
134
129
146
220
252
247
244
244
244
244
244
244
244
252
230
145
124
130
185
242
251
241
224
87
90
111
245
248
244
244
244
244
244
244
244
244
244
244
244
244
244
244
244
244
244
244
244
244
244
244
244
244
244
246
249
251
246
159
139
136
137
135
132
138
206
243
247
244
244
244
244
244
250
239
165
127
126
154
234
247
247
244
244
244
251
224
143
126
129
132
199
250
249
244
244
248
249
204
135
125
142
225
250
248
251
206
138
131
132
147
226
255
253
248
224
111
218
240
247
244
244
244
244
252
241
176
86
87
91
158
239
253
245
244
244
244
245
251
226
141
126
188
241
180
123
131
146
240
253
212
135
121
131
206
244
247
244
244
244
244
244
244
246
255
231
142
87
125
144
209
254
247
111
90
87
224
240
247
244
244
244
244
244
244
244
244
244
244
244
244
244
244
244
244
244
246
249
252
254
255
255
255
255
255
255
255
254
237
148
138
141
142
138
137
146
226
255
255
255
255
255
255
255
255
190
146
133
140
181
255
255
255
255
255
255
243
158
140
134
135
201
253
255
255
255
255
255
254
203
152
223
255
255
255
255
215
144
130
134
139
225
255
253
234
96
100
123
255
255
255
255
255
255
255
253
122
93
91
128
163
246
255
255
255
255
255
255
255
235
150
131
187
197
147
140
152
241
255
255
223
147
136
137
151
235
255
255
255
255
255
255
255
255
253
224
98
84
89
130
192
250
244
218
111
224
248
251
246
244
244
244
244
244
244
244
244
244
244
244
244
244
244
244
244
244
247
235
224
214
218
217
215
214
214
213
217
221
156
132
125
127
125
123
115
116
185
217
215
213
214
214
213
216
216
209
137
119
117
149
214
218
213
214
214
217
214
192
122
123
126
127
192
221
214
214
214
217
215
208
206
210
217
215
216
221
186
127
122
97
126
134
214
216
93
69
69
190
209
217
214
214
214
215
223
219
160
86
119
121
139
209
219
215
217
218
217
215
221
204
131
124
133
126
117
115
190
215
220
217
211
171
117
118
130
200
225
218
215
214
214
214
214
219
214
101
88
86
126
137
201
251
254
240
245
240
251
246
244
244
244
244
244
244
244
244
244
244
244
244
244
244
244
244
244
244
248
240
139
119
127
123
135
129
127
127
132
120
109
96
98
101
109
108
107
108
120
131
128
127
127
127
127
128
134
123
113
96
99
114
125
134
127
127
127
129
132
117
106
91
89
97
111
128
128
127
127
128
129
131
132
131
129
127
129
130
115
101
84
94
88
108
119
123
111
99
117
126
135
129
127
127
129
134
129
120
97
98
94
106
116
127
132
135
123
127
123
135
133
117
108
94
101
106
110
121
125
131
129
129
131
124
110
96
98
105
122
128
132
128
127
127
127
133
115
102
88
126
129
180
240
248
246
247
248
247
246
244
244
244
244
244
244
244
244
244
244
244
246
247
247
244
244
244
244
244
248
242
227
190
80
187
209
217
214
213
220
213
142
119
122
120
161
223
178
187
220
216
214
214
214
214
214
213
221
212
142
121
120
147
212
217
216
213
214
214
220
201
129
128
131
139
194
218
214
214
214
214
214
214
214
214
214
213
216
221
185
93
83
92
122
137
206
226
223
224
222
218
215
214
214
214
218
213
199
80
79
91
122
140
209
224
222
217
193
80
187
211
224
193
132
118
121
173
225
223
217
215
214
214
218
223
171
102
89
91
124
208
220
224
220
219
218
226
216
144
128
133
141
194
251
249
244
244
244
244
244
244
244
244
244
244
244
244
244
244
244
246
251
240
239
244
244
244
244
244
248
245
232
99
103
124
255
255
255
255
255
251
171
136
136
142
192
253
254
249
254
255
255
255
255
255
255
255
255
245
160
128
131
142
195
255
255
255
255
255
255
251
213
179
234
244
248
255
255
255
255
255
255
255
255
255
255
255
255
255
214
136
91
133
131
159
238
255
255
255
255
255
255
255
255
255
255
255
124
97
90
131
129
154
238
255
253
237
100
103
125
255
255
229
141
127
142
205
255
255
255
255
255
255
255
255
198
116
96
104
138
169
247
246
248
255
255
255
234
155
132
129
169
237
249
246
244
244
244
244
244
244
244
244
244
244
244
244
244
244
246
251
248
224
112
244
244
244
244
244
248
245
111
90
87
224
240
247
244
247
248
233
155
129
131
160
230
252
250
248
245
244
244
244
244
244
244
244
250
240
170
135
137
136
187
246
248
244
244
244
246
246
242
245
247
252
248
246
244
244
244
244
244
244
244
244
244
244
247
249
206
133
127
137
131
151
233
255
247
245
244
244
244
244
245
248
249
213
136
90
126
140
142
166
235
252
245
111
90
87
224
245
238
150
135
135
186
241
247
246
244
244
244
244
248
251
208
129
97
97
105
137
148
151
147
200
238
174
136
140
130
138
183
250
250
244
244
244
244
244
244
244
244
244
244
244
244
244
244
244
247
240
224
87
89
92
244
244
244
244
247
240
218
111
224
248
251
246
244
249
247
173
137
131
133
175
238
254
241
251
246
244
244
244
244
244
244
244
247
243
239
218
166
228
240
243
246
244
244
244
244
246
247
247
246
245
244
244
244
244
244
244
244
244
244
244
244
244
247
250
211
139
133
134
130
144
218
245
244
248
245
245
246
248
251
248
228
154
137
133
128
138
205
241
243
249
240
218
111
224
248
255
235
154
157
233
244
246
248
244
244
244
244
244
244
250
243
174
104
100
106
131
132
127
131
142
145
140
130
128
124
156
234
249
246
244
244
244
244
244
244
244
244
244
244
244
244
244
244
244
248
245
111
90
89
244
244
244
244
244
246
251
240
245
240
251
246
244
244
251
240
166
127
131
135
167
219
118
218
240
247
244
244
244
244
244
244
244
245
247
250
244
246
245
250
246
245
244
244
244
244
244
244
244
244
244
244
244
244
244
244
244
244
244
244
244
244
244
244
248
242
193
132
132
133
140
141
167
241
251
254
254
246
249
241
233
146
135
134
133
131
150
225
254
247
246
251
240
245
240
251
249
240
236
237
246
250
246
245
244
244
244
244
244
244
252
248
180
125
103
127
135
138
136
134
134
134
133
132
136
140
177
245
251
244
244
244
244
244
244
244
244
244
244
244
244
244
244
244
244
247
240
218
111
218
244
244
244
244
244
244
246
247
248
247
246
244
244
244
252
241
168
130
133
133
150
85
96
111
245
248
244
244
244
244
244
244
244
244
244
245
246
247
246
245
244
244
244
244
244
244
244
244
244
244
244
244
244
244
244
244
244
244
244
244
244
244
244
244
249
251
215
151
130
133
133
130
136
167
233
235
234
233
171
212
153
136
131
133
133
135
206
245
247
244
244
246
247
248
247
246
245
247
249
249
247
245
244
244
244
244
244
244
244
244
251
240
180
138
139
135
129
129
131
133
134
136
131
135
151
228
240
242
246
244
244
244
244
244
244
244
244
244
244
244
244
244
244
244
244
246
251
240
245
239
244
244
244
244
244
244
244
244
244
244
244
244
244
244
251
240
168
128
131
136
90
88
91
224
240
247
244
244
244
244
244
244
244
244
244
244
244
244
244
244
244
244
244
244
244
244
244
244
244
244
244
244
244
244
244
244
244
244
244
244
244
244
244
244
245
247
245
188
135
132
134
135
136
140
140
112
145
142
145
133
136
127
127
127
132
199
247
248
246
244
244
244
244
244
244
244
244
244
244
244
244
244
244
244
244
244
244
244
244
244
249
242
180
207
231
164
150
155
150
139
131
127
134
148
233
248
251
247
245
244
244
244
244
244
244
244
244
244
244
244
244
244
244
244
244
244
246
247
248
247
244
244
244
244
244
244
244
244
244
244
244
244
244
244
249
247
173
134
128
143
166
118
226
248
251
246
244
244
244
244
244
244
244
244
244
244
244
244
244
244
244
244
244
244
244
244
244
244
244
244
244
244
244
244
244
244
244
244
244
244
244
244
244
244
244
247
248
245
180
135
128
129
126
120
77
76
80
120
124
122
133
143
151
141
186
244
250
246
244
244
244
244
244
244
244
244
244
244
244
244
244
244
244
244
244
244
244
244
244
244
248
241
242
245
245
241
231
234
236
197
144
148
176
232
245
249
245
244
244
244
244
244
244
244
244
244
244
244
244
244
244
244
244
244
244
244
244
244
244
244
244
244
244
244
244
244
244
244
244
244
244
244
244
244
247
245
239
154
127
154
225
247
242
251
246
244
244
244
244
244
244
244
244
244
244
244
244
244
244
244
244
244
244
244
244
244
244
244
244
244
244
244
244
244
244
244
244
244
244
244
244
244
244
244
244
244
248
248
243
188
151
151
156
109
107
102
151
150
150
145
159
229
233
233
240
246
248
244
244
244
244
244
244
244
244
244
244
244
244
244
244
244
244
244
244
244
244
244
244
244
245
245
246
247
248
249
251
254
254
247
237
234
241
246
247
245
244
244
244
244
244
244
244
244
244
244
244
244
244
244
244
244
244
244
244
244
244
244
244
244
244
244
244
244
244
244
244
244
244
244
244
244
244
244
245
248
247
235
152
167
246
254
247
246
244
244
244
244
244
244
244
244
244
244
244
244
244
244
244
244
244
244
244
244
244
244
244
244
244
244
244
244
244
244
244
244
244
244
244
244
244
244
244
244
244
244
244
247
247
242
236
240
232
207
91
202
227
237
233
230
240
247
254
251
249
246
245
244
244
244
244
244
244
244
244
244
244
244
244
244
244
244
244
244
244
244
244
244
244
244
244
244
244
244
244
244
246
251
243
249
247
255
250
247
245
244
244
244
244
244
244
244
244
244
244
244
244
244
244
244
244
244
244
244
244
244
244
244
244
244
244
244
244
244
244
244
244
244
244
244
244
244
244
244
244
245
249
243
236
234
241
246
244
244
244
244
244
244
244
244
244
244
244
244
244
244
244
244
244
244
244
244
244
244
244
244
244
244
244
244
244
244
244
244
244
244
244
244
244
244
244
244
244
244
244
244
244
245
246
248
253
249
234
99
102
123
254
255
253
252
249
247
245
244
244
244
244
244
244
244
244
244
244
244
244
244
244
244
244
244
244
244
244
244
244
244
244
244
244
244
244
244
244
244
244
246
251
248
224
111
218
240
247
244
244
244
244
244
244
244
244
244
244
244
244
244
244
244
244
244
244
244
244
244
244
244
244
244
244
244
244
244
244
244
244
244
244
244
244
244
244
244
244
244
244
244
245
247
249
249
247
245
244
244
244
244
244
244
244
244
244
244
244
244
244
244
244
244
244
244
244
244
244
244
244
244
244
244
244
244
244
244
244
244
244
244
244
244
244
244
244
244
244
244
244
244
244
244
244
244
248
245
111
90
87
224
240
247
244
244
244
244
244
244
244
244
244
244
244
244
244
244
244
244
244
244
244
244
244
244
244
244
244
244
244
244
244
244
244
244
244
244
244
244
244
247
240
224
87
90
111
245
248
244
244
244
244
244
244
244
244
244
244
244
244
244
244
244
244
244
244
244
244
244
244
244
244
244
244
244
244
244
244
244
244
244
244
244
244
244
244
244
244
244
244
244
244
244
244
244
244
244
244
244
244
244
244
244
244
244
244
244
244
244
244
244
244
244
244
244
244
244
244
244
244
244
244
244
244
244
244
244
244
244
244
244
244
244
244
244
244
244
244
244
244
244
244
244
244
244
247
240
218
111
224
248
251
246
244
244
244
244
244
244
244
244
244
244
244
244
244
244
244
244
244
244
244
244
244
244
244
244
244
244
244
244
244
244
244
244
244
244
244
244
244
248
245
111
90
87
224
240
247
244
244
244
244
244
244
244
244
244
244
244
244
244
244
244
244
244
244
244
244
244
244
244
244
244
244
244
244
244
244
244
244
244
244
244
244
244
244
244
244
244
244
244
244
244
244
244
244
244
244
244
244
244
244
244
244
244
244
244
244
244
244
244
244
244
244
244
244
244
244
244
244
244
244
244
244
244
244
244
244
244
244
244
244
244
244
244
244
244
244
244
244
244
244
244
244
244
246
251
240
245
240
251
246
244
244
244
244
244
244
244
244
244
244
244
244
244
244
244
244
244
244
244
244
244
244
244
244
244
244
244
244
244
244
244
244
244
244
244
244
244
244
247
240
218
111
224
248
251
246
244
244
244
244
244
244
244
244
244
244
244
244
244
244
244
244
244
244
244
244
244
244
244
244
244
244
244
244
244
244
244
244
244
244
244
244
244
244
244
244
244
244
244
244
244
244
244
244
244
244
244
244
244
244
244
244
244
244
244
244
244
244
244
244
244
244
244
244
244
244
244
244
244
244
244
244
244
244
244
244
244
244
244
244
244
244
244
244
244
244
244
244
244
244
244
244
244
244
246
247
248
247
246
244
244
244
244
244
244
244
244
244
244
244
244
244
244
244
244
244
244
244
244
244
244
244
244
244
244
244
244
244
244
244
244
244
244
244
244
244
244
244
246
251
240
245
240
251
246
244
244
244
244
244
244
244
244
244
244
244
244
244
244
244
244
244
244
244
244
244
244
244
244
244
244
244
244
244
244
244
244
244
244
244
244
244
244
244
244
244
244
244
244
244
244
244
244
244
244
244
244
244
244
244
244
244
244
244
244
244
244
244
244
244
244
244
244
244
244
244
244
244
244
244
244
244
244
244
244
244
244
244
244
244
244
244
244
244
244
244
244
244
244
244
244
244
244
244
244
244
244
244
244
244
244
244
244
244
244
244
244
244
244
244
244
244
244
244
244
244
244
244
244
244
244
244
244
244
244
244
244
244
244
244
244
244
244
244
244
244
244
244
244
244
244
244
244
244
244
244
244
244
244
244
244
244
244
244
244
244
244
244
244
244
244
244
244
244
244
244
244
244
244
244
244
244
244
244
