248
248
248
248
248
248
248
248
248
248
248
248
248
248
248
248
248
248
248
248
248
248
248
248
248
248
248
248
248
248
248
248
248
248
248
248
248
248
248
248
248
248
248
248
248
248
248
248
248
248
248
248
248
248
248
248
248
248
248
248
248
248
248
252
193
124
131
131
131
131
131
131
240
249
248
248
248
248
248
248
248
248
248
248
248
248
248
248
248
248
248
248
248
248
248
248
248
248
248
248
248
248
248
248
248
248
248
248
248
248
248
248
248
112
248
248
248
248
248
248
248
248
248
248
248
248
248
248
248
248
248
248
248
248
248
248
248
248
248
248
248
248
248
248
248
248
248
248
248
248
248
248
248
248
248
248
248
248
248
248
248
248
248
248
248
248
248
249
251
251
251
251
249
248
248
248
248
248
248
248
248
248
249
251
251
251
249
248
248
248
248
248
248
248
248
248
248
248
248
248
248
248
248
248
248
248
248
250
252
251
245
237
215
138
131
131
130
131
131
131
124
142
229
252
248
248
248
248
248
248
248
248
248
248
248
248
248
248
248
248
248
248
248
248
248
248
248
248
248
248
248
248
248
248
248
249
252
249
227
127
217
219
112
109
130
243
251
248
248
248
248
248
248
248
248
248
248
248
248
248
248
248
248
248
248
248
248
248
248
248
248
248
248
248
248
248
248
248
248
248
248
248
248
248
248
248
248
248
248
248
248
248
248
248
248
248
248
251
247
239
238
243
251
248
248
248
248
248
248
248
248
249
252
244
248
244
252
249
248
248
248
248
248
248
248
248
248
248
248
248
248
248
248
248
248
248
250
251
247
240
172
140
135
129
123
127
128
130
129
129
121
141
228
252
248
248
248
248
248
248
248
248
248
248
248
248
248
248
248
248
248
248
248
248
248
248
248
248
248
248
248
248
248
248
248
251
246
235
113
120
131
131
114
108
230
244
251
248
248
248
248
248
248
248
248
248
248
248
248
248
248
248
248
248
248
248
248
248
248
248
248
248
248
248
248
248
248
248
248
248
248
248
248
248
248
248
248
248
248
248
248
248
248
248
248
248
250
249
242
163
152
239
252
248
248
248
248
248
248
248
249
252
250
230
129
225
244
251
248
248
248
248
248
248
248
248
248
248
248
248
248
248
248
248
248
249
251
250
210
134
129
123
123
127
128
137
134
138
128
129
131
167
240
251
248
248
248
248
248
248
248
248
248
248
248
248
248
248
248
248
248
248
248
248
248
248
248
248
248
248
248
248
248
248
249
254
244
131
96
108
215
223
131
230
250
252
249
248
248
248
248
248
248
248
248
248
248
248
248
248
248
248
248
248
248
248
248
248
248
248
248
248
248
248
248
248
248
248
248
248
248
248
248
248
248
248
248
248
248
248
248
248
248
248
248
248
252
252
192
124
140
234
253
249
248
248
248
248
248
248
251
244
230
108
110
129
248
251
248
248
248
248
248
248
248
248
248
248
248
248
248
248
248
248
251
253
252
224
132
125
123
128
127
124
132
147
204
118
124
124
148
221
250
250
248
248
248
248
248
248
248
248
248
248
248
248
248
248
248
248
248
248
248
248
248
248
248
248
248
248
248
248
248
248
251
246
219
105
96
133
250
252
249
244
252
249
248
248
248
248
248
248
248
248
248
248
248
248
248
248
248
248
248
248
248
248
248
248
248
248
248
248
248
248
248
248
248
248
248
248
248
248
248
248
248
248
248
248
248
248
248
248
248
248
248
248
252
247
180
118
136
231
251
250
248
248
248
248
248
248
251
248
129
110
108
230
244
251
248
248
248
248
248
248
248
248
248
248
248
248
249
251
252
254
253
249
229
142
129
126
127
124
130
143
153
197
118
116
112
124
139
219
252
250
248
248
248
248
248
248
248
248
248
248
248
248
248
248
248
248
248
248
248
248
248
248
248
248
248
248
248
248
248
248
251
249
131
115
113
235
248
252
251
251
249
248
248
248
248
248
248
248
248
248
248
248
248
248
248
248
248
248
248
248
248
248
248
248
248
248
248
248
248
248
248
248
248
248
248
248
248
248
248
248
248
248
248
248
248
248
248
248
248
248
248
248
253
251
185
122
124
167
247
252
248
248
248
248
248
248
251
244
225
129
230
250
252
249
248
248
248
248
248
248
248
248
248
248
248
248
251
244
239
233
235
174
135
131
125
124
130
135
163
236
244
131
116
104
127
121
133
213
252
249
248
248
249
251
251
251
249
248
248
248
248
248
248
248
248
248
248
248
248
248
248
248
248
248
248
248
248
248
248
248
251
244
225
129
230
250
252
249
248
248
248
248
248
248
248
248
248
248
248
248
248
248
248
248
248
248
248
248
248
248
248
248
248
248
248
248
248
248
248
248
248
248
248
248
248
248
248
248
248
248
248
248
248
248
248
248
248
248
248
248
248
249
252
243
178
120
117
159
239
254
248
248
248
248
248
248
249
252
246
251
251
255
252
252
253
253
253
252
251
249
248
248
248
248
248
249
254
238
156
138
123
128
122
124
122
124
134
216
248
253
253
233
123
127
128
128
149
225
252
249
248
249
252
244
248
244
252
249
248
248
248
248
248
248
248
248
248
248
248
248
248
248
248
248
248
248
248
248
248
248
249
252
244
248
244
253
252
253
253
253
252
251
249
248
248
248
248
248
248
248
248
248
248
248
248
248
248
248
248
248
248
248
248
248
248
248
249
251
251
251
249
248
248
248
248
248
248
248
248
248
248
248
248
248
248
248
248
248
248
248
248
250
253
204
135
123
122
164
244
254
248
248
248
248
248
248
248
250
251
245
236
242
250
250
239
231
233
243
250
254
252
251
250
248
248
251
250
223
127
98
100
103
119
130
136
149
215
250
254
252
253
241
166
124
125
126
197
247
252
249
249
252
250
230
129
225
244
251
248
248
248
248
248
248
248
248
248
248
248
249
251
251
251
249
248
248
248
248
248
248
248
250
252
254
254
253
247
238
231
234
241
248
251
248
248
248
248
248
248
248
248
248
248
248
248
248
248
248
248
248
248
248
248
248
248
249
252
244
248
244
252
249
248
248
248
248
248
248
248
248
248
248
248
248
248
248
248
248
248
248
248
251
251
197
127
121
123
157
239
253
250
248
248
248
248
248
248
251
251
198
138
146
232
212
142
141
141
157
232
235
240
246
253
251
249
252
246
158
112
106
113
136
142
163
232
242
245
251
250
252
252
198
140
126
122
131
203
253
252
248
251
244
230
108
110
129
248
251
248
248
248
248
248
248
248
248
248
248
249
252
244
248
244
252
249
248
248
248
248
248
248
251
248
242
236
237
201
140
140
139
164
242
251
251
248
248
248
248
248
248
248
248
248
248
248
248
248
248
248
248
248
248
248
248
249
252
250
230
129
225
244
251
248
248
248
248
248
248
248
248
248
248
248
248
248
248
248
248
248
248
248
252
253
201
131
123
127
137
192
253
251
248
248
248
248
248
248
252
249
185
117
124
141
136
126
118
119
130
137
144
144
209
244
247
250
253
237
148
108
106
147
217
240
244
251
253
251
250
248
253
246
181
126
124
122
128
198
251
251
248
251
248
129
110
108
230
247
253
251
250
249
248
248
248
248
248
248
249
252
250
230
129
225
244
251
248
248
248
248
248
251
252
243
169
141
143
134
124
119
118
124
172
246
251
250
248
248
248
248
248
248
248
248
248
248
248
248
248
248
248
248
248
248
248
251
244
230
108
110
129
248
251
248
248
248
248
248
248
248
248
248
248
248
248
248
248
248
248
248
248
248
252
246
194
124
125
126
122
169
241
251
250
248
248
248
248
248
252
251
190
126
123
128
127
128
131
130
128
124
120
127
130
154
240
253
253
235
157
126
147
206
253
254
252
251
249
248
248
248
253
246
175
125
125
126
138
207
254
251
248
251
244
226
132
236
255
254
245
244
248
253
250
248
248
248
248
248
251
244
230
108
110
129
248
251
248
248
248
248
249
251
245
178
124
120
120
122
123
123
124
122
137
203
253
252
248
248
248
248
248
248
248
248
248
248
248
248
248
248
248
248
248
248
248
251
248
129
110
108
230
244
251
248
248
248
248
248
248
248
248
248
248
248
248
248
248
248
248
248
248
249
253
220
135
130
133
137
124
134
198
252
251
248
248
248
248
248
252
251
191
127
124
131
131
129
125
123
123
125
128
127
121
129
171
243
254
241
172
222
240
244
251
250
248
248
248
248
248
248
253
247
175
125
122
124
179
244
251
249
248
249
252
247
244
237
242
237
176
155
229
246
250
251
248
248
248
248
251
248
129
110
108
230
244
251
251
252
253
253
254
255
206
134
121
120
124
134
145
141
133
121
122
187
247
252
250
248
248
248
248
248
248
248
248
248
248
248
248
248
248
248
248
248
248
251
244
225
129
230
250
252
249
248
248
248
248
248
248
248
248
248
248
248
248
248
248
248
248
248
248
250
254
213
132
132
203
152
115
124
191
250
252
248
248
248
248
248
252
251
191
128
123
128
122
127
134
146
145
135
128
124
127
125
135
193
253
248
249
247
254
251
250
248
248
248
248
248
248
248
253
249
177
126
120
124
184
250
253
248
248
248
251
255
245
170
149
139
131
130
131
182
246
251
250
248
248
248
251
244
225
129
232
253
255
254
248
240
231
234
247
244
195
118
126
136
142
179
239
237
154
127
123
131
209
248
251
248
248
248
248
248
248
248
248
248
248
248
248
248
248
248
248
248
248
249
252
244
248
244
252
249
248
248
248
248
248
248
248
248
248
248
248
248
248
248
248
248
248
248
248
251
249
206
124
192
245
165
124
126
195
252
252
248
248
248
248
248
252
251
191
128
122
137
138
148
203
240
239
212
140
131
128
123
122
172
242
251
251
250
249
248
248
248
248
248
248
248
248
249
252
242
171
123
123
131
188
252
251
248
248
251
250
248
217
133
116
121
122
123
122
125
190
247
251
248
248
248
249
252
244
250
243
248
236
236
209
144
141
142
164
210
137
128
139
223
241
246
253
254
238
144
126
122
143
231
253
250
248
248
248
248
248
248
248
248
248
248
248
248
248
248
248
248
248
248
249
251
251
251
249
248
248
248
248
248
248
248
248
248
248
248
248
248
248
248
248
248
248
248
248
253
236
140
125
199
255
235
134
118
188
246
252
251
251
251
250
248
252
251
192
126
117
150
227
245
248
253
254
251
244
176
130
124
124
136
204
253
252
248
248
248
248
248
248
248
248
248
248
250
252
205
139
123
123
162
240
251
250
248
250
250
241
170
132
129
129
132
132
126
121
120
133
213
253
250
248
248
248
250
251
255
253
190
141
140
134
126
118
121
131
131
126
125
211
252
254
251
251
252
251
216
128
114
130
217
249
251
248
248
248
248
248
248
248
248
248
248
248
248
248
248
248
248
248
248
248
248
248
248
248
248
248
248
248
248
248
248
248
248
248
248
248
248
249
251
251
251
249
248
249
253
228
133
118
197
254
232
136
119
140
219
255
247
240
239
248
249
252
251
192
126
117
160
246
255
251
250
250
252
252
247
165
131
122
123
189
244
251
248
248
248
248
248
248
248
248
248
248
252
250
191
127
119
122
170
245
254
248
248
251
250
181
123
114
119
131
193
182
147
137
124
127
206
252
251
248
248
248
250
251
249
237
162
117
120
125
129
130
131
129
128
123
137
217
254
250
248
248
250
253
228
143
123
126
153
241
252
248
248
248
248
248
248
248
248
248
248
248
248
248
248
248
248
248
248
248
248
248
248
248
248
248
248
248
248
248
248
248
248
248
248
248
249
252
244
248
244
252
249
250
251
227
129
117
196
252
175
134
114
123
206
245
222
139
193
251
251
252
250
191
127
116
158
241
254
248
248
248
248
251
253
235
146
122
124
140
220
254
250
248
248
248
248
248
248
248
248
248
253
252
194
129
120
131
172
249
252
248
248
251
249
182
123
124
135
192
245
248
241
207
122
126
208
252
251
248
248
248
251
246
214
140
133
127
122
122
122
124
127
130
132
122
147
221
254
250
248
248
248
251
246
197
123
114
146
234
254
249
248
248
248
248
248
248
248
248
248
248
248
248
248
248
248
249
251
251
251
249
248
248
248
248
248
248
248
248
248
248
248
248
248
249
252
250
230
129
225
244
251
252
248
179
126
129
203
252
234
139
127
125
154
223
149
121
183
248
251
252
251
190
127
117
150
235
251
250
248
248
248
248
253
248
165
130
120
125
204
247
251
248
248
248
248
248
248
248
248
249
252
245
187
123
119
149
235
251
250
248
248
250
249
241
166
159
234
247
251
254
255
232
135
128
205
253
251
250
251
252
254
233
143
122
120
134
138
146
146
140
134
128
128
117
117
227
248
251
248
248
248
250
254
212
137
118
138
229
251
250
248
248
248
248
248
248
248
248
248
248
248
248
248
248
249
252
244
248
244
252
249
248
248
248
248
248
248
248
248
248
248
248
248
251
244
230
108
110
129
248
251
253
240
158
116
171
243
253
251
215
129
116
139
200
136
120
189
249
251
251
249
189
125
119
130
174
249
252
248
248
248
248
251
250
223
134
119
126
145
232
253
248
248
248
248
248
248
248
248
250
254
215
138
125
121
157
241
254
248
248
248
248
251
248
242
243
250
252
250
249
252
250
193
130
206
253
253
250
244
236
248
220
141
119
121
135
219
239
237
237
161
129
122
104
115
137
249
251
248
248
248
249
252
243
180
118
125
165
249
253
248
248
248
248
248
248
248
248
248
248
248
248
248
249
252
250
230
129
225
244
251
248
248
248
248
248
248
248
248
248
248
248
248
251
248
129
110
108
230
244
251
253
240
147
118
181
251
254
254
222
141
123
139
133
131
132
199
252
251
251
252
196
133
121
120
167
243
253
248
248
248
248
249
254
237
148
127
117
137
223
253
249
248
248
248
248
248
248
248
252
252
208
131
119
120
151
237
253
248
248
248
248
249
250
251
251
250
249
248
248
252
250
196
126
200
250
253
245
192
137
153
208
136
126
133
164
244
254
254
253
244
150
115
101
110
204
246
251
248
248
248
248
252
253
197
133
116
147
234
251
250
248
248
248
248
248
248
248
248
248
248
248
248
251
244
230
108
110
129
248
251
248
248
248
248
248
248
248
248
248
248
248
248
251
244
225
129
230
250
252
249
253
238
146
116
178
249
253
252
227
161
120
125
119
124
172
245
251
249
249
252
241
169
120
122
169
245
253
248
248
248
248
248
251
249
212
129
116
141
225
254
249
248
248
248
248
248
248
248
252
249
205
128
121
129
159
245
252
248
248
248
248
248
248
248
248
248
248
248
249
253
226
136
121
149
234
254
211
133
117
130
132
131
126
194
244
247
251
249
251
252
224
132
100
132
216
253
251
248
248
248
248
250
252
240
165
117
128
179
252
253
248
248
248
248
248
249
251
252
252
251
249
248
251
248
129
110
108
230
244
251
248
248
248
248
248
248
248
248
248
248
248
248
249
252
244
248
244
252
249
249
254
241
149
117
177
247
253
253
220
139
121
113
123
166
254
255
255
253
251
254
249
178
122
119
168
245
253
248
248
248
248
248
250
254
219
137
112
141
225
254
249
248
248
248
248
248
248
248
252
233
154
126
121
140
227
251
251
249
251
251
251
249
248
248
248
248
248
248
250
252
216
129
115
150
234
254
202
127
119
128
126
119
129
205
254
253
249
248
249
254
240
157
120
132
216
253
251
248
248
248
248
248
252
248
173
123
117
164
239
253
253
254
254
254
254
255
246
231
229
239
251
248
251
244
225
129
230
250
252
249
248
248
248
248
248
248
248
248
248
248
248
248
248
249
251
251
251
249
248
250
250
231
137
115
176
247
253
252
219
125
105
121
129
214
226
226
220
234
246
255
253
181
124
122
174
253
255
254
254
254
254
254
254
255
222
139
113
141
224
254
249
248
248
248
248
248
248
249
252
225
147
121
121
147
233
254
250
252
244
248
244
252
249
248
249
251
251
250
251
253
218
129
119
205
251
254
212
135
123
127
130
131
148
217
251
250
248
248
248
251
250
211
126
125
213
253
255
254
254
254
254
254
255
254
187
130
124
138
202
249
238
219
221
221
221
222
225
135
147
243
251
248
249
252
244
248
244
252
249
248
248
248
248
248
248
248
248
248
248
248
248
248
248
248
248
248
248
248
248
251
253
184
136
126
186
252
253
254
220
136
120
113
122
137
148
148
143
139
224
228
224
160
116
116
155
221
229
223
225
223
222
221
222
228
199
131
117
145
233
255
254
254
254
254
254
254
254
254
255
232
144
124
128
152
242
255
255
252
233
133
233
252
255
254
255
248
250
248
255
255
226
134
129
217
255
255
254
199
136
129
128
168
245
255
255
254
254
254
254
255
255
225
136
121
136
217
228
222
221
221
221
220
225
222
157
120
118
120
174
230
146
142
143
143
143
142
139
222
231
239
251
248
248
249
251
251
251
249
248
248
248
248
248
248
248
248
248
248
248
248
248
248
248
248
248
248
248
248
248
251
246
226
130
151
238
251
252
249
214
130
122
125
117
137
215
225
225
225
139
148
140
129
112
111
129
141
156
138
143
139
150
145
145
147
132
130
114
130
207
228
221
221
221
221
221
221
221
222
230
206
129
118
119
152
214
226
226
220
113
101
110
218
226
225
232
220
134
215
228
230
202
123
117
191
227
227
225
220
155
117
121
162
229
232
223
221
221
221
221
222
227
193
123
102
114
128
141
146
143
143
143
143
145
144
132
120
111
112
122
133
230
223
220
221
221
220
234
246
253
251
249
248
248
248
248
248
248
248
248
248
248
248
248
248
248
248
248
248
248
248
248
248
248
248
248
248
248
248
248
253
252
172
126
163
247
255
255
241
147
129
136
138
131
134
183
253
255
248
233
225
223
160
120
115
157
229
234
203
101
197
217
223
222
229
197
118
104
126
135
150
145
143
143
143
143
143
143
147
141
129
117
110
118
131
144
147
148
124
118
103
131
135
148
135
131
103
118
124
152
142
129
109
117
132
147
146
150
143
130
113
111
123
136
149
148
147
146
145
143
143
146
138
125
125
118
138
218
230
222
221
221
221
221
228
221
145
118
114
114
196
250
255
254
254
254
254
253
251
249
248
248
248
248
248
248
248
248
248
248
248
248
248
248
248
248
248
248
248
248
248
248
248
248
248
248
248
248
248
250
251
237
152
113
163
246
254
247
215
130
129
189
171
125
120
136
201
252
253
252
255
254
183
128
118
129
235
242
122
122
141
254
255
254
255
221
136
115
123
203
222
224
221
221
221
221
221
221
227
212
132
118
119
128
202
228
222
226
215
134
220
232
225
226
218
110
101
113
220
233
209
131
111
123
190
227
222
226
223
158
119
120
116
166
225
221
221
217
227
222
221
224
228
184
124
122
148
242
255
255
255
254
254
254
255
254
174
127
125
142
216
253
250
248
248
248
248
248
248
248
248
248
248
248
248
248
248
248
248
248
248
248
248
248
248
248
248
248
248
248
248
248
248
248
248
248
248
248
248
252
252
186
127
116
165
247
252
171
129
130
181
243
175
128
120
126
188
250
252
247
252
245
173
120
101
117
136
129
117
108
230
244
250
250
253
214
133
119
132
162
251
255
254
254
254
254
254
254
255
245
153
121
126
152
235
255
254
255
248
250
248
255
254
255
252
233
133
233
252
255
239
149
115
137
215
255
255
255
254
181
129
128
131
156
225
246
142
236
253
255
254
254
255
210
138
122
125
124
235
246
251
248
248
248
250
249
233
146
166
238
244
250
249
248
248
248
248
248
248
248
248
248
248
248
248
248
248
248
248
248
248
248
248
248
248
248
248
248
248
248
248
248
248
248
248
248
248
248
248
252
247
177
118
125
172
246
192
124
119
154
251
249
173
125
121
129
191
252
253
248
252
251
181
118
104
106
168
214
135
231
250
252
249
250
253
222
140
125
117
146
233
253
248
248
248
248
248
250
250
231
138
120
132
206
249
250
248
249
251
251
251
249
248
249
252
244
248
244
252
253
231
141
116
144
221
254
248
254
241
180
123
131
124
129
185
113
112
129
248
251
248
249
252
243
176
120
101
109
132
244
252
248
248
248
249
251
245
241
242
251
252
250
248
248
248
248
248
248
248
248
248
248
248
248
248
248
248
248
248
248
248
248
248
248
248
248
248
248
248
248
248
248
248
248
248
248
248
248
248
253
250
182
120
143
242
211
133
121
142
239
254
250
170
124
124
125
186
246
252
248
250
251
237
151
107
125
153
213
252
247
252
249
248
248
251
246
196
125
116
149
236
254
248
248
248
248
248
252
248
170
127
120
183
246
253
250
248
248
248
248
248
248
248
248
249
251
251
251
251
254
234
142
118
190
253
253
225
182
224
125
132
126
124
133
110
115
110
230
244
251
248
248
253
251
184
115
103
105
174
243
254
248
248
248
248
249
251
251
251
251
248
248
248
248
248
248
248
248
248
248
248
248
248
248
248
248
248
248
248
248
248
248
248
248
248
248
248
248
248
248
248
248
248
248
248
248
248
248
249
252
243
172
125
152
239
191
125
131
229
251
254
245
168
124
124
127
143
218
253
250
248
254
245
163
123
120
137
209
254
251
249
248
248
248
252
253
202
129
115
151
235
254
248
248
248
248
248
254
240
162
117
124
190
252
253
248
248
248
248
248
248
248
248
248
248
248
248
248
251
251
226
131
127
198
253
236
140
158
111
123
117
140
123
131
183
135
233
250
252
249
248
248
252
248
185
125
106
122
174
244
252
249
248
248
248
248
248
248
248
248
248
248
248
248
248
248
248
248
248
248
248
248
248
248
248
248
248
248
248
248
248
248
248
248
248
248
248
248
248
248
248
248
248
248
248
248
248
248
251
253
203
131
138
212
156
129
128
203
250
252
251
248
183
133
124
122
123
198
244
251
248
254
242
160
123
121
133
203
252
251
248
248
248
248
251
252
200
129
114
150
235
254
248
248
248
248
248
253
244
161
117
123
187
249
252
248
248
248
248
248
248
248
248
248
248
248
248
248
252
246
158
125
126
189
200
143
128
100
109
118
212
136
119
138
200
253
249
252
249
248
248
248
250
252
202
140
124
123
132
196
253
251
248
248
248
248
248
248
248
248
248
248
248
248
248
248
248
248
248
248
248
248
248
248
248
248
248
248
248
248
248
248
248
248
248
248
248
248
248
248
248
248
248
248
248
248
248
248
251
252
194
121
136
203
138
115
135
219
254
250
250
250
244
161
131
122
131
146
233
252
248
254
241
161
123
121
130
203
253
254
250
249
248
248
251
252
200
129
114
150
235
254
248
248
248
248
251
252
238
154
118
126
187
250
252
248
248
248
248
248
248
248
248
248
248
248
248
248
253
237
152
119
131
137
134
128
125
118
127
236
171
143
120
128
203
252
254
250
249
251
251
251
250
253
239
157
115
114
127
194
252
251
248
248
248
248
248
248
248
248
248
248
248
248
248
248
248
248
248
248
248
248
248
248
248
248
248
248
248
248
248
248
248
248
248
248
248
248
248
248
248
248
248
248
248
248
248
248
252
254
198
127
131
131
129
121
193
248
251
248
249
251
251
228
137
115
121
197
244
251
248
254
239
156
119
118
131
209
249
251
244
252
249
248
251
252
200
129
113
150
235
254
248
248
248
249
251
245
171
131
122
127
187
250
252
248
248
248
248
248
248
248
248
248
248
248
248
249
254
242
156
123
127
126
120
129
157
199
198
248
236
140
121
128
135
220
249
251
252
244
248
244
252
252
248
177
139
135
179
243
250
249
248
248
248
248
248
248
248
248
248
248
248
248
248
248
248
248
248
248
248
248
248
248
248
249
251
251
251
249
248
248
248
248
248
248
248
248
248
248
248
248
248
248
248
248
248
248
252
246
192
124
122
132
132
184
246
251
250
248
248
249
254
241
149
123
135
216
253
250
248
252
244
170
129
121
127
199
233
132
224
244
251
248
251
252
200
130
114
149
235
254
248
248
248
250
252
193
129
123
122
125
185
248
252
248
248
248
248
248
248
248
248
248
248
248
248
250
251
235
147
122
123
130
123
146
230
248
250
253
237
148
120
125
126
154
241
254
251
230
129
225
244
252
246
241
232
234
244
250
251
248
248
248
248
248
248
248
248
248
248
248
248
248
248
248
248
248
248
248
248
248
248
248
249
252
244
248
244
252
249
248
248
248
248
248
248
248
248
248
248
248
248
248
248
248
248
250
253
218
139
124
121
143
226
249
249
251
248
248
248
248
251
249
210
122
176
243
251
249
248
250
246
243
219
142
136
188
109
112
129
248
251
248
251
252
200
128
113
150
235
254
248
248
248
252
248
186
125
122
126
134
193
253
251
248
248
248
248
248
248
248
248
248
248
248
248
252
248
169
123
118
129
140
202
188
240
253
251
253
241
150
128
127
123
141
229
248
232
108
110
129
248
251
251
252
253
253
252
250
248
248
248
248
248
248
248
248
248
248
248
248
248
248
248
248
248
248
248
248
248
248
248
249
252
250
230
129
225
244
251
248
248
248
248
248
248
248
248
248
248
248
248
248
248
249
250
252
253
211
130
114
128
157
249
254
250
248
248
248
248
248
250
253
216
142
189
253
252
248
248
249
251
252
248
243
233
122
111
109
230
244
251
248
251
251
198
126
113
149
235
254
248
248
248
253
252
190
128
122
124
165
240
252
249
248
248
248
248
248
248
248
248
248
248
248
248
252
246
166
129
128
176
242
243
249
246
250
248
251
250
219
132
124
126
130
170
244
134
110
108
230
244
251
248
248
248
248
248
248
248
248
248
248
248
248
248
248
248
248
248
248
248
248
248
248
248
248
248
248
248
248
248
251
244
230
108
110
129
248
251
248
248
248
248
248
248
248
248
248
248
248
248
248
249
252
244
250
251
216
128
116
134
229
250
251
248
248
248
248
248
248
250
252
220
180
238
250
250
248
248
248
248
249
251
253
250
229
131
230
250
252
249
248
250
252
203
129
110
142
232
253
248
248
249
252
245
185
125
122
123
170
245
254
248
248
248
248
249
251
251
251
249
248
248
248
248
250
249
235
164
226
247
251
252
250
250
249
248
250
253
225
141
122
127
130
160
243
230
129
230
250
252
249
248
248
248
248
248
248
248
248
248
248
248
248
248
248
248
248
248
248
248
248
248
248
248
248
248
248
248
248
248
251
248
129
110
108
230
244
251
248
248
248
248
248
248
248
248
248
248
248
248
249
252
250
230
131
228
205
138
129
220
249
252
249
248
248
248
248
248
248
248
249
243
246
246
251
248
248
248
248
248
248
248
249
252
244
248
244
252
249
248
248
249
251
243
184
132
157
240
252
248
248
250
253
220
146
125
123
130
174
250
251
248
248
248
249
252
244
248
244
252
249
248
248
248
249
251
245
250
248
253
251
248
248
248
248
248
250
253
223
139
121
127
129
223
250
250
248
244
252
249
248
248
248
248
248
248
248
248
248
248
248
248
248
248
248
248
248
248
248
248
248
248
248
248
248
248
248
248
248
248
251
244
225
129
230
250
252
249
248
248
248
248
248
248
248
248
248
248
248
248
251
244
230
108
112
131
212
184
234
248
251
250
248
248
248
248
248
248
248
248
249
250
250
250
248
248
248
248
248
248
248
248
248
249
251
251
251
249
248
248
248
248
251
249
244
233
238
244
251
248
248
252
249
207
134
122
121
146
233
250
250
248
248
249
252
250
230
129
225
244
251
248
248
248
248
249
250
251
250
249
248
248
248
248
248
248
250
253
220
136
120
127
132
162
249
254
251
251
249
248
248
248
248
248
248
248
248
248
248
248
248
248
248
248
248
248
248
248
248
248
248
248
248
248
248
248
248
248
248
248
249
252
244
248
244
252
249
248
248
248
248
248
248
248
248
248
248
248
248
248
251
248
129
110
108
230
240
249
250
252
250
248
248
248
248
248
248
248
248
248
248
248
248
248
248
248
248
248
248
248
248
248
248
248
248
248
249
251
251
251
249
248
248
250
251
252
252
251
249
248
248
252
235
165
128
123
129
163
250
253
248
248
248
251
244
230
108
110
129
248
251
248
248
248
248
248
248
248
248
248
248
248
248
248
248
248
248
252
227
138
119
117
112
145
234
253
248
248
248
248
248
248
248
248
248
248
248
248
248
248
248
248
248
248
248
248
248
248
248
248
248
248
248
248
248
248
249
251
251
251
249
249
251
251
251
249
248
248
248
248
248
248
248
248
248
248
248
248
248
248
251
244
225
129
230
251
253
251
250
250
251
251
251
249
248
248
248
248
248
248
248
248
248
248
248
248
248
248
248
248
248
248
248
248
248
249
252
244
248
244
252
249
248
248
248
248
248
248
248
248
250
252
222
142
122
123
139
228
251
250
248
248
248
251
248
129
110
108
230
244
251
248
248
248
248
248
248
248
248
248
248
248
248
248
248
248
248
251
246
209
139
141
139
164
243
252
248
248
248
248
248
248
248
248
248
248
248
248
248
248
248
248
248
248
248
248
248
248
248
248
248
248
248
248
248
249
252
244
248
244
252
249
248
248
248
248
248
248
248
248
248
248
248
248
248
248
248
248
248
248
249
252
244
248
244
252
249
248
249
252
244
248
244
252
249
248
248
248
248
248
248
248
248
248
248
248
248
248
248
248
248
248
248
248
249
252
250
230
129
225
244
251
248
248
248
248
248
248
248
248
250
253
220
137
122
123
147
236
254
249
248
248
248
251
244
225
129
230
250
252
249
248
248
248
248
248
248
248
248
248
248
248
248
248
248
248
248
250
251
245
238
231
233
240
245
251
248
248
248
248
248
248
248
248
248
248
248
248
248
248
248
248
248
248
248
248
248
248
248
248
248
248
248
249
251
254
251
231
129
225
244
251
248
248
248
248
248
248
248
248
248
248
248
248
248
248
248
248
248
248
248
249
251
251
251
249
248
249
252
250
230
129
225
244
251
248
248
248
248
248
248
248
248
248
248
248
248
248
248
248
248
248
248
248
251
244
230
108
110
129
248
251
248
248
248
248
248
248
248
248
250
253
220
137
120
122
146
232
254
248
248
248
248
249
252
244
248
244
252
249
248
248
248
248
249
251
251
251
249
248
248
248
248
248
248
248
248
248
250
251
253
253
253
252
251
249
248
248
248
248
248
248
248
248
248
248
248
248
248
248
248
248
248
248
248
248
248
248
248
248
248
248
249
252
246
244
226
115
111
129
248
251
248
248
248
248
248
248
248
248
248
248
248
248
248
248
248
248
248
248
248
248
248
248
248
248
248
251
244
230
108
110
129
248
251
248
248
248
248
248
248
248
248
248
248
248
248
248
248
248
248
248
248
248
251
248
129
110
108
230
244
251
248
248
248
248
248
248
248
248
250
253
219
138
120
121
144
231
254
248
248
248
248
248
249
251
251
251
249
248
248
248
248
249
252
244
248
244
252
249
248
248
248
248
248
248
248
248
248
248
248
248
248
248
248
248
248
248
248
248
248
248
248
248
248
248
248
248
248
248
248
248
248
248
248
248
248
248
248
248
248
249
252
250
234
129
105
106
110
230
244
251
248
248
248
248
248
248
248
248
248
248
248
248
248
248
248
248
248
248
248
248
248
248
248
248
248
251
248
129
110
108
230
244
251
248
248
248
248
248
248
248
248
248
248
248
248
248
248
248
248
248
248
248
251
244
225
129
230
250
253
251
251
251
249
248
248
248
248
248
250
252
217
132
112
124
150
239
252
248
248
248
248
248
248
248
248
248
248
248
248
248
249
252
250
230
129
225
244
251
248
248
248
248
248
248
248
248
248
248
248
248
248
248
248
248
248
248
248
248
248
248
248
248
248
248
248
248
248
248
248
248
248
248
248
248
248
248
248
248
248
251
244
230
110
106
105
129
234
250
252
249
248
248
248
248
248
248
248
248
248
248
248
248
248
248
248
248
248
248
248
248
248
248
248
248
248
251
244
225
129
230
250
252
249
248
248
248
248
248
248
248
248
248
248
248
248
248
248
248
248
248
248
248
249
252
244
248
244
253
253
244
248
244
252
249
248
248
248
248
249
252
225
152
130
135
214
247
251
248
248
248
248
248
248
248
248
248
248
248
248
248
251
244
230
108
110
129
248
251
248
248
248
248
248
248
248
248
248
248
248
248
248
248
248
248
248
248
248
248
248
248
248
248
248
248
248
248
248
248
248
248
248
248
248
248
248
248
248
248
248
251
248
129
111
115
226
244
246
252
249
248
248
248
248
248
248
248
248
248
248
248
248
248
248
248
248
248
248
248
248
248
248
248
248
248
248
249
252
244
248
244
252
249
248
248
248
248
248
248
248
248
248
248
248
248
248
248
248
248
248
248
248
248
248
249
251
251
251
251
249
234
143
234
249
249
248
248
248
248
248
250
243
240
225
178
221
252
250
248
248
248
248
248
248
248
248
248
248
248
248
248
251
243
130
109
109
225
243
251
248
248
248
248
248
248
248
248
248
248
248
248
248
248
248
248
248
248
248
248
248
248
248
248
248
248
248
248
248
248
248
248
248
248
248
248
248
248
248
248
248
251
243
222
125
229
251
254
251
249
248
248
248
248
248
248
248
248
248
248
248
248
248
248
248
248
248
248
248
248
248
248
248
248
248
248
248
248
248
248
248
248
248
248
248
248
248
248
248
248
248
248
248
248
248
248
248
248
248
248
248
248
248
248
248
248
248
248
248
248
248
112
112
112
248
248
248
248
248
248
248
248
248
248
248
248
248
248
248
248
248
248
248
248
248
248
248
248
248
248
248
248
248
248
248
112
248
248
248
248
248
248
248
248
248
248
248
248
248
248
248
248
248
248
248
248
248
248
248
248
248
248
248
248
248
248
248
248
248
248
248
248
248
248
248
248
248
248
248
248
248
248
248
248
248
248
248
248
248
248
248
248
248
248
248
248
248
248
248
248
248
248
248
248
248
