246
246
246
246
246
246
246
246
246
246
246
246
246
246
246
246
246
246
246
246
246
246
246
246
246
60
60
60
246
246
246
246
246
246
246
246
246
246
246
246
246
246
246
246
246
246
246
246
246
246
246
246
246
246
246
246
246
246
246
246
246
246
246
246
246
246
246
246
246
246
246
246
246
246
246
246
246
246
246
246
246
246
246
246
246
246
246
246
246
246
246
246
246
246
246
246
246
246
246
246
246
246
246
246
246
246
246
246
246
246
246
246
246
246
246
246
246
246
246
246
60
246
246
246
246
246
246
246
246
246
246
246
246
246
246
246
246
246
246
246
246
246
246
246
246
246
246
246
246
246
246
243
239
234
236
234
241
237
238
229
233
235
235
242
247
250
247
247
246
246
246
246
248
239
82
63
74
233
247
247
246
246
246
246
246
246
246
246
246
246
246
246
246
246
246
246
246
246
246
246
246
246
246
246
246
246
246
246
246
246
246
246
246
246
246
246
246
246
246
246
246
246
246
246
246
246
246
246
246
246
246
246
246
246
246
246
246
246
246
247
248
249
248
247
246
246
246
246
246
246
246
246
246
246
246
246
246
246
246
246
246
247
251
247
217
79
214
231
217
56
56
85
239
248
246
246
246
246
246
246
246
246
246
246
246
246
246
246
246
246
246
246
246
246
246
246
246
246
246
246
246
239
180
167
172
166
180
236
192
179
173
167
166
175
232
243
245
249
247
246
246
246
248
241
214
83
221
249
251
247
246
246
246
246
246
246
246
246
246
246
246
246
246
246
246
246
246
246
246
246
246
246
246
246
246
246
246
246
246
246
246
246
246
246
246
246
246
246
246
246
246
246
246
246
246
246
246
246
246
246
246
246
246
246
246
246
246
246
247
251
241
246
241
251
247
246
246
246
246
246
246
246
246
246
246
246
246
246
246
246
246
248
241
221
54
58
89
245
89
58
54
221
241
248
246
246
246
246
246
246
246
246
246
246
246
246
246
246
246
246
246
246
246
246
246
246
246
246
246
246
246
233
168
148
155
147
169
228
243
226
168
152
146
158
163
174
239
248
250
247
247
246
247
251
241
248
245
255
250
247
247
246
246
246
246
246
246
246
246
246
246
246
246
246
246
246
246
246
246
246
246
246
246
246
246
246
246
246
246
246
246
246
246
246
246
246
246
246
246
246
246
246
246
246
246
246
246
246
246
246
246
246
246
246
246
246
246
247
251
249
221
83
214
241
248
246
246
246
246
246
246
246
246
246
246
246
246
246
246
246
246
249
246
83
58
54
224
234
217
83
221
249
251
247
246
246
246
246
246
246
246
246
246
246
246
246
246
246
246
246
246
246
246
246
246
246
246
246
246
246
246
236
173
154
161
154
173
238
255
249
239
179
166
160
151
158
169
233
243
245
249
247
246
247
249
247
243
235
241
247
251
251
251
251
251
251
251
251
251
250
249
247
247
246
246
246
246
246
246
246
246
246
246
246
246
246
246
246
246
246
246
246
246
246
246
246
246
246
246
246
246
246
246
246
246
246
246
246
246
246
246
246
246
246
246
246
246
248
241
221
54
58
83
246
249
246
246
246
246
246
246
246
246
246
246
246
246
246
246
246
246
248
241
214
83
221
250
255
242
246
241
251
247
246
246
246
246
246
246
246
246
246
246
246
246
246
246
246
246
246
246
246
246
246
246
246
246
246
246
246
246
236
173
154
161
155
170
236
251
249
245
243
233
168
157
151
161
164
174
239
248
250
247
247
249
241
182
166
175
233
238
236
236
236
236
236
236
236
236
234
241
246
250
247
247
246
246
246
246
246
246
246
246
246
246
246
246
246
247
247
249
249
247
247
246
246
246
246
246
246
246
246
246
246
246
246
246
246
246
246
246
246
246
246
246
246
246
249
246
83
58
54
221
241
248
246
246
246
246
246
246
246
246
246
246
246
246
246
246
246
246
247
253
244
249
243
252
248
248
249
248
247
246
246
246
246
246
246
246
246
246
246
246
246
246
246
246
246
246
246
246
246
246
246
246
246
246
246
246
246
246
236
172
155
160
154
169
236
251
247
247
250
248
238
172
160
158
148
155
167
233
244
245
249
251
235
171
147
160
167
173
172
171
172
170
171
170
171
171
167
172
232
243
244
247
246
246
246
246
246
246
246
246
247
247
249
250
251
251
247
240
239
248
249
247
247
246
246
246
246
246
246
246
246
246
246
246
246
246
246
246
246
246
246
246
246
246
248
241
214
83
221
249
251
247
246
246
246
246
246
246
246
246
246
246
246
246
246
246
246
246
247
245
242
245
249
251
247
247
246
246
246
246
246
246
246
246
246
246
246
246
246
246
246
246
246
246
246
246
246
246
246
246
246
246
246
246
246
246
246
246
237
172
155
160
156
174
238
251
247
246
247
249
245
243
231
175
162
157
157
162
173
238
247
253
237
173
154
158
156
151
148
148
149
150
152
153
155
153
152
158
161
193
239
248
246
246
246
246
246
246
247
247
250
247
241
235
236
239
233
168
179
233
245
244
249
247
246
246
246
246
246
246
246
246
246
246
246
246
246
246
246
246
246
246
246
247
249
254
244
248
241
251
247
246
246
246
246
246
246
246
246
246
246
246
246
246
246
246
246
247
250
242
181
172
229
242
242
247
246
246
246
246
246
246
246
246
246
246
246
246
246
246
246
246
246
246
246
246
246
246
246
246
246
246
246
246
246
246
246
246
236
175
153
161
156
167
233
247
247
246
246
247
247
250
247
245
233
170
155
148
156
167
237
249
238
171
154
159
164
167
172
172
174
162
159
153
158
159
158
156
160
172
243
251
249
248
247
246
247
247
250
246
244
231
174
169
172
174
166
158
159
177
174
237
248
250
247
247
246
246
246
246
246
246
246
246
246
246
246
246
246
246
246
246
247
249
245
240
242
247
250
247
246
246
246
246
246
246
246
246
246
246
246
246
246
246
246
246
247
249
248
233
161
156
165
177
241
250
247
246
246
246
246
246
246
246
246
246
246
246
246
246
246
246
246
246
246
246
246
246
246
246
246
246
246
246
246
246
246
246
236
171
154
161
158
160
178
242
249
246
247
248
249
249
249
250
248
239
173
161
154
158
169
248
240
171
153
155
168
230
241
236
239
231
159
178
174
159
156
148
160
230
251
243
247
244
255
249
249
243
243
231
177
165
160
152
155
156
157
158
159
155
161
168
231
241
242
247
246
246
246
246
246
246
246
246
246
246
246
246
246
246
246
246
247
245
236
167
178
239
249
246
246
246
246
246
246
246
246
246
246
246
246
246
246
246
246
246
247
241
232
159
154
152
150
162
231
248
249
247
246
246
246
246
246
246
246
246
246
246
246
246
246
246
246
246
246
246
246
246
246
246
246
246
246
246
246
246
246
246
237
176
156
160
159
155
173
236
250
247
251
241
246
241
251
247
249
246
242
218
177
167
200
247
239
171
153
154
173
241
255
251
251
245
242
235
237
199
170
170
165
249
253
223
93
208
240
244
254
242
187
163
162
156
159
160
161
158
158
157
159
161
158
163
162
180
241
250
247
246
246
246
246
246
246
246
246
246
246
246
246
246
246
246
249
241
172
149
167
237
253
247
247
246
246
246
246
246
246
246
246
246
246
246
246
246
246
246
247
243
163
167
167
168
162
160
169
240
247
249
247
246
246
246
246
246
246
246
246
246
246
246
246
246
246
246
246
246
246
246
246
246
246
246
246
246
246
246
246
246
238
179
156
159
160
155
174
238
251
251
249
221
83
214
241
248
247
248
249
246
239
235
242
250
238
171
153
154
171
236
251
246
247
247
249
251
249
244
239
231
243
235
225
63
62
59
83
220
248
242
176
152
158
159
156
153
161
168
169
161
155
159
160
160
152
163
233
248
249
247
246
246
246
246
246
246
246
246
246
246
246
246
246
246
250
235
169
150
170
228
247
247
250
247
247
246
246
246
246
246
246
246
246
246
246
246
246
246
247
239
235
231
240
228
165
150
159
167
240
247
249
247
246
246
246
246
246
246
246
246
246
246
246
246
246
246
246
246
246
246
246
246
246
246
246
246
246
246
246
246
239
178
156
160
161
155
176
239
253
241
221
54
58
83
246
249
246
246
247
248
249
249
249
253
239
173
156
155
174
236
251
246
246
246
246
247
247
249
249
249
252
249
93
62
40
38
55
89
247
239
168
157
157
163
166
169
173
235
236
188
161
160
156
158
159
163
170
237
243
247
246
246
246
246
246
246
246
246
246
246
246
246
246
247
251
239
174
153
167
167
176
231
243
245
249
247
246
246
246
246
246
246
246
246
246
246
246
246
247
247
249
250
253
246
173
158
151
156
162
239
246
248
247
246
246
246
246
246
246
246
246
246
246
246
246
246
246
246
246
246
246
246
246
246
246
246
246
246
246
246
235
176
153
161
162
156
168
237
253
251
86
59
54
221
241
248
246
246
246
246
246
246
247
247
233
166
157
156
173
235
251
246
246
246
246
246
246
246
246
246
248
244
208
59
38
52
69
229
239
182
161
160
158
167
231
237
241
248
249
245
233
182
165
165
158
160
159
160
242
250
247
246
246
246
246
246
246
246
246
246
246
246
246
247
247
233
164
156
159
156
159
162
173
238
248
250
247
247
246
246
246
246
246
246
246
246
246
246
246
246
246
246
247
244
237
175
165
160
156
167
238
246
247
246
246
246
246
246
246
246
246
246
246
246
246
246
246
246
246
246
246
246
246
246
246
246
246
246
246
246
242
169
160
161
162
159
162
175
237
239
214
90
223
249
251
247
246
246
246
246
246
246
249
242
170
159
158
154
173
240
253
248
247
246
246
246
246
246
246
246
247
255
240
83
55
68
234
249
240
165
157
159
161
200
247
252
249
248
248
249
248
245
228
169
156
160
153
169
230
247
247
246
246
246
246
246
246
246
246
246
246
246
247
250
245
172
160
157
160
158
156
153
158
169
232
242
242
247
246
246
246
246
246
246
246
246
246
246
246
246
246
246
247
249
245
246
229
169
151
168
206
250
248
246
246
246
246
246
246
246
246
246
246
246
246
246
246
246
246
246
246
246
246
246
246
246
246
246
246
246
246
232
165
157
161
161
157
162
166
187
227
247
245
255
249
247
246
246
246
246
246
246
250
234
167
151
158
160
193
234
250
241
251
247
246
246
246
246
246
246
246
249
244
219
87
222
251
248
175
159
158
157
167
222
247
247
246
246
246
247
247
251
246
186
161
158
160
163
182
243
249
246
246
246
246
246
246
246
246
246
246
246
248
246
231
160
152
153
160
171
173
162
151
158
162
179
242
250
247
246
246
246
246
246
246
246
246
247
247
247
247
247
246
247
247
253
241
180
158
159
232
243
252
247
246
246
246
246
246
246
246
246
246
246
246
246
246
246
246
246
246
246
246
246
246
246
246
246
246
246
250
244
180
158
154
158
160
157
155
164
175
178
234
242
248
250
247
247
246
246
246
246
251
236
171
155
161
169
200
217
90
216
242
249
246
246
246
246
246
246
246
247
251
241
246
241
255
240
173
157
156
161
179
242
249
247
246
246
246
246
246
247
246
233
167
155
159
154
172
236
250
246
246
246
246
246
246
246
246
246
246
247
248
240
162
157
162
164
172
236
237
176
167
162
149
163
232
248
249
247
246
246
246
246
246
246
247
249
242
245
242
249
247
246
246
250
238
184
156
152
80
219
241
248
246
246
246
246
246
246
246
246
246
246
246
246
246
246
246
246
246
246
246
246
246
246
246
246
246
246
247
246
236
176
164
161
157
160
160
164
158
147
73
153
231
246
245
247
246
246
246
246
251
236
173
154
162
162
180
62
59
84
245
255
250
249
247
247
246
246
246
246
247
248
249
248
249
247
218
165
152
164
233
247
248
246
246
246
246
246
246
247
250
245
182
161
158
155
171
236
251
246
246
246
246
246
246
246
246
246
246
247
249
216
168
148
168
227
246
247
248
245
228
168
155
160
170
240
246
247
246
246
246
246
246
246
247
245
233
174
236
249
250
247
247
250
238
167
140
49
58
86
246
249
246
246
246
246
246
246
246
246
246
246
246
246
246
246
246
246
246
246
246
246
246
246
246
246
246
246
247
249
245
244
231
177
180
165
156
156
146
55
50
72
172
204
245
251
247
247
246
246
251
236
172
155
162
161
72
58
48
149
225
242
236
243
248
251
249
247
247
246
246
246
246
246
248
248
234
169
152
170
241
253
249
249
250
249
248
248
249
249
249
248
234
166
157
153
170
236
251
246
246
246
246
246
246
246
246
246
246
247
250
237
174
151
174
241
253
248
248
251
246
189
160
156
159
180
242
249
246
246
246
246
246
246
249
241
172
157
173
234
243
245
249
252
241
172
63
59
62
222
241
248
246
246
246
246
246
246
246
246
246
246
246
246
246
246
246
246
246
246
246
246
246
246
246
246
246
246
246
247
247
250
246
246
234
193
172
161
69
59
57
148
153
172
227
244
245
249
247
246
251
236
170
154
164
160
145
74
146
167
174
175
171
187
234
238
243
249
251
249
247
246
246
246
249
242
186
161
153
168
235
251
248
241
232
242
248
248
240
240
249
251
225
166
157
153
170
236
251
246
246
246
246
246
246
246
246
246
247
249
249
235
170
150
173
236
251
246
246
247
248
246
166
161
149
174
237
250
246
246
246
246
246
246
249
234
168
148
160
167
174
238
249
251
237
164
135
78
221
250
251
247
246
246
246
246
246
246
246
246
246
246
246
246
246
246
246
246
246
246
246
246
246
246
246
246
246
246
246
246
246
247
249
253
253
255
250
202
156
81
147
175
171
174
173
178
248
254
255
255
255
249
182
163
172
178
159
163
157
175
167
164
162
170
175
179
192
232
247
247
255
255
255
255
255
253
188
171
166
172
183
247
244
181
167
186
245
244
181
181
244
246
185
171
169
163
182
249
255
255
255
255
255
255
255
255
255
255
255
254
249
178
169
161
183
249
255
255
255
255
255
251
221
74
141
177
250
255
255
255
255
255
255
255
255
253
189
172
168
164
168
177
246
247
181
177
159
183
247
255
255
255
255
255
253
249
247
246
246
246
246
246
246
246
246
246
246
247
248
249
248
247
246
246
246
246
246
246
246
246
246
246
248
234
222
212
216
226
198
78
133
144
136
137
134
140
151
213
216
211
214
201
139
129
139
149
142
76
135
141
136
138
138
137
136
137
151
154
89
203
216
208
208
208
210
208
200
137
137
137
142
148
146
137
130
139
147
150
140
138
146
148
142
139
140
135
145
207
216
209
208
208
208
208
208
208
208
209
213
210
146
141
136
130
142
203
213
208
208
208
216
212
71
54
52
145
210
216
209
208
208
208
208
208
211
207
200
137
134
138
136
142
150
149
142
137
136
144
205
214
208
208
208
205
220
233
248
246
247
248
249
248
247
246
246
246
247
251
241
246
241
251
247
246
246
246
246
246
246
246
246
246
249
239
109
102
95
90
57
73
75
101
88
84
79
80
85
86
100
102
109
101
97
95
81
73
46
65
73
101
86
81
74
79
83
74
72
46
70
81
112
104
103
103
104
109
97
89
78
82
80
78
80
81
82
81
80
80
81
80
79
78
79
81
83
80
85
93
102
106
103
103
103
103
103
103
103
105
101
92
83
79
80
84
93
102
106
103
103
103
111
79
69
47
70
77
95
102
106
103
103
103
103
103
104
107
102
100
87
84
78
80
80
79
79
75
79
90
100
106
103
103
103
97
109
239
249
247
251
241
246
241
251
247
246
247
251
249
221
83
214
241
248
246
246
246
246
246
246
246
246
246
248
233
220
210
205
58
47
64
213
224
214
147
137
133
137
133
132
200
211
215
214
220
212
64
52
66
214
224
212
150
152
150
144
135
57
48
59
201
212
211
208
208
208
211
209
148
142
139
141
141
140
139
139
139
137
136
135
136
136
145
143
142
132
133
127
142
200
212
208
208
208
208
208
208
208
212
203
150
135
140
135
146
208
215
209
208
208
208
218
201
80
136
149
136
141
202
213
208
208
208
208
208
208
209
211
217
217
158
147
140
140
137
142
143
149
210
213
209
208
208
208
205
220
233
249
251
249
221
83
214
241
248
246
248
241
221
54
58
83
246
249
246
246
246
246
246
246
246
246
246
247
249
253
255
252
224
89
224
252
255
254
247
179
172
171
165
172
181
251
255
255
255
252
224
89
224
252
255
251
249
246
245
190
167
146
71
150
183
254
255
255
255
255
255
255
244
176
166
170
165
174
171
169
161
168
176
181
175
167
177
234
187
178
181
180
189
251
255
255
255
255
255
255
255
255
255
252
191
169
169
164
185
249
255
255
255
255
255
255
242
179
156
170
161
177
247
255
255
255
255
255
255
255
255
255
255
252
244
177
175
166
172
183
241
250
253
255
255
255
255
255
255
253
249
249
241
221
54
58
83
246
249
246
249
246
83
58
54
221
241
248
246
247
247
246
246
246
246
246
246
246
246
246
247
251
241
246
241
251
247
249
244
243
232
169
159
154
158
173
244
250
247
251
241
246
241
251
248
247
249
251
249
244
189
161
157
151
176
238
251
247
246
246
247
251
237
171
153
161
168
179
234
187
154
197
236
242
236
182
191
241
246
235
236
234
239
243
247
246
246
246
246
246
246
247
247
234
173
157
158
165
190
243
249
246
246
246
246
251
239
184
156
160
158
172
242
250
246
246
246
246
246
246
247
251
249
227
84
155
159
157
166
233
250
250
247
247
246
246
246
246
246
246
246
249
246
83
58
54
221
241
248
246
248
241
214
83
221
249
251
247
247
251
247
246
246
246
246
246
246
246
246
246
246
247
248
249
248
247
246
247
247
250
248
242
171
162
153
163
231
247
247
247
248
249
248
247
246
246
246
247
248
249
238
174
161
159
167
233
247
247
246
246
246
249
242
173
158
159
185
238
245
243
236
242
250
255
243
240
234
252
251
250
251
250
249
247
247
246
246
246
246
246
246
249
241
179
159
158
155
171
233
247
247
246
246
246
246
251
238
171
157
157
158
228
241
249
247
247
246
246
246
246
248
241
221
57
56
67
163
156
159
239
251
247
246
246
246
246
246
246
246
246
246
248
241
215
87
226
251
253
247
246
247
251
241
246
241
251
247
247
251
249
233
60
246
246
246
246
246
246
246
246
246
246
246
246
246
246
246
246
246
247
249
248
233
166
153
160
178
244
250
247
246
246
246
246
246
246
246
246
247
251
241
189
157
158
160
176
242
249
246
246
246
247
247
233
165
156
167
204
247
251
249
249
253
249
223
87
217
243
249
246
246
246
246
246
246
246
246
246
246
246
246
250
235
167
151
159
165
185
248
251
247
246
246
246
247
251
238
177
156
157
167
187
247
248
246
249
247
247
246
246
249
246
83
60
60
180
163
150
178
234
250
246
246
246
246
246
246
246
246
246
246
247
253
249
240
240
249
253
247
246
246
247
248
249
248
247
246
248
241
221
74
60
246
246
246
246
246
246
246
246
246
246
246
246
246
246
246
246
246
246
247
250
244
177
160
150
165
232
246
247
246
246
246
246
246
246
246
246
246
250
239
181
157
160
153
170
234
250
246
246
246
247
251
239
173
154
156
168
239
251
247
248
241
221
54
58
83
246
249
246
246
246
246
246
246
246
246
246
246
246
247
251
238
174
155
164
159
232
242
253
247
246
246
246
247
247
234
166
156
153
161
232
242
209
232
243
246
249
247
246
248
241
214
84
224
236
173
158
179
245
249
246
246
246
246
246
246
246
246
246
246
247
253
251
226
87
215
241
248
246
246
246
246
246
246
246
246
249
246
83
63
60
246
246
246
246
246
246
246
246
246
246
246
246
246
246
246
246
246
246
246
247
247
233
165
154
161
180
243
249
246
246
246
246
246
246
246
246
246
250
239
180
159
163
157
173
237
251
246
246
246
246
251
236
171
155
156
170
232
247
248
249
246
83
58
54
221
241
248
246
246
246
246
246
246
246
246
246
246
246
247
247
233
167
160
160
151
81
220
241
248
246
246
246
249
242
177
160
155
160
174
248
242
193
161
178
239
247
249
247
247
251
241
247
249
248
172
160
232
247
247
246
246
246
246
246
246
246
246
246
246
248
241
221
54
58
83
246
249
246
246
246
246
246
246
246
246
248
241
214
82
246
246
246
246
246
246
246
246
246
246
246
246
246
246
246
246
246
246
246
246
247
251
238
173
155
155
170
235
250
246
246
246
246
246
246
246
246
247
252
244
174
156
156
158
175
235
250
246
246
246
246
250
233
170
152
158
162
177
243
249
249
241
214
83
221
249
251
247
246
246
246
246
246
246
246
246
246
246
246
249
242
177
162
152
142
47
57
86
246
249
246
246
247
251
237
170
155
155
166
233
249
245
170
155
155
171
240
247
249
247
247
248
251
249
233
158
168
239
251
247
246
246
246
246
246
246
246
246
246
246
249
246
83
58
54
221
241
248
246
246
246
246
246
246
246
246
247
251
241
239
246
246
246
246
246
246
246
246
246
246
246
246
246
246
246
246
246
246
246
246
246
251
236
171
154
154
171
236
251
246
246
246
246
246
246
246
246
249
251
235
154
68
141
159
182
242
249
246
246
246
246
249
241
167
158
157
154
165
221
248
250
252
241
246
241
251
247
246
246
246
246
246
246
246
246
246
246
246
246
250
235
168
152
163
69
62
58
221
241
248
246
246
247
246
231
166
156
155
171
237
253
246
238
167
159
158
172
234
245
247
250
250
253
247
175
153
168
236
251
246
246
246
246
246
246
246
246
246
246
246
248
241
214
83
221
249
251
247
246
246
246
246
246
246
246
246
246
247
248
248
246
246
246
246
246
246
246
246
246
246
246
246
246
246
246
246
246
246
246
246
246
251
236
171
155
155
172
236
251
246
246
246
246
246
246
246
247
250
240
161
56
57
67
165
237
248
247
246
246
246
246
247
244
236
168
161
158
162
179
239
247
249
249
249
248
247
246
246
246
246
246
246
246
246
246
246
246
246
246
251
236
168
157
172
212
90
221
249
251
247
246
246
248
243
174
161
156
160
175
242
249
249
248
231
161
150
163
178
191
241
244
236
238
229
168
150
170
237
251
246
246
246
246
246
246
246
246
246
246
246
247
251
241
246
241
251
247
246
246
246
246
246
246
246
246
246
246
246
246
246
246
246
246
246
246
246
246
246
246
246
246
246
246
246
246
246
246
246
246
246
246
251
236
171
155
155
172
236
251
246
246
246
246
246
246
247
249
248
214
73
53
56
140
168
239
251
247
246
246
246
246
247
249
247
223
169
157
158
161
174
239
247
247
246
246
246
246
246
246
246
246
246
246
246
246
246
246
246
246
250
234
161
154
239
242
248
241
251
247
246
246
247
248
237
181
155
154
165
233
247
247
247
250
242
163
156
159
158
168
211
200
155
170
175
161
151
169
240
251
246
246
246
246
246
246
246
246
246
246
246
246
247
248
249
248
247
246
246
246
246
246
246
246
246
246
246
246
246
246
246
246
246
246
246
246
246
246
246
246
246
246
246
246
246
246
246
246
246
246
246
246
251
236
171
157
155
172
236
251
246
246
246
246
247
247
250
247
229
164
143
70
145
163
186
243
249
246
246
246
246
246
246
247
249
244
185
161
156
156
161
196
246
251
247
247
246
246
246
246
246
246
246
246
246
246
246
246
247
248
252
243
174
174
243
252
250
248
247
246
246
246
248
245
217
168
160
156
174
239
251
247
246
248
244
239
172
160
157
161
169
161
156
158
160
143
64
153
232
251
246
246
246
246
246
246
246
246
246
246
246
246
246
246
246
246
246
246
246
246
246
246
246
246
246
246
246
246
246
246
246
246
246
246
246
246
246
246
246
247
248
249
248
247
246
246
246
246
246
246
246
247
251
239
180
155
154
171
236
251
246
246
247
247
250
248
245
234
175
165
154
159
151
169
233
247
250
249
248
247
246
246
246
246
247
247
239
164
160
156
156
169
230
245
246
248
247
246
246
246
246
246
246
246
246
246
246
247
251
241
248
238
245
239
243
247
246
246
246
246
246
246
249
239
172
156
160
153
170
236
251
246
246
247
250
253
240
155
66
139
153
158
161
159
146
52
54
84
241
251
246
246
246
246
246
246
246
246
246
246
246
246
246
246
246
246
246
246
246
246
246
246
246
246
246
246
246
246
246
246
246
246
246
246
246
246
246
246
247
251
241
246
241
251
247
246
246
246
246
246
247
249
249
236
168
157
154
171
237
252
249
249
250
246
243
232
190
167
162
158
160
162
162
173
244
255
241
246
241
251
247
246
246
246
247
249
245
240
170
163
155
163
169
189
241
248
250
247
247
246
247
247
247
247
247
247
247
251
249
221
84
216
245
251
247
247
246
246
246
246
246
246
250
235
170
150
159
154
167
235
251
246
246
246
249
244
219
57
56
79
169
167
157
158
68
59
61
224
242
249
246
246
246
246
246
246
246
246
246
246
246
246
246
246
246
246
246
246
246
246
246
246
246
246
246
246
246
246
246
246
246
246
246
246
246
246
246
247
251
249
221
83
214
241
248
246
246
246
247
247
250
248
240
170
163
160
158
177
242
251
240
243
243
239
175
167
163
156
158
159
157
162
180
239
251
250
221
83
214
241
248
246
246
246
246
247
249
248
231
163
153
157
157
163
175
233
243
247
251
250
250
244
246
243
249
246
249
241
221
54
58
83
246
249
246
246
246
246
246
246
246
246
250
234
165
156
160
155
163
232
250
246
246
246
249
247
85
61
60
222
234
191
172
173
187
88
222
249
251
247
246
246
246
246
246
246
246
246
246
246
246
246
246
246
246
246
246
246
246
246
246
246
246
246
246
246
246
246
246
246
246
246
246
246
246
246
246
248
241
221
54
58
83
246
249
246
247
247
249
246
245
235
174
162
159
158
150
164
228
223
183
181
220
171
159
157
158
159
160
159
163
177
241
250
244
221
54
58
83
246
249
246
246
246
246
246
247
250
242
158
156
156
158
158
164
164
176
233
239
235
244
239
201
230
224
241
251
246
83
58
54
221
241
248
246
246
246
246
246
246
246
246
249
239
179
172
229
171
175
239
249
246
246
246
248
241
214
83
221
251
251
244
237
246
235
245
241
251
247
246
246
246
246
246
246
246
246
246
246
246
246
246
246
246
246
246
246
246
246
246
246
246
246
246
246
246
246
246
246
246
246
246
246
246
246
247
247
252
249
89
63
58
223
242
249
249
251
248
245
233
187
168
166
161
164
156
124
128
166
173
159
161
163
161
158
160
159
155
159
164
194
241
247
251
247
83
58
54
221
241
248
246
246
246
246
246
246
247
243
235
177
168
164
157
158
156
161
168
173
169
178
226
193
160
181
239
252
241
214
83
221
249
251
247
246
246
246
246
246
246
246
246
247
243
237
241
242
241
238
243
247
246
246
246
247
251
241
246
241
252
249
249
249
251
251
250
249
247
246
246
246
246
246
246
246
246
246
246
246
246
246
246
246
246
246
246
246
246
246
246
246
246
246
246
246
246
246
246
246
246
246
246
246
246
246
247
241
241
233
209
77
216
249
255
249
242
238
234
183
165
163
158
160
161
164
155
124
149
155
159
157
159
158
156
155
153
160
166
174
216
244
247
248
249
241
214
83
221
249
251
247
246
246
246
246
246
246
247
249
246
245
230
169
158
160
159
159
157
153
151
162
164
167
154
163
232
248
253
241
246
241
251
247
246
246
246
246
246
246
246
246
246
247
247
249
249
249
249
249
247
247
246
246
246
246
247
248
249
248
247
246
246
246
246
246
246
246
246
246
246
246
246
246
246
246
246
246
246
246
246
246
246
246
246
246
246
246
246
246
246
246
246
246
246
246
246
246
246
246
246
246
246
246
246
246
249
239
170
178
208
180
166
241
242
234
187
170
168
162
155
158
162
161
159
159
155
157
159
162
161
160
155
159
166
173
171
176
232
242
244
248
247
247
247
251
241
246
241
251
247
246
246
246
246
246
246
246
246
247
247
251
247
198
159
152
159
159
160
162
159
160
158
160
158
161
181
242
250
248
249
248
247
246
246
246
246
246
246
246
246
246
246
246
246
246
246
246
246
246
246
246
246
246
246
246
246
246
246
246
246
246
246
246
246
246
246
246
246
246
246
246
246
246
246
246
246
246
246
246
246
246
246
246
246
246
246
246
246
246
246
246
246
246
246
246
246
246
246
246
246
246
246
246
246
246
250
233
165
154
164
164
162
166
174
168
161
154
157
159
161
159
160
160
158
165
159
160
155
155
153
161
162
174
220
238
235
242
247
251
248
247
246
246
246
247
248
249
248
247
246
246
246
246
246
246
246
246
246
246
246
247
248
238
175
170
162
154
153
156
156
152
154
154
153
149
165
233
249
246
246
246
246
246
246
246
246
246
246
246
246
246
246
246
246
246
246
246
246
246
246
246
246
246
246
246
246
246
246
246
246
246
246
246
246
246
246
246
246
246
246
246
246
246
246
246
246
246
246
246
246
246
246
246
246
246
246
246
246
246
246
246
246
246
246
246
246
246
246
246
246
246
246
246
246
246
250
235
167
152
159
159
159
157
155
156
158
161
161
162
160
159
156
164
186
189
229
176
169
172
169
175
232
243
246
251
250
249
247
247
246
246
246
246
246
246
246
246
246
246
246
246
246
246
246
246
246
246
246
246
246
247
248
243
243
232
188
167
172
172
172
172
171
171
171
167
180
239
249
246
246
246
246
246
246
246
246
246
246
246
246
246
246
246
246
246
246
246
246
246
246
246
246
246
246
246
246
246
246
246
246
246
246
246
246
246
246
246
246
246
246
246
246
246
246
246
246
246
246
246
246
246
246
246
246
246
246
246
246
246
246
246
246
246
246
246
246
246
246
246
246
246
246
246
246
246
249
241
171
155
154
155
156
158
159
160
162
158
159
157
154
163
163
186
235
248
243
243
235
236
235
242
247
250
248
247
246
246
246
246
246
246
246
246
246
246
246
246
246
246
246
246
246
246
246
246
246
246
246
246
246
246
247
247
250
247
242
236
234
236
236
236
236
236
236
234
239
243
247
246
246
246
246
246
246
246
246
246
246
246
246
246
246
246
246
246
246
246
247
248
249
248
247
246
246
246
246
246
246
246
246
246
246
246
246
246
246
246
246
246
246
246
246
246
246
246
246
246
246
246
246
246
246
246
246
246
246
246
246
246
246
246
246
246
246
246
246
246
246
246
246
246
246
246
246
246
247
245
236
173
169
172
173
166
161
152
164
159
170
174
175
173
232
243
246
250
249
249
250
251
250
249
247
247
246
246
246
246
246
246
246
246
246
246
246
246
246
246
246
246
246
246
246
246
246
246
246
246
246
246
246
246
246
246
247
247
249
250
251
251
251
251
251
251
251
250
249
247
247
246
246
246
246
246
246
246
246
246
246
246
246
246
246
246
246
246
246
247
251
241
246
241
251
247
246
246
246
246
246
246
246
246
246
246
246
246
246
246
246
246
246
246
246
246
246
246
246
246
246
246
246
246
246
246
246
246
246
246
246
246
246
246
246
246
246
246
246
246
246
246
246
246
246
246
246
246
247
249
245
241
235
236
238
232
175
167
171
227
194
232
237
241
245
250
247
247
246
246
246
246
246
246
246
246
246
246
246
246
246
246
246
246
246
246
246
246
246
246
246
246
246
246
246
246
246
246
246
246
246
246
246
246
246
246
246
246
246
246
246
246
246
246
246
246
246
246
246
246
246
246
246
246
246
246
246
246
246
246
246
246
246
246
246
246
246
246
247
251
249
221
83
214
241
248
246
246
246
246
246
246
246
246
246
246
246
246
246
246
247
248
249
248
247
246
246
246
246
246
246
246
246
246
246
246
246
246
246
246
246
246
246
246
246
246
246
246
246
246
246
246
246
246
246
246
246
246
246
247
247
249
250
251
251
247
243
231
243
241
248
246
251
249
247
247
246
246
246
246
246
246
246
246
246
246
246
246
246
246
246
246
246
246
246
246
246
246
246
246
246
246
246
246
246
246
246
246
246
246
246
246
246
246
246
246
246
246
246
246
246
246
246
246
246
246
246
246
246
246
246
246
246
246
246
246
246
246
246
246
246
246
246
246
246
246
246
246
248
241
221
54
58
83
246
249
246
246
246
246
246
246
246
246
246
246
246
246
246
247
251
241
246
241
251
247
246
246
246
246
246
246
246
246
246
246
246
246
246
246
246
246
246
246
246
246
246
246
246
246
246
246
246
246
246
246
246
246
246
246
246
246
246
246
247
247
249
249
249
249
248
247
247
246
246
246
246
246
246
246
246
246
246
246
246
246
246
246
246
246
246
246
246
246
246
246
246
246
246
246
246
246
246
246
246
246
246
246
246
246
246
246
246
246
246
246
246
246
246
246
246
246
246
246
246
246
246
246
246
246
246
246
246
246
246
246
246
246
246
246
246
246
246
246
246
246
246
246
248
239
85
56
56
214
239
248
246
246
246
246
246
246
246
246
246
246
246
246
246
247
247
226
103
226
247
247
246
246
246
246
246
246
246
246
246
246
246
246
246
246
246
246
246
246
246
246
246
246
246
246
246
246
246
246
246
246
246
246
246
246
246
246
246
246
246
246
246
246
246
246
246
246
246
246
246
246
246
246
246
246
246
246
246
246
246
246
246
246
246
246
246
246
246
246
246
246
246
246
246
246
246
246
246
246
246
246
246
246
246
246
246
246
246
246
246
246
246
246
246
246
246
246
246
246
246
246
246
246
246
246
246
246
246
246
246
246
246
246
246
246
246
246
246
246
246
246
246
246
246
246
246
60
246
246
246
246
246
246
246
246
246
246
246
246
246
246
246
246
246
246
246
60
60
60
246
246
246
246
246
246
246
246
246
246
246
246
246
246
246
246
246
246
246
246
246
246
246
246
246
246
246
246
246
246
246
