246
246
246
246
246
246
246
246
246
246
246
246
66
66
66
246
246
246
246
246
246
246
246
246
246
246
246
246
246
246
246
246
246
246
246
246
246
246
246
246
246
246
246
246
246
246
156
157
156
156
155
157
156
155
155
155
157
156
156
155
155
156
157
156
246
246
246
246
246
246
246
246
246
246
246
246
246
246
246
246
246
246
246
246
246
246
246
246
246
246
246
246
246
246
246
246
246
246
246
246
246
246
246
246
246
246
246
246
246
246
246
246
246
246
246
246
246
246
246
246
246
246
246
246
246
246
246
246
246
246
246
246
246
246
246
246
246
246
246
246
246
246
246
246
246
246
246
246
246
246
246
246
246
246
246
246
246
246
246
247
251
242
226
102
236
249
247
246
246
246
246
246
246
246
246
246
246
246
246
246
246
246
246
246
246
246
246
246
246
246
246
246
246
246
250
235
165
151
156
155
154
153
152
154
154
155
154
154
155
155
156
159
157
140
81
218
243
251
246
246
246
246
246
246
246
246
246
246
246
246
246
246
246
246
246
246
246
246
246
246
246
246
246
246
246
246
246
246
247
249
250
249
247
246
247
251
248
218
83
216
229
165
153
156
166
237
251
252
251
251
251
250
249
249
249
248
247
246
246
246
246
246
246
246
246
246
246
246
246
246
246
246
246
246
246
246
246
246
246
246
246
246
246
246
246
246
246
246
247
251
250
231
83
214
235
252
247
246
246
246
246
246
246
246
246
246
246
246
246
246
246
246
246
246
246
246
246
246
246
246
246
246
246
246
251
235
165
148
156
155
153
162
155
162
170
159
157
153
156
146
151
149
139
59
63
85
241
251
251
248
246
246
246
246
246
246
246
246
246
246
246
246
246
246
246
246
246
246
246
246
246
246
246
246
246
246
246
247
251
241
246
241
251
247
249
241
222
60
63
95
232
165
141
148
157
161
234
236
240
236
232
241
248
246
246
243
251
248
246
246
246
246
246
246
246
246
246
246
246
246
246
246
246
246
246
246
246
246
246
246
246
246
246
246
246
246
246
246
249
241
222
62
68
95
250
251
246
246
246
246
246
246
246
246
246
246
246
246
246
246
246
246
246
246
246
246
246
246
246
246
246
246
246
246
251
236
167
148
156
153
147
165
221
188
230
194
166
226
171
164
171
162
78
59
58
143
168
234
243
243
248
246
246
246
246
246
246
246
246
246
246
246
246
246
246
246
246
246
246
246
246
246
246
246
246
246
247
251
249
222
88
215
241
249
250
246
88
63
61
232
233
174
150
159
153
146
82
156
164
166
161
165
234
232
168
227
242
243
248
246
246
246
246
246
246
246
246
246
246
246
246
246
246
246
246
246
246
246
246
246
246
246
246
246
246
246
246
246
250
246
89
66
67
220
242
249
251
248
246
246
246
246
246
246
246
246
246
246
246
246
246
246
246
246
246
246
246
246
246
246
246
246
246
246
251
236
167
149
154
159
158
189
238
251
242
243
244
239
244
234
240
231
151
78
140
153
161
163
185
242
251
246
246
246
246
246
246
246
246
246
246
246
246
246
246
246
246
246
246
246
246
246
246
246
246
246
249
241
222
60
63
88
246
250
249
241
215
88
224
250
240
160
153
153
144
61
60
70
147
150
146
154
162
160
158
153
185
242
251
246
246
246
246
246
246
246
246
246
246
246
246
246
246
246
246
246
246
246
246
246
246
246
246
246
246
246
246
246
249
241
217
84
217
230
181
228
244
246
251
248
246
246
246
246
246
246
246
246
246
246
246
246
246
246
246
246
246
246
246
246
246
246
246
246
251
236
167
147
151
164
227
245
244
250
249
250
250
250
250
251
251
252
229
157
143
155
153
147
158
232
249
250
246
246
246
246
246
246
246
246
246
246
246
246
246
246
246
246
246
246
247
248
247
246
246
246
250
246
88
63
60
222
241
249
247
251
241
246
246
250
165
154
156
157
77
65
62
142
152
158
155
153
152
150
152
145
158
232
250
249
246
246
246
246
246
246
246
246
246
246
246
246
246
246
246
246
246
246
246
246
246
246
246
246
246
246
246
246
247
251
246
239
170
162
161
155
165
229
244
245
250
246
246
246
246
246
246
246
246
246
246
246
246
246
246
246
246
246
246
246
246
246
246
246
251
235
165
148
149
169
240
252
248
246
246
246
246
246
246
246
246
251
243
180
159
156
150
152
156
165
239
247
249
246
246
246
246
246
246
246
246
246
246
246
246
246
246
248
250
251
246
247
244
250
246
246
249
241
215
88
222
249
251
247
246
247
249
250
251
235
166
145
157
152
139
75
139
151
153
151
154
154
155
156
156
154
156
170
240
247
249
246
246
246
246
246
246
247
249
250
249
247
246
246
246
246
246
246
246
246
246
246
246
246
246
246
246
246
246
248
252
240
166
145
150
147
154
156
169
238
249
251
248
246
246
246
246
246
247
248
248
248
248
247
246
246
246
246
246
246
246
246
246
246
251
235
166
147
149
167
236
251
246
246
246
246
246
246
246
246
246
248
242
242
232
166
156
151
151
153
165
238
246
248
246
246
246
246
246
246
246
246
246
246
246
246
250
245
240
237
231
176
234
246
250
246
247
251
241
246
241
251
247
246
246
246
246
246
251
238
166
149
155
157
146
157
165
175
171
166
155
148
150
150
154
153
153
156
166
237
246
248
246
246
246
246
247
251
241
246
241
251
247
246
246
246
246
246
246
246
246
246
246
246
246
246
246
246
246
248
247
231
158
145
151
149
148
145
152
162
231
240
242
248
247
248
250
251
246
247
247
248
247
243
250
246
246
246
246
246
246
246
246
246
251
235
165
149
150
168
238
251
246
246
246
246
246
246
246
246
246
246
248
251
251
235
160
151
154
151
152
175
244
251
246
246
246
246
246
246
246
246
246
246
246
250
248
237
168
168
166
159
155
237
245
248
246
247
249
250
249
247
246
246
246
246
246
248
247
232
162
151
153
160
161
184
235
240
239
233
173
164
168
166
158
152
155
150
153
176
242
250
246
246
247
250
252
251
223
88
215
241
249
246
246
246
246
246
246
246
246
246
246
246
246
246
246
246
246
250
242
169
159
169
172
170
161
152
145
154
156
175
240
250
249
241
237
234
230
174
233
231
170
234
248
250
247
246
246
246
246
246
246
246
251
236
167
149
152
160
231
248
248
246
246
246
246
246
246
246
246
246
246
246
251
239
175
151
155
154
150
159
234
250
250
246
246
246
246
246
246
246
246
246
250
248
238
161
152
148
152
150
153
172
241
250
246
246
246
246
246
246
246
246
246
246
246
250
242
174
156
154
150
160
228
247
248
251
251
247
241
234
238
233
169
155
151
153
146
168
236
251
246
247
251
244
240
216
69
66
88
246
250
246
246
246
246
246
246
246
246
246
246
246
246
246
246
246
246
251
236
161
155
229
241
238
233
173
157
150
134
171
232
251
251
242
159
169
164
160
160
161
159
161
238
245
248
246
246
246
246
246
246
246
251
236
167
149
153
154
170
242
250
246
246
246
246
246
246
246
246
246
246
246
250
243
191
161
152
155
157
153
163
236
250
249
246
246
246
246
246
246
248
251
249
239
161
152
148
156
151
155
144
169
235
251
246
246
246
246
246
246
246
246
246
246
246
250
233
166
147
155
147
168
238
251
248
246
246
248
250
251
251
250
244
171
161
153
148
168
236
251
247
251
249
227
88
58
59
63
222
241
249
246
246
246
246
246
246
246
246
246
246
246
246
246
246
246
248
248
232
154
163
241
252
251
247
244
230
169
159
168
242
247
243
221
158
144
152
151
150
154
145
149
161
245
251
246
246
246
246
246
246
246
251
236
169
149
154
145
163
233
251
246
246
246
246
246
246
246
246
246
246
246
247
246
241
171
162
159
156
139
74
161
239
251
246
246
246
246
246
250
245
243
229
157
146
152
168
177
150
75
133
165
240
251
246
246
246
246
246
246
246
246
246
246
246
251
235
160
147
152
156
176
242
250
246
246
246
246
246
246
248
252
244
233
153
157
149
172
236
251
249
241
222
63
59
58
88
227
249
251
247
246
246
246
246
246
246
246
246
246
246
246
246
246
246
246
250
242
177
145
162
234
251
246
248
251
247
241
230
238
246
243
181
159
159
153
154
151
159
157
144
64
144
228
251
246
246
246
246
246
246
246
251
236
168
148
156
147
166
235
251
246
246
247
249
250
249
247
246
246
246
246
246
249
247
233
167
148
143
62
57
85
235
251
246
246
246
246
250
248
235
165
159
163
161
171
228
213
61
59
70
159
234
247
248
246
246
246
246
246
246
246
246
246
246
250
234
168
148
150
161
233
248
248
246
246
246
246
246
247
251
250
229
88
144
151
151
171
236
251
250
246
88
66
69
216
240
244
251
247
246
246
246
246
246
246
246
246
246
246
246
246
246
246
246
246
251
237
163
146
170
242
250
246
246
246
248
250
250
250
251
238
172
145
152
150
157
163
163
168
57
59
89
241
251
246
246
246
246
246
246
246
251
236
166
148
156
148
166
235
251
246
247
251
241
246
241
251
247
246
246
246
246
246
251
244
179
158
74
65
58
157
236
252
246
246
246
248
244
237
160
153
160
233
235
246
247
96
75
61
145
149
172
242
250
246
246
246
246
246
246
246
246
246
246
251
238
172
149
148
165
237
251
246
246
246
246
246
246
249
241
222
67
62
73
155
150
170
235
251
249
241
215
88
223
251
252
250
247
246
246
246
246
246
246
246
246
246
246
246
246
246
246
246
246
250
250
233
156
154
232
247
248
246
246
246
246
246
246
248
247
233
161
152
154
159
162
239
239
85
67
66
225
242
250
246
246
246
246
246
246
246
251
233
164
146
156
148
166
235
251
247
251
249
222
88
215
241
249
246
246
246
246
246
248
246
232
157
134
76
138
163
236
248
248
246
246
251
244
173
147
157
233
251
251
251
243
217
96
213
166
147
172
232
250
246
246
246
246
246
246
246
246
246
248
248
233
161
147
154
175
242
250
246
246
246
246
246
246
250
248
94
70
58
144
153
151
167
239
251
248
251
241
246
241
251
247
246
246
246
246
246
246
246
246
246
246
246
246
246
246
246
246
246
248
245
239
165
148
162
235
251
246
246
246
246
246
246
246
250
242
175
155
151
151
162
233
251
249
219
90
222
249
251
247
246
246
246
246
246
246
246
250
240
169
153
152
147
167
235
251
249
241
222
60
63
88
246
250
246
246
246
246
246
246
251
245
178
153
152
150
160
174
241
250
246
248
246
231
160
140
166
236
251
246
247
251
243
248
227
167
153
169
242
250
246
246
246
246
246
246
246
246
246
250
241
175
155
148
161
232
248
248
246
246
246
246
246
246
250
249
213
82
142
163
160
151
156
227
244
248
247
249
250
249
247
246
246
246
246
246
246
246
246
246
246
246
246
246
246
246
246
246
246
250
241
170
148
150
165
247
251
250
248
246
246
246
246
246
250
233
169
145
150
156
177
245
251
251
241
246
241
251
247
246
246
246
246
246
246
246
246
248
246
232
160
150
148
166
237
251
251
246
88
63
60
222
241
249
246
246
246
246
246
246
248
247
233
163
152
157
146
164
234
251
246
250
242
174
153
147
162
237
250
246
246
247
251
246
177
151
157
232
247
248
246
246
246
246
246
246
246
246
246
251
237
162
145
145
165
235
251
246
246
246
246
246
246
247
251
252
220
85
141
160
157
151
159
156
245
249
246
246
246
246
246
246
246
246
246
246
246
246
246
246
246
246
246
246
246
246
246
246
246
251
234
164
141
166
230
242
234
240
242
248
246
246
246
246
250
242
169
155
148
159
232
249
250
250
251
251
251
250
248
246
246
246
246
246
246
246
246
246
251
239
167
148
151
160
231
248
251
241
215
88
222
249
251
247
246
246
246
246
246
246
246
251
238
167
149
155
149
166
235
251
246
251
234
159
142
156
197
244
249
246
246
246
251
234
164
140
170
242
253
251
249
246
246
246
246
246
246
246
248
247
232
160
147
153
168
242
250
246
246
246
246
246
246
249
241
223
69
67
76
158
155
157
162
234
241
248
246
246
246
246
246
246
246
246
246
246
246
246
246
246
246
246
246
246
247
250
251
251
250
251
235
166
143
167
228
180
169
177
240
251
246
246
246
246
248
248
231
159
144
171
240
252
246
239
241
242
242
241
247
251
248
246
246
246
246
246
246
246
251
236
167
147
153
155
170
242
251
251
241
246
241
251
247
246
246
246
246
246
247
249
250
252
237
167
149
155
149
168
237
251
247
251
237
168
142
165
238
250
249
246
246
246
251
238
167
143
176
231
247
237
250
251
248
246
246
246
246
246
250
240
172
154
149
162
234
249
249
246
246
246
246
246
246
250
246
88
69
58
150
151
152
160
234
249
250
247
246
246
246
246
246
246
246
246
246
246
246
246
246
246
246
246
246
246
251
239
221
219
235
252
237
161
146
161
158
159
143
159
232
250
249
246
246
246
246
251
237
167
141
175
237
250
230
162
179
231
173
173
231
243
246
251
248
246
246
246
246
246
251
235
168
148
155
147
164
232
251
247
249
250
249
247
246
246
246
246
246
247
251
241
246
248
245
168
149
156
151
160
231
247
250
248
232
159
145
163
235
250
251
250
251
251
251
235
163
150
167
213
94
154
229
246
247
251
250
248
246
246
251
237
162
148
150
159
232
247
248
246
246
246
246
246
246
249
241
216
96
213
171
157
150
169
238
251
246
246
246
246
246
246
246
246
246
246
246
246
246
246
246
246
246
246
246
246
239
230
95
113
242
250
230
155
145
150
152
153
151
157
176
240
245
248
246
246
246
251
235
165
143
166
227
183
156
154
156
165
159
152
160
176
231
244
245
250
246
246
246
246
251
235
165
146
156
148
165
235
251
246
246
246
246
246
246
246
246
246
247
251
249
222
88
222
230
168
149
155
152
153
167
240
251
239
165
151
151
156
170
242
245
244
234
240
235
177
159
148
149
64
65
77
167
179
232
235
238
241
248
247
246
229
161
149
151
160
171
247
248
246
246
246
246
246
246
247
251
243
247
227
170
153
148
170
235
251
246
246
246
246
246
246
246
246
246
246
246
246
246
246
246
246
246
246
246
246
224
96
211
223
238
240
177
152
163
155
157
147
151
152
154
178
243
251
246
246
246
251
235
165
144
161
161
159
149
149
151
150
149
148
146
154
162
174
237
247
250
246
246
246
251
235
163
146
156
148
165
235
251
246
246
246
246
246
246
246
246
246
249
241
222
60
63
96
235
173
148
156
152
153
175
240
251
238
163
149
148
150
154
171
230
172
171
170
167
158
156
153
75
63
65
139
148
157
168
165
167
238
250
248
247
175
159
149
150
158
229
245
248
246
246
246
246
246
246
246
247
251
246
171
156
153
148
162
236
251
246
246
246
246
246
246
246
246
246
246
247
249
250
249
247
246
246
246
246
246
90
215
249
252
251
236
171
221
192
228
176
162
160
153
148
158
231
246
248
246
246
251
233
163
146
154
154
153
150
159
154
163
161
161
153
146
147
152
164
239
248
250
246
246
251
235
164
146
155
147
164
235
251
246
246
246
246
246
246
246
246
246
250
246
88
63
60
229
230
170
149
156
150
164
234
248
250
246
238
166
158
154
151
158
155
157
146
150
151
153
156
152
141
81
145
145
80
138
148
145
164
235
251
249
247
231
160
150
149
168
239
251
246
246
246
246
246
246
246
246
246
251
235
168
145
153
147
166
234
251
246
246
246
246
246
246
246
246
246
247
251
241
246
241
251
247
246
246
246
246
91
213
253
249
248
239
245
238
250
243
239
219
154
152
150
153
174
241
250
246
246
250
242
169
154
152
152
161
153
174
218
177
231
234
170
161
157
147
153
162
238
248
250
246
251
234
165
146
155
149
165
235
251
246
246
246
246
246
246
246
246
246
249
241
215
88
222
251
245
170
149
156
150
169
238
251
247
251
242
225
150
146
148
151
152
154
155
156
155
155
156
159
151
148
137
66
65
78
155
153
160
231
248
251
249
234
160
150
144
164
232
250
246
246
246
246
246
246
246
246
248
248
233
162
153
151
155
178
243
250
246
246
246
246
246
246
246
246
247
251
249
222
88
215
241
249
246
246
246
246
90
215
249
252
251
249
249
249
249
251
249
181
172
159
151
146
164
234
251
246
246
248
248
231
160
150
149
162
220
187
234
250
248
250
244
232
170
154
147
154
162
239
248
250
250
241
171
153
153
148
165
235
251
246
246
246
246
246
246
246
246
246
247
251
241
246
241
253
237
168
148
155
148
167
235
251
246
249
246
181
168
165
160
156
151
154
153
155
155
152
148
154
166
181
84
62
59
136
150
155
155
171
243
252
242
172
153
150
152
157
239
250
246
246
246
246
246
246
246
246
251
245
178
156
154
147
144
228
248
248
247
249
250
249
247
246
246
246
249
241
222
60
63
88
246
250
246
246
246
246
224
96
213
228
243
252
250
247
246
248
240
242
224
163
150
147
165
234
251
246
246
246
251
237
166
145
154
176
238
250
242
250
248
249
251
250
242
167
155
150
154
161
236
244
250
249
233
162
151
150
169
237
251
246
246
246
246
246
246
246
246
246
246
247
249
251
251
252
239
168
149
156
148
163
234
251
246
247
240
236
232
236
233
182
170
161
153
153
161
171
161
163
234
239
218
89
137
159
163
149
148
157
231
251
238
164
147
150
157
231
248
250
250
249
247
246
246
246
246
250
248
233
160
148
152
149
155
240
250
251
252
239
239
232
249
246
246
246
250
246
88
63
60
222
241
249
246
246
246
246
239
230
98
99
213
228
244
253
252
252
251
252
239
171
148
148
164
235
251
246
246
246
250
241
178
151
159
235
250
251
247
246
246
246
246
249
249
232
159
148
152
150
162
239
251
252
238
166
146
156
162
232
248
248
246
246
246
246
246
246
246
246
246
246
246
249
242
245
226
162
151
153
155
178
241
250
246
246
248
250
251
251
250
241
224
156
153
147
159
227
238
239
248
252
245
239
232
237
162
157
151
154
172
245
239
165
151
150
170
244
253
244
247
241
251
247
246
246
248
245
238
167
156
151
159
173
248
253
253
244
228
208
109
237
250
246
246
246
249
241
215
88
222
249
251
247
246
246
246
246
251
239
226
213
99
99
215
211
208
226
244
254
248
176
151
149
163
234
251
246
246
246
248
248
232
156
157
236
251
250
246
246
246
246
246
246
251
243
171
155
153
145
162
234
252
250
220
82
135
151
157
170
242
250
246
246
246
246
246
246
246
246
246
246
247
250
241
179
157
159
153
151
164
233
248
248
246
246
246
246
246
246
251
245
173
158
153
156
167
246
251
250
248
249
250
250
250
251
235
166
151
147
169
234
200
159
153
151
162
233
245
215
90
215
241
249
246
246
251
244
174
156
157
158
176
231
231
212
212
215
99
96
226
236
249
246
246
246
247
251
241
246
241
251
247
246
246
246
246
246
247
250
252
243
228
213
102
105
105
102
215
217
205
150
148
167
188
251
252
250
247
246
246
251
237
166
149
163
237
245
248
246
246
246
246
246
248
246
230
159
151
147
165
239
249
223
69
65
74
154
150
165
234
251
246
246
246
246
246
246
246
246
246
246
250
248
229
149
147
152
153
150
171
238
251
246
246
246
246
246
246
246
251
234
163
145
150
163
229
246
248
246
246
246
246
246
246
251
239
170
150
150
165
223
173
152
155
153
161
165
152
61
67
88
246
251
250
252
252
239
168
148
144
131
147
212
108
105
105
102
213
226
239
251
247
246
246
246
246
247
249
250
249
247
246
246
246
246
246
246
246
246
247
250
252
243
226
208
211
215
102
112
102
92
131
136
201
207
229
244
253
252
252
253
245
169
146
151
169
243
251
246
246
246
246
246
246
251
244
175
155
145
166
240
251
90
64
57
142
153
150
167
236
251
246
246
246
246
246
246
246
246
248
251
249
239
151
155
154
155
151
153
181
242
250
246
246
246
246
246
246
246
251
238
167
147
156
166
244
250
246
246
246
246
246
246
246
251
234
166
148
151
161
159
160
153
155
154
156
151
72
67
78
237
251
253
247
233
214
147
138
135
81
86
95
100
217
211
208
226
243
252
250
247
246
246
246
246
246
246
246
246
246
246
246
246
246
246
246
246
246
246
246
246
247
250
251
252
253
244
229
207
202
138
76
92
103
111
102
215
211
210
210
213
221
174
166
155
166
240
252
253
252
251
250
247
246
248
247
233
160
144
168
241
250
221
84
145
155
160
150
168
239
252
251
250
250
250
248
246
246
249
246
245
234
163
152
149
153
150
153
168
238
246
248
246
246
246
246
246
246
248
247
232
159
145
161
231
246
248
246
246
246
246
246
246
246
250
242
178
156
152
167
171
171
160
162
162
165
162
137
69
196
220
226
222
216
99
88
87
80
79
140
161
212
231
245
253
252
251
250
247
246
246
246
246
246
246
246
246
246
246
246
246
246
246
246
246
246
246
246
246
246
246
246
246
246
246
247
251
253
252
181
152
143
157
212
214
215
102
105
107
107
107
103
206
136
129
137
148
214
215
209
226
244
253
252
253
254
250
178
151
167
244
254
253
246
167
158
156
150
162
236
247
244
235
232
239
245
251
252
251
240
177
166
156
151
154
153
155
161
239
248
249
246
246
246
246
246
246
246
251
244
172
156
147
172
243
253
252
252
252
252
252
252
252
252
253
253
245
174
148
152
200
145
135
136
136
135
138
133
87
91
105
99
98
88
140
133
134
132
144
169
250
251
252
250
247
246
246
246
246
246
246
246
246
246
246
246
246
246
246
246
246
246
246
246
246
246
246
246
246
246
246
246
246
246
246
246
250
248
231
160
152
171
249
252
253
244
226
208
210
210
212
219
102
95
86
78
85
98
109
112
104
216
211
210
210
216
205
141
128
137
143
211
221
209
153
148
163
162
166
176
239
187
174
173
180
247
246
239
234
178
163
159
162
164
163
161
174
248
253
253
253
252
252
252
252
252
252
253
252
241
168
157
157
181
232
233
208
210
210
210
210
210
210
210
213
221
212
147
132
88
90
93
85
85
84
89
95
91
142
130
131
130
131
141
153
164
160
161
168
241
248
249
246
246
246
246
246
246
246
246
246
246
246
246
246
246
246
246
246
246
246
246
246
246
246
246
246
246
246
246
246
246
246
246
246
248
246
238
160
150
158
232
249
249
248
250
251
252
252
252
253
245
231
212
148
137
129
135
197
209
215
106
108
109
109
115
102
95
79
81
90
99
112
106
94
140
136
137
133
138
137
138
130
132
149
211
157
89
141
143
133
137
134
133
129
129
152
207
216
211
210
210
210
210
210
210
210
213
211
147
138
134
133
152
211
107
105
107
107
107
107
107
107
109
104
103
92
87
89
141
136
136
138
133
142
161
218
226
163
159
155
159
162
160
155
150
153
168
239
247
250
246
246
246
246
246
246
246
246
246
246
246
246
246
246
246
246
246
246
246
246
246
246
246
246
246
246
246
246
246
246
246
246
246
248
251
244
175
150
150
169
244
251
246
246
246
246
246
246
246
247
250
252
252
240
168
155
168
175
195
237
232
209
211
211
216
205
139
131
139
166
213
213
218
211
90
81
86
85
84
84
84
86
87
88
79
61
62
69
86
82
79
85
90
99
96
102
106
108
107
107
107
107
107
107
107
107
110
97
88
78
84
84
94
99
222
213
210
210
210
210
210
210
216
205
139
129
133
151
213
158
164
160
163
170
252
252
251
241
173
158
155
148
146
155
158
176
238
247
250
246
246
246
246
246
246
246
246
246
246
246
246
246
246
246
246
246
246
246
246
246
246
246
246
246
246
246
246
246
246
246
246
246
248
244
246
228
158
144
157
231
246
248
246
246
246
246
246
246
246
246
246
246
251
244
176
155
150
150
156
172
247
247
191
248
251
182
168
156
173
243
252
253
254
240
164
131
137
138
137
138
138
137
139
132
59
57
58
129
131
136
137
152
214
220
216
214
212
210
210
210
210
210
210
210
210
210
213
211
145
138
135
135
137
221
246
253
253
252
253
253
253
254
253
248
173
156
155
174
179
180
152
141
74
211
238
251
250
245
243
232
183
164
167
175
231
244
245
249
246
246
246
246
246
246
246
246
246
246
246
246
246
246
246
246
246
246
246
246
246
246
246
246
246
246
246
246
246
246
246
246
246
248
251
244
198
164
155
152
180
244
251
246
246
246
246
246
246
246
246
246
246
246
248
246
239
165
151
143
146
154
161
163
165
164
167
155
150
153
184
246
251
246
251
239
173
156
164
162
162
161
157
156
157
150
144
84
156
169
171
178
237
251
251
253
252
252
252
252
252
252
252
252
252
252
252
252
253
252
240
167
158
161
165
172
246
251
251
251
251
248
242
237
233
164
150
151
158
186
230
168
141
59
71
97
250
251
246
248
251
248
243
236
234
242
247
251
248
246
246
246
246
246
246
246
246
246
246
246
246
246
246
246
246
246
246
246
246
246
246
246
246
246
246
246
246
246
246
247
249
250
251
246
246
227
159
147
144
156
231
247
248
246
246
246
246
246
246
246
246
246
246
246
246
249
249
236
152
160
159
152
143
145
146
152
153
141
70
136
222
242
249
246
251
237
169
149
156
154
154
160
165
169
170
169
168
231
235
240
234
242
247
251
248
246
246
246
246
246
246
246
246
246
246
246
246
246
246
251
244
168
152
150
151
154
168
234
238
236
238
233
179
167
157
158
153
171
234
245
234
163
73
59
62
215
243
249
246
246
246
248
250
251
251
250
248
246
246
246
246
246
246
246
246
246
246
246
246
246
246
246
246
246
246
246
246
246
246
246
246
246
246
246
246
246
246
246
249
244
249
240
246
229
172
160
155
154
159
186
241
250
246
246
246
247
249
250
249
247
246
246
246
246
246
246
250
243
238
235
234
161
157
162
167
161
144
62
65
85
183
248
249
246
251
237
170
149
155
154
152
161
228
237
238
235
243
250
252
251
251
250
248
246
246
246
246
246
246
246
246
246
246
246
246
246
246
246
246
248
245
237
163
156
152
153
156
160
169
167
167
161
156
146
148
161
231
244
250
246
167
151
135
76
153
244
251
247
246
246
246
246
246
246
246
246
246
246
246
246
246
246
246
246
246
246
246
246
246
246
246
246
246
246
246
246
246
246
246
246
246
246
246
246
246
246
246
246
246
234
179
226
174
158
155
148
147
159
226
243
243
248
246
246
247
251
241
246
241
251
247
246
246
246
246
246
247
249
250
251
250
236
176
240
236
155
59
60
73
217
236
242
247
246
251
235
167
148
154
154
153
159
194
248
251
251
250
248
246
246
246
246
246
246
246
246
246
246
246
246
246
246
247
249
250
249
247
246
246
246
250
249
231
158
147
153
151
146
144
142
141
143
145
150
161
239
250
251
251
234
159
150
147
159
228
251
249
246
246
246
247
249
250
249
247
246
246
246
246
246
246
246
246
246
246
246
246
246
246
246
246
246
246
246
246
246
246
246
246
246
246
246
246
246
246
246
246
246
241
172
160
153
158
149
152
151
153
180
245
251
248
246
246
247
251
249
222
88
215
241
249
246
246
246
246
246
246
246
246
246
250
243
250
243
224
66
57
75
232
250
252
249
246
246
250
243
173
154
152
155
154
149
153
235
250
246
246
246
246
246
246
246
246
246
246
246
246
246
246
246
246
247
251
241
246
241
251
247
246
246
246
251
241
180
160
157
148
155
159
169
166
167
164
167
237
248
250
246
250
233
169
144
148
170
241
251
246
246
246
247
251
241
246
241
251
247
246
246
246
246
246
246
246
246
246
246
246
246
246
246
246
246
246
246
246
246
246
246
246
246
246
246
246
246
246
246
246
246
235
163
145
152
151
152
149
153
171
238
245
248
246
246
246
249
241
222
60
63
88
246
250
246
246
246
246
246
246
246
246
246
246
247
251
248
90
68
67
231
249
251
247
246
246
246
248
247
232
160
150
154
155
149
167
234
250
246
246
246
246
246
246
246
246
246
246
246
246
246
246
246
247
251
249
222
88
215
241
249
246
246
246
248
242
242
230
181
165
170
231
239
236
236
234
241
245
250
246
246
250
239
180
156
147
159
233
251
246
246
247
251
249
222
88
215
241
249
246
246
246
246
246
246
246
246
246
246
246
246
246
246
246
246
246
246
246
246
246
246
246
246
246
246
246
246
246
246
246
246
233
161
141
148
147
154
158
176
239
248
249
246
246
246
246
250
246
88
63
60
222
241
249
246
246
246
246
246
246
246
246
246
246
246
249
241
215
88
222
249
251
247
246
246
246
246
246
251
238
168
149
154
153
152
183
239
251
246
246
246
246
246
246
246
246
246
246
246
246
246
246
246
249
241
222
60
63
88
246
250
246
246
246
246
248
251
248
242
234
241
248
251
251
251
251
250
248
246
246
246
248
242
241
230
164
172
239
250
246
246
249
241
223
63
69
92
248
250
246
246
246
246
246
246
246
246
246
246
246
246
246
246
246
246
246
246
246
246
246
246
246
246
246
246
246
246
246
246
246
246
239
173
161
166
166
174
231
243
245
249
246
246
246
246
246
249
241
215
88
222
249
251
247
246
246
246
246
246
246
246
246
246
246
246
247
251
241
246
241
251
247
246
246
246
246
246
246
251
236
170
150
156
154
150
181
238
251
246
246
246
246
246
246
246
246
246
246
246
246
246
246
246
250
246
88
63
60
222
243
251
250
249
247
246
246
246
248
250
250
250
248
246
246
246
246
246
246
246
246
246
246
248
251
247
239
237
243
248
246
246
250
248
96
59
61
216
249
250
246
246
246
246
246
246
246
246
246
246
246
246
246
246
246
246
246
246
246
246
246
246
246
246
246
246
246
246
246
246
246
246
243
239
233
236
234
242
247
251
248
246
246
246
246
246
246
247
251
241
246
241
251
247
246
246
246
246
246
246
246
246
246
246
246
246
246
247
249
250
249
247
246
246
246
246
246
246
246
251
236
171
151
156
153
148
163
236
251
246
246
246
246
246
246
246
246
246
246
246
246
246
246
246
249
241
215
88
222
250
253
243
246
241
251
247
246
246
246
246
246
246
246
246
246
246
246
246
246
246
246
246
246
246
246
248
250
250
248
246
246
246
250
249
218
64
64
218
249
250
246
246
246
246
246
246
246
246
246
246
246
246
246
246
246
246
246
246
246
246
246
246
246
246
246
246
246
246
246
246
246
246
248
250
251
251
251
250
248
246
246
246
246
246
246
246
246
246
247
249
250
249
247
246
246
246
246
246
246
246
246
246
246
246
246
246
246
246
246
246
246
246
246
246
246
246
246
246
246
251
236
171
150
154
154
147
169
236
251
246
246
246
246
246
246
246
246
246
246
246
246
246
246
246
247
251
241
246
243
253
250
222
88
215
241
249
246
246
246
246
246
246
246
246
246
246
246
246
246
246
247
249
250
249
247
246
246
246
246
246
246
246
250
249
216
61
59
96
248
250
246
246
246
246
246
246
246
246
246
246
246
246
246
246
246
246
246
246
246
246
246
246
246
246
246
246
246
246
246
246
246
246
246
246
246
246
246
246
246
246
246
246
246
246
246
246
246
246
246
246
246
246
246
246
246
246
246
246
246
246
246
246
246
246
246
246
246
246
246
246
246
246
246
246
246
246
246
246
246
251
236
171
148
155
154
150
163
233
248
248
246
246
246
246
246
246
246
246
246
246
246
246
246
246
246
247
249
250
251
243
222
60
63
88
246
250
246
246
246
246
246
246
246
246
246
246
246
246
246
247
251
241
246
241
251
247
246
246
246
246
246
246
250
248
92
69
63
223
241
249
246
246
246
246
246
246
246
246
246
246
246
246
246
246
246
246
246
246
246
246
246
246
246
246
246
246
246
246
246
246
246
246
246
246
246
246
246
246
246
246
246
246
246
246
246
246
246
246
246
246
246
246
246
246
246
246
246
246
246
246
246
246
246
246
246
246
246
246
246
246
246
246
246
246
246
246
246
246
246
251
236
171
148
155
154
153
157
178
242
250
246
246
246
246
246
246
246
246
246
246
246
246
246
246
246
246
246
246
250
246
88
63
60
222
241
249
246
246
246
246
246
246
246
246
246
246
246
246
247
251
249
222
88
215
241
249
246
246
246
246
246
246
249
241
215
88
222
249
251
247
246
246
246
246
246
246
246
246
246
246
246
246
246
246
246
246
246
246
246
246
246
246
246
246
246
246
246
246
246
246
246
246
246
246
246
246
246
246
246
246
246
246
246
246
246
246
246
246
246
246
246
246
246
246
246
246
246
246
246
246
246
246
246
246
246
246
246
246
246
246
246
246
246
246
246
246
246
246
246
250
236
171
150
155
155
155
153
165
234
249
246
246
246
246
246
246
246
246
246
246
246
246
246
246
246
246
246
246
249
239
211
83
218
248
251
247
246
246
246
246
246
246
246
246
246
246
246
246
247
248
234
79
69
86
239
249
246
246
246
246
246
246
247
251
241
246
241
251
247
246
246
246
246
246
246
246
246
246
246
246
246
246
246
246
246
246
246
246
246
246
246
246
246
246
246
246
246
246
246
246
246
246
246
246
246
246
246
246
246
246
246
246
246
246
246
246
246
246
246
246
246
246
246
246
246
246
246
246
246
246
246
246
246
246
246
246
246
246
246
246
246
246
246
246
246
246
246
246
246
246
246
162
155
155
155
155
156
163
246
246
246
246
246
246
246
246
246
246
246
246
246
246
246
246
246
246
246
246
246
246
246
246
246
246
246
246
246
246
246
246
246
246
246
246
246
246
246
246
246
246
66
66
66
246
246
246
246
246
246
246
246
246
246
246
246
246
246
246
246
246
246
246
246
246
246
246
246
246
246
246
246
246
246
246
246
246
246
246
246
246
246
246
246
246
246
246
246
246
246
246
246
