245
245
245
245
245
245
245
245
245
245
245
245
245
245
245
245
245
245
245
245
245
245
245
245
245
245
245
245
245
245
245
245
245
245
245
245
245
245
245
245
245
245
245
245
245
245
245
245
245
245
245
245
245
245
245
245
245
245
245
245
245
245
245
245
245
245
245
245
245
245
245
245
245
245
245
245
245
245
245
245
245
245
245
245
245
245
245
245
245
245
245
245
245
245
245
245
245
245
245
245
245
245
245
245
245
245
245
245
245
245
245
245
245
245
245
245
245
245
245
245
245
245
245
245
245
245
245
245
245
245
245
245
245
245
245
245
245
245
245
245
245
245
245
245
245
245
245
245
245
245
245
245
245
245
245
245
245
245
245
245
245
247
249
251
245
237
232
233
231
229
227
225
227
231
239
244
246
245
245
245
245
245
245
245
245
245
245
245
245
245
245
245
245
245
245
245
245
245
247
249
250
249
247
245
245
245
245
245
245
245
245
245
245
245
245
246
238
234
231
187
138
201
241
248
245
245
245
245
245
245
245
245
245
245
245
245
245
245
245
245
245
245
245
245
245
245
245
245
245
245
245
245
245
245
245
245
245
245
245
245
245
245
245
245
245
245
245
245
245
245
245
245
245
245
245
245
245
245
245
245
245
245
245
245
245
245
245
245
245
245
245
245
245
245
245
245
245
245
245
245
245
245
245
245
245
245
245
245
245
246
249
252
247
242
203
150
151
148
151
157
167
168
169
189
220
248
246
245
245
245
245
245
245
245
245
245
245
245
245
245
245
245
245
245
245
245
245
247
253
241
246
241
253
247
245
245
245
245
245
245
245
245
245
245
246
249
228
159
151
137
138
150
228
251
245
245
245
245
245
245
245
245
245
245
245
245
245
245
245
245
245
245
245
245
245
245
245
245
245
245
245
245
245
245
245
245
245
245
245
245
245
245
245
245
245
245
245
245
245
245
245
245
245
245
245
245
245
245
245
245
245
245
245
245
245
245
245
245
245
245
245
245
245
245
245
245
245
245
245
245
245
245
245
245
245
245
246
248
251
254
248
244
217
153
141
131
129
134
142
209
228
226
227
231
239
244
246
245
245
245
245
245
245
245
245
245
245
245
245
245
245
245
245
245
245
245
247
253
249
224
104
218
241
249
245
245
245
245
245
245
245
245
245
245
245
249
242
199
130
127
134
202
243
248
245
245
245
245
245
245
245
245
245
245
245
245
245
245
245
245
245
245
245
245
246
249
251
252
252
250
248
246
245
245
245
245
245
245
245
245
245
245
245
245
245
245
245
245
245
245
245
245
245
245
245
245
245
245
245
245
245
245
245
245
245
245
245
245
245
245
245
245
245
245
245
245
245
245
245
245
245
245
245
245
246
247
252
248
242
236
227
158
140
133
129
139
148
203
243
248
254
253
252
251
249
247
245
245
245
245
245
245
245
245
245
245
245
245
245
245
245
245
245
245
245
245
249
241
224
79
82
104
246
250
245
245
245
245
245
245
245
245
245
245
247
252
254
217
144
131
155
221
253
249
245
245
245
245
245
245
245
245
245
245
245
245
245
245
245
245
246
247
250
252
254
247
241
232
234
242
250
254
253
253
253
251
249
247
245
245
245
245
245
245
245
245
245
245
245
245
245
245
245
245
245
245
245
245
245
245
245
245
245
245
245
245
245
245
245
245
245
245
245
245
245
247
249
250
249
245
245
245
245
246
251
248
245
236
171
152
144
138
137
146
152
187
240
246
251
249
247
245
245
245
245
245
245
245
245
245
245
245
245
245
245
245
245
245
245
245
245
245
245
245
245
245
250
246
104
82
79
224
241
249
245
245
245
245
245
245
245
245
246
249
252
248
242
200
140
142
206
248
248
245
245
245
245
245
245
245
245
245
245
245
245
245
245
245
245
247
251
249
243
235
235
230
160
151
151
177
235
236
234
234
231
237
241
248
245
245
245
245
245
245
245
245
245
245
245
245
245
245
245
245
245
245
245
245
245
245
245
245
245
245
245
245
245
245
245
245
245
245
245
245
247
253
241
246
240
245
245
245
247
249
248
242
189
144
139
131
130
137
164
233
238
243
250
251
247
245
245
245
245
245
245
245
245
245
245
245
245
245
245
245
245
245
245
245
245
245
245
245
245
245
245
245
249
241
218
104
224
249
253
247
245
245
245
245
245
245
245
246
250
244
241
220
155
139
137
181
241
251
249
245
245
245
245
245
245
245
245
245
245
245
245
245
245
245
246
247
245
240
185
151
154
148
141
132
134
142
151
155
154
155
148
160
232
251
246
245
245
245
245
245
245
245
245
245
245
245
245
245
245
245
247
249
250
249
247
245
245
245
245
245
245
245
245
245
245
245
245
245
245
247
253
249
224
104
215
245
245
247
254
246
220
158
144
138
134
144
148
180
231
252
254
250
247
246
245
245
245
245
245
245
245
245
245
245
245
245
245
245
245
245
245
245
245
245
245
245
245
245
247
249
250
249
249
253
241
246
241
253
249
249
250
249
247
245
245
245
245
248
247
235
157
142
141
134
137
148
211
254
250
245
245
245
245
245
245
245
245
245
245
245
245
245
245
247
251
253
220
159
138
134
133
136
140
142
141
139
136
133
133
133
125
145
224
251
246
245
245
245
245
245
245
245
245
245
245
245
245
245
245
247
253
241
246
241
253
247
245
245
245
245
245
245
245
245
245
245
245
245
245
249
241
224
79
82
99
245
245
252
249
231
99
125
137
141
137
148
223
247
246
248
246
245
245
245
245
245
245
245
245
245
245
245
245
245
245
245
245
245
245
245
245
245
245
245
245
245
245
247
253
241
247
243
254
250
249
250
249
249
253
241
246
241
253
247
245
245
246
251
246
180
138
134
138
141
136
135
194
246
251
247
245
245
245
245
245
245
245
245
245
245
245
245
247
249
245
240
187
134
135
140
143
143
142
141
142
142
143
143
142
142
132
150
228
252
246
247
249
250
250
247
245
245
245
245
245
245
245
245
247
253
249
224
104
218
241
249
245
245
245
245
245
245
245
245
245
245
245
245
245
250
246
104
82
79
221
245
245
241
225
87
78
84
140
145
135
156
233
254
249
246
245
245
245
245
245
245
245
245
245
245
245
245
245
245
245
245
245
245
245
245
245
245
247
250
252
253
254
254
251
226
108
217
243
247
249
245
247
253
249
224
104
218
241
249
245
245
249
248
234
151
134
133
134
137
136
138
141
211
246
249
245
245
245
245
245
245
245
245
245
245
245
246
250
248
218
149
143
141
137
138
135
134
133
134
135
137
137
140
139
139
131
150
227
252
249
249
241
238
240
249
249
245
245
245
245
245
245
245
249
241
224
79
82
104
246
250
245
245
245
245
245
245
245
245
245
245
245
245
245
249
241
218
104
224
248
245
245
246
105
86
73
132
138
142
133
152
230
253
245
245
245
245
245
245
245
245
245
245
245
245
245
245
245
245
245
245
245
245
245
245
245
248
246
240
233
232
235
235
224
88
84
91
183
244
247
248
249
241
224
79
82
104
246
250
245
246
252
248
168
134
138
147
157
158
147
137
133
148
223
253
249
245
245
245
245
245
245
245
245
245
245
249
245
224
146
136
136
137
143
150
155
156
154
161
164
169
153
157
146
150
127
143
223
253
249
244
208
142
193
243
248
246
245
245
245
245
245
245
250
246
104
82
79
224
241
249
245
245
245
245
245
245
245
245
245
245
245
245
245
247
253
241
246
241
253
245
245
241
220
107
177
144
142
144
131
148
228
252
245
245
245
245
245
245
245
245
245
245
245
245
245
245
245
245
245
245
245
245
245
245
246
251
253
205
152
150
155
157
97
84
74
125
141
196
253
250
250
246
104
82
79
224
241
249
245
248
249
233
166
141
166
232
238
240
204
146
133
135
209
245
249
245
245
245
245
245
245
245
245
245
247
252
236
160
138
138
141
133
138
203
238
235
234
236
244
238
212
94
208
177
146
153
230
252
252
220
139
128
140
206
251
248
245
245
245
245
245
245
249
241
218
104
224
249
253
247
245
245
245
245
245
245
245
245
245
245
245
245
245
245
247
249
250
249
247
245
245
252
246
250
194
149
139
140
139
156
236
252
245
245
245
245
245
245
245
245
245
245
245
245
245
245
245
245
245
245
245
245
245
247
249
247
239
181
128
124
126
124
117
80
128
136
136
181
242
249
251
241
218
104
224
249
253
247
245
250
249
181
143
211
239
251
254
254
247
189
131
133
151
229
251
246
245
245
245
245
245
245
245
245
249
246
221
141
135
139
142
143
158
225
254
254
253
254
249
232
87
93
110
242
235
235
240
251
252
214
143
124
140
201
249
249
245
245
245
245
245
245
247
253
241
246
241
253
247
245
245
245
245
245
245
245
245
245
245
245
245
245
245
247
249
250
249
247
245
245
245
246
253
254
204
144
137
137
143
220
246
250
245
245
245
245
245
245
245
245
245
245
245
245
245
245
245
245
245
245
245
245
245
250
243
214
151
143
144
147
155
158
151
156
148
144
135
145
203
251
250
252
241
246
241
253
247
245
245
253
245
173
134
157
241
251
246
250
254
202
144
127
144
220
251
246
245
245
245
245
245
245
245
246
251
240
158
140
139
137
138
188
238
243
247
246
245
250
246
104
82
80
226
246
254
251
249
249
252
216
146
129
143
203
252
249
246
249
251
250
250
247
246
247
249
250
249
247
245
245
245
245
245
245
245
245
245
245
245
245
245
245
247
253
241
246
241
253
247
245
245
245
251
250
200
141
136
135
149
226
254
247
245
245
246
246
247
247
247
246
247
248
248
247
246
245
245
245
245
245
245
245
248
254
223
148
132
129
140
203
237
235
235
239
224
156
135
136
197
251
251
247
249
250
249
247
245
245
248
250
240
165
131
155
236
250
245
248
250
242
183
128
147
223
253
246
245
245
245
245
245
245
245
248
248
228
146
134
138
136
148
209
254
251
247
245
245
249
241
218
104
224
249
253
247
245
245
248
252
216
144
126
143
203
249
252
252
241
247
236
252
247
252
247
246
245
245
245
245
245
245
245
245
245
245
245
245
245
245
245
245
247
253
249
224
104
218
241
249
245
245
245
251
251
199
138
136
136
148
224
253
246
247
250
252
251
249
249
252
252
252
243
247
245
250
250
249
247
245
245
245
245
249
242
206
134
136
148
172
231
254
254
253
254
252
213
137
130
190
243
250
247
245
245
245
245
245
245
249
249
185
135
141
222
247
249
245
245
253
249
191
129
145
223
252
246
245
245
245
245
245
245
246
251
247
180
143
136
139
140
188
245
248
246
245
245
245
247
253
241
246
241
253
247
245
245
245
248
252
217
145
128
138
198
252
254
249
225
109
197
175
232
242
245
248
245
245
245
245
245
245
245
245
245
245
245
245
245
245
245
245
249
241
224
79
82
104
246
250
245
245
245
251
249
201
141
135
133
152
225
254
253
252
246
239
233
198
209
237
234
205
221
195
250
247
247
241
253
247
245
245
245
252
236
154
145
132
183
237
246
250
246
245
250
254
218
143
131
144
208
252
248
247
249
250
249
247
245
252
244
180
127
148
229
254
247
245
245
251
247
188
128
143
223
252
246
245
245
245
245
245
245
248
247
232
151
135
138
143
181
247
249
249
245
245
245
245
245
247
249
250
249
247
245
245
245
245
248
248
213
140
130
155
216
252
244
225
84
84
85
142
144
196
247
249
245
245
245
245
245
245
245
245
245
245
245
245
245
245
245
245
250
246
104
82
79
224
241
249
245
245
245
251
251
199
138
136
135
149
230
253
243
235
211
153
145
150
149
155
153
154
142
168
233
224
105
218
241
249
245
245
247
254
240
208
131
141
143
204
250
249
246
246
250
248
210
139
129
141
204
249
250
252
241
246
241
253
246
252
246
184
127
148
228
253
246
245
245
253
251
189
131
144
223
252
246
245
245
245
245
245
245
251
244
168
140
135
136
170
242
251
249
246
245
245
245
245
245
245
245
245
245
245
245
245
245
245
249
245
188
140
130
192
245
254
249
111
85
73
129
130
133
184
247
251
245
245
245
245
245
245
245
245
245
245
245
245
245
245
245
245
249
241
218
104
224
249
253
247
245
245
245
251
251
201
140
133
144
155
229
233
160
151
142
137
133
136
135
135
136
135
136
142
155
84
85
104
246
250
245
247
253
251
233
100
126
131
134
148
220
254
254
251
251
228
149
139
133
148
209
251
254
248
224
104
218
241
248
252
246
181
129
144
225
251
248
245
248
249
242
180
129
150
224
252
246
245
245
245
245
245
245
252
237
162
132
137
135
177
246
254
245
245
245
245
245
245
245
245
245
245
245
245
245
245
245
245
248
249
213
137
133
199
254
254
242
217
89
129
144
141
138
189
248
251
245
245
245
245
245
245
245
245
245
245
245
245
245
245
245
245
247
253
241
246
241
253
247
245
245
245
245
251
251
201
141
132
144
207
165
145
140
133
136
138
141
140
140
143
143
143
141
140
84
82
88
225
241
249
245
249
241
224
82
83
91
144
137
136
200
236
238
247
243
190
137
132
135
158
220
253
243
224
79
82
104
246
250
252
246
183
131
141
195
245
249
245
250
253
202
142
136
166
233
252
245
245
245
245
245
245
245
253
239
165
135
137
136
172
243
252
245
245
245
245
245
245
245
245
245
245
245
245
245
245
245
245
248
254
214
135
127
189
247
251
248
170
145
138
146
138
138
188
248
251
245
245
246
249
251
251
250
248
246
245
245
245
245
245
245
245
245
247
249
250
249
247
245
245
245
245
245
251
251
201
141
134
151
147
146
138
139
139
137
141
143
145
139
134
136
139
141
141
125
92
225
249
254
247
245
250
246
104
83
86
228
200
140
141
145
152
155
198
223
153
135
136
141
197
248
253
247
104
82
79
224
241
248
251
245
178
130
133
176
240
251
248
251
244
189
127
133
210
246
250
246
246
246
246
245
245
246
254
242
167
135
138
146
185
248
250
245
245
245
245
245
245
245
245
245
245
245
245
245
245
245
245
248
253
213
136
129
148
214
253
180
142
139
140
142
137
137
189
248
251
245
245
249
242
237
230
241
246
250
245
245
245
245
245
245
245
245
245
245
245
245
245
245
245
245
245
245
251
251
203
141
136
141
140
140
139
135
135
141
149
190
187
145
153
152
146
141
146
134
143
185
253
250
245
245
249
241
218
104
225
252
254
193
138
132
130
135
145
147
143
138
145
195
253
252
252
241
218
104
224
249
253
246
249
250
183
138
130
150
233
253
254
251
206
140
136
148
224
254
251
250
248
247
245
246
245
247
250
236
160
135
138
166
239
248
247
245
245
245
245
245
245
245
245
245
245
245
245
245
245
245
245
248
251
218
148
125
143
204
240
167
131
135
138
136
136
138
190
248
251
245
249
254
240
165
143
173
239
246
248
245
245
245
245
245
245
245
245
245
245
247
249
250
249
245
245
245
251
251
201
140
134
141
137
133
141
145
152
176
241
245
191
200
240
229
155
136
141
140
142
187
249
249
245
245
247
253
241
246
241
254
251
249
190
145
141
140
139
138
138
136
171
231
241
244
248
253
241
246
241
253
247
245
248
247
243
172
139
141
168
236
243
209
145
132
132
201
246
253
245
240
223
216
248
254
247
251
247
179
142
135
148
194
250
251
246
245
245
245
245
247
249
250
249
247
245
245
245
245
245
245
245
248
252
219
149
131
140
201
184
144
144
156
162
154
132
138
190
249
252
249
244
243
218
141
125
141
189
252
248
245
245
245
245
245
245
245
245
245
247
253
241
246
240
245
245
245
251
250
198
134
127
140
147
155
162
229
237
242
250
249
244
245
254
252
168
143
137
135
171
239
250
248
245
245
245
247
249
250
249
247
251
249
238
172
136
140
139
138
137
139
151
155
162
216
252
251
249
250
249
247
245
245
246
250
251
239
162
133
144
151
161
151
139
132
149
217
254
251
234
155
149
174
232
244
246
254
241
169
133
133
157
236
250
247
245
245
245
245
247
253
241
246
241
253
247
245
245
245
245
245
245
248
252
219
149
131
157
157
145
136
135
218
217
152
132
146
201
248
253
247
238
163
143
140
136
173
241
246
248
245
245
245
245
245
245
245
245
247
253
249
224
104
215
245
245
245
251
247
199
144
143
162
218
236
243
248
254
250
249
248
248
248
250
248
231
151
134
136
179
246
254
245
245
245
245
245
245
245
245
245
251
253
196
146
138
136
145
151
150
141
134
132
133
198
246
251
247
245
245
245
245
245
245
245
253
242
167
132
135
136
137
136
139
140
202
251
250
242
155
137
133
145
139
190
247
254
243
170
135
133
162
240
254
245
245
247
249
251
254
251
224
104
218
241
249
245
245
245
245
245
245
248
252
217
144
135
143
141
136
138
151
174
228
154
127
148
205
251
254
250
179
139
130
137
163
244
249
250
245
245
245
245
245
245
245
245
245
249
241
224
79
82
99
245
245
245
249
247
204
194
232
242
246
253
251
248
246
245
245
245
245
245
246
254
238
159
133
136
178
244
253
245
245
245
245
245
245
245
247
250
254
249
183
133
131
139
152
235
222
148
140
136
139
146
216
249
251
247
245
245
245
245
245
245
251
247
175
145
140
142
140
135
132
186
248
253
245
163
140
138
143
138
117
90
221
252
244
169
132
130
158
236
253
245
247
253
241
249
236
232
80
82
104
246
250
245
245
245
245
245
245
248
251
216
144
132
141
138
138
145
216
244
227
155
136
156
217
254
249
234
163
131
137
159
241
249
250
246
245
245
245
245
245
245
245
245
245
250
246
104
82
79
221
245
245
245
246
245
242
245
250
253
249
247
245
245
245
245
245
245
245
245
245
253
234
158
131
136
176
244
253
245
245
245
245
245
245
247
253
245
241
202
152
144
145
164
234
252
252
215
141
133
134
138
142
218
244
249
245
245
245
245
245
245
249
252
235
165
137
143
140
144
152
211
254
251
171
138
135
136
134
128
73
88
112
254
246
169
132
140
166
244
250
247
253
249
224
108
217
100
85
79
224
241
249
245
245
245
245
245
245
249
253
219
148
134
139
138
144
220
250
254
251
216
133
165
239
246
196
145
144
139
150
239
249
250
246
245
245
245
245
245
245
245
245
245
245
249
241
218
104
224
248
245
245
245
246
247
248
248
247
245
245
245
245
245
245
245
245
245
245
245
246
254
236
158
132
135
174
244
253
245
245
245
245
245
247
253
249
230
103
91
128
138
209
245
246
252
252
235
189
154
145
137
133
145
229
252
246
245
245
245
245
247
253
252
227
98
128
136
145
178
240
239
239
179
139
129
140
149
156
96
77
78
221
251
250
173
132
150
232
249
249
249
241
224
79
85
100
217
108
224
249
253
247
245
245
245
245
245
245
250
248
213
141
133
138
141
211
249
251
250
254
222
150
145
197
206
142
126
78
132
224
249
250
246
245
245
245
245
245
245
245
245
245
245
245
247
253
241
246
241
253
245
245
245
245
245
245
245
245
245
245
245
245
245
245
245
245
245
245
245
248
249
231
153
133
132
171
243
252
245
245
245
245
245
249
241
225
88
69
73
81
147
220
254
251
246
247
244
242
240
190
145
129
145
222
252
246
245
245
245
245
249
241
225
84
85
87
140
162
243
236
194
155
142
141
144
159
232
239
207
94
139
204
254
243
164
132
154
236
252
250
251
246
104
82
80
232
236
249
241
253
247
245
245
245
245
245
245
245
250
229
158
131
132
138
204
251
254
250
249
253
220
142
165
195
142
129
72
79
107
243
254
246
245
245
245
245
245
245
245
245
245
245
245
245
245
247
249
250
249
247
245
245
245
245
245
245
245
245
245
245
245
245
245
245
245
245
245
245
245
251
244
167
142
135
141
180
249
250
245
245
245
245
245
250
246
107
74
68
92
162
142
214
251
248
245
246
248
252
254
245
181
129
148
225
252
246
245
245
245
245
250
246
104
83
88
216
151
154
194
202
139
134
131
141
211
245
249
254
250
200
132
196
251
187
142
135
144
171
242
245
250
241
218
104
224
251
254
251
249
247
245
245
245
245
245
245
245
245
250
229
158
138
140
193
254
245
248
241
254
252
218
146
142
147
145
83
85
86
229
243
250
245
247
249
250
249
247
245
245
245
245
245
245
245
245
245
245
245
245
245
245
245
245
245
245
245
245
245
245
245
245
245
245
245
245
245
245
245
246
254
239
162
132
133
163
237
250
248
245
245
245
245
245
249
241
222
96
105
230
179
148
215
253
249
245
245
245
245
253
249
187
129
147
227
254
247
245
245
245
245
249
241
218
104
228
250
226
145
141
144
140
132
134
151
231
254
249
252
254
210
143
195
244
179
133
136
139
145
175
245
252
252
241
246
241
253
247
245
245
245
245
245
245
245
245
245
245
245
248
243
239
200
187
250
253
226
104
218
245
247
190
144
134
139
144
186
111
226
249
252
247
247
253
241
246
241
253
247
245
245
245
245
245
245
245
245
245
245
245
245
245
245
245
245
245
245
245
245
245
245
245
245
245
245
245
245
245
246
249
251
237
158
133
133
167
243
254
245
245
245
245
245
245
247
253
244
233
239
246
186
134
206
246
249
245
245
245
245
251
245
181
127
137
220
247
250
245
245
245
245
247
253
241
246
243
254
225
146
130
137
142
145
152
218
244
249
246
250
248
203
135
198
246
182
135
139
140
133
162
238
251
247
249
250
249
247
245
245
245
245
245
245
245
245
245
245
245
245
246
249
250
245
249
240
228
79
82
104
251
241
178
138
132
135
196
236
248
242
253
247
247
253
249
224
104
218
241
249
245
245
245
245
245
245
245
245
245
245
245
245
245
245
245
245
245
245
245
245
245
245
245
247
250
254
254
254
254
254
251
245
170
142
136
132
163
241
252
245
245
245
245
245
245
245
247
250
252
254
254
189
138
149
231
254
248
246
245
245
250
251
193
143
136
156
237
251
245
245
245
245
245
247
249
250
249
252
231
153
137
131
136
190
241
246
249
247
248
251
224
144
134
198
246
181
134
139
139
142
172
246
251
245
245
245
245
245
247
249
250
249
247
245
245
245
245
245
245
245
245
245
247
248
252
247
105
82
79
225
247
234
163
134
136
147
207
254
254
254
254
254
253
243
224
79
82
104
246
250
245
245
245
245
245
245
245
245
245
245
245
245
245
245
245
245
245
245
245
245
245
245
245
249
235
224
210
213
211
232
244
195
148
141
144
156
201
254
254
254
254
254
254
254
254
254
254
254
254
254
252
246
169
142
212
245
249
250
246
246
252
251
239
167
127
151
229
253
245
245
245
245
245
245
245
245
245
249
246
214
142
140
153
213
253
251
247
245
249
253
215
137
132
203
245
177
132
137
138
158
236
250
248
245
245
245
245
247
253
241
246
241
253
247
245
245
247
250
254
254
254
254
254
254
254
254
232
118
238
254
254
241
158
138
141
193
254
248
230
212
210
224
240
249
104
82
79
224
241
249
245
245
245
245
245
245
245
245
245
245
245
245
245
245
245
245
245
245
245
245
245
245
245
250
240
127
116
120
120
123
222
158
124
126
125
142
209
216
215
213
213
213
213
213
213
213
213
213
212
229
248
254
249
177
148
185
245
254
254
254
253
250
190
152
134
157
236
254
254
254
254
254
254
254
254
254
254
254
254
236
171
180
248
254
254
254
254
254
254
254
217
142
168
241
255
195
150
144
142
164
245
254
254
254
254
254
254
254
252
227
108
227
252
254
254
254
254
244
228
212
213
213
213
213
215
221
208
212
208
221
220
198
127
113
116
160
219
223
116
119
116
127
243
246
218
104
224
249
253
247
245
245
245
245
245
245
245
245
245
245
245
245
245
245
245
245
245
245
245
245
245
245
245
249
235
224
210
213
218
226
111
101
95
92
98
111
123
125
121
121
121
121
121
121
121
121
121
121
119
116
218
221
214
147
116
125
149
221
225
226
198
148
134
132
122
98
202
222
213
213
213
213
213
213
213
213
213
214
220
194
131
162
222
221
215
213
213
215
221
207
132
121
159
218
218
210
143
125
128
130
154
221
217
214
213
213
213
220
212
85
71
84
213
225
220
220
219
220
116
119
121
121
121
121
121
122
124
126
124
122
124
117
113
105
108
113
118
118
218
215
210
225
240
254
244
248
241
253
247
245
245
245
245
245
245
245
245
245
245
245
245
245
245
245
245
245
245
245
245
245
245
245
245
247
250
254
254
254
254
244
170
118
124
124
137
213
219
214
213
213
213
213
213
213
213
213
213
213
215
218
116
122
119
115
101
93
94
102
111
109
101
97
88
89
71
91
102
128
121
121
121
121
121
121
121
121
120
123
125
109
101
105
122
127
121
121
122
126
121
106
92
98
114
125
131
119
109
94
94
93
99
113
126
127
123
121
121
127
99
94
79
112
112
117
104
109
113
117
219
215
213
213
213
213
213
213
213
213
213
213
214
216
220
221
220
218
214
229
244
254
254
254
246
249
244
254
250
247
245
245
245
245
245
245
245
245
245
245
245
245
245
245
245
245
245
245
245
245
245
245
245
245
245
247
249
250
249
249
247
193
145
140
146
151
209
252
254
254
254
254
254
254
254
254
254
254
254
254
254
244
228
212
215
221
219
142
122
114
117
118
122
127
125
77
75
90
210
220
213
213
213
213
213
213
213
213
213
214
219
191
121
152
213
215
214
213
216
212
197
121
117
156
217
219
220
216
152
125
129
127
124
145
204
211
215
217
216
225
215
113
210
219
183
125
114
115
176
233
248
254
254
254
254
254
254
254
254
254
254
254
254
254
254
254
254
254
254
254
250
249
253
249
224
104
218
241
249
245
245
245
245
245
245
245
245
245
245
245
245
245
245
245
245
245
245
245
245
245
245
245
245
245
247
253
241
247
247
254
212
148
133
134
148
226
249
248
247
245
245
245
245
245
245
245
245
245
245
245
247
250
254
254
254
254
254
240
165
155
152
152
142
150
140
138
99
221
253
254
254
254
254
254
254
254
254
254
254
254
254
228
150
147
212
254
254
254
255
254
169
141
141
190
254
254
254
249
177
143
144
146
147
158
170
211
254
254
254
254
236
234
176
177
160
151
137
146
212
254
252
247
245
245
245
245
245
245
245
245
245
245
245
245
245
245
245
245
245
245
245
249
241
224
79
82
104
246
250
245
245
245
245
245
245
245
245
245
245
245
245
245
245
245
245
245
245
245
245
245
245
245
245
247
253
249
225
108
220
238
191
136
136
150
187
242
249
254
247
245
245
245
245
245
245
245
245
245
245
245
245
245
245
245
245
246
250
244
241
235
211
184
198
153
203
177
219
245
252
247
245
245
245
245
245
245
245
245
245
248
252
217
141
127
186
248
249
241
236
219
154
137
170
241
248
249
251
202
170
143
140
143
142
136
137
182
185
204
234
167
174
157
143
139
138
136
134
146
213
251
248
245
245
245
245
245
245
245
245
245
245
245
245
245
245
245
245
245
245
245
245
250
246
104
82
79
224
241
249
245
245
245
245
245
245
245
245
245
245
245
245
245
245
245
245
245
245
245
245
245
245
245
245
249
241
225
84
85
95
153
149
138
142
181
213
106
220
241
249
245
245
245
245
245
245
245
245
245
245
245
245
245
245
245
245
245
246
249
251
252
247
246
238
243
238
248
246
249
248
245
245
245
245
245
245
245
245
245
245
248
252
219
144
132
145
210
248
182
150
141
157
223
245
246
250
246
244
245
203
153
138
142
143
139
144
144
147
155
148
143
136
138
138
140
141
140
144
202
245
248
246
245
245
245
245
245
245
245
245
245
245
245
245
245
245
245
245
245
245
245
245
249
241
218
104
224
249
253
247
245
245
245
245
245
245
245
245
245
245
245
245
245
245
245
245
245
245
245
245
245
245
245
245
251
248
112
86
72
126
130
132
137
137
194
82
86
105
246
250
245
245
245
245
245
245
245
245
245
245
245
245
245
245
245
245
245
245
245
245
246
248
250
251
251
250
250
248
246
245
245
245
245
245
245
245
245
245
245
245
248
251
219
148
130
137
153
207
166
127
134
164
246
254
248
246
246
248
253
241
167
136
141
143
143
145
138
137
136
141
140
141
141
138
134
132
144
200
249
250
249
245
245
245
245
245
245
245
245
245
245
245
245
245
245
245
245
245
245
245
245
245
247
253
241
246
241
253
247
245
245
245
245
245
245
245
245
245
245
245
245
245
245
245
245
245
245
245
245
245
245
246
248
250
254
243
213
88
130
141
143
144
158
214
100
85
80
224
241
249
245
245
245
245
245
245
245
245
245
245
245
245
245
245
245
245
245
245
245
245
245
245
245
245
245
245
245
245
245
245
245
245
245
245
245
245
245
245
245
245
248
251
218
143
132
136
144
145
146
132
143
227
247
248
245
245
245
245
252
238
166
133
141
142
146
143
134
91
132
141
143
140
136
142
146
149
187
246
250
249
245
245
245
245
245
245
245
245
245
245
245
245
245
245
245
245
245
245
245
245
245
245
245
247
249
250
249
247
245
245
245
245
245
245
245
245
245
245
245
245
245
245
245
245
245
245
245
245
245
246
248
252
249
243
238
238
158
145
135
140
141
187
247
241
221
106
225
249
253
247
245
245
245
245
245
245
245
245
245
245
245
245
245
245
245
245
245
245
245
245
245
245
245
245
245
245
245
245
245
245
245
245
245
245
245
245
245
245
245
245
246
251
229
163
135
138
140
134
141
144
174
240
252
246
245
245
245
245
251
241
176
163
147
140
140
134
82
83
88
137
134
140
144
168
232
236
240
247
249
245
245
245
245
245
245
245
245
245
245
245
245
245
245
245
245
245
245
245
245
245
245
245
245
245
245
245
245
245
245
245
245
245
245
245
245
245
245
245
245
245
245
245
245
245
245
245
245
245
246
248
244
241
236
179
153
147
144
138
137
140
180
248
253
254
243
246
241
253
247
245
245
245
245
245
245
245
245
245
245
245
245
245
245
245
245
245
245
245
245
245
245
245
245
245
245
245
245
245
245
245
245
245
245
245
245
245
245
245
245
245
245
249
246
208
142
132
133
135
146
219
242
244
248
245
245
245
245
245
248
241
244
220
148
130
133
82
74
71
129
144
153
157
226
244
249
253
250
248
246
245
245
245
245
245
245
245
245
245
245
245
245
245
245
245
245
245
245
245
245
245
245
245
245
245
245
245
245
245
245
245
245
245
245
245
245
245
245
245
245
245
245
245
245
245
245
245
245
247
251
252
231
180
146
142
134
132
134
133
138
173
245
249
249
247
249
250
249
247
245
245
245
245
245
245
245
245
245
245
245
245
245
245
245
245
245
245
245
245
245
245
245
245
245
245
245
245
245
245
247
249
250
249
247
245
245
245
245
245
245
245
247
251
254
228
178
164
153
150
218
249
252
248
246
245
245
245
245
245
246
248
253
240
172
155
153
142
103
144
152
214
237
241
246
253
248
246
245
245
245
245
245
245
245
245
245
245
245
245
245
245
245
245
245
245
245
245
245
245
245
245
245
245
245
245
245
245
245
245
245
245
245
245
245
245
245
245
245
245
245
245
245
245
245
245
245
245
245
246
239
234
185
130
125
128
129
140
146
158
175
241
249
250
246
245
245
245
245
245
245
245
245
245
245
245
245
245
245
245
245
245
245
245
245
245
245
245
245
245
245
245
245
245
245
245
245
245
245
247
253
241
246
241
253
247
245
245
245
245
245
247
252
241
247
238
247
236
232
237
243
250
247
245
245
245
245
245
245
245
245
245
249
242
239
232
236
232
234
229
240
245
252
251
249
246
245
245
245
245
245
245
245
245
245
245
245
245
245
245
245
245
245
245
245
245
245
245
245
245
245
245
245
245
245
245
245
245
245
245
245
245
245
245
245
245
245
245
245
245
245
245
245
245
245
245
245
245
245
249
229
169
158
154
151
154
151
157
226
237
242
246
249
246
245
245
245
245
245
245
245
245
245
245
245
245
245
245
245
245
245
245
245
245
245
245
245
245
245
245
245
245
245
245
245
245
245
245
247
253
249
224
104
218
241
249
245
245
245
245
247
253
249
225
105
221
247
254
253
251
249
247
245
245
245
245
245
245
245
245
245
245
246
248
251
252
254
254
254
254
252
250
247
245
245
245
245
245
245
245
245
245
245
245
245
245
245
245
245
245
245
245
245
245
245
245
245
245
245
245
245
245
245
245
245
245
245
245
245
245
245
245
245
245
245
245
245
245
245
245
245
245
245
245
245
245
245
245
245
246
238
232
228
231
233
234
231
240
247
254
250
248
246
245
245
245
245
245
245
245
245
245
245
245
245
245
245
245
245
245
245
245
245
245
245
245
245
245
245
245
245
245
245
245
245
245
245
245
247
248
235
96
87
102
240
249
245
245
245
245
247
248
235
96
87
102
240
249
245
245
245
245
245
245
245
245
245
245
245
245
245
245
245
245
245
245
245
245
245
245
245
245
245
245
245
245
245
245
245
245
245
245
245
245
245
245
245
245
245
245
245
245
245
245
245
245
245
245
245
245
245
245
245
245
245
245
245
245
245
245
245
245
245
245
245
245
245
245
245
245
245
245
245
245
245
245
245
245
245
245
245
245
245
245
245
245
245
245
245
245
245
245
245
245
245
245
245
245
245
245
245
245
245
245
245
245
245
245
245
245
245
245
245
245
245
245
245
245
245
245
245
245
245
245
245
245
245
245
245
245
84
84
84
245
245
245
245
245
245
245
245
245
84
84
84
245
245
245
245
245
245
245
245
245
245
245
245
245
245
245
245
245
245
245
245
245
245
245
245
245
245
245
245
245
245
245
245
245
245
245
245
245
245
245
245
245
245
245
245
245
245
245
245
245
245
245
245
245
245
245
245
245
245
245
245
245
245
245
245
245
245
245
245
245
245
245
245
245
245
245
245
245
245
245
245
245
245
245
