246
246
246
246
246
246
246
246
246
246
246
246
246
246
246
246
246
246
246
246
246
246
246
246
246
246
246
246
246
246
246
246
246
246
246
246
246
246
246
246
246
246
246
246
246
246
246
246
246
246
246
246
246
246
246
246
246
246
246
246
246
246
246
246
246
246
246
246
246
246
246
246
246
246
246
246
246
246
246
246
246
246
246
246
246
246
246
52
52
52
246
246
246
246
246
246
246
246
246
246
246
246
246
246
246
246
246
246
246
246
246
246
246
168
176
163
166
177
246
246
246
246
246
246
246
246
246
246
246
246
246
246
246
246
246
246
246
246
246
246
246
246
246
246
246
246
246
246
246
246
246
246
246
246
246
246
246
246
246
246
246
246
246
246
246
246
246
246
246
246
246
246
246
246
246
246
246
246
246
246
246
246
246
246
246
246
246
246
246
246
246
246
246
246
246
246
246
246
246
246
246
246
246
246
246
246
246
246
246
246
246
246
246
246
246
246
246
246
246
246
246
246
246
246
246
246
246
246
246
246
246
246
249
237
188
218
70
53
71
234
248
248
246
246
246
246
246
246
246
246
246
246
249
242
203
178
165
181
245
246
187
164
171
172
168
170
166
168
171
171
170
181
237
247
249
247
246
246
246
246
246
246
246
246
246
246
246
246
246
246
246
246
246
246
246
246
246
246
246
246
246
246
246
246
246
246
246
246
246
246
246
246
246
246
246
246
246
246
246
246
246
248
250
251
250
248
246
246
246
246
246
246
246
246
246
246
246
246
246
246
246
246
246
246
246
246
246
246
246
246
246
246
246
246
246
246
247
248
250
252
252
250
248
247
246
246
246
246
246
246
248
250
251
250
248
246
246
246
246
246
246
246
252
234
182
158
136
65
218
250
255
248
246
246
246
246
246
246
246
246
246
246
250
239
192
163
158
170
233
235
171
159
165
169
171
170
169
168
166
163
163
169
178
239
246
248
246
246
246
246
246
246
246
246
246
246
246
246
246
246
246
246
246
246
246
246
246
246
246
246
246
246
246
246
246
246
246
246
246
246
246
246
246
246
246
246
246
246
246
246
248
255
240
246
240
255
248
246
246
246
246
246
246
246
246
246
246
246
246
246
246
246
246
246
246
246
246
246
246
246
246
246
246
246
246
246
248
244
240
236
236
242
246
252
248
247
246
246
246
248
255
240
246
240
255
248
246
246
246
246
246
246
253
237
179
162
166
184
243
255
248
246
246
246
247
248
250
250
250
249
248
247
251
239
184
165
166
173
184
178
173
168
169
170
170
170
170
171
171
171
171
167
168
183
243
251
247
246
246
246
246
246
246
246
246
246
246
246
246
246
246
246
246
246
246
246
246
246
246
246
246
246
246
246
246
246
246
247
248
250
252
253
253
253
253
253
253
253
253
254
255
251
221
77
213
240
250
246
246
246
246
246
246
246
246
246
246
246
246
246
246
246
246
246
246
246
246
246
246
246
246
246
246
246
246
246
249
239
185
173
176
181
234
244
245
249
247
246
248
255
249
220
77
213
240
250
246
246
246
246
246
246
253
237
177
163
169
232
243
251
246
246
246
246
248
242
239
242
242
249
247
252
254
238
180
164
168
170
168
166
165
164
164
165
169
166
163
163
166
168
171
170
165
173
234
247
248
246
246
246
246
246
246
246
246
246
246
246
248
250
251
250
248
246
246
246
246
246
246
246
246
246
246
246
246
247
248
251
246
242
236
237
237
237
237
237
237
237
237
241
238
222
53
52
77
246
251
246
246
246
246
246
246
246
246
246
246
246
246
246
246
246
246
246
246
246
246
246
246
246
246
246
246
246
246
246
249
240
178
161
157
168
170
182
239
249
252
248
250
240
220
47
50
77
246
251
246
246
246
246
246
246
253
238
179
161
176
181
248
249
246
246
246
246
250
240
181
179
235
181
236
243
255
239
179
165
169
172
171
166
169
174
179
180
199
188
175
180
176
173
168
168
168
169
189
243
250
246
246
246
246
246
246
246
246
246
246
248
255
240
246
240
255
248
246
246
246
246
246
246
246
246
246
246
246
248
245
244
234
181
178
179
179
179
178
178
179
180
180
186
177
69
49
56
222
240
250
248
250
251
250
248
246
246
246
248
250
251
250
248
246
246
246
246
246
246
246
246
246
246
246
246
246
246
246
246
248
246
238
176
170
165
165
167
177
234
243
244
254
246
77
50
47
220
240
250
246
246
246
246
246
247
251
237
178
158
173
232
245
248
246
246
246
246
252
235
174
170
169
155
69
216
247
241
178
163
171
170
169
168
182
236
238
240
240
240
237
238
238
191
168
164
168
162
181
236
251
246
246
246
246
246
246
246
246
246
248
255
249
220
77
213
240
250
246
246
246
246
246
246
246
246
246
246
246
249
242
206
172
166
161
163
162
163
160
159
157
159
165
165
142
36
48
215
253
255
250
255
240
246
240
255
250
250
252
255
242
246
240
255
248
246
246
246
246
246
246
246
246
246
246
246
246
246
246
246
247
249
247
241
181
168
163
163
169
172
190
244
255
242
214
77
220
249
255
248
246
246
246
246
246
248
247
217
173
158
181
239
254
247
246
246
246
247
254
240
181
159
151
40
50
79
252
243
178
164
169
165
170
178
241
250
253
252
252
252
252
254
251
243
172
170
167
164
179
239
254
247
246
246
246
246
246
246
246
246
250
240
220
47
50
77
246
251
246
246
246
246
246
246
246
246
246
246
246
249
244
195
169
164
169
169
170
170
171
173
175
182
168
155
47
44
79
240
255
250
255
249
220
78
215
246
250
244
243
244
216
80
215
241
250
246
246
246
246
246
246
246
246
246
246
246
246
246
246
246
246
247
249
248
240
187
178
176
172
160
170
228
248
254
244
246
240
255
248
246
246
246
246
246
246
248
247
204
173
159
178
237
253
246
246
246
246
248
247
234
176
165
64
49
53
222
248
243
180
164
167
166
164
239
249
249
247
246
246
246
246
247
249
248
234
170
166
164
174
235
249
248
246
246
246
246
246
246
246
246
254
249
83
54
48
220
241
254
251
250
248
246
246
246
246
246
246
246
246
248
249
235
175
163
170
173
171
184
203
208
235
244
235
71
52
54
227
244
251
250
240
220
47
53
74
243
237
185
185
165
51
51
76
246
255
248
247
246
246
246
246
246
246
246
246
246
246
246
246
246
246
246
247
249
246
242
240
230
174
160
169
172
183
240
251
254
250
248
246
246
246
246
246
246
246
247
249
237
177
161
177
237
253
246
246
246
246
250
243
180
171
161
149
73
225
251
255
236
175
164
172
177
240
245
250
247
246
246
246
246
246
246
247
252
245
186
170
165
169
183
242
250
246
246
246
246
246
246
246
248
255
235
213
71
230
253
255
241
246
240
255
248
246
246
246
246
246
246
246
247
254
239
180
162
177
199
205
207
241
249
250
255
246
217
79
221
249
255
248
251
246
77
51
52
216
184
175
172
164
62
46
42
157
225
248
246
252
248
247
246
246
246
246
246
246
246
246
246
246
246
246
246
246
247
248
250
254
246
193
177
170
161
166
175
240
246
248
246
246
246
246
246
246
246
246
247
252
241
198
161
178
239
254
247
246
246
247
253
238
175
163
165
159
232
246
255
245
180
169
163
176
236
250
250
247
246
246
246
246
246
246
246
246
248
248
236
173
165
162
177
237
252
246
246
246
246
246
246
248
255
251
230
71
213
236
255
251
220
77
213
240
250
246
246
246
246
246
246
246
246
253
237
178
161
169
230
239
248
247
249
247
249
255
240
246
240
255
248
246
250
240
213
79
224
237
180
164
169
165
149
67
152
176
178
185
234
245
247
252
248
247
246
246
246
246
246
246
246
246
246
246
246
246
246
246
246
248
243
243
236
189
169
162
167
185
244
251
247
246
246
246
246
246
246
246
246
252
240
183
163
173
235
247
248
246
246
248
248
235
170
171
176
181
249
255
254
233
172
164
164
180
243
255
250
248
246
246
246
246
246
246
246
246
247
254
240
181
165
163
179
237
252
246
246
246
246
246
246
250
240
220
48
54
83
253
248
220
47
50
77
246
251
246
246
246
246
246
246
246
246
253
237
178
162
168
167
244
254
248
247
246
246
248
250
251
250
248
246
246
248
255
241
248
239
205
173
166
170
175
165
168
163
170
163
168
172
183
232
242
244
248
246
246
246
246
248
250
251
250
248
246
246
246
246
246
246
247
248
251
250
241
177
166
161
173
236
250
250
247
246
246
246
246
246
246
246
252
237
181
162
169
182
243
250
246
247
251
245
187
165
176
238
238
242
246
253
202
170
167
165
186
231
252
240
255
248
246
246
246
246
246
246
246
246
252
238
180
164
164
179
237
253
246
246
246
246
246
246
251
246
77
50
47
220
246
249
77
50
47
220
240
250
246
246
246
246
246
246
246
246
253
237
179
164
162
174
234
252
246
246
246
246
246
246
246
246
246
246
246
246
248
252
253
224
183
167
168
169
166
167
177
181
178
169
160
162
170
169
185
239
250
246
248
250
254
255
241
246
240
255
248
246
246
246
246
246
246
246
247
249
247
241
176
167
169
183
239
243
249
246
246
246
246
246
246
246
252
238
182
163
163
179
235
251
246
248
249
235
174
161
191
247
231
79
219
232
184
164
171
171
178
210
83
213
240
250
246
246
246
246
246
246
246
246
252
238
179
163
164
181
237
253
246
246
246
246
246
246
250
240
213
77
220
249
255
241
213
77
220
249
255
248
246
246
246
246
246
246
246
246
253
237
180
164
166
183
238
253
246
246
246
246
246
246
246
246
246
246
246
246
246
250
242
200
173
167
169
166
169
174
198
239
236
184
174
172
168
161
175
235
252
248
255
240
251
238
226
77
213
240
250
246
246
246
246
246
246
246
246
247
249
249
233
169
161
166
168
240
251
246
246
246
246
246
246
246
252
237
177
164
163
177
239
252
247
250
247
204
170
164
184
211
52
50
84
237
182
162
173
166
158
44
55
77
246
251
246
246
246
246
246
246
246
246
252
237
180
164
165
179
237
253
246
246
246
246
246
246
248
255
240
246
240
255
250
255
240
246
240
255
248
246
246
246
246
246
246
246
246
246
252
235
177
163
166
180
237
252
246
246
246
246
246
246
246
246
246
246
246
246
246
251
238
187
166
169
167
171
175
236
247
251
248
246
229
175
167
163
181
237
254
255
249
220
88
199
58
50
77
246
251
246
246
246
246
246
246
246
246
246
247
252
245
181
168
158
180
239
255
250
248
246
246
246
246
246
252
236
176
160
164
191
240
252
249
249
238
174
164
172
187
75
54
47
227
232
182
163
174
169
61
46
51
220
240
250
246
246
246
246
246
246
246
246
253
237
180
165
165
179
237
253
246
246
246
246
246
246
246
248
250
251
250
248
246
248
250
251
250
248
246
246
246
246
246
246
246
246
246
246
250
242
182
169
161
179
240
254
247
246
246
246
246
246
246
246
246
246
246
246
246
252
237
177
163
169
166
174
236
249
251
248
249
254
246
193
168
155
168
233
255
240
220
47
63
42
63
47
220
240
250
246
246
246
246
246
246
246
246
246
246
248
247
233
173
163
190
233
252
240
255
248
246
246
246
246
250
242
183
168
166
196
242
253
245
239
178
169
169
180
234
212
79
220
255
246
181
162
171
165
149
74
224
249
255
248
246
246
246
246
246
246
246
247
254
239
180
163
164
181
237
253
246
246
246
246
246
246
246
246
246
246
246
246
246
246
246
246
246
246
246
246
246
246
246
246
246
246
246
246
248
247
235
175
161
172
236
252
254
253
253
252
252
251
249
248
247
246
246
246
246
252
237
176
164
169
167
182
240
253
247
246
246
248
247
240
187
165
166
238
255
246
77
50
58
199
88
220
249
255
248
246
246
246
246
246
246
246
246
246
246
247
254
239
182
165
179
210
83
213
240
250
246
246
246
246
248
249
235
173
163
194
240
254
243
181
170
162
174
238
255
243
246
240
255
239
179
163
168
178
190
242
243
255
248
246
246
246
246
246
246
246
246
248
247
234
173
164
160
177
236
252
246
246
246
246
246
246
246
246
246
246
246
246
246
246
246
246
246
246
246
246
246
246
246
246
246
246
246
246
247
254
239
180
160
169
175
235
239
236
236
239
238
240
242
248
249
247
246
246
246
252
236
182
165
167
173
201
244
250
246
246
246
247
249
245
241
232
238
241
252
240
213
77
226
238
251
240
255
248
246
246
246
246
246
246
246
246
246
246
246
247
254
239
181
159
159
44
55
77
246
251
246
246
246
246
247
254
239
177
166
198
246
254
237
195
163
162
180
237
254
250
251
250
254
237
179
165
164
179
239
255
255
254
250
248
248
250
251
250
248
246
246
250
243
181
170
165
167
176
242
250
246
246
246
246
246
246
246
246
246
246
246
246
246
246
246
246
246
246
246
246
246
246
246
246
246
246
246
246
246
253
237
177
163
166
169
173
175
176
170
176
200
181
199
240
247
250
247
246
248
255
244
184
166
166
175
236
250
248
246
246
246
246
247
248
250
251
251
249
249
255
240
246
241
255
254
250
248
246
246
246
246
246
246
246
246
246
246
246
246
248
248
234
175
165
64
49
53
221
240
250
246
246
246
246
246
253
237
174
166
235
246
255
241
181
164
169
181
244
254
251
250
249
254
240
180
166
165
179
241
255
241
246
240
255
255
240
246
240
255
248
246
251
236
185
163
165
173
233
247
248
246
246
246
246
246
246
246
246
246
246
246
246
246
246
246
246
246
246
246
246
246
246
246
246
246
246
246
246
246
253
237
177
164
169
169
165
166
164
166
171
171
171
170
176
240
247
249
249
255
246
236
172
172
165
179
239
254
247
246
246
246
246
246
246
246
246
246
246
246
248
250
251
250
248
246
246
246
246
246
246
246
246
246
246
246
246
246
246
246
250
243
187
171
164
146
71
220
251
255
248
246
246
246
246
246
253
237
176
165
203
248
253
236
171
164
177
240
255
242
246
240
255
247
232
171
167
164
181
246
255
220
77
215
249
253
220
77
213
240
250
246
252
238
182
165
165
181
239
253
247
246
246
246
246
246
246
246
246
246
246
246
246
246
246
246
246
246
246
246
246
246
246
246
246
246
246
246
246
246
252
235
174
157
163
164
166
167
161
156
161
172
179
175
181
185
252
255
255
254
228
78
157
175
177
189
251
255
255
251
248
246
246
246
246
246
246
246
246
246
246
246
246
246
246
246
246
246
246
246
246
246
246
246
246
246
246
246
246
247
253
239
179
164
175
161
182
236
255
248
246
246
246
246
246
247
254
239
180
159
180
238
245
178
169
171
221
255
254
221
77
213
245
245
169
167
170
164
184
233
227
47
50
81
240
228
52
61
92
255
255
255
255
251
190
173
181
200
255
255
255
255
255
255
255
251
248
246
246
246
246
246
246
246
246
246
246
246
246
246
246
246
246
246
246
246
246
246
246
246
250
240
185
172
177
181
178
190
160
63
47
135
144
143
142
145
158
211
219
208
57
39
47
143
144
146
202
210
225
243
255
255
255
255
255
255
255
255
255
255
255
255
255
255
255
255
255
255
255
255
255
255
255
255
255
255
255
255
255
255
255
246
182
176
181
174
191
253
255
255
255
255
255
255
255
255
255
247
187
170
194
243
196
178
173
191
255
255
234
58
63
92
255
254
187
171
180
175
196
251
100
67
63
243
254
96
44
26
177
202
211
208
214
205
151
139
143
184
206
209
207
207
207
203
220
232
250
246
246
246
246
246
246
246
246
246
246
246
246
246
246
246
246
246
246
246
246
246
246
246
248
244
240
234
237
237
238
244
222
77
64
82
87
82
76
76
79
90
106
73
66
40
71
71
77
86
91
100
92
213
209
207
207
207
207
207
207
207
207
207
207
207
207
207
207
207
207
207
207
207
207
207
209
213
218
220
218
213
209
212
210
150
146
144
146
136
135
199
212
207
207
207
207
207
207
209
207
155
146
139
155
201
151
140
142
151
208
208
55
27
27
177
207
207
149
142
146
139
150
197
177
38
180
215
207
193
55
82
95
106
100
101
98
90
81
74
83
90
100
99
98
98
98
92
104
238
251
246
246
246
246
246
246
246
246
246
246
246
246
246
246
246
246
246
246
246
246
246
246
246
247
248
250
252
253
252
252
255
242
232
216
221
209
153
143
144
142
140
205
197
92
202
165
145
142
151
204
214
213
92
96
98
98
98
98
98
98
98
98
98
98
98
98
98
98
98
98
98
98
98
98
99
106
95
83
61
76
87
105
98
89
79
76
78
77
77
87
94
100
98
98
98
98
98
98
99
96
87
79
74
85
81
83
74
78
87
99
88
76
61
83
95
111
94
85
75
76
80
90
106
94
98
92
109
103
103
226
220
213
209
209
208
200
146
141
145
155
210
210
207
207
207
207
203
220
232
250
246
246
246
246
246
246
246
246
246
246
246
246
246
246
246
246
246
246
246
246
246
246
246
246
246
246
246
246
246
246
248
251
255
255
255
255
208
179
176
180
179
185
241
255
235
197
174
175
191
251
255
243
225
205
207
207
207
207
207
207
207
207
207
207
207
207
207
207
207
207
207
207
207
207
211
202
177
27
27
55
207
214
199
144
145
146
144
147
163
211
211
208
207
207
207
207
207
207
207
213
205
152
142
145
141
141
144
152
209
213
214
218
220
218
213
214
203
153
142
141
150
206
214
212
213
211
209
205
225
243
255
255
255
255
255
202
184
174
183
246
255
255
255
255
255
255
255
255
255
250
246
246
246
246
246
246
246
246
246
246
246
246
246
246
246
246
246
246
246
246
246
246
246
246
246
246
246
246
246
246
246
246
246
246
248
247
241
177
170
168
162
177
238
255
238
173
161
164
180
239
255
252
255
255
255
255
255
255
255
255
255
255
255
255
255
255
255
255
255
255
255
255
255
255
255
255
92
64
61
231
255
255
204
182
178
177
179
192
252
255
255
255
255
255
255
255
255
255
255
255
253
198
176
183
176
180
186
252
255
255
255
255
255
255
255
255
253
192
172
182
207
255
255
255
255
255
255
255
255
251
248
247
250
246
211
172
164
164
179
240
253
247
246
246
248
255
240
246
240
255
248
246
246
246
246
246
246
246
246
246
246
246
246
246
246
246
246
246
246
246
246
246
246
246
246
246
246
246
246
246
246
246
246
246
247
249
248
236
176
168
165
179
237
255
240
168
167
165
176
236
250
249
247
246
246
246
246
246
246
246
246
246
246
246
246
246
246
246
246
246
246
246
246
246
250
240
213
80
223
241
204
227
173
165
168
171
175
241
248
249
247
246
246
246
246
246
246
246
246
252
239
185
165
170
165
174
236
250
249
247
246
246
246
246
247
253
238
180
159
173
236
250
248
246
246
246
246
246
246
247
248
251
251
240
182
166
165
166
194
243
250
246
246
248
255
249
220
77
213
240
250
246
246
246
246
246
246
246
246
246
246
246
246
246
246
246
246
246
246
246
246
246
246
246
246
246
246
246
246
246
246
246
246
246
246
247
254
239
182
165
164
178
237
255
245
234
173
163
172
189
242
248
248
246
246
246
246
246
246
246
246
246
246
246
246
246
246
246
246
246
246
246
246
246
248
255
245
249
238
200
178
169
174
168
164
172
235
248
249
247
246
246
246
246
246
246
246
246
247
254
240
180
164
168
165
181
239
254
247
246
246
246
246
247
249
251
237
176
159
180
239
254
247
246
246
246
246
246
246
248
244
243
236
190
170
164
163
171
235
248
248
246
246
250
240
220
47
50
77
246
251
246
246
246
246
246
246
246
246
246
246
246
246
246
246
246
246
246
246
246
246
246
246
246
246
246
246
246
246
246
246
246
246
246
246
246
253
237
177
163
163
178
237
254
254
240
181
164
166
168
201
242
250
246
246
246
246
246
246
246
246
246
246
246
246
246
246
246
246
246
246
246
247
248
250
250
248
243
196
174
166
167
172
171
170
185
244
252
247
246
246
246
246
246
246
246
246
246
248
246
233
173
163
167
161
176
235
251
246
246
246
246
246
248
247
242
198
172
160
179
237
253
246
246
246
246
247
248
250
254
246
196
175
171
164
170
174
206
243
251
247
246
246
251
246
77
50
47
220
240
250
246
246
246
246
246
246
246
246
246
246
246
246
246
246
246
246
246
246
246
246
246
246
246
246
246
246
246
246
246
246
246
246
246
246
246
253
237
177
163
164
180
237
253
252
235
175
160
166
162
179
240
253
247
246
246
246
246
246
246
246
246
246
246
246
246
246
246
246
247
248
249
251
249
247
237
198
175
175
167
171
174
165
174
176
247
248
248
246
246
246
246
246
246
246
246
246
246
248
248
190
174
164
174
173
193
241
250
246
246
246
246
246
249
243
204
171
168
163
178
238
254
247
246
247
247
249
247
242
239
229
175
161
162
168
177
237
244
246
248
246
246
246
250
240
213
77
220
249
255
248
246
246
246
246
246
246
246
246
246
246
246
246
246
246
246
246
246
246
246
246
246
246
246
246
246
246
246
246
246
246
246
246
246
246
247
254
239
180
165
164
180
237
253
250
243
179
166
168
165
173
236
250
252
248
247
246
246
246
246
246
246
246
246
246
246
246
246
246
248
245
244
239
238
203
177
171
166
167
170
176
173
152
66
210
240
253
247
246
246
246
246
246
246
246
246
246
246
248
247
235
175
161
176
230
246
243
248
246
246
246
246
246
251
239
183
165
167
166
175
237
252
252
252
254
248
251
240
200
172
172
172
165
169
173
240
249
251
248
247
246
246
246
248
255
240
246
240
255
248
246
246
246
246
246
246
246
246
246
246
246
246
246
246
246
246
246
246
246
246
246
246
246
246
246
246
246
246
246
246
246
246
246
246
246
248
247
235
175
167
165
179
237
253
248
246
234
172
164
166
172
180
235
244
245
250
248
248
250
251
252
251
250
248
247
246
246
246
246
249
243
207
197
172
173
167
167
169
168
168
162
149
44
57
88
251
254
248
250
251
250
248
246
246
246
246
246
246
249
250
238
176
159
181
240
255
248
247
246
246
246
246
246
252
238
181
164
170
167
173
207
244
244
236
238
234
202
215
173
160
163
164
168
177
240
247
249
247
246
246
246
246
246
246
248
250
251
250
248
246
246
246
246
246
246
246
246
246
246
246
246
246
246
246
246
246
246
246
246
246
246
246
246
246
246
246
248
250
251
250
248
246
246
246
247
251
244
182
171
167
162
176
237
252
247
252
244
185
169
167
167
172
174
181
239
251
253
249
241
239
238
237
240
242
248
246
246
246
246
250
237
191
160
166
166
168
168
162
169
186
182
71
62
45
221
235
255
255
240
246
240
255
249
248
249
249
248
248
251
245
188
168
161
178
236
252
246
246
246
246
246
246
246
252
238
181
165
170
169
168
183
229
182
170
179
175
175
170
173
167
167
170
177
242
249
249
247
246
246
246
246
246
246
246
246
246
246
246
246
246
246
246
246
246
246
246
246
246
246
246
246
246
246
246
246
246
246
246
246
246
246
246
246
246
246
248
255
240
246
240
255
248
246
247
249
250
236
173
164
169
165
181
239
251
246
248
247
237
175
167
167
169
165
165
179
237
239
219
201
179
187
182
183
239
250
246
246
246
246
249
243
181
170
167
170
168
176
176
188
239
241
221
83
194
80
224
251
253
220
77
213
240
252
243
240
241
248
254
249
235
172
164
171
191
242
250
246
246
246
246
246
246
246
252
238
181
165
171
169
168
175
170
169
161
163
166
167
167
171
169
166
174
236
248
249
247
246
246
246
246
246
246
246
246
246
246
246
246
246
246
246
246
246
246
246
246
246
246
246
246
246
246
246
246
246
246
246
246
246
246
246
246
246
246
248
255
249
220
77
213
240
250
248
252
248
242
182
171
169
169
172
202
245
250
246
247
250
247
203
169
166
169
169
167
171
174
177
174
171
168
166
159
173
235
252
246
246
246
246
248
247
235
174
167
170
168
175
230
242
253
255
236
221
42
60
83
240
226
47
50
77
246
255
241
191
180
233
246
241
185
168
162
183
235
247
248
246
246
246
246
246
246
246
252
238
179
165
170
170
169
168
167
168
170
170
169
166
165
164
161
169
195
246
251
247
246
246
246
246
246
246
246
246
246
246
246
246
246
246
246
246
246
246
246
246
246
246
246
246
246
246
246
246
246
246
246
246
246
246
246
246
246
246
246
250
240
220
47
52
81
251
255
247
244
234
178
170
167
169
161
173
231
250
248
246
246
248
248
241
173
167
164
168
169
168
165
165
165
167
170
171
163
178
237
252
246
246
246
246
247
254
236
175
158
168
169
177
182
249
253
255
251
83
54
48
226
240
81
50
47
220
240
254
234
173
163
172
185
215
175
160
168
184
245
251
247
246
246
246
246
246
246
246
252
237
180
165
170
168
167
167
169
168
167
164
164
170
176
185
178
173
238
247
248
246
246
246
246
246
246
246
246
246
246
246
246
246
246
246
246
246
246
246
246
246
246
246
246
246
246
246
246
246
246
246
246
246
246
246
246
246
246
246
246
251
246
78
55
46
217
230
246
232
178
174
170
164
168
168
165
156
241
252
247
246
246
247
249
246
238
164
162
164
164
163
163
163
163
163
163
162
157
174
236
252
246
246
246
246
246
251
239
173
167
168
162
167
163
174
230
254
242
218
79
221
253
249
215
77
220
249
255
252
241
179
164
160
170
169
172
166
174
236
247
248
246
246
246
246
246
246
246
247
254
239
180
165
169
175
167
171
163
171
176
179
180
202
237
239
235
240
244
249
247
246
246
246
246
246
246
246
246
246
246
246
246
246
246
246
246
246
246
246
246
246
246
246
246
246
246
246
246
246
246
246
246
246
246
246
246
246
246
246
246
250
241
214
76
211
188
200
177
177
168
164
169
167
165
170
175
236
242
249
246
246
246
246
247
250
245
238
197
177
180
180
180
178
177
179
179
178
174
187
240
250
246
246
246
246
246
249
241
242
230
181
183
180
154
66
150
183
245
239
248
246
255
255
240
246
240
255
248
248
245
239
174
168
166
166
162
169
218
247
250
247
246
246
246
246
246
246
246
248
247
235
174
165
166
179
229
185
176
192
236
238
238
244
250
253
252
251
248
247
246
246
246
246
246
246
246
246
246
246
246
246
246
246
246
246
246
246
246
246
246
246
246
246
246
246
246
246
246
246
246
246
246
246
246
246
246
246
246
246
246
248
255
238
213
176
185
164
165
165
169
170
168
166
171
179
241
249
250
247
246
246
246
246
246
247
250
249
243
239
237
238
237
237
237
237
237
237
236
240
244
248
246
246
246
246
246
247
249
252
247
245
230
210
45
42
58
168
177
186
238
249
244
251
248
254
254
254
250
249
249
247
238
173
170
167
171
177
242
250
247
246
246
246
246
246
246
246
246
250
242
181
168
167
165
183
236
248
236
243
249
253
251
250
248
247
246
246
246
246
246
246
246
246
246
246
246
246
246
246
246
246
246
246
246
246
246
246
246
246
246
246
246
246
246
246
246
246
246
246
246
246
246
246
246
246
246
246
246
246
246
246
253
242
185
168
171
169
167
169
168
165
171
178
196
240
248
249
247
246
246
246
246
246
246
246
247
248
250
251
252
252
252
253
253
253
253
252
252
250
248
247
246
246
246
246
246
246
246
247
248
255
251
83
58
51
159
164
160
166
172
184
229
209
242
255
240
246
240
255
249
250
246
220
187
228
189
236
246
249
246
246
246
246
246
246
246
246
246
252
236
180
162
169
164
180
240
255
251
250
248
247
246
246
246
246
246
246
246
246
246
246
246
246
246
246
246
246
246
246
246
246
246
246
246
246
246
246
246
246
246
246
246
246
246
246
246
246
246
246
246
246
246
246
246
246
246
246
246
246
246
246
251
234
172
157
164
164
161
163
170
174
186
235
245
247
249
247
246
246
246
246
246
246
246
246
246
246
246
246
246
246
246
246
248
250
251
250
248
246
246
246
246
246
246
246
246
246
246
246
246
250
240
213
78
217
238
187
173
167
157
167
165
187
245
254
220
77
213
240
250
247
248
243
247
241
249
244
249
247
246
246
246
246
246
246
246
246
246
252
238
182
164
170
163
181
238
252
246
246
246
246
246
246
246
246
246
246
246
246
246
246
246
246
246
246
246
246
246
246
246
246
248
250
251
250
248
246
246
246
246
246
246
246
246
246
246
246
246
246
246
246
246
246
246
246
246
246
246
246
246
246
250
240
182
174
179
179
180
177
189
233
244
247
251
248
247
246
246
246
246
246
246
246
246
246
246
246
246
246
246
246
246
248
255
240
246
240
255
248
246
246
246
246
246
246
246
246
246
246
246
248
255
240
246
244
254
246
234
183
173
168
154
177
230
226
47
50
77
246
251
246
247
248
249
249
249
248
247
246
246
246
246
246
246
246
246
246
246
252
238
177
163
169
161
178
235
252
246
246
246
246
246
246
246
246
246
246
246
246
246
246
246
246
246
246
246
246
246
246
246
248
255
240
246
240
255
248
246
246
246
246
246
246
246
246
246
246
246
246
246
246
246
246
246
246
246
246
246
246
246
246
248
243
240
235
237
237
237
237
243
248
251
248
247
246
246
246
246
246
246
246
246
246
246
246
246
246
246
246
246
246
248
255
249
220
77
213
240
250
246
246
246
246
246
246
246
246
246
246
246
246
248
250
251
250
250
252
246
244
235
202
173
194
240
81
50
47
220
240
250
246
246
246
246
246
246
246
246
246
246
246
246
246
246
246
246
246
247
254
238
180
163
168
169
178
243
250
246
246
246
246
246
246
246
246
246
246
246
246
246
246
246
246
246
246
246
246
246
246
248
255
249
220
77
213
240
250
246
246
246
246
246
246
246
246
246
246
246
246
246
246
246
246
246
246
246
246
246
246
246
246
247
248
250
252
253
253
252
251
250
248
247
246
246
246
246
246
246
246
246
246
246
246
246
246
246
246
246
246
246
246
250
240
220
47
52
81
251
255
248
246
246
246
246
246
246
246
246
246
246
246
246
246
246
246
246
247
248
251
250
244
237
243
238
215
77
220
249
255
248
246
246
246
246
246
246
246
246
246
246
246
246
246
246
246
246
246
248
249
235
173
167
166
172
233
247
248
246
246
246
246
246
246
246
246
246
246
246
246
246
246
246
246
246
246
246
246
246
246
250
240
220
47
50
77
246
251
246
246
246
246
246
246
246
246
246
246
246
246
246
246
246
246
246
246
246
246
246
246
246
246
246
246
246
246
246
246
246
246
246
246
246
246
246
246
246
246
246
246
246
246
246
246
246
246
246
246
246
246
246
246
251
246
77
52
56
215
240
244
255
248
246
246
246
246
246
246
246
246
246
246
246
246
246
246
246
246
246
247
248
249
250
252
255
241
246
240
255
248
246
246
246
246
246
246
246
246
246
246
246
246
246
246
246
246
246
246
250
243
183
169
167
162
174
237
254
247
246
246
246
246
246
246
246
246
246
246
246
246
246
246
246
246
246
246
246
246
246
246
251
246
77
50
47
220
240
250
246
246
246
246
246
246
246
246
246
246
246
246
246
246
246
246
246
246
246
246
246
246
246
246
246
246
246
246
246
246
246
246
246
246
246
246
246
246
246
246
246
246
246
246
246
246
246
246
246
246
246
246
246
246
250
240
215
86
224
224
86
215
240
250
246
246
246
246
246
246
246
246
246
246
246
246
246
246
246
246
246
246
246
246
246
246
248
250
251
250
248
246
246
246
246
246
246
246
246
246
246
246
246
246
246
246
246
246
246
246
252
236
177
161
167
162
168
237
252
246
246
246
246
246
246
246
246
246
246
246
246
246
246
246
246
246
246
246
246
246
246
246
250
240
213
77
220
249
255
248
246
246
246
246
246
246
246
246
246
246
246
246
246
246
246
246
246
246
246
246
246
246
246
246
246
246
246
246
246
246
246
246
246
246
246
246
246
246
246
246
246
246
246
246
246
246
246
246
246
246
246
246
246
246
248
255
244
240
215
56
52
77
246
251
246
246
246
246
246
246
246
246
246
246
246
246
246
246
246
246
246
246
246
246
246
246
246
246
246
246
246
246
246
246
246
246
246
246
246
246
246
246
246
246
246
246
246
246
246
246
253
237
178
163
169
164
193
238
252
246
246
246
246
246
246
246
246
246
246
246
246
246
246
246
246
246
246
246
246
246
246
246
248
255
240
246
240
255
248
246
246
246
246
246
246
246
246
246
246
246
246
246
246
246
246
246
246
246
246
246
246
246
246
246
246
246
246
246
246
246
246
246
246
246
246
246
246
246
246
246
246
246
246
246
246
246
246
246
246
246
246
246
246
246
246
248
254
244
83
50
48
213
238
250
246
246
246
246
246
246
246
246
246
246
246
246
246
246
246
246
246
246
246
246
246
246
246
246
246
246
246
246
246
246
246
246
246
246
246
246
246
246
246
246
246
246
246
246
246
246
250
237
179
165
169
169
186
241
250
246
246
246
246
246
246
246
246
246
246
246
246
246
246
246
246
246
246
246
246
246
246
246
246
248
250
251
250
248
246
246
246
246
246
246
246
246
246
246
246
246
246
246
246
246
246
246
246
246
246
246
246
246
246
246
246
246
246
246
246
246
246
246
246
246
246
246
246
246
246
246
246
246
246
246
246
246
246
246
246
246
246
246
246
246
246
246
246
246
246
52
246
246
246
246
246
246
246
246
246
246
246
246
246
246
246
246
246
246
246
246
246
246
246
246
246
246
246
246
246
246
246
246
246
246
246
246
246
246
246
246
246
246
246
246
246
246
246
246
246
246
246
246
169
169
169
170
189
246
246
246
246
246
246
246
246
246
246
246
246
246
246
246
246
246
246
246
246
246
246
246
246
246
246
246
246
246
246
246
246
246
246
246
246
246
246
246
246
246
246
246
246
246
246
246
246
