252
252
252
252
252
252
252
252
252
252
252
252
252
252
252
252
252
252
252
252
252
252
252
252
252
252
252
252
252
252
252
252
252
252
252
252
252
252
252
252
252
252
252
252
252
252
252
252
252
252
252
252
252
252
252
252
252
252
252
252
252
252
252
252
252
252
252
252
252
252
252
110
252
252
252
252
252
252
252
252
252
252
252
252
252
252
252
252
252
252
252
252
252
252
252
252
252
252
252
252
252
252
252
252
252
252
252
252
252
252
252
252
252
252
252
252
252
252
110
110
110
252
252
252
252
252
252
252
252
252
252
252
252
252
252
252
252
252
252
252
252
252
252
252
252
252
252
252
252
252
252
252
252
252
252
252
252
252
252
252
252
252
252
252
252
252
252
252
252
252
252
252
252
252
252
252
252
252
252
252
252
252
252
252
252
252
252
252
252
252
252
252
252
252
252
252
252
252
252
252
252
252
252
252
252
252
252
252
252
252
252
252
252
252
252
252
252
254
251
231
108
107
129
247
253
252
252
252
252
252
254
248
252
248
254
252
252
252
252
252
252
252
252
252
252
253
254
254
254
254
255
252
172
130
131
178
236
238
246
251
254
252
252
252
252
252
252
252
237
142
237
252
252
252
252
252
252
252
252
252
252
252
252
252
252
252
252
252
252
252
252
252
252
252
252
252
252
252
252
252
252
252
252
252
252
252
252
252
252
252
252
252
252
252
252
252
252
252
252
252
252
252
252
252
252
252
252
252
252
252
252
252
252
252
252
252
252
253
254
253
252
252
252
252
252
252
252
252
252
252
252
252
252
252
252
252
252
252
252
252
252
252
252
252
252
252
254
252
252
124
116
107
233
248
253
252
252
252
252
254
253
233
127
229
251
254
253
252
252
252
252
252
252
252
253
249
242
245
252
252
247
229
154
115
122
133
142
145
160
240
252
254
252
252
252
252
252
254
248
252
248
254
252
252
252
252
252
252
252
252
252
252
252
252
252
252
252
252
252
252
252
252
252
252
252
252
252
252
252
252
252
252
252
252
252
252
252
252
252
252
252
252
252
252
252
252
252
252
252
252
252
252
252
252
252
252
252
252
252
252
252
252
252
252
252
252
254
248
252
248
254
252
252
252
252
252
252
252
252
252
252
252
252
252
252
252
252
252
252
252
252
252
252
252
252
254
253
236
124
203
124
236
253
254
252
252
252
252
253
248
233
106
110
134
248
254
248
254
252
252
252
252
252
252
254
252
183
146
231
216
147
140
138
130
129
127
124
120
126
169
252
254
252
252
252
252
252
252
253
254
253
252
252
252
252
252
252
252
252
252
252
252
252
252
252
252
252
252
252
252
252
252
252
252
252
252
252
252
252
252
252
252
252
252
252
252
252
252
252
252
254
254
255
255
255
254
253
252
252
252
252
252
252
252
252
252
252
252
253
254
255
255
254
253
253
254
253
233
127
228
248
253
252
252
252
252
252
252
252
252
252
252
252
252
252
252
252
252
252
253
254
254
255
255
255
252
235
107
116
124
252
252
254
252
252
252
252
252
254
252
127
110
113
235
229
130
228
248
253
252
252
252
252
252
254
239
162
123
134
137
127
122
128
127
126
128
130
128
122
157
240
254
253
252
252
252
252
252
252
252
252
252
252
252
252
252
252
252
252
252
252
252
252
252
252
252
252
252
252
252
252
252
252
252
252
252
252
252
252
252
252
252
252
252
252
252
252
252
252
253
246
242
234
237
235
242
247
253
252
252
252
252
252
252
252
252
252
253
249
244
235
236
247
252
254
249
233
106
108
127
252
254
252
252
252
252
252
252
252
252
252
252
252
252
252
252
252
252
254
253
247
241
239
238
245
247
132
112
107
236
252
254
253
252
253
253
252
252
253
248
228
130
229
235
113
110
127
252
254
252
252
252
252
252
255
208
141
125
121
121
122
123
123
133
137
137
128
125
126
132
184
253
254
252
252
252
252
252
252
252
252
252
252
252
252
252
252
252
252
252
252
252
252
252
252
252
252
252
252
252
252
252
252
252
252
252
252
252
252
252
252
252
252
252
252
252
252
252
252
254
234
152
139
145
140
165
251
255
254
254
253
252
252
252
252
252
252
254
250
180
138
136
174
244
254
252
127
108
106
233
248
253
252
252
252
252
252
252
252
252
252
252
252
252
252
252
253
254
251
242
173
145
163
144
141
204
224
131
233
253
254
253
254
253
250
248
251
253
252
254
248
254
249
138
116
112
238
251
254
252
252
252
252
252
254
241
168
117
132
136
140
136
140
166
236
207
141
135
127
122
155
227
254
253
252
252
252
252
252
252
252
252
252
252
252
252
252
252
252
252
252
252
252
252
252
252
252
252
252
252
252
252
252
252
252
252
252
252
252
252
252
252
252
252
252
252
252
252
253
255
228
137
114
121
116
141
227
240
239
246
253
252
252
252
252
252
253
255
251
173
117
112
126
190
254
251
228
127
233
253
254
252
252
252
252
252
252
252
252
252
252
252
252
252
253
254
255
254
215
137
129
125
123
122
120
145
223
255
253
255
253
253
248
239
195
206
254
254
252
252
253
254
252
222
123
220
252
253
253
252
252
252
252
252
254
250
173
125
149
235
197
197
237
249
253
254
236
157
124
122
133
201
254
253
252
252
252
252
252
252
252
252
252
252
252
252
252
252
252
252
252
252
252
252
252
252
252
252
252
252
252
252
252
252
252
252
252
252
252
252
252
252
252
252
252
252
252
252
254
253
224
133
121
127
124
135
143
143
147
220
254
253
252
253
254
255
252
250
234
169
124
120
130
191
254
255
248
252
248
254
252
252
252
252
252
252
252
252
252
252
252
252
252
253
249
244
240
218
136
126
125
127
128
130
120
137
227
254
254
250
254
254
236
145
126
188
240
250
253
252
252
254
255
223
148
180
191
230
254
252
252
252
252
252
254
251
197
152
236
253
254
253
254
254
254
255
254
178
133
120
128
195
253
254
251
252
252
252
252
252
252
252
252
252
252
252
252
252
252
252
252
252
252
252
252
252
252
252
252
252
252
252
252
252
252
252
252
252
252
252
252
252
252
252
252
252
252
252
254
246
153
129
136
138
132
118
114
105
120
206
254
253
253
248
241
237
217
152
145
138
128
129
172
247
253
254
253
254
253
252
252
252
252
252
252
252
252
252
252
252
252
252
252
254
252
183
142
136
131
121
122
131
129
131
113
138
220
238
129
228
249
255
227
134
119
130
158
240
254
252
252
254
253
214
134
116
140
221
254
253
252
252
252
252
253
251
244
245
249
254
254
253
252
252
252
253
254
237
149
118
127
196
253
254
251
252
252
252
252
252
252
252
252
252
252
252
252
252
252
252
252
252
252
252
252
252
252
252
252
252
252
252
252
252
252
252
252
252
252
252
252
252
252
252
252
252
252
252
255
240
145
115
177
234
173
142
147
140
145
220
254
253
253
253
185
146
133
129
124
127
123
153
240
254
254
252
252
252
252
252
252
252
252
252
252
252
252
252
252
252
252
252
254
254
243
161
117
119
126
134
141
157
215
153
145
148
208
111
110
127
252
255
242
162
126
117
131
223
252
253
252
254
244
155
125
122
140
230
255
252
252
252
252
252
252
253
253
254
253
252
252
252
252
252
252
252
255
245
158
116
128
195
254
254
251
252
252
252
252
252
252
252
252
252
252
252
252
252
252
252
252
252
252
252
252
252
252
252
252
252
252
252
252
252
252
252
252
252
252
252
252
252
252
252
252
252
252
254
254
236
140
128
196
254
251
237
237
235
240
246
253
252
253
254
235
146
119
128
132
131
126
163
249
255
252
252
252
252
252
252
252
252
252
252
252
252
252
252
252
252
252
253
254
252
190
128
105
125
134
194
237
249
245
247
237
242
122
111
106
234
251
255
254
215
131
121
129
156
247
254
253
254
228
136
119
127
206
251
254
252
252
252
252
252
252
252
252
252
252
252
252
252
252
252
252
252
255
241
154
115
128
197
254
254
251
252
252
252
252
252
252
252
252
252
252
252
252
253
254
253
252
252
252
252
252
252
252
252
252
252
252
252
252
252
252
252
252
252
252
252
252
252
252
252
252
252
253
252
249
164
124
158
242
255
254
255
255
255
254
254
253
252
254
254
241
153
126
129
128
124
117
149
236
254
253
252
252
252
252
252
252
252
252
252
252
252
252
252
252
252
253
254
254
206
126
99
105
124
239
253
254
255
254
254
255
253
232
129
235
255
253
254
254
222
136
120
120
151
239
255
254
248
162
131
120
135
214
255
254
252
252
252
252
252
252
252
252
252
252
252
252
252
252
252
252
252
255
242
155
115
129
196
254
254
251
252
252
252
252
252
252
252
252
252
252
252
254
248
252
248
254
252
252
252
252
252
252
252
252
252
252
252
252
252
252
252
252
252
252
252
252
252
252
252
252
252
254
252
204
136
118
169
249
255
252
252
252
252
252
252
252
252
254
252
175
132
125
133
140
150
137
134
175
254
254
252
252
252
252
252
252
252
252
252
252
252
252
252
252
253
250
249
219
133
103
103
119
242
254
254
253
252
252
252
252
254
248
252
253
255
234
129
233
217
142
126
123
149
238
253
254
240
152
122
122
134
209
254
254
251
252
252
252
252
252
252
252
252
252
252
252
252
252
252
252
253
255
243
154
117
129
196
254
254
251
252
252
252
252
252
252
252
252
252
252
254
253
233
127
228
248
253
252
252
252
252
252
252
252
252
252
252
252
252
252
252
252
252
252
252
252
252
252
252
252
251
254
249
179
124
118
168
247
255
251
252
252
252
252
252
252
251
255
245
169
122
120
108
175
236
234
137
164
237
254
253
252
252
252
252
252
252
252
252
252
252
252
252
252
254
248
192
132
125
115
121
240
254
254
252
252
252
252
252
252
252
253
254
251
234
106
110
133
247
197
124
121
137
197
252
255
242
156
122
121
131
208
254
254
251
252
252
252
252
252
252
252
252
252
252
252
252
252
252
253
252
249
204
141
120
130
196
254
254
251
252
252
252
252
252
252
252
252
252
253
248
233
106
108
127
252
254
252
252
252
252
252
252
252
252
252
252
252
252
252
252
252
252
252
252
252
252
252
252
252
251
254
248
177
122
120
170
247
254
251
252
252
252
252
252
252
251
254
247
171
119
99
111
138
255
255
218
136
188
254
254
252
252
252
252
252
252
252
252
252
252
252
252
253
255
247
156
121
129
158
230
253
254
252
252
252
252
252
252
252
252
252
254
252
127
108
106
238
254
209
135
121
123
157
242
255
246
158
120
122
139
217
254
253
252
252
252
252
252
252
252
252
252
252
252
252
252
252
253
255
255
199
136
131
121
133
200
253
254
251
252
252
252
252
252
252
252
252
252
254
252
127
108
106
233
248
253
252
252
252
252
252
252
252
252
252
252
252
252
252
252
252
252
252
252
252
252
252
252
252
251
254
250
179
122
119
170
249
255
252
252
252
252
252
252
252
251
254
247
172
104
107
119
237
252
255
221
137
180
253
254
252
252
252
252
253
254
253
252
252
252
252
253
251
250
231
143
119
168
242
252
253
253
252
252
252
252
252
252
252
252
252
253
248
228
127
233
253
255
249
182
130
122
134
192
255
245
150
121
130
196
250
253
252
252
252
252
252
252
252
252
252
252
252
252
253
254
255
252
249
235
174
121
105
119
136
204
254
253
252
252
252
252
252
252
252
252
252
252
253
248
228
127
233
253
254
252
252
252
252
252
252
252
252
252
252
252
252
252
252
252
252
252
252
252
252
252
252
252
252
252
255
251
181
125
131
168
246
253
254
254
252
252
252
252
252
251
254
247
170
114
117
236
254
254
255
220
132
174
246
254
252
252
252
254
248
252
248
254
252
252
252
254
254
197
135
125
134
197
255
255
253
252
252
252
252
252
252
252
252
252
252
252
254
248
252
248
254
254
255
243
163
121
120
178
245
198
136
119
173
245
254
253
252
252
252
252
252
252
252
252
252
252
252
254
252
247
242
225
151
140
135
110
107
118
166
235
254
253
252
252
252
252
252
252
252
252
252
252
252
254
248
252
248
254
252
252
252
252
252
252
252
252
252
252
252
252
252
252
252
252
252
252
252
252
252
252
252
252
252
253
254
244
172
120
145
201
145
200
246
251
254
252
252
252
252
251
254
248
171
115
158
246
255
254
255
225
135
128
212
254
253
252
254
253
233
127
228
248
253
252
252
254
243
174
126
136
168
234
243
253
254
254
252
252
252
252
252
252
252
252
252
252
252
253
254
253
252
252
255
247
167
123
124
139
195
171
123
120
175
250
254
252
252
252
252
252
252
252
252
252
252
252
253
253
245
182
141
135
130
122
108
108
106
149
236
253
255
252
252
252
252
252
252
252
252
252
252
252
252
252
253
254
253
252
252
252
252
252
252
252
252
252
252
252
252
252
252
252
252
252
252
252
252
252
252
252
252
252
253
254
255
202
135
126
138
132
136
130
147
237
254
254
253
252
252
251
254
246
167
116
160
250
255
254
254
223
126
123
204
254
254
253
248
233
106
108
127
252
254
252
254
255
210
134
130
212
216
145
148
211
249
253
255
254
253
252
252
252
252
252
252
252
252
252
252
252
252
252
254
250
171
129
121
133
135
136
125
130
181
253
254
252
252
252
252
252
252
252
252
252
252
252
253
254
203
132
120
123
130
131
129
113
127
135
184
253
254
254
252
252
252
252
252
252
252
252
252
252
252
252
252
252
252
252
252
252
252
252
252
252
252
252
252
252
252
252
252
252
252
252
252
254
252
252
252
252
252
254
248
254
247
197
125
120
127
128
126
123
126
147
235
247
251
253
252
252
254
252
175
125
149
235
254
254
245
147
123
129
206
254
254
253
252
127
108
106
233
248
253
252
254
250
197
123
134
146
144
129
126
132
154
231
240
244
249
253
252
252
252
252
252
252
252
252
252
252
252
252
254
252
243
150
131
127
129
128
121
152
238
254
253
252
252
252
252
252
252
252
252
252
252
252
254
252
193
125
122
131
131
130
129
130
128
127
130
197
251
253
252
252
252
252
252
252
252
252
252
252
252
252
252
252
252
252
252
252
252
252
252
252
252
252
252
252
252
252
252
252
252
252
253
248
237
110
252
252
254
253
233
131
231
195
129
129
133
139
126
112
124
130
137
193
253
254
252
252
253
253
235
146
126
137
199
240
158
129
114
127
203
254
254
253
248
228
127
233
253
254
252
254
251
220
134
128
123
123
123
126
128
125
133
133
151
205
255
254
252
252
252
252
252
252
252
252
252
252
252
252
252
254
254
230
137
124
131
128
132
169
252
255
252
252
252
252
252
252
252
252
252
252
252
252
253
254
200
130
119
120
128
134
133
129
127
126
125
160
232
255
254
252
252
252
252
252
252
252
252
252
252
252
252
252
252
252
252
252
252
252
252
252
252
252
252
252
252
252
252
252
252
252
254
252
142
110
252
253
248
233
106
111
130
246
182
147
206
134
101
108
111
125
120
173
244
254
253
252
252
254
250
160
123
122
134
139
134
127
131
146
217
254
253
252
254
248
252
248
254
252
252
255
240
147
121
128
129
141
128
132
125
130
129
115
108
225
249
254
253
254
253
252
252
252
252
252
252
252
252
252
252
252
255
243
155
129
128
126
146
237
254
254
252
252
252
252
252
252
252
252
252
252
252
252
253
253
245
184
143
146
135
179
185
138
130
124
124
132
204
246
249
253
252
252
252
252
252
252
252
252
252
252
252
252
252
252
252
252
252
252
252
252
252
252
252
252
252
252
252
252
252
252
253
248
237
110
252
254
252
127
108
106
237
248
247
250
229
130
108
101
126
124
126
141
210
255
253
252
252
253
252
236
140
127
122
125
120
117
158
238
254
254
254
253
253
253
254
253
252
252
254
254
225
130
117
137
207
177
212
147
138
132
126
106
110
131
248
255
249
252
248
254
252
252
252
252
252
252
252
252
252
252
254
253
215
133
124
126
147
239
255
254
252
252
252
252
252
252
252
252
252
252
252
252
252
254
252
247
240
237
216
194
247
241
159
139
131
129
134
167
246
254
252
252
252
252
252
252
252
252
252
252
252
252
252
252
252
252
252
252
252
252
252
252
252
252
252
252
252
252
252
252
252
254
252
252
252
253
248
228
127
233
253
255
254
254
252
233
132
179
142
134
121
127
195
253
254
251
252
252
254
254
228
137
126
130
137
145
190
255
254
239
246
253
254
253
252
252
252
254
253
244
149
136
140
215
246
254
247
248
184
131
107
108
99
131
214
255
236
127
228
248
253
252
252
252
252
252
252
252
252
252
254
255
224
141
125
128
133
163
248
253
254
252
252
252
252
252
252
252
252
252
252
252
252
252
253
254
254
254
252
252
254
254
250
208
132
121
121
139
231
253
254
252
252
252
252
252
252
252
252
252
252
252
252
252
252
252
252
252
252
252
252
252
252
252
252
252
252
252
252
252
252
252
252
252
252
252
254
248
252
248
254
252
252
253
254
250
249
243
234
144
117
129
198
254
254
251
252
252
252
254
253
202
128
137
225
245
243
240
177
137
158
236
248
250
253
252
253
253
246
160
119
149
234
254
254
254
254
255
252
172
128
110
119
134
203
237
109
108
127
252
254
252
252
252
252
252
252
252
252
252
254
254
215
130
123
129
124
128
177
249
254
253
252
252
252
252
252
252
252
252
252
252
252
252
252
252
252
252
253
253
253
254
255
230
144
125
124
131
170
250
254
252
252
252
252
252
252
252
252
252
252
252
252
252
252
252
252
252
252
252
252
252
252
252
252
252
252
252
252
252
252
252
252
252
252
252
252
253
254
253
252
252
252
252
252
253
254
255
253
161
124
127
200
255
254
252
252
252
252
254
255
206
126
199
255
255
224
141
130
121
127
135
198
254
254
252
254
255
187
126
126
171
254
255
252
252
252
254
254
240
147
123
122
141
211
132
112
105
233
248
253
252
252
252
252
252
252
252
252
253
252
236
139
134
134
138
129
126
129
193
248
253
252
252
252
252
252
252
252
252
252
252
252
252
252
252
252
252
252
252
252
252
253
251
206
132
126
120
160
243
254
251
252
252
252
252
252
252
253
254
253
252
252
252
252
252
252
252
252
252
252
252
252
252
252
252
252
252
252
252
252
252
252
252
252
252
252
252
252
252
252
252
252
252
252
252
252
254
254
231
130
125
185
246
248
254
252
252
251
254
254
206
134
138
230
227
139
126
122
123
118
114
173
243
254
253
254
243
173
115
141
237
254
253
252
252
252
252
254
251
163
131
120
144
210
232
131
233
253
254
252
252
252
252
252
252
252
252
252
254
247
160
123
128
188
168
128
124
125
139
219
255
254
252
252
252
252
252
252
252
252
252
252
252
252
252
252
252
252
252
252
252
253
254
249
182
124
121
165
247
255
252
252
252
252
252
252
254
248
252
248
254
252
252
252
252
252
252
252
253
254
253
252
252
252
252
252
252
252
252
252
252
252
252
252
252
252
252
252
252
252
252
252
252
252
252
252
254
254
228
132
133
196
146
238
248
254
252
252
253
255
216
137
129
138
140
132
120
129
138
145
133
142
210
254
254
254
206
134
117
155
243
255
252
252
252
252
252
254
253
232
140
117
135
216
253
254
248
254
252
252
252
252
252
252
252
252
252
252
254
239
151
113
132
200
178
134
125
123
129
198
246
251
254
252
252
252
252
252
252
252
252
252
252
252
252
252
252
252
252
252
252
252
255
253
191
128
120
155
239
254
253
252
252
252
252
254
253
233
127
228
248
253
252
252
252
252
252
254
244
246
241
253
252
252
252
252
252
252
252
252
252
252
252
252
252
252
252
252
252
252
252
252
252
252
252
252
254
247
155
122
174
236
240
132
239
251
255
254
253
254
247
184
122
123
123
126
132
144
222
244
197
128
194
254
255
254
200
125
122
162
248
254
252
252
252
252
252
253
255
241
151
115
130
207
255
254
253
252
252
252
252
252
252
252
252
252
252
252
255
243
155
118
138
205
247
155
129
123
133
137
155
243
254
254
252
252
252
252
252
252
252
252
252
252
252
252
252
252
252
252
252
251
255
250
191
129
120
133
182
254
254
252
252
252
253
248
233
106
108
127
252
254
252
252
252
254
255
251
236
143
246
254
252
252
252
252
252
253
254
253
252
252
252
252
252
252
252
252
252
252
253
254
253
252
252
252
254
239
143
114
179
254
254
239
133
225
238
250
255
255
254
190
126
121
122
128
183
247
254
255
211
136
196
254
255
248
195
119
131
226
253
253
252
252
252
252
252
254
253
232
137
118
139
216
254
253
252
252
252
252
252
252
252
252
252
252
252
253
254
237
144
116
175
250
255
239
143
126
122
123
129
173
247
254
254
252
252
252
252
252
252
252
252
252
252
252
252
252
252
252
252
251
255
253
198
139
121
123
173
247
254
251
252
253
254
253
129
108
106
233
248
253
252
254
255
250
238
225
132
235
244
253
252
252
252
252
254
248
252
248
254
252
252
252
252
252
252
252
252
254
248
252
248
254
253
253
255
245
150
124
184
254
255
248
239
136
137
227
238
253
255
207
137
130
134
180
249
254
255
255
207
135
195
254
255
223
142
115
140
231
255
252
252
252
252
252
252
254
252
163
127
128
193
250
254
252
252
252
252
252
252
252
252
252
252
252
252
254
253
174
126
121
179
252
255
253
226
144
136
130
123
116
173
249
254
253
252
252
252
252
252
252
252
252
252
252
252
252
252
252
252
252
253
253
242
166
120
124
177
249
254
252
254
248
253
243
234
129
233
254
255
255
255
251
238
227
137
136
239
248
254
252
252
252
252
254
253
233
127
228
248
253
252
252
252
253
254
254
254
253
233
127
228
249
254
252
252
230
139
153
240
254
254
254
247
236
227
137
137
230
228
227
158
143
231
254
254
254
254
249
200
126
193
254
255
217
133
119
147
237
254
252
252
252
252
252
253
254
236
144
113
165
243
254
253
252
252
252
252
252
252
252
252
252
252
252
253
253
242
162
118
129
185
253
254
254
252
241
177
122
102
105
114
191
250
253
252
252
252
252
252
252
252
252
252
252
252
252
252
252
252
252
252
255
247
170
119
122
178
251
255
254
253
233
130
238
252
255
255
255
252
236
223
228
137
137
227
236
247
254
252
252
252
252
253
248
233
106
108
127
252
254
252
252
254
248
252
251
253
234
106
108
127
252
254
246
187
131
126
163
246
255
252
252
254
255
250
238
227
141
145
140
158
138
220
252
253
255
255
240
153
132
205
255
254
211
123
125
212
252
254
252
252
252
252
252
254
254
179
127
129
182
254
254
252
252
252
252
252
252
252
252
252
252
252
252
254
253
208
142
118
155
240
254
253
252
254
255
198
121
105
106
121
135
213
255
253
252
252
252
252
252
252
252
252
252
252
252
252
252
252
252
252
254
253
176
128
118
170
244
255
249
234
110
120
131
247
237
231
228
228
138
140
138
227
238
250
255
254
252
252
252
252
252
254
252
127
108
106
233
248
253
252
252
252
233
127
232
248
130
108
106
234
253
255
207
133
115
122
166
251
254
252
252
252
252
254
255
250
240
224
179
108
114
128
138
232
228
234
212
135
181
255
255
245
150
122
137
221
255
254
252
252
252
252
253
254
240
160
113
147
237
253
253
252
252
252
252
252
252
252
252
252
252
252
252
254
252
186
126
119
166
248
255
252
252
253
254
242
162
109
126
122
131
206
254
254
251
252
252
252
252
252
252
252
252
252
252
252
252
252
252
252
253
254
237
150
121
137
207
255
255
140
108
101
206
121
127
134
144
138
228
223
236
250
255
254
252
252
252
252
252
252
252
253
248
228
127
233
253
254
252
252
252
231
106
108
130
248
232
128
237
255
255
247
187
124
125
149
242
252
253
252
252
252
252
252
252
254
255
255
196
126
111
141
224
152
143
141
119
126
169
229
234
206
126
114
131
219
255
255
255
254
254
252
254
254
197
131
125
166
253
255
252
252
252
252
252
252
252
252
252
252
252
252
253
254
247
178
120
118
165
243
254
251
252
252
254
254
193
135
121
115
125
203
254
254
251
252
253
254
253
252
252
252
252
252
252
252
254
254
255
255
255
255
253
165
119
120
177
230
221
216
105
119
102
110
110
220
227
236
251
255
254
254
252
252
252
252
252
252
252
252
252
252
254
248
252
248
254
252
252
252
252
123
108
106
234
253
252
254
248
254
229
153
135
125
132
228
254
254
252
252
252
252
252
252
252
252
254
253
213
146
122
171
246
247
213
136
112
109
125
140
150
139
128
121
123
139
217
229
223
236
251
255
255
251
184
119
141
242
255
255
255
254
254
252
252
252
252
252
252
252
252
252
253
251
201
131
124
131
174
252
254
252
252
252
253
253
245
180
145
140
145
214
254
254
254
255
251
253
252
255
255
255
255
255
255
255
251
236
222
223
224
231
222
145
107
110
122
136
147
152
234
118
105
114
241
254
255
254
254
252
252
252
252
252
252
252
252
252
252
252
252
252
252
253
254
253
252
252
252
252
252
225
127
233
253
255
254
252
246
176
136
130
120
123
151
239
255
252
252
252
252
252
252
252
252
252
253
254
245
170
119
154
239
225
158
137
122
125
176
229
229
230
197
116
101
123
138
157
151
147
236
235
238
198
129
116
134
217
231
225
222
236
251
255
255
255
255
255
255
255
255
255
255
229
142
127
123
152
245
255
255
255
255
255
255
255
255
255
250
247
251
254
255
255
253
249
222
132
218
229
223
223
223
223
223
225
228
138
142
143
145
149
136
124
120
123
125
195
227
240
245
237
131
234
253
254
252
252
252
252
252
252
252
252
252
252
252
252
252
252
252
252
252
252
252
252
252
252
252
252
252
247
252
249
255
255
252
221
174
140
124
124
127
132
218
252
254
252
252
252
252
252
252
252
252
252
252
254
249
173
123
133
142
141
125
127
132
177
250
255
255
255
228
139
117
124
202
211
216
221
134
130
128
118
108
107
127
140
147
143
142
138
228
225
223
223
223
223
223
223
224
227
230
198
125
118
119
138
219
233
228
232
233
232
228
226
227
229
232
233
232
228
226
228
219
126
100
117
123
148
143
143
143
143
143
142
138
228
225
223
228
224
189
132
122
128
192
254
255
255
255
250
252
248
254
252
252
252
252
252
252
252
252
252
252
252
252
252
252
252
252
252
252
252
252
252
252
252
252
252
252
253
254
255
252
249
209
142
130
129
125
124
129
201
252
254
252
252
252
252
252
252
252
252
252
252
252
254
253
185
133
123
123
120
124
140
230
250
252
254
252
254
250
199
126
132
145
155
157
197
162
112
113
117
125
148
218
230
225
223
225
228
138
142
143
143
143
143
143
143
144
147
139
128
115
109
117
129
144
154
141
134
117
128
134
146
143
143
143
143
143
143
143
146
135
112
101
111
223
229
223
223
223
223
223
222
236
251
255
255
255
255
184
135
123
130
195
254
254
252
252
253
254
253
252
252
252
252
252
252
252
252
252
252
252
252
252
252
252
252
252
252
252
252
252
252
252
252
252
252
252
252
254
253
240
154
133
131
124
126
132
133
191
248
254
253
252
252
252
252
252
252
252
252
252
252
252
253
254
237
150
116
124
131
141
227
254
254
253
252
252
253
254
248
187
129
122
112
121
130
134
128
131
137
198
248
252
255
255
255
255
251
236
222
223
223
223
223
223
223
224
229
207
128
118
119
129
211
234
221
202
90
89
111
220
228
223
223
223
223
223
223
223
225
232
222
132
236
254
255
255
255
255
255
255
255
254
254
253
254
255
245
164
125
122
130
193
253
254
251
252
252
252
252
252
252
252
252
252
252
252
252
252
252
252
252
252
252
252
252
252
252
252
252
252
252
252
252
252
252
252
252
255
252
161
108
119
127
127
131
150
237
250
253
254
252
252
252
252
252
252
252
252
252
252
252
252
252
254
251
167
133
133
189
244
251
254
252
252
252
252
252
254
252
249
235
158
141
133
121
124
132
164
240
251
255
254
253
252
252
252
254
254
255
255
255
255
255
255
255
255
255
235
140
113
123
148
244
255
255
138
118
114
242
254
255
255
255
255
255
255
255
255
255
255
252
252
248
254
252
252
252
253
254
254
254
254
254
254
252
246
182
133
128
122
127
192
252
254
251
252
252
252
252
252
252
252
252
252
252
252
252
252
252
252
252
252
252
252
252
252
252
252
252
252
252
252
252
252
252
252
253
250
227
108
94
102
118
124
139
237
254
254
253
252
252
252
252
252
252
252
252
252
252
252
252
252
252
253
252
234
170
235
251
254
254
252
252
252
252
252
252
252
253
254
252
248
238
201
139
146
225
250
253
254
253
252
252
252
252
252
252
252
252
252
252
252
252
252
252
252
254
234
152
137
141
218
250
254
248
228
127
233
253
254
252
252
252
252
252
252
252
252
252
252
253
254
253
252
252
252
254
249
254
249
252
246
252
249
226
141
131
130
126
125
133
198
254
253
252
252
252
252
252
252
252
252
252
252
252
252
252
252
252
252
252
252
252
252
252
252
252
252
252
252
252
252
252
252
252
252
254
252
130
116
109
145
142
142
223
252
254
252
252
252
252
252
252
252
252
252
252
252
252
252
252
252
252
252
254
250
253
251
254
253
252
252
252
252
252
252
252
252
252
252
253
254
254
251
239
243
252
254
253
252
252
252
252
252
252
252
252
252
252
252
252
252
252
252
252
252
253
246
241
232
242
249
254
253
254
248
252
248
254
252
252
252
252
252
252
252
252
252
252
252
252
252
252
252
252
254
251
236
170
231
208
198
177
214
145
128
125
129
128
130
176
248
253
253
252
252
252
252
252
252
252
252
252
252
252
252
252
252
252
252
252
252
252
252
252
252
252
252
252
252
252
252
252
252
252
252
253
248
228
130
225
242
238
242
249
254
252
252
252
252
252
252
252
252
252
252
252
252
252
252
252
252
252
252
252
253
253
253
252
252
252
252
252
252
252
252
252
252
252
252
252
252
253
254
254
254
254
252
252
252
252
252
252
252
252
252
252
252
252
252
252
252
252
252
252
252
252
254
254
255
254
254
253
252
252
253
254
253
252
252
252
252
252
252
252
252
252
252
252
252
252
252
252
252
252
254
250
165
134
132
142
133
138
132
134
128
131
131
126
158
243
255
254
252
252
252
252
252
252
252
252
252
252
252
252
252
252
252
252
252
252
252
252
252
252
252
252
252
252
252
252
252
252
252
252
252
252
254
248
252
251
255
255
254
254
253
252
252
252
252
252
252
252
252
252
252
252
252
252
252
252
252
252
252
252
252
252
252
252
252
252
252
252
252
252
252
252
252
252
252
252
252
252
252
252
252
252
252
252
252
252
252
252
252
252
252
252
252
252
252
252
252
252
252
252
252
252
252
252
252
252
252
252
252
252
252
252
252
252
252
252
252
252
252
252
252
252
252
252
252
252
252
252
252
251
254
243
162
119
122
125
125
127
128
130
130
130
130
125
175
249
255
253
252
252
252
252
252
252
252
252
252
252
252
252
252
252
252
252
252
252
252
252
252
252
252
252
252
252
252
252
252
252
252
252
252
252
252
253
254
253
252
252
252
252
252
252
252
252
252
252
252
252
252
252
252
252
252
252
252
252
252
252
252
252
252
252
253
254
253
252
252
252
252
252
252
252
252
252
252
252
252
252
252
252
252
252
252
252
252
252
252
252
252
252
252
252
252
252
252
252
252
252
252
252
252
252
252
252
252
252
252
252
252
252
252
252
252
252
252
252
252
252
252
252
252
252
252
252
252
252
252
252
252
251
254
242
159
116
122
126
131
131
132
131
129
137
136
134
118
228
251
253
252
252
252
252
252
252
252
252
252
252
252
252
252
252
252
252
252
252
252
252
252
252
252
252
252
252
252
252
252
252
252
252
252
252
252
252
252
252
252
252
252
252
252
252
252
252
252
252
252
252
252
252
252
252
252
252
252
252
252
252
252
252
252
254
248
252
248
254
252
252
252
252
252
252
252
252
252
252
252
252
252
252
252
252
252
252
252
252
252
252
252
252
252
252
252
252
252
252
252
252
252
252
252
252
252
252
252
252
252
252
252
252
252
252
252
252
252
252
252
252
252
252
252
252
252
252
252
252
252
252
252
252
254
248
172
140
143
136
128
122
124
121
124
127
187
102
108
132
252
254
252
252
252
252
252
252
252
252
252
252
252
252
252
252
252
252
252
252
252
252
252
252
252
252
252
252
252
252
252
252
252
252
252
252
252
252
252
252
252
252
252
252
252
252
252
252
252
252
252
252
252
252
252
252
252
252
252
252
252
252
252
252
252
252
237
142
237
252
252
252
252
252
252
252
252
252
252
252
252
252
252
252
252
252
252
252
252
252
252
252
252
252
252
252
252
252
252
252
252
252
252
252
252
252
252
252
252
252
252
252
252
252
252
252
252
252
252
252
252
252
252
252
252
252
252
252
252
252
252
252
252
252
254
248
243
237
238
194
133
131
136
134
135
190
126
116
111
229
247
253
252
252
252
252
252
252
252
252
252
252
252
252
252
252
252
252
252
252
252
252
252
252
252
252
252
252
252
252
252
252
252
252
252
252
252
252
252
252
252
252
252
252
252
252
252
252
252
252
252
252
252
252
252
252
252
252
252
252
252
252
252
252
252
252
110
110
110
252
252
252
252
252
252
252
252
252
252
252
252
252
252
252
252
252
252
252
252
252
252
252
252
252
252
252
252
252
252
252
252
252
252
252
252
252
252
252
252
252
252
252
252
252
252
252
252
252
252
252
252
252
252
252
252
252
252
252
252
252
252
252
252
252
252
252
252
252
252
254
176
217
254
252
252
252
252
110
252
252
252
252
252
252
252
252
252
252
252
252
252
252
252
252
252
252
252
252
252
252
252
252
252
252
252
252
252
252
252
252
252
252
252
252
