245
60
60
60
245
245
245
245
245
245
245
245
245
245
245
245
245
245
245
245
245
245
245
245
245
245
245
245
245
245
245
245
245
245
245
245
245
245
245
245
245
245
245
245
245
245
245
245
245
245
245
245
245
245
245
245
245
245
245
245
245
245
245
245
245
245
245
60
60
60
245
245
245
245
245
245
245
245
245
245
245
245
245
245
245
245
245
245
245
245
245
245
245
245
245
245
245
245
245
245
245
245
245
245
245
245
245
245
245
245
245
245
245
245
245
245
245
245
245
245
245
245
245
245
245
245
245
245
245
245
245
245
245
245
245
245
245
245
245
245
245
60
245
245
245
245
245
245
245
245
60
67
74
233
246
246
245
245
245
245
245
245
245
245
245
245
245
245
245
245
245
245
245
245
245
245
245
245
245
245
245
245
245
245
245
245
245
245
245
245
245
245
245
245
245
245
245
245
245
245
245
245
245
245
245
245
245
245
245
245
245
245
245
245
248
238
81
64
74
233
246
246
245
245
245
245
245
245
245
245
245
245
245
245
245
245
245
245
245
245
245
245
245
245
245
245
245
245
245
245
245
245
245
245
245
245
245
245
245
245
245
245
245
245
245
245
245
245
245
245
245
245
245
245
245
245
245
245
245
245
245
245
245
245
245
245
245
248
238
213
56
56
85
238
248
245
245
245
245
245
245
85
221
248
252
246
245
245
245
245
245
245
245
245
245
245
245
245
245
245
245
245
245
245
245
245
245
245
245
245
245
245
245
245
245
245
245
245
245
245
245
245
245
245
245
245
245
245
245
245
245
245
245
245
245
245
245
245
245
245
245
245
245
245
248
240
213
83
221
248
252
246
245
245
245
245
245
245
245
245
245
245
245
245
245
245
245
245
245
245
245
245
245
245
245
245
245
245
245
245
245
245
245
245
245
245
245
245
245
245
245
245
245
245
245
245
245
245
245
245
245
245
245
245
245
245
245
245
245
245
245
245
245
245
245
245
245
249
245
83
58
54
221
240
248
245
245
245
245
245
245
238
240
252
246
245
245
245
245
245
245
245
245
245
245
245
245
245
245
245
245
245
245
245
245
245
245
245
245
245
245
245
245
245
245
245
245
245
245
245
245
245
245
245
245
245
245
245
245
245
245
245
245
245
245
245
245
245
245
245
245
245
245
245
246
252
240
245
240
252
246
245
245
245
245
245
245
245
245
245
245
245
245
245
245
245
245
245
245
245
245
245
245
245
245
245
245
245
245
245
245
245
245
245
245
245
245
245
245
245
245
245
245
245
245
245
245
245
245
245
245
245
245
245
245
245
245
245
245
245
245
245
245
245
245
245
245
248
240
213
83
221
248
252
246
245
245
245
245
245
245
248
248
246
245
245
245
245
245
245
245
245
245
245
245
245
245
245
245
245
245
245
245
245
245
245
245
245
245
245
245
245
245
245
245
245
245
245
245
245
245
245
245
246
247
249
250
251
251
251
251
250
248
246
246
245
245
245
245
245
245
245
245
245
245
246
248
249
248
246
245
245
245
245
245
245
245
245
245
245
245
245
245
245
245
245
245
245
245
245
245
245
245
245
245
245
245
245
245
245
245
245
245
245
245
245
245
245
245
245
245
245
245
245
245
245
245
245
245
245
245
245
245
245
245
245
245
245
245
245
245
245
245
245
245
245
245
246
252
240
245
240
252
246
245
245
245
245
245
245
245
245
245
245
245
245
245
245
245
245
245
245
245
245
245
245
245
245
245
245
245
245
245
245
245
245
245
245
245
245
245
245
245
245
245
246
247
248
250
251
251
251
251
252
246
241
234
236
236
236
234
236
243
247
249
246
246
245
245
245
245
245
245
245
245
245
245
245
245
245
245
245
245
245
245
245
245
245
245
245
245
245
245
245
245
245
245
245
245
245
245
245
245
245
245
245
245
245
245
245
245
245
245
245
245
245
245
245
245
245
245
245
245
245
245
245
245
245
245
245
245
245
245
245
245
245
245
245
245
245
245
245
245
245
245
245
245
245
246
248
249
248
246
245
245
245
245
245
245
245
245
245
245
245
245
245
245
245
245
245
245
245
245
245
245
245
245
245
245
245
245
245
245
245
245
245
245
245
245
245
245
245
245
245
245
247
243
240
235
235
235
236
236
239
232
174
168
172
172
172
171
167
193
235
243
245
246
245
245
245
245
245
245
245
245
245
245
245
245
245
245
245
245
245
245
245
245
245
245
245
245
245
245
245
245
245
245
245
245
245
245
245
245
245
245
245
245
245
245
245
245
245
245
245
245
245
245
245
245
245
245
245
245
245
245
245
245
245
245
245
245
245
245
245
245
245
245
245
245
245
245
245
245
245
245
245
245
245
245
245
245
245
245
245
245
245
245
245
245
245
245
245
245
245
245
245
245
245
245
245
245
245
245
245
246
247
248
250
250
251
251
251
251
250
249
247
246
245
245
245
245
245
245
245
245
248
238
187
160
169
168
172
171
173
166
157
154
154
154
155
155
153
159
168
208
244
249
246
245
245
245
245
245
245
245
245
245
245
245
245
245
245
245
245
245
245
245
245
245
245
245
245
245
245
245
245
245
245
245
245
245
245
245
245
245
246
247
248
248
247
246
245
245
245
245
245
245
245
245
245
245
245
245
245
245
245
245
245
245
245
245
245
245
245
245
245
245
245
245
245
245
245
245
245
245
245
245
245
245
245
245
245
245
245
245
245
245
245
245
245
245
245
245
245
245
245
245
245
245
245
245
245
245
245
247
243
240
234
237
236
236
236
236
234
242
246
251
249
247
246
245
245
245
245
245
248
240
168
153
150
155
156
158
157
157
159
159
161
161
162
162
160
157
155
171
236
247
246
245
245
245
245
245
245
245
245
245
245
245
245
245
245
245
245
245
245
245
245
245
245
245
245
245
245
245
245
245
245
245
245
245
245
245
245
246
248
243
238
238
243
248
246
245
245
245
245
245
245
245
245
245
245
245
245
245
245
245
245
245
245
245
245
245
245
245
245
245
245
245
245
245
245
245
245
245
245
245
245
245
245
245
245
245
245
245
245
245
245
245
245
245
245
245
245
245
245
245
245
245
245
245
245
246
247
251
245
185
172
175
171
172
170
171
169
175
232
237
242
245
250
247
246
245
245
245
247
246
231
163
157
166
158
161
157
163
161
160
159
157
157
158
160
161
157
163
194
246
249
246
245
245
245
245
245
245
245
245
246
246
248
248
246
246
245
245
245
245
245
245
245
245
245
245
245
245
245
245
245
245
245
245
245
245
245
247
246
236
170
171
237
247
246
245
245
245
245
245
245
245
245
245
245
245
245
245
245
245
245
245
245
245
245
245
245
245
245
245
245
245
245
245
245
245
245
245
245
245
245
245
245
245
245
245
245
245
245
245
245
245
245
245
245
245
245
245
245
245
245
245
245
245
245
246
241
240
225
173
152
153
153
154
154
154
152
159
164
171
175
231
242
244
248
246
245
245
246
251
235
169
157
165
150
68
146
157
162
153
163
169
169
162
158
161
159
155
168
236
249
249
246
245
245
245
245
245
246
247
249
247
242
243
246
250
247
246
245
245
245
245
245
245
245
245
245
245
245
245
245
245
245
245
245
245
245
248
242
185
153
155
192
244
248
245
245
245
245
246
247
249
250
250
248
247
246
245
245
245
245
245
245
245
245
245
245
245
245
245
245
245
245
245
245
245
245
245
245
245
245
245
245
245
245
245
245
245
245
245
245
245
245
245
245
245
245
245
245
245
245
245
245
245
245
248
246
190
170
164
161
160
160
159
158
158
154
153
151
150
158
163
172
236
244
247
245
245
245
249
239
180
163
167
51
56
84
230
174
171
185
236
237
172
162
158
162
159
161
170
235
240
248
245
245
245
246
246
249
246
245
234
191
178
231
243
244
248
246
245
245
245
245
245
245
245
245
245
245
245
245
245
245
245
245
245
245
250
236
172
151
153
177
236
249
245
245
245
246
248
245
241
234
233
238
242
246
245
245
245
245
245
245
245
245
246
246
247
246
246
245
245
245
245
245
245
245
245
245
245
245
245
245
245
245
245
245
245
245
245
245
245
245
245
245
245
245
245
245
245
245
245
245
245
245
248
239
226
155
156
161
160
157
165
160
168
164
173
164
159
152
151
152
171
241
249
245
245
245
247
242
244
234
81
60
60
228
240
244
234
242
249
250
233
160
153
161
160
159
157
154
239
251
245
245
245
246
245
242
234
187
168
160
161
163
174
236
244
247
245
245
245
245
245
245
245
245
245
245
245
245
245
245
245
245
245
245
250
235
171
151
162
180
245
250
245
245
246
248
246
236
174
167
176
193
245
247
245
245
245
245
245
246
248
249
250
242
242
240
247
245
245
245
245
245
245
245
245
245
245
245
245
245
245
245
245
245
245
245
245
245
245
245
245
245
245
245
245
245
245
245
245
245
245
245
250
243
172
160
160
160
160
166
181
231
177
230
240
232
179
177
170
157
169
233
250
245
245
245
246
247
251
245
218
85
222
251
255
253
251
248
248
251
242
170
155
156
160
161
147
168
230
251
245
245
245
248
242
199
165
159
153
154
153
151
153
172
244
252
247
246
245
245
245
245
245
245
245
245
245
245
245
245
245
245
245
245
251
235
173
153
157
226
238
250
245
246
248
248
239
171
157
148
162
229
246
246
245
245
245
245
246
252
240
246
246
246
195
236
248
245
245
245
245
245
245
245
245
245
245
245
245
245
245
245
245
245
245
245
245
245
245
245
245
245
245
245
245
245
245
245
245
245
245
245
250
234
170
151
160
160
160
159
230
234
249
245
253
247
244
247
228
175
174
247
250
245
245
245
245
245
246
252
240
246
248
248
246
240
252
246
245
247
244
238
167
162
159
160
159
168
242
249
245
245
245
249
237
182
152
154
161
169
184
164
153
159
223
244
243
248
246
245
245
245
245
245
245
245
245
245
245
245
245
245
245
245
251
236
173
153
156
154
237
251
245
247
245
240
184
161
157
154
174
238
251
246
245
245
245
246
252
248
221
87
216
221
178
230
250
245
245
245
245
245
245
245
245
245
245
245
245
245
245
245
245
245
245
245
245
245
245
245
245
245
245
245
245
245
245
245
245
245
245
245
251
235
172
152
161
161
160
176
161
244
253
249
250
251
255
254
223
82
211
241
251
245
245
245
245
245
245
246
249
255
251
222
83
213
240
248
245
246
248
248
234
166
157
159
170
235
246
248
245
245
245
250
237
174
152
162
179
237
241
233
173
169
169
173
236
244
247
245
245
245
245
245
245
245
245
245
245
245
245
245
245
246
251
238
171
152
154
162
236
250
246
250
243
180
161
160
159
155
171
237
251
245
245
245
246
250
244
224
59
57
76
161
178
236
251
246
245
245
245
245
245
245
245
245
245
245
245
245
245
245
245
245
245
245
245
245
245
245
245
245
245
245
245
245
245
245
245
245
245
245
250
237
172
153
161
159
167
172
239
243
255
241
245
245
251
230
68
54
77
233
253
245
245
245
245
245
245
245
248
240
221
54
58
83
245
249
245
245
246
252
238
173
156
158
170
236
248
248
245
245
245
250
235
172
149
166
235
250
253
246
246
225
162
152
173
242
250
246
245
245
245
245
245
245
245
245
245
245
245
245
245
246
246
232
167
151
164
233
246
248
248
248
232
163
153
159
160
154
173
236
251
245
245
246
248
249
239
77
63
55
149
146
162
231
247
247
245
245
246
248
251
251
251
248
246
245
245
245
245
245
245
245
245
245
245
245
245
245
245
245
245
245
245
245
245
245
245
245
245
245
250
237
175
154
161
157
168
234
246
250
247
222
83
222
226
81
43
43
78
231
252
245
245
245
245
245
245
245
249
245
83
58
54
221
240
248
245
245
245
251
236
172
154
159
163
181
243
248
245
245
245
251
236
172
148
173
240
253
247
247
253
240
171
151
161
231
246
247
245
245
245
245
245
245
245
245
245
245
245
245
245
248
243
183
164
151
174
242
254
249
245
240
177
161
156
160
160
149
166
232
251
245
245
247
245
240
170
139
80
207
173
157
160
179
241
249
245
246
249
240
240
227
240
242
253
250
249
247
246
245
245
245
245
245
245
245
245
245
245
245
245
245
245
245
245
245
245
245
245
245
250
237
173
154
161
160
175
231
187
178
217
63
64
97
236
82
50
65
227
244
249
245
245
245
245
245
245
245
248
240
213
83
221
248
252
246
245
245
245
251
236
170
154
161
156
183
235
250
245
245
245
251
236
171
150
167
233
248
247
245
249
244
195
159
157
177
241
248
245
245
245
245
245
245
245
245
245
245
245
245
245
248
242
193
160
153
162
230
243
253
243
180
159
164
165
169
157
159
155
239
251
245
246
250
243
185
163
146
178
226
183
155
154
174
236
250
246
248
247
236
154
167
156
231
239
234
240
244
248
246
245
245
245
245
245
245
245
245
245
245
245
245
245
245
245
245
245
245
245
245
251
236
169
153
162
164
164
168
160
164
73
58
53
213
234
224
96
228
251
253
247
245
245
245
245
245
245
245
246
252
240
245
240
252
246
245
245
245
246
252
239
174
155
159
156
177
237
250
245
246
247
253
239
176
151
161
186
245
251
247
250
248
235
160
156
181
241
248
245
245
245
245
245
245
245
245
245
245
245
245
245
247
250
236
168
155
158
152
240
250
230
163
151
172
222
167
153
160
227
238
249
246
248
249
234
165
153
160
175
226
170
154
152
171
236
253
251
248
241
163
157
147
158
162
172
168
170
236
244
247
245
245
245
245
245
245
245
245
245
245
245
245
245
245
245
245
245
245
245
245
251
235
169
154
164
160
147
70
144
152
143
70
152
171
193
229
238
230
250
248
250
247
246
245
245
245
245
245
245
246
248
249
248
246
245
245
245
245
248
243
233
165
157
160
156
175
238
251
249
251
247
248
229
168
155
156
167
230
248
250
250
244
191
159
163
233
247
247
245
245
245
245
245
245
245
245
245
245
245
245
245
247
248
234
167
153
155
174
241
245
169
158
153
181
228
171
149
170
200
250
248
248
243
238
171
159
160
173
239
175
167
154
161
179
241
245
236
233
169
159
157
158
158
156
153
150
154
170
239
249
245
245
245
245
245
245
245
245
245
245
245
245
245
245
245
245
245
245
245
245
250
234
168
155
158
147
56
56
69
159
153
153
149
155
158
166
176
173
190
233
243
245
248
246
245
245
245
245
245
245
245
245
245
245
245
245
245
245
250
239
163
159
159
158
163
194
246
248
241
237
235
190
171
162
159
160
163
170
205
237
236
186
161
154
170
239
251
246
245
245
245
245
245
245
245
245
245
245
245
245
245
249
241
179
160
155
167
235
254
238
171
151
156
182
227
175
147
165
232
247
246
250
240
167
155
153
165
236
248
234
163
153
161
236
239
197
169
163
159
149
161
163
163
157
158
159
151
169
234
250
245
245
245
245
245
245
245
245
245
245
245
245
245
245
245
245
245
245
245
245
249
241
174
163
160
72
57
60
156
172
174
174
172
172
163
156
147
151
163
171
179
237
245
248
246
245
245
245
245
245
245
245
245
245
245
245
245
245
251
233
167
151
159
162
173
242
245
238
176
175
168
162
156
157
160
157
156
158
162
170
171
163
154
159
193
243
248
245
245
245
245
245
245
245
245
245
245
245
245
245
245
250
236
174
154
155
184
244
254
234
165
150
161
205
233
174
147
171
238
251
246
251
235
169
151
154
176
239
255
239
174
155
165
181
228
166
146
155
164
171
178
230
189
165
162
158
155
173
238
252
246
245
245
245
245
245
245
245
245
245
245
245
245
245
245
245
245
245
245
245
247
246
232
167
154
144
69
160
233
246
237
236
236
238
232
175
162
160
154
155
161
164
237
245
247
245
245
245
245
245
245
245
245
245
245
245
245
246
252
239
174
153
155
164
233
253
245
171
155
150
152
152
152
154
164
165
167
157
157
156
154
152
151
163
234
248
246
245
245
245
245
245
245
245
245
245
245
245
245
245
245
250
237
176
153
158
187
241
246
169
157
155
168
247
240
174
147
172
236
251
248
249
233
166
153
161
188
243
254
236
173
153
159
162
158
165
161
176
232
236
243
243
246
234
170
163
154
165
232
246
247
245
245
245
245
245
245
245
245
245
245
245
245
245
245
245
245
245
245
245
246
252
237
173
159
172
159
185
244
255
252
251
251
252
246
243
232
172
161
158
156
158
176
246
252
248
246
245
245
245
245
245
245
245
245
245
245
247
246
232
164
154
161
176
247
252
232
160
155
160
168
166
175
173
176
221
163
158
158
169
170
179
169
191
241
249
246
245
245
245
245
245
245
245
245
245
245
245
245
245
245
251
236
175
154
160
187
231
172
155
156
169
240
247
237
167
149
172
236
253
246
240
171
160
152
168
232
247
252
236
169
153
159
157
160
168
232
244
246
251
250
248
250
249
236
171
155
159
175
240
249
245
245
245
245
245
245
245
245
245
245
245
245
245
245
245
245
245
245
245
245
251
235
171
158
172
204
83
211
243
248
245
245
246
247
250
246
241
188
160
157
153
165
224
242
240
247
245
245
245
245
245
245
245
245
245
246
250
244
176
159
153
164
234
248
242
167
164
172
231
199
232
238
238
241
173
166
156
157
161
227
236
238
239
243
247
245
245
245
245
245
245
245
245
245
245
245
245
245
245
246
253
241
173
156
160
171
169
162
158
171
240
250
247
188
160
152
174
240
251
239
177
159
160
166
192
241
250
251
236
171
152
160
159
176
237
248
250
247
246
245
245
246
252
234
173
149
152
167
234
250
245
245
245
245
245
245
245
245
245
245
246
248
249
248
246
245
245
245
245
245
251
235
172
149
155
57
68
86
246
249
245
245
245
245
246
248
248
242
184
161
155
164
161
173
239
250
245
245
245
245
245
245
245
245
245
246
248
233
166
152
159
178
244
244
168
154
163
234
246
249
247
251
251
246
238
169
161
157
164
191
250
254
249
247
246
245
245
245
245
245
245
245
245
245
245
245
245
245
246
252
246
234
166
162
161
160
159
152
163
232
247
251
239
181
157
152
183
237
245
176
160
151
164
226
244
243
247
251
236
170
154
159
156
185
240
251
246
245
245
245
245
245
250
239
155
161
153
171
236
252
248
249
248
246
245
245
245
245
245
245
248
231
236
235
251
246
245
245
245
245
250
233
171
152
69
59
64
222
241
248
245
245
245
245
245
246
248
248
237
170
158
159
149
170
232
250
245
246
248
249
248
246
245
245
246
249
246
196
162
153
165
237
241
178
155
149
172
238
253
247
246
246
246
248
248
232
163
154
156
166
233
246
247
245
245
245
245
245
245
245
245
245
245
245
245
245
245
246
252
248
226
81
146
157
165
161
157
158
169
242
250
249
246
205
164
152
182
236
194
158
154
158
169
243
251
247
246
250
233
165
151
157
161
184
243
248
245
245
245
245
245
245
248
241
231
169
151
172
238
255
240
245
240
252
246
245
245
245
245
245
249
238
106
229
244
252
246
245
245
245
249
241
176
156
138
72
218
246
253
246
245
245
245
245
245
245
246
250
238
183
155
159
154
174
237
251
246
252
240
245
240
252
246
246
248
247
235
167
156
152
171
242
243
163
154
152
170
236
251
245
245
245
245
246
250
244
176
160
154
158
176
240
248
245
245
245
245
245
245
245
245
245
245
245
245
245
245
248
240
221
61
57
69
161
166
156
158
165
237
244
247
248
245
231
163
152
169
222
170
152
158
170
237
244
247
245
245
249
241
171
158
154
167
234
248
247
245
245
245
245
245
245
246
253
240
177
149
174
247
254
221
83
213
240
248
245
245
245
245
245
248
239
208
74
211
244
251
246
245
245
247
246
233
169
152
161
176
248
250
245
245
245
245
245
245
245
245
248
243
179
160
157
155
173
235
252
252
248
221
83
213
240
248
248
248
241
172
161
154
159
178
246
245
192
160
151
170
236
251
245
245
245
245
245
247
246
232
165
154
159
174
240
248
245
245
245
245
245
245
245
245
245
245
245
245
245
245
249
245
85
58
49
145
158
161
161
169
240
246
248
246
248
240
175
159
156
167
167
166
161
172
241
247
248
246
245
245
248
248
234
165
153
171
236
249
247
245
245
245
245
245
245
245
251
235
171
148
168
228
222
57
58
83
245
249
245
245
245
245
245
246
254
227
99
76
235
245
255
253
249
247
252
238
173
157
156
171
237
251
246
245
245
245
245
245
245
245
247
247
232
163
155
155
172
238
254
241
221
54
58
83
245
251
244
237
179
160
156
155
165
232
248
251
239
171
152
171
238
252
246
245
245
245
245
246
252
238
173
149
165
232
247
247
245
245
245
245
245
245
245
245
245
245
245
245
245
245
248
240
218
80
154
162
166
157
168
235
248
248
246
245
248
239
170
156
158
170
164
153
166
234
253
250
246
246
249
253
255
255
240
168
156
163
187
246
251
246
245
245
245
245
245
246
252
238
173
151
163
170
77
62
54
221
240
248
245
245
245
245
245
245
249
237
227
211
94
211
208
226
242
254
254
238
170
154
155
167
235
250
248
246
245
245
245
245
245
245
246
253
240
174
155
156
165
231
250
247
83
58
54
221
240
252
241
172
156
158
158
162
187
245
251
247
233
177
152
164
235
249
250
247
246
245
246
247
253
239
174
149
173
238
252
246
245
245
245
245
245
245
245
245
245
245
245
245
245
245
246
252
245
235
177
166
160
154
173
238
251
246
246
248
251
250
237
166
160
169
165
142
76
215
244
250
249
254
242
226
208
216
162
163
156
155
164
231
241
248
245
245
245
245
246
248
249
234
166
152
163
168
207
87
221
248
253
249
248
245
245
245
245
245
246
249
254
244
231
95
99
97
211
227
249
250
181
160
161
166
182
241
247
248
246
245
245
245
245
245
247
247
232
165
156
158
160
175
245
244
213
83
221
248
254
250
233
167
153
158
158
174
236
248
248
246
182
165
152
159
169
233
244
247
252
251
251
248
247
230
169
147
172
234
250
245
245
245
245
245
245
245
245
245
245
245
245
245
245
245
245
246
251
244
185
157
155
158
177
240
249
246
252
240
248
243
243
170
157
156
144
51
64
98
255
255
244
227
211
97
101
95
157
155
160
159
156
154
239
250
245
245
246
247
250
247
240
171
161
154
167
241
241
247
240
253
253
240
238
245
245
245
245
245
245
245
246
251
239
224
208
213
95
95
218
204
143
144
158
168
172
180
243
248
248
246
245
245
246
247
251
245
178
160
158
159
165
192
243
254
240
245
240
253
248
241
191
163
158
169
155
182
237
255
248
243
234
177
162
156
155
160
178
234
237
235
237
235
192
167
157
154
172
241
249
245
245
245
245
245
245
245
245
245
245
245
245
245
245
245
245
245
248
242
204
161
161
169
238
245
248
252
248
221
88
209
170
164
165
176
86
78
57
202
201
213
213
95
95
213
211
215
152
160
158
160
149
169
231
250
245
246
248
244
242
232
170
160
156
153
170
239
254
250
249
253
248
221
85
245
245
245
245
245
245
245
245
246
249
253
255
244
227
211
100
100
92
82
140
140
136
150
171
248
254
255
255
255
254
248
246
228
165
155
160
153
168
231
249
248
248
249
248
250
244
201
162
159
163
166
167
78
211
243
248
248
245
243
232
175
161
156
158
166
173
164
175
169
161
153
156
164
236
244
247
245
245
245
245
245
245
245
245
245
245
245
245
245
245
245
245
245
246
245
243
230
175
235
247
248
248
240
222
60
74
85
183
160
152
148
178
56
190
101
110
102
97
211
227
244
255
254
236
165
157
160
163
188
249
254
251
252
248
238
173
162
160
155
153
158
185
241
248
245
248
240
221
54
56
60
245
245
245
245
245
245
245
245
245
245
246
249
254
242
227
212
206
146
73
80
80
77
143
142
213
218
214
225
237
243
194
175
171
167
170
169
161
241
251
246
245
245
246
247
236
169
156
161
156
153
51
63
86
246
249
246
247
250
245
244
232
167
156
148
149
149
150
150
151
158
178
239
246
248
246
245
245
245
245
245
245
245
245
245
245
245
245
245
245
245
245
245
246
248
253
251
255
255
255
255
255
255
97
51
43
179
153
143
67
83
84
107
92
222
211
207
226
242
254
249
248
253
240
172
156
159
162
227
237
237
236
239
233
168
156
149
151
159
165
179
237
246
247
245
249
245
83
58
56
245
245
245
245
245
245
245
245
245
245
245
245
245
246
249
253
255
251
185
155
141
137
142
75
83
87
95
92
90
154
148
139
129
132
130
134
169
234
252
255
255
255
255
255
254
204
171
164
166
171
72
61
58
221
240
248
247
248
249
249
251
247
238
173
170
167
162
160
167
170
187
240
248
248
246
245
245
245
245
245
245
245
246
249
253
255
255
255
255
255
255
255
255
255
255
244
227
209
210
209
208
211
199
194
64
94
88
86
48
52
66
211
218
229
245
255
255
253
249
246
245
246
245
230
164
155
159
165
171
176
169
165
168
159
154
156
164
167
175
232
243
245
248
246
245
248
240
213
83
213
245
245
245
245
245
245
245
245
245
245
245
245
245
245
245
245
247
244
245
238
178
169
156
149
136
133
130
129
129
67
69
79
86
94
92
92
95
216
214
209
208
209
211
216
208
149
137
137
156
179
229
105
237
255
255
255
253
248
248
253
255
255
255
254
250
248
199
202
248
251
254
255
255
255
255
255
255
255
255
255
255
255
255
244
226
207
208
208
208
208
208
208
208
208
210
213
97
101
102
102
102
104
106
108
226
226
212
64
51
66
232
252
255
253
249
246
245
245
245
245
245
247
246
177
166
156
161
157
152
146
152
158
165
166
167
173
232
237
241
245
250
247
246
245
245
246
252
240
245
238
245
245
245
245
245
245
245
245
245
245
245
245
245
245
245
245
246
247
250
247
239
180
166
162
155
168
174
182
171
160
145
153
212
218
215
216
218
99
101
102
102
105
100
98
87
86
81
78
84
216
210
218
210
224
217
218
212
152
150
207
211
209
211
213
216
209
205
205
211
216
212
210
209
210
213
219
221
219
213
210
208
208
210
213
97
101
102
102
102
102
102
102
102
102
101
97
213
210
208
208
208
208
207
226
244
255
252
224
88
222
248
252
246
245
245
245
245
245
245
245
245
246
244
226
158
149
154
160
165
169
174
232
238
236
234
242
246
251
249
247
246
245
245
245
245
245
246
248
249
248
245
245
245
245
245
245
245
245
245
245
245
245
245
245
245
245
245
245
246
248
245
244
230
163
165
174
232
239
238
242
242
249
253
255
255
255
244
226
207
208
208
212
202
142
130
137
141
140
139
89
100
100
97
95
93
95
88
78
84
94
106
102
102
102
103
105
106
106
105
103
102
102
104
111
101
92
73
88
96
108
102
102
102
101
219
213
210
208
208
208
208
208
208
208
207
226
244
255
255
255
255
255
255
253
249
248
252
240
245
240
252
246
245
245
245
245
245
246
248
249
248
247
250
241
174
167
169
176
232
237
241
246
252
251
250
249
247
246
245
245
245
245
245
245
245
245
245
245
245
245
245
245
245
245
245
245
245
245
245
245
245
245
245
245
245
245
245
245
245
246
247
250
244
239
232
243
246
252
251
251
250
249
247
246
245
246
249
253
255
255
255
255
249
185
165
169
170
169
154
143
132
132
133
133
135
135
135
132
144
204
214
208
208
208
208
208
208
208
208
208
208
208
213
207
187
45
39
53
192
221
215
217
222
224
245
254
255
255
255
255
255
255
255
255
255
253
249
246
245
245
245
245
245
245
245
245
246
248
249
248
246
245
245
245
245
245
246
252
240
245
240
252
248
242
238
232
234
242
247
251
249
247
246
245
245
245
245
245
245
245
245
245
245
245
245
245
245
245
245
245
245
245
245
245
245
245
245
245
245
245
245
245
245
245
245
245
245
245
245
245
245
246
247
249
250
249
247
246
245
245
245
245
245
245
245
245
245
245
245
245
245
250
233
169
148
155
156
159
158
161
161
162
160
165
163
165
163
156
178
246
255
255
255
255
255
255
255
255
255
255
255
255
255
246
92
49
47
92
252
255
255
248
255
218
92
215
240
248
245
245
245
245
245
245
245
245
245
245
245
245
245
245
245
245
245
245
245
245
245
245
245
245
245
245
245
246
252
248
221
83
213
240
248
247
249
250
250
249
247
246
245
245
245
246
248
249
248
246
245
245
246
248
249
248
246
245
245
245
245
245
245
245
245
245
245
245
245
245
245
245
245
245
245
245
245
245
245
245
245
245
245
245
245
245
245
245
245
245
245
245
245
245
245
245
245
245
245
245
245
245
245
249
239
179
167
173
164
166
164
172
172
171
162
164
164
172
168
165
177
239
249
245
245
245
245
245
245
245
245
245
245
245
252
231
74
50
67
237
246
227
97
205
95
51
65
83
246
252
249
248
246
245
245
245
245
245
245
245
245
245
245
245
245
245
245
245
245
245
245
245
245
245
245
245
245
248
240
221
54
58
83
245
249
245
245
245
245
245
245
245
245
245
246
252
240
245
240
252
246
246
252
240
245
240
252
246
245
245
245
245
245
245
245
245
245
245
245
245
245
245
245
245
245
245
245
245
245
245
245
245
245
245
245
245
245
245
245
245
246
248
249
248
246
245
245
245
245
245
245
245
245
247
242
238
233
238
230
176
230
238
236
238
230
176
230
237
235
234
239
242
247
245
245
245
245
245
245
245
245
245
245
245
249
244
219
88
231
251
238
67
60
45
46
43
62
222
248
244
245
240
252
246
245
245
245
245
245
245
245
245
245
245
245
245
245
245
245
245
245
245
245
245
245
245
245
249
245
83
58
54
221
240
248
245
245
245
245
245
245
245
245
246
252
248
221
83
213
240
249
252
248
221
83
213
240
248
245
245
245
245
245
245
245
245
245
245
245
245
245
245
245
245
245
245
245
245
245
245
245
245
245
245
245
245
245
245
245
246
252
240
245
240
252
246
245
245
245
245
245
245
245
246
247
249
250
252
245
246
245
252
251
252
245
246
245
252
251
250
249
247
246
245
245
245
245
245
245
245
245
245
245
245
246
252
240
248
235
229
62
59
45
66
57
86
229
254
254
222
83
213
240
248
245
245
245
245
245
245
245
245
245
245
245
245
245
245
245
245
245
245
245
245
245
245
245
248
240
213
83
221
248
252
246
245
245
245
245
245
245
245
245
248
240
221
54
58
83
245
252
240
221
54
58
83
245
249
245
245
245
245
245
245
245
245
245
245
245
245
245
245
245
245
245
245
245
245
245
245
245
245
245
245
245
245
245
245
246
252
248
221
83
213
240
248
245
245
245
245
245
245
245
245
245
245
245
246
246
247
246
246
245
246
246
247
246
246
245
245
245
245
245
245
245
245
245
245
245
245
245
245
245
245
245
246
248
253
248
85
60
69
206
101
208
240
246
248
222
54
58
83
245
249
245
245
245
245
245
245
245
245
245
245
245
245
245
245
245
245
245
245
245
245
245
245
245
246
252
240
245
240
252
246
245
245
245
245
245
245
245
245
245
249
245
83
58
54
221
240
252
245
83
58
54
221
240
248
245
245
245
245
245
245
245
245
245
245
245
245
245
245
245
245
245
245
245
245
245
245
245
245
245
245
245
245
245
245
248
240
221
54
58
83
245
249
245
245
245
245
245
245
245
245
245
245
245
245
245
245
245
245
245
245
245
245
245
245
245
245
245
245
245
245
245
245
245
245
245
245
245
245
245
245
245
245
245
248
240
213
83
226
238
251
244
255
253
246
83
58
54
221
240
248
245
245
245
245
245
245
245
245
245
245
245
245
245
245
245
245
245
245
245
245
245
245
245
245
246
248
249
248
246
245
245
245
245
245
245
245
245
245
245
248
240
213
83
221
248
252
249
240
213
83
221
248
252
246
245
245
245
245
245
245
245
245
245
245
245
245
245
245
245
245
245
245
245
245
245
245
245
245
245
245
245
245
245
245
249
245
83
58
54
221
240
248
245
245
245
245
245
245
245
245
245
245
245
245
245
245
245
245
245
245
245
245
245
245
245
245
245
245
245
245
245
245
245
245
245
245
245
245
245
245
245
245
245
246
252
240
245
242
254
251
248
246
248
240
213
83
221
248
252
246
245
245
245
245
245
245
245
245
245
245
245
245
245
245
245
245
245
245
245
245
245
245
245
245
245
245
245
245
245
245
245
245
245
245
245
245
245
245
245
246
252
240
245
240
252
246
246
252
240
245
240
252
246
245
245
245
245
245
245
245
245
245
245
245
245
245
245
245
245
245
245
245
245
245
245
245
245
245
245
245
245
245
245
245
248
238
210
78
217
246
252
246
245
245
245
245
245
245
245
245
245
245
245
245
245
245
245
245
245
245
245
245
245
245
245
245
245
245
245
245
245
245
245
245
245
245
245
245
245
245
245
245
245
245
246
248
249
248
246
245
245
245
246
252
240
245
240
252
246
245
245
245
245
245
245
245
245
245
245
245
245
245
245
245
245
245
245
245
245
245
245
245
245
245
245
245
245
245
245
245
245
245
245
245
245
245
245
245
245
245
246
248
249
248
246
245
245
246
248
249
248
246
245
245
245
245
245
245
245
245
245
245
245
245
245
245
245
245
245
245
245
245
245
245
245
245
245
245
245
245
245
245
245
245
245
245
245
245
245
245
245
245
245
245
245
245
245
245
245
245
245
245
245
245
245
245
245
245
245
245
245
245
245
245
245
245
245
245
245
245
245
245
245
245
245
245
245
245
245
245
245
245
245
245
245
245
245
245
245
245
245
245
245
245
245
245
245
245
245
245
245
245
245
245
245
245
245
245
245
245
245
245
245
245
245
245
245
245
245
245
245
245
245
245
245
245
245
245
245
245
245
245
245
245
245
245
245
245
245
245
245
245
245
245
245
245
245
245
245
245
245
245
245
245
245
245
245
245
245
