250
250
250
250
250
250
250
250
250
250
250
250
250
250
250
250
250
250
250
250
250
250
250
250
250
250
250
250
193
191
191
191
188
193
191
191
191
188
188
191
38
38
38
250
250
250
250
250
250
250
250
250
250
250
250
250
250
250
250
250
250
250
250
250
250
250
250
250
250
250
250
250
250
250
38
250
250
250
250
250
250
250
250
250
250
250
250
250
250
250
250
250
250
250
250
250
250
250
250
250
250
250
250
250
250
250
250
250
250
250
250
250
250
250
250
250
250
250
250
250
250
250
250
250
250
250
250
250
250
250
250
250
250
250
250
250
250
250
250
250
250
250
250
250
250
250
250
250
250
250
250
250
250
250
250
250
250
250
250
250
250
250
250
250
250
250
250
250
250
250
251
254
244
250
244
254
253
244
200
188
188
197
243
247
204
200
195
192
178
53
42
56
176
197
237
251
244
247
247
251
250
250
250
250
250
250
250
250
250
250
250
250
250
251
249
240
195
233
207
241
252
243
214
34
34
66
242
252
250
250
250
250
250
251
252
253
252
251
250
250
250
250
250
250
250
250
250
250
250
250
250
250
250
250
250
250
250
250
250
250
250
250
250
250
250
250
250
250
250
250
250
250
250
250
250
250
250
250
250
250
250
250
250
250
250
250
250
250
250
250
250
250
250
250
250
250
250
250
250
250
250
250
250
250
250
250
250
250
250
250
250
250
250
250
250
250
250
250
250
251
254
252
224
70
224
252
254
245
198
186
186
198
248
253
247
245
241
197
191
173
66
170
170
66
169
194
200
205
246
252
250
250
250
250
250
250
250
250
250
250
250
250
250
252
247
195
189
185
200
208
254
251
64
36
32
222
244
252
250
250
250
250
251
254
244
250
244
254
251
250
251
251
251
251
251
250
250
250
250
250
250
250
250
250
250
250
250
250
250
250
250
250
250
250
250
250
250
250
250
250
250
250
250
250
250
250
250
250
250
250
250
250
250
250
250
250
250
250
250
250
250
250
250
250
250
250
250
250
250
250
250
250
250
250
250
250
250
250
250
250
250
250
250
250
250
250
250
250
250
252
244
224
42
32
42
224
249
247
197
186
186
198
245
254
252
253
251
249
251
241
192
166
39
35
54
186
185
197
242
252
250
250
250
250
250
250
250
250
250
250
250
250
250
252
242
195
182
183
191
240
252
246
214
64
222
252
254
251
250
250
250
251
254
252
222
64
214
244
252
251
251
247
249
248
252
252
252
251
251
250
250
250
250
250
250
250
250
250
250
250
250
250
250
250
250
250
250
250
250
250
250
250
250
250
250
250
250
250
250
250
250
250
250
250
250
250
250
250
250
250
250
250
250
250
250
250
250
250
250
250
250
250
250
250
250
250
250
250
250
250
250
250
250
250
250
250
250
250
250
253
250
70
32
19
32
70
253
249
198
184
189
195
240
251
251
251
252
254
254
254
251
64
36
29
167
184
188
197
244
253
250
250
250
250
250
250
250
250
250
250
250
250
250
252
245
198
186
189
192
222
252
254
244
250
244
254
251
250
250
250
250
252
244
222
32
36
65
251
253
251
253
247
205
244
249
247
246
251
253
252
251
251
250
250
250
250
250
250
250
250
250
250
250
250
250
250
251
251
252
252
251
251
250
250
250
250
250
250
250
250
250
250
250
250
250
250
250
250
250
250
250
250
250
250
250
250
250
250
250
250
250
250
250
250
250
250
250
250
250
250
250
250
250
250
250
250
250
250
250
252
244
224
42
32
42
224
249
248
198
186
190
189
199
248
252
252
254
244
250
250
253
220
66
178
201
198
182
198
244
253
250
250
250
250
250
250
250
250
250
250
250
250
250
252
245
205
187
189
188
205
245
253
252
253
252
251
250
250
250
250
250
253
250
64
36
32
224
243
249
225
245
236
194
194
239
201
199
241
243
245
248
251
250
250
250
250
250
250
250
250
250
250
250
250
250
251
252
249
245
245
249
251
251
250
250
250
250
250
250
250
250
250
250
250
250
250
250
250
250
250
250
250
250
250
250
250
250
250
250
250
250
250
250
250
250
250
250
250
250
250
250
250
250
250
250
250
250
250
250
251
254
252
224
70
224
252
254
244
197
183
189
186
192
241
252
254
252
222
64
216
252
249
246
240
249
201
189
196
240
251
251
250
250
250
250
250
250
250
250
250
250
250
250
252
247
211
186
190
188
201
246
253
251
250
250
250
250
250
250
250
250
252
244
214
64
222
254
253
210
196
197
196
189
189
191
190
189
193
196
205
247
252
251
250
250
250
250
250
250
250
250
250
250
250
250
251
249
243
198
194
243
251
251
250
250
250
250
250
250
250
250
250
250
250
250
250
250
250
250
250
250
250
250
250
250
250
250
250
250
250
250
250
250
250
250
250
250
250
250
250
250
250
250
250
250
250
250
250
250
250
251
254
244
250
244
254
253
247
198
191
188
187
195
213
252
246
222
32
36
64
251
254
254
254
252
249
238
207
223
251
251
250
250
250
250
250
250
250
250
250
250
250
250
252
244
206
188
191
186
195
241
251
251
250
250
250
250
250
250
250
250
251
254
244
250
246
254
246
200
184
187
188
189
189
191
189
189
189
186
189
239
251
251
250
250
250
250
250
250
250
250
250
250
250
251
252
248
199
185
186
203
247
251
250
250
250
250
250
250
250
250
250
250
250
250
250
250
250
250
250
250
250
250
250
250
250
250
250
250
250
250
250
250
250
250
250
250
250
250
250
250
250
251
251
251
251
251
252
252
252
253
254
254
254
253
251
251
251
241
192
186
189
191
210
251
252
64
36
32
222
244
252
250
251
251
252
250
247
245
249
251
250
250
250
250
250
250
250
250
250
250
250
250
253
245
199
187
189
190
189
194
247
252
250
250
250
250
250
250
250
250
250
251
252
253
253
251
219
193
188
191
193
191
191
190
191
191
191
190
188
200
247
252
250
250
250
250
250
250
250
250
250
250
250
251
250
239
191
180
183
196
244
252
250
250
250
250
250
250
250
250
250
250
250
250
250
250
250
250
250
250
250
250
250
250
250
250
250
250
250
250
250
250
250
250
250
250
250
250
250
250
251
252
251
247
249
248
248
242
243
253
242
251
244
254
251
251
254
247
201
187
191
193
216
251
247
214
64
222
252
254
251
250
250
250
251
251
251
251
251
250
250
250
250
250
250
250
250
250
250
250
250
251
252
242
197
185
190
189
184
195
243
253
251
250
250
250
250
250
250
250
250
250
250
251
250
227
197
188
190
191
191
190
189
189
188
188
188
189
184
195
242
252
250
250
250
250
250
250
250
250
250
250
250
252
248
202
193
193
196
217
247
252
250
250
250
250
250
250
250
250
250
250
250
250
250
250
250
250
250
250
250
250
250
250
250
250
250
250
250
250
250
250
250
250
250
250
250
250
251
251
251
249
242
204
208
239
202
198
204
207
216
67
214
244
252
251
249
238
193
188
189
189
218
248
254
244
250
244
254
251
250
250
250
250
250
250
250
250
250
250
250
250
250
250
250
250
250
250
250
250
250
251
251
225
195
185
196
200
191
192
242
252
251
250
250
250
250
250
250
250
250
250
250
252
246
216
188
188
190
190
188
191
190
195
187
197
191
193
185
197
243
253
250
250
250
250
250
250
250
250
250
250
252
253
246
197
188
235
243
249
250
251
250
250
250
250
250
250
250
250
250
250
250
250
250
250
250
250
250
250
250
250
250
250
250
250
250
250
250
250
250
250
250
250
250
250
251
251
252
251
247
220
191
188
192
189
190
186
181
170
28
40
64
250
253
251
250
187
191
189
188
195
208
249
252
252
253
252
251
250
250
250
250
250
250
250
250
250
250
250
250
250
250
250
250
250
250
250
250
250
250
252
247
217
191
187
201
235
198
187
206
248
251
250
250
250
250
250
250
250
250
250
250
252
249
208
192
188
189
189
195
199
212
210
237
203
239
215
188
198
242
252
250
250
250
250
250
250
250
250
250
251
254
247
225
187
198
208
251
253
251
250
250
250
250
250
250
250
250
250
250
250
250
250
250
250
250
250
250
250
250
250
250
250
250
250
250
250
250
250
250
250
250
250
250
251
250
249
248
244
201
192
188
185
185
182
186
195
189
51
31
35
222
244
252
251
249
238
190
187
188
197
244
252
252
251
250
250
250
250
250
250
250
250
250
250
250
250
250
250
251
252
253
252
251
250
250
250
250
250
250
252
245
206
187
185
204
237
199
179
197
244
252
250
250
250
250
250
250
250
250
250
250
251
252
242
196
187
187
192
211
245
246
251
246
252
249
251
219
203
243
252
250
250
250
250
250
251
252
253
253
254
252
224
62
161
181
207
245
252
250
250
250
250
250
250
250
250
250
250
250
250
250
250
250
250
250
250
250
250
250
250
250
250
250
250
250
250
250
250
250
250
250
250
251
251
247
219
217
196
189
186
187
193
191
195
199
217
212
165
64
225
252
254
251
251
253
246
202
186
189
196
239
250
251
252
251
251
250
250
250
250
250
250
250
250
250
250
250
251
254
244
250
244
254
251
250
250
250
250
250
252
243
199
185
189
202
245
203
186
194
243
252
251
250
250
250
250
250
250
250
250
250
251
252
243
199
189
188
197
245
253
252
252
251
252
252
251
245
230
245
252
250
250
250
250
251
254
244
250
248
252
224
36
34
53
187
217
245
252
250
250
250
250
250
250
250
250
250
250
250
250
250
250
250
250
250
250
250
250
250
250
250
250
250
250
250
250
250
250
250
250
251
251
251
248
217
195
188
188
187
191
193
205
241
244
244
248
252
239
246
245
254
251
250
250
253
244
200
186
188
191
191
200
240
249
251
252
251
251
250
250
250
250
250
250
250
250
251
254
252
222
64
214
244
252
250
250
250
250
250
253
244
199
182
186
239
248
244
191
191
224
250
252
250
250
250
250
250
250
250
250
250
252
247
206
190
188
190
219
249
252
250
250
250
250
250
251
250
251
249
251
250
250
250
251
254
252
222
64
220
244
68
40
30
172
182
199
245
252
250
250
250
250
250
250
250
250
250
250
250
250
250
250
250
250
250
250
250
250
250
250
250
250
250
250
250
250
250
250
250
250
251
249
248
222
194
187
187
189
191
197
240
250
252
253
252
252
253
253
254
252
251
250
250
250
253
242
198
184
189
187
185
190
193
202
238
248
251
253
251
251
250
250
250
250
250
250
252
244
222
32
36
64
250
253
250
250
250
250
251
252
242
193
183
195
211
254
246
195
183
203
246
252
251
252
253
252
251
250
250
250
250
252
242
191
184
188
191
223
247
252
250
250
250
250
250
250
251
251
251
250
250
250
250
252
244
222
32
36
68
244
220
69
214
200
190
199
243
253
251
251
251
251
250
250
250
250
250
250
250
250
250
250
250
250
250
250
250
250
250
250
250
250
250
250
250
250
250
250
250
250
251
246
208
200
191
187
185
193
210
247
251
252
251
251
250
250
250
250
250
250
250
250
250
250
252
244
193
187
189
190
189
188
187
191
188
196
239
249
251
253
252
251
250
250
250
250
253
250
64
36
32
222
244
252
250
250
250
250
252
249
214
191
187
196
240
252
248
201
183
195
245
254
254
244
250
244
254
251
250
250
250
253
242
198
184
188
188
198
246
252
250
250
250
250
250
250
250
250
250
250
250
250
250
253
250
64
36
32
224
252
248
252
236
206
180
197
245
254
250
250
248
251
250
250
250
250
250
250
250
250
250
250
250
250
250
250
250
250
250
250
250
250
250
250
250
250
250
250
250
251
253
245
200
186
188
193
196
210
248
252
252
251
250
250
250
250
250
250
250
250
250
250
250
250
252
248
218
194
191
193
193
193
192
190
184
187
190
198
239
246
248
251
252
251
250
250
252
244
214
64
222
252
254
251
250
250
250
250
252
244
202
186
185
202
245
253
251
241
191
189
243
254
253
222
64
214
244
252
250
250
250
252
246
200
186
189
189
203
248
252
250
250
250
250
250
250
250
250
250
250
250
250
250
252
244
214
64
222
252
254
253
254
251
201
185
196
243
252
238
212
245
252
250
250
250
250
250
250
250
250
250
250
250
250
250
250
250
250
250
250
250
250
250
250
250
250
250
250
250
251
251
240
194
187
190
202
239
250
249
253
252
251
250
250
250
250
250
250
250
250
250
250
250
250
251
251
250
229
193
196
189
199
192
191
189
188
185
190
191
194
220
245
250
250
251
251
251
254
244
250
244
254
251
250
250
250
250
250
253
243
193
184
187
199
245
252
253
245
197
184
205
242
226
32
36
64
250
253
250
250
250
252
247
215
189
188
194
241
250
252
250
250
250
250
250
250
250
250
250
250
250
250
250
251
254
246
252
250
254
252
250
251
251
241
189
194
238
211
188
200
241
252
250
250
250
250
250
250
250
250
250
250
250
250
250
250
250
250
250
250
250
250
250
250
250
250
250
250
251
252
249
199
191
190
191
217
240
206
241
246
249
252
253
253
253
252
252
251
251
250
250
250
250
250
250
252
254
251
217
56
172
190
197
187
189
190
190
190
187
187
191
214
220
245
250
251
250
251
252
253
252
251
250
250
250
250
250
250
253
242
198
183
188
214
245
252
253
243
190
179
198
240
66
38
32
222
244
252
250
250
250
252
245
211
187
187
192
222
250
252
250
250
250
250
250
250
250
250
250
250
250
250
250
250
252
254
250
252
246
254
251
251
253
247
198
191
192
191
181
193
241
252
250
250
250
250
250
250
250
250
250
251
252
253
252
251
250
250
250
250
250
250
250
250
250
250
250
250
251
251
240
191
185
192
193
199
192
195
192
201
215
243
244
244
243
242
247
250
252
251
251
250
250
250
250
252
245
225
37
38
64
242
212
194
192
187
190
188
191
189
188
189
196
208
248
253
251
251
250
250
250
250
250
250
250
250
250
251
253
244
199
184
194
219
251
252
252
242
195
182
193
197
213
69
223
252
254
251
250
250
250
252
247
198
191
186
188
199
246
252
250
250
250
250
250
250
250
250
250
250
250
250
250
251
254
252
222
64
214
244
252
252
252
242
194
185
188
186
187
198
247
252
250
250
250
250
250
250
250
250
251
254
244
250
244
254
251
250
250
250
250
250
250
250
250
250
250
250
252
247
202
188
189
190
191
188
185
182
182
184
190
195
198
197
197
197
199
241
249
249
251
252
252
253
252
254
250
64
36
33
226
244
252
240
203
209
197
188
189
187
188
188
186
193
237
249
249
252
251
250
250
250
250
250
250
250
250
251
252
242
195
183
196
242
251
251
252
248
208
191
188
204
238
252
249
254
252
251
250
250
250
251
251
241
193
184
193
218
249
252
250
250
250
250
250
250
250
250
250
250
250
250
250
252
244
222
32
36
64
250
254
249
245
195
192
189
193
196
204
244
250
251
250
250
250
250
250
250
250
251
254
252
222
64
214
244
252
250
250
250
250
250
250
250
250
250
250
250
252
242
197
184
192
189
188
186
190
192
199
190
187
180
182
183
187
184
190
192
207
245
252
254
244
250
244
254
246
214
64
222
252
254
253
250
250
242
222
222
205
196
193
193
191
193
194
203
244
251
252
250
250
250
250
250
250
250
250
252
248
208
191
184
197
245
253
250
251
251
242
197
195
187
199
251
254
252
249
252
251
250
250
251
253
244
198
182
191
241
250
252
250
250
250
250
250
250
250
250
250
250
250
250
250
253
250
64
36
32
222
244
253
246
199
187
187
188
191
236
247
251
252
251
250
250
250
250
250
250
250
252
244
222
32
36
64
250
253
250
251
252
253
252
251
250
250
250
250
250
253
243
197
186
190
192
193
200
202
241
247
240
194
195
199
195
188
189
189
186
189
225
254
254
223
64
214
246
254
244
250
244
254
251
251
251
252
251
251
247
250
251
196
193
184
198
190
188
197
247
251
251
251
250
250
250
250
250
250
252
242
194
185
183
200
243
252
250
251
252
248
213
190
164
60
211
222
214
244
250
251
250
250
250
252
247
199
188
191
208
249
252
250
250
250
250
250
250
250
250
250
250
250
250
250
252
244
214
64
222
252
254
253
240
192
186
193
193
189
200
250
253
251
250
250
250
250
250
250
250
250
253
250
64
36
32
222
244
252
251
254
244
250
244
254
251
250
250
250
250
253
245
197
184
188
197
242
244
249
251
254
251
246
243
244
216
191
187
189
189
189
196
236
221
33
36
64
250
254
252
253
252
251
250
250
250
250
251
251
252
254
252
221
56
160
186
192
186
189
213
247
250
252
251
250
250
250
250
250
252
248
201
188
187
201
245
252
250
250
252
252
216
173
30
39
61
196
194
205
247
252
250
250
250
251
251
241
194
183
199
243
252
250
250
250
250
250
250
250
250
250
250
250
250
250
252
254
250
252
246
254
251
252
245
201
200
238
198
180
196
242
252
250
250
250
250
250
250
250
250
250
252
244
214
64
222
252
254
252
254
252
222
64
214
244
252
250
250
250
250
251
241
193
188
197
247
252
253
252
251
251
251
252
253
252
248
221
193
194
190
190
195
196
63
39
32
222
244
252
250
250
250
250
250
250
250
250
250
250
252
245
224
36
39
58
194
195
188
189
190
193
243
250
251
250
250
250
250
250
251
251
240
191
190
219
250
252
250
251
252
253
241
59
34
32
166
183
187
196
241
252
250
250
250
251
253
243
194
180
197
243
253
250
250
250
250
250
250
250
250
250
250
250
250
251
254
246
252
250
254
252
250
251
248
244
248
244
207
184
199
245
253
251
250
250
250
250
250
250
250
250
251
254
244
250
244
254
251
253
248
230
40
44
68
251
253
250
250
250
250
247
199
188
192
243
252
252
251
250
250
250
250
250
250
251
251
251
239
197
189
190
190
207
207
68
222
252
254
251
250
250
250
250
250
250
250
250
250
250
253
250
64
36
36
222
212
194
186
189
186
186
194
248
252
251
250
250
250
250
251
253
246
197
193
243
253
253
252
253
252
250
195
165
56
171
193
197
190
196
246
252
250
250
250
250
252
247
199
184
198
244
253
251
250
250
250
250
250
250
250
250
250
250
251
254
252
222
64
214
244
252
250
251
251
252
253
251
219
187
192
241
251
251
250
250
250
250
250
250
250
250
250
251
252
253
252
251
251
254
244
69
20
28
205
248
252
250
250
250
250
242
195
183
197
222
248
249
251
250
250
250
250
250
250
250
251
253
245
198
187
191
188
210
239
252
244
254
251
250
250
250
250
250
250
250
250
250
250
250
252
244
214
64
223
253
252
206
192
193
189
186
191
240
251
251
250
250
250
250
251
252
242
190
194
247
252
246
241
246
242
198
196
184
189
187
196
194
195
245
250
251
250
250
250
250
251
251
241
189
191
242
252
252
251
250
250
250
250
250
250
250
250
250
252
244
222
32
36
64
250
253
250
250
250
250
251
251
241
194
186
200
247
252
250
250
250
250
250
250
250
250
250
250
250
250
250
250
252
248
205
28
20
69
244
254
251
250
250
250
250
243
198
186
191
202
211
251
251
250
250
250
250
250
250
250
250
253
244
198
186
189
186
197
247
254
252
251
250
250
250
250
250
250
250
250
250
250
250
250
251
254
244
250
244
254
251
248
239
194
190
188
191
201
248
252
251
250
250
250
252
248
206
186
198
247
251
196
198
200
196
191
190
191
193
193
189
191
242
252
252
251
250
250
250
250
251
253
245
196
186
200
245
250
251
250
250
250
250
250
250
250
250
250
253
250
64
36
32
222
244
252
250
250
250
250
250
252
246
198
182
195
244
253
251
250
250
250
250
251
252
253
252
251
250
250
250
250
253
251
68
44
40
230
248
253
250
250
250
250
250
243
200
187
189
196
242
250
251
250
250
250
250
250
250
250
250
253
244
202
186
191
185
197
244
253
250
250
250
250
250
250
250
250
250
250
250
250
250
250
250
251
252
253
252
252
251
253
251
219
192
188
186
192
228
250
252
251
250
250
252
243
197
181
195
239
213
191
183
186
187
190
196
197
200
191
185
199
246
253
251
250
250
250
250
250
250
253
243
200
184
189
207
249
251
250
250
250
250
250
250
250
250
250
252
244
214
64
222
252
254
251
250
250
250
250
250
252
250
219
188
188
241
251
251
250
250
250
251
254
244
250
244
254
251
250
250
250
252
244
214
64
222
252
254
251
250
250
250
250
250
243
197
185
188
213
247
253
251
250
250
250
250
250
250
250
250
253
244
198
187
191
187
196
243
253
250
250
250
250
250
250
250
250
250
250
250
250
250
250
250
250
250
250
250
250
250
251
251
242
198
188
189
189
194
244
251
251
250
250
253
243
198
183
193
191
196
188
188
189
202
185
197
236
235
197
184
194
242
252
251
250
250
250
250
250
250
252
243
199
184
185
204
244
253
251
250
250
250
250
250
250
250
250
251
254
244
250
244
254
251
250
250
250
250
250
250
251
252
243
195
186
196
247
252
250
250
251
254
252
222
64
214
244
252
250
250
250
251
254
244
250
244
254
251
250
250
251
251
250
250
244
197
182
187
203
246
252
250
250
250
250
250
250
250
250
251
252
243
194
188
192
185
198
243
252
250
250
250
250
250
250
250
250
250
250
251
252
253
252
251
250
250
250
250
250
250
250
252
245
197
187
189
187
193
207
248
251
250
250
252
242
196
183
189
189
189
187
194
205
205
211
64
216
240
202
184
191
215
249
252
250
250
250
250
250
250
252
248
205
188
185
193
242
251
251
250
250
250
250
250
250
250
250
250
251
252
253
252
251
250
250
250
250
250
250
250
250
253
244
197
180
205
248
254
251
250
252
244
222
32
36
64
250
253
250
250
250
250
251
252
253
252
251
250
250
251
254
251
250
250
244
197
185
187
200
246
253
251
250
250
250
250
250
251
251
252
252
226
193
189
191
189
203
249
252
250
250
250
250
250
250
250
250
250
251
254
244
250
244
254
251
250
250
250
250
250
250
252
248
217
193
187
191
187
211
244
252
250
250
252
247
198
189
187
188
186
189
201
235
221
33
41
71
245
201
186
187
201
246
253
251
250
250
250
250
250
251
250
242
195
187
189
206
250
253
251
251
250
250
250
250
250
250
250
250
250
250
250
250
250
250
250
250
250
250
250
250
252
243
195
188
189
243
249
254
251
253
250
64
36
32
222
244
252
250
250
250
250
250
250
250
250
250
250
250
252
244
228
38
250
244
197
185
189
199
241
251
251
251
250
250
250
251
251
251
250
241
197
189
186
186
191
240
251
251
250
250
250
250
250
250
250
250
251
254
252
222
64
214
244
252
250
250
250
250
250
250
251
251
244
197
189
190
188
198
245
252
250
250
251
251
240
190
185
191
193
200
251
251
69
38
33
226
236
203
184
186
191
241
251
251
250
250
250
250
250
251
252
251
222
193
186
195
238
249
249
251
250
250
250
250
250
250
250
250
250
250
250
250
250
250
250
250
250
250
250
250
252
250
211
191
167
60
217
244
252
252
244
214
64
222
252
254
251
250
250
250
250
250
250
250
250
250
250
250
253
250
86
38
250
244
197
185
189
194
198
226
249
252
253
253
253
253
252
246
206
193
191
188
197
201
217
250
252
251
250
250
250
250
250
250
250
250
252
244
222
32
36
64
250
253
250
250
250
250
250
250
250
252
250
218
194
189
185
197
244
252
250
250
251
253
245
201
189
216
242
248
252
247
214
64
222
253
254
211
191
188
189
202
247
252
250
250
250
250
250
250
251
252
241
194
184
194
194
212
249
253
251
250
250
250
250
250
251
251
252
252
252
252
251
250
250
250
250
250
250
250
251
252
236
170
26
38
68
251
253
251
254
244
250
244
254
251
250
250
250
250
250
250
250
250
250
250
250
250
252
244
228
38
250
242
195
185
189
188
189
193
216
243
244
243
243
246
242
197
190
187
187
192
181
235
247
254
254
254
254
254
254
254
254
254
254
254
254
254
82
55
50
240
254
254
254
254
254
254
254
254
254
254
254
254
210
201
200
215
254
254
254
254
254
254
254
245
242
254
254
254
254
254
254
254
254
254
254
254
220
203
199
209
253
254
254
254
254
254
254
254
254
254
254
211
203
201
198
206
252
254
254
254
254
254
254
254
254
254
254
253
254
254
254
254
254
254
254
254
254
254
254
254
254
83
48
46
233
254
254
254
254
254
254
254
254
254
254
254
253
251
250
250
250
250
250
250
250
250
251
254
251
250
250
245
205
190
190
188
189
189
193
199
197
197
199
200
195
192
188
188
185
196
176
75
195
215
208
208
208
208
208
208
208
208
208
208
212
201
171
24
179
212
218
209
208
208
208
208
208
208
208
209
211
195
163
156
156
164
206
213
208
208
208
209
208
207
208
209
210
208
208
209
212
214
212
210
211
207
180
161
154
164
206
213
208
208
208
208
208
208
208
210
205
201
156
156
157
161
164
189
212
214
213
213
213
213
212
194
181
169
168
183
209
209
208
208
208
208
208
208
208
212
202
176
24
138
176
218
212
208
208
208
208
208
208
208
203
222
235
252
250
250
250
250
250
250
250
250
250
251
251
250
250
248
247
214
189
184
187
186
183
182
181
180
181
181
182
182
184
190
189
216
218
81
63
91
87
87
87
87
87
87
87
87
87
87
89
97
80
86
80
97
89
87
87
87
87
87
87
87
87
88
85
80
74
71
71
73
80
86
88
87
87
87
88
88
88
88
87
87
87
87
87
87
87
87
88
88
82
77
70
74
81
87
89
87
87
87
87
87
87
88
90
87
81
73
70
69
71
75
80
81
80
80
80
81
79
76
72
69
67
77
83
89
87
87
87
87
87
87
87
89
97
81
79
64
82
83
89
87
87
87
87
87
87
87
80
95
242
253
250
250
250
250
250
250
250
250
250
250
250
250
250
252
251
246
205
196
198
199
199
197
197
199
197
196
197
200
199
206
241
252
240
230
208
210
208
208
208
208
208
208
208
208
208
208
208
210
212
214
212
210
208
208
208
208
208
208
208
208
208
211
204
167
157
159
157
155
162
203
211
208
208
208
208
208
208
208
208
208
208
208
208
208
208
208
208
212
204
162
154
155
158
203
209
209
208
208
208
208
208
208
208
211
211
174
162
157
158
158
156
155
156
154
155
154
157
159
157
157
152
160
204
211
208
208
208
208
208
208
208
208
210
214
194
162
164
204
211
208
208
208
208
208
208
208
203
222
235
252
250
250
250
250
250
250
250
250
250
250
250
250
250
250
252
248
246
242
243
243
243
243
243
243
243
243
243
244
243
248
251
253
254
254
254
254
254
254
254
254
254
254
254
254
254
254
254
254
254
254
254
254
254
254
254
254
254
254
254
254
254
254
254
217
202
204
203
199
216
254
254
254
254
254
254
254
254
254
254
254
254
254
254
254
254
254
254
254
254
212
202
200
206
233
254
254
254
254
254
254
254
254
254
254
254
254
226
208
200
202
205
205
204
204
203
204
203
200
208
207
207
221
254
254
254
254
254
254
254
254
254
254
254
254
253
205
207
254
254
254
254
254
254
254
254
254
254
254
253
251
250
250
250
250
250
250
250
250
250
250
250
250
250
250
251
251
252
252
253
253
253
253
253
253
253
253
253
252
252
251
251
251
250
250
250
250
250
250
250
250
250
250
250
250
250
250
250
250
250
250
250
250
250
250
250
250
250
250
250
250
251
253
244
198
189
191
189
187
200
243
253
250
250
250
250
250
250
250
250
250
250
250
250
250
250
250
250
251
251
241
195
189
186
195
245
252
250
250
250
250
250
250
250
251
251
251
247
215
198
191
189
189
190
189
188
186
192
190
197
237
243
219
246
252
250
250
250
250
250
250
250
250
250
252
244
196
194
246
252
250
250
250
250
250
250
250
250
250
250
250
250
250
250
250
250
250
250
250
250
250
250
250
250
250
250
250
250
250
250
250
250
250
250
250
250
250
250
250
250
250
250
250
250
250
250
250
250
250
250
250
250
250
251
251
251
252
252
252
251
251
250
250
250
250
250
250
250
250
251
252
252
250
222
196
189
191
190
185
193
242
252
250
250
250
250
250
250
250
250
250
250
250
250
250
250
250
250
251
253
243
198
182
180
192
240
252
250
250
250
250
250
250
250
250
250
251
251
249
244
212
199
190
193
188
191
187
196
233
209
247
252
251
249
251
250
250
250
250
250
250
250
250
250
252
245
216
242
249
251
250
250
250
250
250
250
250
250
250
250
250
250
250
250
250
250
250
250
250
250
250
250
250
250
250
250
250
250
250
250
250
250
250
251
252
253
252
251
250
250
250
250
250
250
251
252
253
252
251
250
250
250
250
251
249
246
243
245
246
251
251
253
252
252
251
251
251
252
252
252
251
244
212
196
194
189
190
190
192
205
246
252
250
250
250
250
250
250
250
250
250
250
250
250
250
250
250
250
250
252
245
201
196
194
198
244
252
250
250
250
250
250
250
250
250
250
250
251
252
251
247
228
237
202
214
218
215
224
244
251
247
252
251
251
250
250
250
250
250
250
250
250
250
250
251
249
251
250
252
251
250
250
250
250
250
250
250
250
250
250
250
250
250
250
250
250
250
250
250
250
250
250
250
250
250
250
250
250
250
250
251
252
254
254
246
250
244
254
251
250
250
250
250
251
254
244
250
244
254
251
250
250
250
251
247
210
197
207
213
219
243
244
247
251
251
251
251
252
249
243
226
201
190
187
189
191
188
194
206
247
250
251
250
250
250
250
250
250
250
250
250
250
250
250
250
250
250
250
250
251
248
245
242
242
246
247
251
250
250
250
250
250
250
250
250
250
250
250
250
251
251
252
248
249
244
249
247
249
250
252
251
251
250
250
250
250
250
250
250
250
250
250
250
250
250
251
251
251
250
250
250
250
250
250
250
250
250
250
250
250
250
250
250
250
250
250
250
250
250
250
250
250
250
250
250
250
250
250
250
251
254
244
253
242
228
64
214
244
252
250
250
250
251
254
252
222
64
214
244
252
250
250
250
251
244
207
185
188
188
195
198
195
202
243
241
200
241
243
202
199
195
189
188
189
191
190
185
190
240
250
252
251
250
250
250
250
250
250
250
250
250
250
250
250
250
250
250
250
250
251
251
252
252
252
252
251
251
250
250
250
250
250
250
250
250
250
250
250
250
250
251
251
251
252
252
252
252
251
251
250
250
250
250
250
250
250
250
250
250
250
250
250
250
250
250
250
250
250
250
250
250
250
250
250
250
250
250
250
250
250
250
250
250
250
250
250
250
250
250
250
250
250
250
250
250
250
250
250
251
254
252
224
80
206
48
38
64
250
253
250
250
250
252
244
222
32
36
64
250
253
250
250
250
251
249
223
195
193
187
190
186
183
190
197
194
195
193
195
193
188
189
189
192
193
191
188
187
194
218
251
251
250
250
250
250
250
250
250
250
250
250
250
250
250
250
250
250
250
250
250
250
250
250
250
250
250
250
250
250
250
250
250
250
250
250
250
250
250
250
250
250
250
250
250
250
250
250
250
250
250
250
250
250
250
250
250
250
250
250
250
250
250
250
250
250
250
250
250
250
250
250
250
250
250
250
250
250
250
250
250
250
250
250
250
250
250
250
250
250
250
250
250
250
250
250
250
250
250
253
248
230
44
39
20
34
36
222
244
252
250
250
250
253
250
64
36
32
222
244
252
250
250
250
251
249
249
236
192
187
189
189
190
191
189
187
189
187
188
189
190
191
191
190
191
188
184
193
215
245
250
251
250
250
250
250
250
250
250
250
250
250
250
250
250
250
250
250
250
250
250
250
250
250
250
250
250
250
250
250
250
250
250
250
250
250
250
250
250
250
250
250
250
250
250
250
250
250
250
250
250
250
250
250
250
250
250
250
250
250
250
250
250
250
250
250
250
250
250
250
250
250
250
250
250
250
250
250
250
250
250
250
250
250
250
250
250
250
250
250
250
250
250
250
250
250
250
250
250
254
234
59
20
25
36
67
228
252
254
251
250
250
250
252
244
214
64
222
252
254
251
250
250
250
250
251
253
248
206
193
190
184
186
186
188
189
189
189
190
191
191
190
189
187
189
191
196
219
248
251
251
250
250
250
250
250
250
250
250
250
250
250
250
250
250
250
250
250
250
250
250
250
250
250
250
250
250
250
250
250
250
250
250
250
250
250
250
250
250
250
250
250
250
250
250
250
250
250
250
250
250
250
250
250
250
250
250
250
250
250
250
250
250
250
250
250
250
250
250
250
250
250
250
250
250
250
250
250
250
250
250
250
250
250
250
250
250
250
250
250
250
250
250
250
250
250
250
250
250
254
226
56
25
52
209
242
248
254
251
250
250
250
250
251
254
244
250
244
254
251
250
250
250
250
250
250
251
248
246
237
197
191
192
194
193
191
189
189
190
195
191
189
192
190
198
220
243
248
251
251
250
250
250
250
250
250
250
250
250
250
250
250
250
250
250
250
250
250
250
250
250
250
250
250
250
250
250
250
250
250
250
250
250
250
250
250
250
250
250
250
250
250
250
250
250
250
250
250
250
250
250
250
250
250
250
250
250
250
250
250
250
250
250
250
250
250
250
250
250
250
250
250
250
250
250
250
250
250
250
250
250
250
250
250
250
250
250
250
250
250
250
250
250
250
250
250
250
250
250
250
250
250
38
250
250
250
250
250
250
250
250
250
250
250
250
250
250
250
250
250
250
250
250
250
250
250
250
250
250
250
250
250
250
250
250
190
201
196
188
220
193
193
196
250
216
250
250
250
250
250
250
250
250
250
250
250
250
250
250
250
250
250
250
250
250
250
250
250
250
250
250
250
250
250
250
250
250
250
250
250
250
250
250
250
250
250
250
250
250
250
250
250
250
250
250
250
250
250
250
250
250
250
250
250
250
250
250
250
250
250
250
250
250
250
250
250
250
250
250
250
250
250
250
250
250
250
250
250
250
250
250
250
250
250
250
250
250
250
250
250
250
250
250
250
