247
247
247
247
247
247
247
247
247
247
247
86
247
247
247
247
247
247
247
247
247
247
247
247
247
247
247
247
247
247
247
247
247
247
247
247
247
247
247
247
247
247
247
86
247
247
247
247
247
247
247
247
247
247
247
247
247
247
247
247
247
247
247
247
247
247
247
247
247
247
247
247
247
247
247
247
247
247
247
247
247
247
247
247
247
247
247
247
247
247
247
247
247
247
247
247
247
247
247
247
247
247
247
247
247
247
247
247
247
247
247
247
247
247
247
247
247
247
247
247
247
247
86
86
86
247
247
247
247
247
247
247
247
247
247
247
247
247
247
247
247
247
247
247
247
247
247
247
247
247
247
247
247
247
247
247
247
250
241
220
83
83
108
241
250
247
247
247
247
247
247
247
247
247
247
247
247
247
247
247
247
247
247
247
247
247
247
247
247
250
241
220
83
83
108
241
250
247
247
247
247
247
247
247
247
247
247
247
247
247
247
247
247
247
247
247
247
247
247
247
247
247
247
247
247
247
247
247
247
247
247
247
247
247
247
247
247
247
247
247
247
247
247
247
247
247
247
247
247
247
247
247
247
247
247
247
247
247
247
247
247
247
247
247
247
247
247
247
247
247
249
249
230
124
230
249
249
247
247
247
247
247
247
247
247
247
247
247
247
247
247
247
247
247
247
247
247
247
247
247
247
247
247
247
247
247
247
252
247
107
84
81
226
243
250
247
247
247
247
247
247
247
247
247
247
247
247
247
247
247
247
247
247
247
247
247
247
247
247
252
247
107
84
81
226
243
250
248
250
252
252
251
251
253
254
254
253
250
248
247
247
247
247
247
247
247
247
247
247
247
247
247
247
247
247
247
247
247
247
247
247
247
247
247
247
247
247
247
247
247
247
247
247
247
247
247
247
247
247
247
247
247
247
247
247
247
247
247
247
247
247
247
247
247
247
247
247
247
247
247
249
254
243
247
243
254
249
247
247
247
247
247
247
247
247
247
247
247
247
247
247
247
247
247
247
247
247
247
247
247
247
247
247
247
247
247
247
250
243
220
107
226
250
254
249
247
247
247
247
247
247
247
247
247
247
247
247
247
247
247
247
247
247
247
247
247
247
247
247
250
243
220
107
226
250
254
249
252
244
237
239
251
251
242
233
231
239
243
250
247
247
247
247
247
247
247
247
247
247
247
247
247
247
247
247
247
247
247
247
247
247
247
247
247
247
247
247
247
247
247
247
247
247
247
247
247
247
247
247
247
247
247
247
247
247
247
247
247
247
247
247
247
247
247
247
247
247
247
247
249
250
253
253
253
250
249
247
247
247
247
247
247
247
247
247
247
247
247
247
247
247
247
247
247
247
247
247
247
247
247
247
247
247
247
247
247
247
249
254
243
247
243
254
249
247
247
247
247
247
247
247
247
247
247
247
247
247
247
247
247
247
247
247
247
247
247
247
247
247
249
254
243
247
243
254
251
245
253
237
167
147
233
234
158
151
146
161
239
253
247
247
247
247
247
247
247
247
247
247
247
247
247
247
247
247
247
247
247
247
247
247
248
250
253
254
253
250
248
247
247
247
247
247
247
247
247
247
247
247
247
247
247
247
247
247
247
247
247
247
247
247
247
247
247
247
247
247
247
249
254
243
247
243
254
249
247
247
247
247
247
247
247
247
247
247
247
247
247
247
247
247
247
247
247
247
247
247
247
247
247
247
247
247
247
247
247
247
247
249
250
252
250
249
247
247
247
247
247
247
247
247
247
247
247
247
247
247
247
247
247
247
247
247
247
247
247
247
247
247
247
249
250
252
250
249
254
240
201
221
147
134
147
149
140
131
123
147
233
255
252
250
249
247
247
247
247
247
247
247
247
247
247
247
247
247
247
247
247
248
250
253
255
249
242
230
240
242
250
247
247
247
247
247
247
247
247
247
247
247
247
247
247
247
247
247
247
247
247
248
249
251
253
254
255
255
255
255
255
255
253
227
107
220
243
250
247
247
247
247
247
247
247
247
247
247
247
247
247
247
247
247
247
247
247
247
247
247
247
247
247
247
247
247
247
247
247
247
247
247
247
247
247
247
247
247
247
247
247
247
247
247
247
247
247
247
247
247
247
247
247
247
247
247
247
247
247
247
247
247
247
247
247
248
250
254
253
231
156
170
149
134
136
136
138
140
131
154
242
252
247
243
254
249
247
247
247
247
247
247
247
247
247
247
247
247
247
247
248
252
246
241
236
231
158
145
160
239
253
247
247
247
247
247
247
247
247
247
247
247
247
247
247
247
247
247
247
247
247
249
248
245
238
236
233
235
235
234
235
236
224
87
85
107
247
252
247
247
247
247
247
247
247
247
247
247
247
247
247
247
247
247
247
247
247
247
247
247
247
247
247
247
247
247
247
247
247
247
247
249
250
252
250
249
247
247
247
247
247
247
247
247
247
247
247
247
247
247
247
247
247
247
247
247
247
247
247
247
247
247
247
247
247
250
243
241
232
156
144
137
142
139
141
142
143
143
137
163
239
235
107
220
243
250
247
247
247
247
247
247
247
247
247
247
247
247
247
247
250
246
235
154
151
145
138
119
143
231
254
247
247
247
247
247
247
247
247
247
247
247
247
247
247
247
247
247
248
250
253
255
248
207
172
151
151
154
153
154
155
154
97
87
87
227
243
250
247
247
247
247
247
247
247
247
247
247
247
247
247
247
247
247
247
247
247
247
247
247
247
247
247
247
247
247
247
247
247
247
249
254
243
247
243
254
249
247
247
247
247
247
247
247
247
247
247
247
247
247
247
247
247
247
247
247
247
247
247
247
247
247
247
248
250
255
244
168
143
142
136
137
138
138
137
135
136
134
131
148
216
97
92
115
255
255
253
250
248
247
247
247
247
247
247
247
247
248
250
253
255
247
157
134
131
136
138
131
151
234
254
247
247
247
247
247
247
247
247
247
247
247
247
247
247
247
247
247
250
245
241
239
227
149
133
134
131
131
131
133
133
131
118
97
225
253
254
249
247
247
247
247
247
247
247
247
247
247
247
247
247
247
247
247
247
247
247
247
247
247
247
247
247
247
247
247
247
247
247
249
254
250
226
107
220
243
250
248
248
249
248
248
247
247
247
247
247
247
247
247
247
247
247
247
247
247
247
247
247
247
247
247
247
250
243
244
221
145
130
136
137
133
144
137
152
140
117
104
102
116
92
87
79
211
230
236
242
248
254
250
248
247
247
247
247
247
248
252
246
241
238
225
147
134
143
139
136
140
179
245
253
247
247
247
247
247
247
247
247
247
247
247
247
247
247
247
247
248
254
243
183
153
148
144
138
142
142
142
140
141
143
143
131
157
237
255
249
247
247
247
247
247
247
247
247
247
247
247
247
247
247
247
247
247
247
247
247
247
247
247
247
247
247
247
247
247
247
247
247
250
243
226
81
84
107
248
254
253
250
253
252
255
255
255
254
253
250
248
247
247
247
247
247
247
247
247
247
247
247
247
247
247
248
254
241
163
144
146
135
132
139
144
163
224
172
218
146
98
102
105
125
91
138
153
162
152
160
230
244
246
252
248
247
247
247
248
252
249
237
156
153
150
146
140
144
133
84
134
230
251
250
247
247
247
247
247
247
247
247
247
247
247
247
247
247
247
247
250
247
231
142
130
134
138
139
136
134
133
135
139
142
140
132
155
236
255
247
247
247
247
247
247
247
247
247
247
247
247
247
247
247
247
247
247
247
247
247
247
247
247
247
247
247
247
247
247
247
247
247
252
247
107
84
81
227
247
251
245
232
194
231
236
235
236
233
241
245
252
248
247
247
247
247
247
247
247
247
247
247
247
247
248
252
251
229
140
128
133
141
145
160
229
247
239
255
233
157
128
121
138
136
137
135
136
133
129
140
147
162
237
247
252
248
247
248
253
250
239
150
137
131
133
136
134
128
77
80
109
243
255
248
247
247
247
247
247
247
247
247
247
249
250
252
250
249
247
248
254
246
162
140
137
140
138
144
147
155
159
149
141
130
133
128
153
234
254
247
247
247
247
247
247
247
247
247
247
247
247
247
247
247
247
247
247
247
247
247
247
247
247
247
247
247
247
247
247
247
247
247
250
243
220
107
227
254
255
242
175
148
150
148
153
153
154
154
157
237
251
254
250
248
247
247
247
247
247
247
247
247
247
248
252
249
240
152
142
135
142
153
232
244
248
255
252
255
235
150
111
134
135
150
142
143
133
138
139
138
133
138
151
240
248
250
247
250
244
235
145
139
135
138
140
150
154
99
88
89
230
245
251
247
247
247
247
247
247
247
247
247
249
254
243
247
243
254
250
252
250
231
145
133
139
138
134
148
229
238
239
231
156
153
154
169
183
240
253
247
247
247
247
247
247
247
247
247
247
247
247
247
247
247
247
247
247
247
247
247
247
247
247
247
247
247
247
250
252
250
249
247
249
254
244
250
251
255
241
152
139
134
133
133
132
130
131
130
136
150
231
245
248
254
250
248
247
247
247
247
247
247
247
250
246
237
148
138
135
129
142
230
253
254
250
248
247
253
239
161
146
155
172
182
228
163
149
144
136
137
139
135
139
177
245
254
249
255
243
151
136
134
134
142
166
188
234
220
112
227
250
254
249
247
247
247
247
247
247
247
247
249
254
250
226
107
220
243
253
246
239
153
141
137
136
140
140
205
249
255
255
248
242
231
237
236
243
244
250
247
247
247
247
247
247
247
247
247
247
247
247
247
247
247
247
247
247
247
247
247
247
247
247
247
247
247
247
241
247
243
254
249
247
250
254
251
247
232
151
140
138
138
135
133
134
136
137
135
129
137
142
159
228
242
243
250
247
247
247
247
247
247
248
254
244
157
136
130
143
148
160
241
255
248
247
247
247
252
246
243
236
239
237
248
244
247
231
180
144
141
135
138
134
144
231
248
254
251
230
146
130
138
141
163
235
250
255
247
248
243
254
249
247
247
247
247
247
247
247
247
247
250
243
226
81
84
107
248
255
245
165
139
137
137
142
150
236
245
249
249
248
250
253
254
254
253
252
250
248
247
247
247
247
247
247
247
247
247
247
247
247
247
247
247
247
247
247
247
247
247
247
247
247
247
247
247
247
220
107
220
243
250
247
250
245
234
157
144
145
135
136
143
153
157
155
175
181
152
149
140
136
136
138
164
239
253
247
247
247
247
247
248
252
251
231
143
128
138
154
229
243
242
250
247
247
247
249
255
245
253
250
255
254
253
252
254
250
246
234
155
146
141
139
139
154
244
253
240
156
141
133
142
175
241
250
253
250
251
252
250
249
247
247
247
247
247
247
247
247
247
247
252
247
107
84
81
226
245
252
229
146
135
139
133
144
231
252
253
249
248
247
247
247
247
247
247
247
247
247
247
247
247
247
247
247
247
247
247
247
247
247
247
247
247
247
247
247
247
247
247
247
247
247
247
247
247
247
83
84
107
247
252
248
254
243
151
133
136
139
134
84
129
222
241
236
240
241
234
204
203
146
128
121
143
230
255
252
250
249
247
247
250
247
239
153
140
140
153
241
251
255
250
248
247
247
249
254
250
226
107
220
243
250
247
247
248
250
255
255
237
148
132
140
132
151
238
250
175
138
132
140
155
243
252
251
248
247
247
247
247
247
247
247
247
247
247
247
247
247
247
247
250
243
220
107
226
251
255
247
160
141
139
139
140
161
245
254
248
247
247
247
247
247
247
247
247
247
247
247
247
247
247
247
247
247
247
247
247
247
247
247
247
247
247
247
247
247
247
247
247
247
247
247
247
247
247
86
83
81
226
243
251
252
252
231
144
133
138
132
80
81
110
246
255
254
254
254
251
255
239
172
170
155
164
246
249
247
243
254
249
248
254
245
163
139
130
147
233
252
252
248
247
247
247
247
250
243
226
81
84
107
247
252
247
247
247
249
255
254
231
100
86
132
130
156
243
245
151
131
133
147
232
251
251
248
247
247
247
247
247
247
247
247
247
247
247
247
247
247
247
247
249
254
243
247
243
255
249
229
142
133
138
134
144
229
249
250
247
247
247
247
247
247
247
247
247
247
247
247
247
247
247
247
247
247
247
247
247
247
247
247
247
247
247
247
247
247
247
247
247
247
247
247
247
247
247
247
108
226
250
254
252
246
238
155
143
139
141
91
89
100
238
251
254
248
247
248
248
252
245
243
236
236
248
246
229
107
220
243
251
252
250
232
144
133
130
153
236
255
248
247
247
247
247
247
252
247
107
84
81
226
243
250
247
247
247
250
243
228
95
79
80
95
132
158
245
244
151
131
132
155
238
255
248
247
247
247
247
247
247
247
247
247
247
247
247
247
247
247
247
247
247
249
250
252
250
254
242
154
138
137
139
140
163
245
254
248
247
247
247
247
247
247
247
247
247
247
247
247
247
247
247
247
247
247
247
247
247
247
247
247
247
247
247
247
247
247
247
247
247
247
247
247
247
247
247
247
241
243
254
250
254
244
157
139
137
141
138
128
95
218
236
249
248
252
248
247
247
248
250
252
254
255
248
229
83
84
107
247
254
245
238
153
140
134
136
155
241
253
247
247
247
247
247
247
250
243
220
107
226
250
254
249
247
247
247
252
247
111
82
69
86
134
129
155
246
247
155
132
134
153
236
254
247
247
247
247
247
247
247
247
247
247
247
247
247
247
247
247
247
247
247
247
247
247
247
254
232
149
129
140
136
148
231
249
250
247
247
247
247
247
247
247
247
247
247
247
247
247
247
247
247
247
247
247
247
247
247
247
247
247
247
247
247
247
247
247
247
247
247
247
247
247
247
247
247
247
250
250
249
250
248
227
143
133
138
136
138
135
145
150
159
157
237
249
252
248
247
247
247
247
247
252
247
107
84
81
226
243
255
242
155
137
134
142
150
238
246
250
247
247
247
247
247
247
249
254
243
247
243
254
249
247
247
247
247
250
243
227
97
91
135
142
134
154
237
239
147
132
143
183
245
252
247
247
247
247
247
247
247
247
247
247
247
247
247
247
247
247
247
247
247
247
247
247
247
255
235
154
132
141
134
158
238
255
248
247
247
247
247
247
247
247
247
247
247
247
247
247
247
247
247
247
247
247
247
247
247
247
247
247
247
247
247
247
247
247
247
247
247
247
247
247
247
247
247
247
247
247
247
253
241
154
139
134
141
148
152
143
132
134
130
136
149
240
251
254
250
248
247
247
247
250
243
220
107
226
250
254
255
233
151
132
134
147
232
252
252
248
247
247
247
247
247
247
247
249
250
252
250
249
247
247
247
247
247
249
254
252
227
136
134
145
133
165
230
166
137
132
150
233
253
249
247
247
247
247
247
247
247
247
247
247
247
247
247
247
247
247
247
247
247
247
247
247
247
255
234
153
132
141
133
154
235
255
247
247
247
247
247
247
247
247
247
247
247
247
247
247
247
247
247
247
247
247
247
247
247
247
247
247
247
247
247
247
247
247
247
247
247
247
247
247
247
247
247
247
247
247
248
255
234
149
128
141
153
237
234
166
169
154
146
132
142
152
230
242
243
250
247
247
247
249
254
243
247
243
254
250
255
238
158
134
133
154
238
255
248
247
247
247
247
247
247
247
247
247
247
247
247
247
247
247
247
247
247
247
249
255
239
157
133
140
130
161
219
159
130
131
159
237
255
248
247
247
247
247
247
247
247
247
247
247
247
247
247
247
247
247
247
247
247
247
247
247
247
255
234
153
132
141
130
148
234
254
247
247
247
247
247
247
247
247
247
247
247
247
247
247
247
247
247
247
247
247
247
247
247
247
247
247
247
247
247
247
247
247
247
247
247
247
247
247
247
247
247
247
247
247
250
251
232
149
128
148
234
255
253
252
237
217
92
123
126
139
137
164
242
254
248
247
247
247
249
250
252
250
249
250
247
231
146
134
129
151
233
254
247
247
247
247
247
247
247
247
247
247
247
247
247
247
247
247
247
247
247
247
247
254
238
157
136
138
139
167
231
164
133
132
151
234
255
247
247
247
247
247
247
247
247
247
247
247
247
247
247
247
247
247
247
247
247
247
247
247
247
255
235
153
131
135
137
168
242
253
247
247
247
247
247
247
247
247
247
247
247
247
247
247
247
247
247
247
247
247
247
247
247
247
247
247
247
247
247
247
247
247
247
247
247
247
247
247
247
247
247
247
247
247
253
245
177
141
130
155
238
255
253
248
234
92
89
98
160
149
134
139
230
251
252
248
247
247
247
247
247
247
247
253
242
151
137
136
138
159
241
253
247
247
247
247
247
247
247
247
247
247
247
247
247
247
247
247
247
247
247
247
248
255
240
182
137
134
149
244
239
154
131
133
153
235
255
247
247
247
247
247
247
247
247
247
247
247
247
247
247
247
247
247
247
247
247
247
247
247
247
255
235
153
129
142
152
239
248
250
247
247
247
247
247
247
247
247
247
247
247
247
247
247
247
247
247
247
247
247
247
247
247
247
247
247
247
247
247
247
247
247
247
247
247
247
247
247
247
247
247
247
247
247
254
236
153
132
131
154
235
255
252
247
107
85
87
225
242
229
147
136
149
238
246
250
247
247
247
247
247
247
247
255
232
149
130
134
145
231
249
250
247
247
247
247
249
250
252
250
249
247
247
247
247
247
247
247
247
247
247
248
252
251
235
152
137
133
160
242
236
100
124
132
155
238
255
248
247
247
247
247
247
247
247
247
247
247
247
247
247
247
247
247
247
247
247
247
247
247
247
255
235
154
125
147
233
252
252
248
247
247
247
247
247
247
247
247
247
247
247
247
247
247
247
247
247
247
247
247
247
247
247
247
247
247
247
247
247
247
247
247
247
247
247
247
247
247
247
247
247
247
247
248
255
237
156
134
133
155
235
255
254
252
232
120
241
255
255
252
163
134
142
164
252
255
255
255
255
255
255
255
255
255
246
160
138
139
160
248
255
255
255
255
255
255
255
247
250
247
255
255
255
255
255
255
255
255
255
255
255
255
255
245
158
147
142
150
163
232
104
91
95
139
154
238
255
255
255
255
255
255
255
255
255
255
255
255
255
255
255
255
255
255
255
255
255
255
255
255
255
255
245
161
131
165
249
255
255
255
255
255
255
255
255
255
255
255
255
255
255
255
255
255
255
255
252
249
247
247
247
247
247
247
247
247
247
247
247
247
247
247
247
247
247
247
247
247
247
247
247
247
247
249
246
227
143
135
133
154
235
255
238
234
207
214
210
223
223
207
132
120
122
133
208
221
215
215
215
215
216
218
221
227
214
138
125
122
131
208
222
215
215
215
216
220
229
214
113
208
221
215
215
215
215
215
215
215
215
215
216
221
219
140
128
125
125
131
201
89
70
65
114
123
131
144
217
219
215
215
215
215
215
215
215
215
215
215
215
215
215
215
215
215
215
215
215
215
215
215
216
224
213
138
117
137
211
222
215
215
215
215
215
215
215
215
215
215
215
215
215
215
215
215
212
226
236
250
247
247
247
247
247
247
247
247
247
247
247
247
247
247
247
247
247
247
247
247
247
247
247
247
247
251
247
155
147
135
132
155
234
255
241
131
122
128
126
125
126
122
112
100
90
109
119
132
125
123
123
125
131
119
126
115
117
100
95
93
107
116
130
123
123
123
126
114
108
75
94
101
130
123
123
123
123
123
123
123
123
125
129
125
112
98
93
96
89
107
106
113
97
110
107
105
89
104
114
129
123
123
123
123
123
123
123
123
123
123
123
123
123
123
123
123
123
123
123
123
123
123
126
122
111
100
89
107
115
130
123
123
123
123
123
123
123
123
123
123
123
123
123
123
123
123
119
130
241
252
247
247
247
247
247
247
247
247
247
247
247
247
247
247
247
247
247
247
247
247
247
247
247
247
247
249
245
227
142
135
131
154
235
255
236
226
212
215
215
215
216
224
213
137
120
127
205
214
218
215
216
223
217
193
77
188
133
132
125
122
142
210
221
215
215
215
220
212
84
74
88
214
221
215
215
215
215
215
215
216
219
225
220
208
125
123
125
131
135
151
220
228
227
234
216
138
118
138
215
226
217
216
215
215
215
215
215
215
215
215
215
215
215
215
215
215
215
215
215
215
215
215
221
208
132
121
121
135
210
222
215
215
215
215
215
215
215
215
215
215
215
215
215
215
215
215
212
226
236
250
247
247
247
247
247
247
247
247
247
247
247
247
247
247
247
247
247
247
247
247
247
247
247
247
247
248
255
238
153
134
130
154
234
255
252
255
255
255
255
255
255
255
247
163
137
147
163
254
255
255
255
255
240
95
103
115
236
151
139
147
175
255
255
255
255
255
255
254
229
111
229
254
255
255
255
255
255
255
255
255
255
255
243
167
151
142
149
161
239
250
252
255
255
255
244
158
130
157
237
255
255
255
255
255
255
255
255
255
255
255
255
255
255
255
255
255
255
255
255
255
255
255
255
245
161
139
139
163
249
255
255
255
255
255
255
255
255
255
255
255
255
255
255
255
255
255
255
255
252
249
247
247
247
247
247
247
247
247
247
247
247
247
247
247
247
247
247
247
247
247
247
247
247
247
247
247
253
243
177
140
129
155
238
255
248
247
249
250
252
250
249
255
235
155
132
129
149
232
254
247
252
247
107
84
88
226
181
148
136
140
227
243
253
247
247
247
249
254
243
247
243
254
249
247
247
247
247
249
254
250
230
109
133
140
135
133
139
228
249
255
250
248
247
253
242
158
136
141
147
166
235
244
250
247
247
247
247
250
243
239
228
239
243
250
247
247
247
247
247
247
247
247
255
235
153
133
136
145
230
248
250
247
247
247
247
247
247
247
247
247
247
247
247
247
247
247
247
247
247
247
247
247
247
247
247
247
247
247
247
247
247
247
247
247
247
247
247
247
247
247
247
247
247
247
247
247
250
250
230
146
126
147
232
252
252
250
254
243
247
243
255
255
238
158
133
128
148
232
254
247
250
243
220
107
233
240
166
136
138
142
163
246
255
248
247
247
247
249
250
252
250
249
247
247
247
247
247
250
243
227
89
81
84
136
135
139
155
205
252
250
249
252
254
255
254
233
146
132
133
139
157
245
255
253
254
254
254
255
245
165
143
161
239
253
247
247
247
247
247
247
247
247
255
234
154
132
139
140
151
244
254
248
247
247
247
247
247
247
247
248
250
252
252
249
248
247
247
247
247
247
247
247
247
247
247
247
247
247
247
247
247
247
247
247
247
247
247
247
247
247
247
247
247
247
247
247
248
254
243
157
138
140
151
238
248
255
250
226
107
221
247
254
232
148
132
138
154
242
253
247
249
254
243
247
251
243
154
132
141
132
147
232
250
250
247
247
247
247
247
247
247
247
247
247
247
247
248
254
253
117
91
77
133
139
146
157
241
251
254
255
250
245
236
234
250
233
155
131
138
132
151
235
246
246
235
241
237
241
222
146
119
147
232
254
247
247
247
247
247
247
247
247
255
235
153
132
141
131
145
232
253
252
248
247
247
247
247
247
248
252
245
240
238
245
250
247
247
247
247
247
247
247
247
247
247
247
247
247
247
247
247
247
247
247
247
247
247
247
247
247
247
247
247
247
247
247
247
250
248
228
146
125
134
158
250
255
232
84
87
111
251
246
154
140
129
142
229
248
250
247
247
249
250
252
255
237
152
132
141
136
140
175
242
251
247
247
247
247
247
247
247
247
247
247
247
247
250
245
234
207
93
129
142
142
145
225
238
243
240
239
232
177
161
151
175
233
167
137
137
138
143
159
228
157
176
168
172
155
145
146
129
153
235
255
247
247
247
247
247
247
247
247
255
234
153
133
141
136
145
170
242
246
250
247
247
247
247
248
251
248
236
147
177
242
253
247
247
247
247
247
247
247
247
247
247
247
247
247
247
247
247
247
247
247
247
247
247
247
247
247
247
247
247
247
247
247
247
248
254
243
165
142
136
143
229
238
102
87
95
230
238
172
141
134
138
158
245
254
248
247
247
247
247
247
254
232
149
129
140
137
143
164
248
254
248
247
247
247
247
247
247
247
247
247
247
247
253
240
167
144
148
138
144
140
149
153
161
160
167
160
147
145
134
126
151
231
247
168
140
134
134
144
139
144
133
140
134
135
134
136
128
150
233
254
247
247
247
247
247
247
247
247
255
234
152
132
141
139
137
139
169
242
254
248
247
247
248
251
253
242
152
131
146
234
254
247
247
247
247
247
247
247
247
247
247
247
247
247
247
247
247
247
247
247
247
247
247
247
247
247
247
247
247
247
247
247
247
247
250
243
244
222
142
136
149
148
131
90
220
235
163
143
137
130
144
229
248
250
247
247
247
247
247
247
253
242
158
140
139
137
142
221
240
249
252
248
247
247
247
247
247
247
247
247
247
247
254
231
149
128
139
140
141
140
138
135
135
135
134
134
134
138
140
132
154
239
255
242
155
142
137
140
138
138
138
140
141
142
141
136
137
159
242
253
247
247
247
247
247
247
247
247
255
234
152
131
142
142
139
134
152
238
255
255
254
253
255
249
243
174
142
126
151
235
255
247
247
247
247
247
247
247
247
247
247
247
247
247
247
247
247
247
247
247
247
247
247
247
247
247
247
247
247
247
249
250
252
250
250
250
255
245
185
138
136
133
134
147
153
153
141
132
130
134
158
244
254
248
247
247
247
247
247
247
250
249
230
149
136
140
147
149
168
240
252
255
255
255
255
255
252
251
249
248
247
247
254
232
148
124
132
132
131
131
132
132
131
131
131
131
132
133
131
124
147
232
255
250
228
141
129
139
140
141
140
141
142
139
132
136
147
238
246
250
247
247
247
247
247
247
247
248
255
238
155
133
142
142
141
139
156
189
238
234
248
242
247
230
156
142
139
127
151
234
255
247
247
247
247
247
247
247
247
247
247
247
247
247
247
247
247
247
247
247
247
247
247
247
247
247
247
247
247
247
254
243
247
243
254
249
250
245
244
232
142
138
135
135
133
130
132
141
146
155
235
246
250
247
247
247
247
247
247
247
248
255
238
154
132
140
138
133
139
153
234
242
234
235
232
247
239
248
241
250
247
247
253
239
161
147
154
155
153
153
154
154
153
153
153
153
153
154
153
147
161
239
254
255
241
158
143
142
136
141
140
138
133
141
140
154
237
249
252
248
247
247
247
247
247
247
247
250
248
232
149
136
141
141
141
143
146
138
104
147
161
228
163
144
143
137
136
132
151
237
254
247
247
247
247
247
247
247
247
247
247
247
247
247
247
247
247
247
247
247
247
247
247
247
247
247
247
247
247
247
249
226
107
220
243
250
248
250
254
249
240
144
143
133
148
137
149
162
231
243
245
252
248
247
247
247
247
247
247
247
247
255
230
139
124
138
140
141
136
144
144
154
143
106
140
156
219
166
233
253
247
247
250
243
239
232
235
235
235
234
235
235
235
235
235
235
235
235
235
231
239
243
250
250
242
241
229
148
136
131
131
139
143
159
229
243
246
252
248
247
247
247
247
247
247
247
247
253
242
160
140
138
141
140
141
139
133
80
79
83
142
141
141
133
134
136
142
149
205
243
251
247
247
247
247
247
247
247
247
247
247
247
247
247
247
247
247
247
247
247
247
247
247
247
247
247
247
247
247
247
223
81
84
107
247
252
247
247
248
253
250
233
156
219
165
222
189
238
251
254
250
248
247
247
247
247
247
247
247
247
247
254
238
157
140
144
135
140
144
139
129
86
75
80
80
136
135
153
235
252
247
247
248
250
253
254
255
255
255
255
255
255
255
255
255
255
255
255
255
254
253
250
248
248
250
255
252
236
154
154
151
158
229
245
248
254
250
248
247
247
247
247
247
247
247
247
247
254
230
148
127
138
141
141
143
142
93
86
85
133
137
135
150
146
140
85
139
230
252
250
249
247
247
247
247
247
247
247
247
247
247
247
247
247
247
247
247
247
247
247
247
247
247
247
247
247
247
247
247
247
102
84
81
226
243
250
247
247
247
248
253
243
249
238
253
240
253
247
251
248
247
247
247
247
247
247
247
247
247
247
247
250
242
242
229
152
141
138
138
134
86
80
80
86
129
138
152
236
244
250
247
247
247
247
247
247
247
247
247
247
247
247
247
247
247
247
247
247
247
247
247
247
247
247
247
248
252
246
241
233
234
243
248
254
250
248
247
247
247
249
250
252
250
249
247
247
247
253
241
150
135
137
140
141
143
138
132
93
133
139
135
141
146
209
83
86
106
245
253
255
249
247
247
247
247
247
247
247
247
247
247
247
247
247
247
247
247
247
247
247
247
247
247
247
247
247
247
247
247
247
216
107
226
250
254
249
247
247
247
247
248
249
252
251
252
250
250
249
248
247
247
247
247
247
247
247
247
247
247
247
247
248
250
255
251
241
154
139
131
88
85
83
94
135
134
147
232
253
252
248
247
247
247
247
247
247
247
247
247
247
247
247
247
247
247
247
247
247
247
247
247
247
247
247
247
247
248
250
253
254
254
253
250
248
247
247
247
247
249
254
243
247
243
254
249
247
249
253
247
239
151
137
129
131
132
134
130
133
129
141
143
162
238
112
101
90
208
104
224
243
250
247
247
247
247
247
247
247
247
247
247
247
247
247
247
247
247
247
247
247
247
247
247
247
247
247
247
247
247
247
241
249
245
255
252
249
247
247
247
247
247
247
247
247
247
247
247
247
247
247
247
247
247
247
247
247
247
247
247
247
247
247
247
248
252
250
237
157
151
136
92
116
130
129
134
159
245
254
248
247
247
247
247
247
247
247
247
247
247
247
247
247
247
247
247
247
247
247
247
247
247
247
247
247
247
247
247
247
247
247
247
247
247
247
247
247
247
249
254
250
226
107
220
243
250
249
254
244
252
245
245
157
149
153
154
152
154
154
151
156
229
247
241
228
103
204
85
92
108
247
252
247
247
247
247
247
247
247
247
247
247
247
247
247
247
247
247
247
247
247
247
247
247
247
247
247
247
247
247
247
252
255
245
249
243
254
249
247
247
247
247
247
247
247
247
247
247
247
247
247
247
247
247
247
247
247
247
247
247
247
247
247
247
247
248
252
245
241
239
229
156
149
154
150
153
235
247
250
247
247
247
247
247
247
247
247
247
247
247
247
247
247
247
247
247
247
247
247
247
247
247
247
247
247
247
247
247
247
247
247
247
247
247
247
247
247
247
250
243
226
81
84
107
247
253
254
250
226
108
225
241
244
232
236
234
235
235
235
233
242
248
255
255
248
247
102
92
83
226
243
250
247
247
247
247
247
247
247
247
247
247
247
247
247
247
247
247
247
247
247
247
247
247
247
247
247
247
247
247
247
254
250
226
107
220
243
250
247
247
247
247
247
247
247
247
247
247
247
247
247
247
247
247
247
247
247
247
247
247
247
247
247
247
247
247
248
250
253
255
250
244
232
235
231
241
246
252
248
247
247
247
247
247
247
247
247
247
247
247
247
247
247
247
247
247
247
247
247
247
247
247
247
247
247
247
247
247
247
247
247
247
247
247
247
247
247
247
252
247
107
84
81
226
243
253
243
226
81
84
108
250
255
254
255
255
255
255
255
254
253
250
248
249
253
247
223
108
226
250
254
249
247
247
247
247
247
247
247
247
247
247
247
247
247
247
247
247
247
247
247
247
247
247
247
247
247
247
247
247
247
243
226
81
84
107
247
252
247
247
247
247
247
247
247
247
247
247
247
247
247
247
247
247
247
247
247
247
247
247
247
247
247
247
247
247
247
247
247
248
250
253
254
255
254
253
250
248
247
247
247
247
247
247
249
250
252
250
249
247
247
247
247
247
247
247
247
247
247
247
247
247
247
247
247
247
247
247
247
247
247
247
247
247
247
247
247
247
250
243
220
107
226
250
254
253
247
107
84
81
226
243
250
247
247
247
247
247
247
247
247
247
247
247
249
254
243
247
243
254
249
247
247
247
247
247
247
247
247
247
247
247
247
247
247
247
247
247
247
247
247
247
247
247
247
247
247
247
247
247
247
247
107
84
81
226
243
250
247
247
247
247
247
247
247
247
247
247
247
247
247
247
247
247
247
247
247
247
247
247
247
247
247
247
247
247
247
247
247
247
247
247
247
247
247
247
247
247
247
247
247
247
247
249
254
243
247
243
254
249
247
247
247
247
247
247
247
247
247
247
247
247
247
247
247
247
247
247
247
247
247
247
247
247
247
247
247
247
249
254
243
247
243
254
249
250
243
220
107
226
250
254
249
247
247
247
247
247
247
247
247
247
247
247
247
249
250
252
250
249
247
247
247
247
247
247
247
247
247
247
247
247
247
247
247
247
247
247
247
247
247
247
247
247
247
247
247
247
247
247
247
241
216
102
223
249
254
249
247
247
247
247
247
247
247
247
247
247
247
247
247
247
247
247
247
247
247
247
247
247
247
247
247
247
247
247
247
247
247
247
247
247
247
247
247
247
247
247
247
247
247
247
247
249
249
230
124
230
249
249
247
247
247
247
247
247
247
247
247
247
247
247
247
247
247
247
247
247
247
247
247
247
247
247
247
247
247
247
247
249
250
252
250
249
247
249
254
243
247
243
254
249
247
247
247
247
247
247
247
247
247
247
247
247
247
247
247
247
247
247
247
247
247
247
247
247
247
247
247
247
247
247
247
247
247
247
247
247
247
247
247
247
247
247
247
247
247
247
247
247
247
247
247
247
247
247
247
247
247
247
247
247
247
247
247
247
247
247
247
247
247
247
247
247
247
247
247
247
247
247
247
247
247
247
247
247
247
247
247
247
247
247
247
247
247
247
247
247
247
247
247
247
247
247
247
86
86
86
247
247
247
247
247
247
247
247
247
247
247
247
247
247
247
247
247
247
247
247
247
247
247
247
247
247
247
247
247
247
247
247
247
247
247
247
247
247
247
247
247
247
247
247
247
247
247
247
247
247
247
247
247
247
247
247
247
247
247
247
247
247
247
247
247
247
247
247
247
247
247
247
247
247
247
247
247
247
247
247
247
247
247
247
247
247
247
247
247
247
247
247
