244
244
244
244
244
244
244
244
244
244
244
244
244
244
244
244
244
244
244
244
244
244
244
244
244
244
244
244
244
244
244
244
244
244
244
244
244
244
244
244
244
244
244
244
244
244
244
244
244
244
244
244
244
244
244
244
244
244
244
244
244
244
103
244
244
244
244
244
244
244
244
103
103
103
103
244
244
244
244
244
244
244
244
244
244
103
244
244
244
244
244
244
244
244
244
244
244
244
244
244
244
244
244
244
244
244
244
244
244
244
244
244
244
244
244
244
244
103
103
103
244
244
244
244
244
244
244
244
244
244
244
244
244
244
244
244
244
244
244
244
244
244
244
244
244
244
244
244
244
244
244
244
244
244
244
244
244
244
244
244
244
244
244
244
244
244
244
244
244
244
244
244
244
244
244
244
244
244
244
244
244
244
244
244
244
244
244
244
244
244
244
244
244
244
244
244
244
244
244
244
244
244
244
244
244
244
244
244
247
238
220
100
100
121
238
247
244
244
244
245
245
233
127
129
234
246
245
244
244
244
244
247
238
220
100
100
121
238
247
244
244
244
244
244
244
244
244
244
244
244
244
244
244
244
244
244
244
244
244
244
244
244
244
244
247
238
119
105
114
234
245
245
244
244
244
244
244
244
244
244
244
244
244
244
244
244
244
244
244
244
244
244
244
244
244
244
245
250
245
244
244
244
244
244
244
244
244
244
244
244
244
244
244
244
244
244
244
244
244
244
244
244
244
244
244
244
244
244
244
244
244
244
244
244
244
244
244
244
244
244
244
244
244
244
244
244
244
244
244
244
244
244
244
244
244
244
244
244
247
244
120
101
99
225
241
249
248
248
246
246
251
248
229
233
239
253
247
244
244
244
244
247
244
120
101
99
225
240
247
244
244
244
244
244
244
244
244
244
244
244
244
244
244
244
244
244
244
244
244
244
244
244
244
244
247
240
220
120
225
246
250
245
244
244
244
244
244
244
244
244
244
244
244
244
244
244
244
244
244
244
244
244
244
244
244
245
250
246
234
103
244
247
247
245
244
244
244
244
244
244
244
244
244
244
244
245
247
246
245
244
244
244
244
244
244
244
244
244
244
244
244
244
244
244
244
244
244
244
244
244
244
244
244
244
244
244
244
244
244
244
244
244
244
244
244
244
244
244
247
240
220
120
225
246
253
240
234
236
246
251
253
250
232
127
224
241
247
244
244
246
248
252
248
229
128
233
252
253
253
251
250
247
245
244
244
244
244
244
244
244
244
244
244
244
244
244
244
244
244
244
244
244
244
244
245
250
240
244
240
250
245
244
244
244
244
244
244
244
244
244
244
244
244
244
244
244
244
244
244
244
244
244
244
244
244
247
240
225
114
103
244
238
240
250
245
244
244
244
244
244
245
247
250
251
253
247
246
244
251
249
247
244
244
244
244
244
244
244
244
244
244
244
244
244
244
244
244
244
244
244
244
244
244
244
244
244
244
244
244
244
244
244
244
244
244
244
244
244
245
250
240
244
240
250
250
232
150
157
234
244
239
228
99
101
120
244
247
244
246
244
237
232
237
226
230
236
245
240
228
229
235
243
252
249
247
244
244
244
244
244
244
244
244
244
244
244
244
244
244
244
244
244
244
244
244
245
247
247
247
247
247
247
245
244
244
244
244
244
244
244
244
244
244
244
244
244
244
244
244
244
244
244
244
244
244
247
244
120
105
103
244
119
220
240
247
244
244
244
244
244
245
240
234
229
234
230
169
212
231
236
240
246
244
244
244
244
244
244
244
244
244
244
244
244
244
244
244
244
244
244
244
244
244
244
244
244
244
244
244
244
244
244
244
244
244
244
244
244
244
245
247
247
247
246
253
227
140
122
140
203
246
125
101
99
225
240
247
244
247
246
194
146
144
147
147
166
211
147
143
143
143
208
232
239
245
251
246
244
244
244
244
244
244
244
244
244
244
244
244
244
244
244
244
244
244
244
244
245
250
240
244
240
250
245
244
244
244
244
244
244
244
244
244
244
244
244
244
244
244
244
244
244
244
244
244
247
240
220
119
244
103
105
120
244
247
244
244
244
245
249
253
225
155
141
147
138
138
135
138
161
237
249
244
244
244
244
244
244
244
244
244
244
244
244
244
244
244
244
244
244
244
244
244
244
244
244
244
244
244
244
244
244
244
244
244
244
244
244
244
244
244
244
244
247
245
224
137
119
123
180
240
225
120
225
246
250
245
243
249
244
182
124
117
123
122
131
128
127
119
121
128
136
143
153
225
241
244
248
244
244
244
244
244
244
244
244
244
244
244
244
244
244
244
244
244
244
245
250
246
225
120
220
240
247
244
244
244
244
244
244
244
244
244
244
244
244
244
244
244
244
244
244
244
244
244
245
250
240
238
244
103
114
225
240
247
244
244
246
251
244
242
198
129
119
125
124
125
122
123
151
239
249
244
244
244
244
244
244
244
244
244
244
244
244
244
244
244
244
244
244
244
244
244
245
247
246
245
244
244
244
244
244
244
244
244
244
244
244
244
244
244
244
244
251
242
155
132
124
129
185
253
251
247
242
251
245
244
243
250
246
180
126
128
133
129
128
132
131
128
120
122
120
119
129
134
169
240
248
248
244
244
244
244
244
244
244
244
244
244
244
244
244
244
244
244
244
247
240
225
99
101
120
244
247
244
244
244
244
244
244
244
244
244
244
244
244
244
244
244
244
244
244
244
244
244
244
245
247
247
244
103
234
246
250
245
244
246
243
241
219
125
131
133
130
131
128
124
118
134
224
246
246
244
244
244
244
244
244
244
244
244
244
244
244
244
244
244
244
244
244
244
244
247
239
240
236
245
244
244
244
244
244
244
244
244
244
244
244
244
244
244
244
246
245
227
139
125
129
128
172
240
243
247
246
248
245
244
243
250
246
181
128
127
132
127
133
170
206
144
142
147
140
132
122
122
127
167
244
248
247
244
244
244
244
244
244
244
244
244
244
244
244
244
244
244
244
247
244
120
101
99
225
240
246
244
246
247
248
247
245
244
244
244
244
244
244
244
244
244
244
244
244
244
244
244
244
244
244
244
244
244
245
250
245
244
244
251
241
171
104
101
99
128
126
129
135
143
141
156
238
251
244
244
244
244
244
244
244
244
244
244
244
244
244
244
244
244
244
244
244
244
245
252
243
181
219
248
244
244
244
244
244
244
244
244
244
244
244
244
244
244
244
249
244
162
131
129
131
132
135
145
201
174
219
246
251
247
244
250
246
182
127
129
130
133
155
243
243
237
229
234
231
167
138
134
124
129
178
245
249
247
244
244
244
244
244
244
244
244
244
244
244
244
244
244
244
247
240
220
120
225
246
250
247
249
248
239
235
237
245
244
244
244
244
244
244
244
244
244
244
244
244
244
244
244
244
244
244
244
244
244
245
245
244
244
248
248
230
111
91
98
123
126
131
139
202
235
229
235
240
246
244
244
244
244
244
244
244
244
244
244
244
244
244
244
244
244
244
244
244
246
243
243
221
165
212
250
247
244
244
244
244
244
244
244
244
244
244
244
244
244
244
251
236
154
123
130
133
131
126
131
129
134
140
219
241
243
247
251
245
180
127
127
127
144
231
250
251
251
251
253
248
244
218
137
119
124
133
195
246
248
246
244
244
244
244
244
244
244
244
244
244
244
244
244
244
245
250
240
244
240
250
246
244
240
238
180
139
208
249
246
244
244
244
244
244
244
244
244
244
244
244
244
244
244
244
244
244
244
244
244
244
244
244
245
248
245
160
126
102
126
137
141
185
238
245
252
252
250
246
245
244
244
244
244
244
244
244
244
244
244
244
244
244
244
244
244
244
244
245
251
252
200
135
135
213
244
248
244
244
244
244
244
244
244
244
244
244
244
244
244
244
253
240
159
126
131
129
127
124
122
122
122
131
135
157
238
249
254
249
183
129
127
127
152
236
253
244
244
244
244
247
252
240
167
135
131
126
136
202
244
246
244
244
244
244
244
244
244
244
244
244
244
244
244
244
244
245
247
247
247
245
246
248
214
143
121
128
200
248
246
244
244
244
244
244
244
244
244
244
244
244
244
244
244
244
244
244
244
244
244
244
244
244
248
249
204
143
125
128
124
156
230
247
248
249
245
244
244
244
244
244
244
244
244
244
244
244
244
244
244
244
244
244
244
244
244
244
245
247
245
236
171
120
120
143
230
248
244
245
247
247
247
245
244
244
244
244
244
244
244
247
247
233
152
125
130
137
142
148
149
141
132
123
120
127
155
235
252
245
184
124
129
124
158
234
251
244
244
244
244
244
246
242
242
205
133
123
126
135
212
249
246
244
244
244
244
244
244
244
244
244
244
244
244
245
248
250
250
247
245
244
247
250
206
132
113
131
206
250
246
244
244
244
244
244
244
244
244
244
244
244
244
244
244
244
244
244
244
244
244
244
244
246
247
240
166
128
129
128
134
173
250
252
245
244
244
244
244
244
244
244
244
244
244
244
244
244
244
244
244
244
244
244
244
244
244
245
249
245
210
141
132
103
120
147
230
248
245
250
240
244
240
250
245
244
244
244
244
244
244
249
248
172
133
128
127
154
218
235
235
233
171
136
132
124
132
138
186
226
118
118
128
126
153
237
252
244
244
244
244
244
244
248
253
218
137
121
125
135
209
249
246
244
244
244
244
244
244
244
244
244
244
244
245
243
235
225
229
238
246
244
247
248
217
151
115
132
206
248
246
244
244
244
244
244
244
244
244
244
244
244
244
244
244
244
244
244
244
244
244
244
244
247
249
192
137
127
129
126
148
232
247
247
244
244
244
244
244
244
244
244
244
244
244
244
244
244
244
244
244
244
244
244
244
244
244
246
245
214
130
119
91
93
107
214
244
249
250
246
225
120
220
240
247
244
244
244
245
246
250
251
237
157
124
126
124
161
243
254
253
249
244
231
149
130
124
125
129
106
110
105
134
126
146
232
252
247
244
244
244
244
244
245
252
223
144
130
123
160
222
250
247
244
244
244
244
244
244
244
244
244
244
244
247
253
211
146
145
216
251
247
247
252
213
137
122
144
216
251
246
244
244
244
244
244
244
244
244
244
244
244
244
244
244
244
244
244
244
244
244
244
244
248
243
181
127
126
129
136
172
247
250
244
244
244
244
244
245
247
247
247
245
244
244
244
244
244
244
244
244
244
244
244
244
244
244
249
228
152
127
97
105
105
179
227
251
248
240
225
99
101
120
244
247
244
244
245
250
240
248
243
195
138
128
128
131
166
245
249
244
246
250
248
235
142
130
122
100
96
101
153
130
128
134
166
242
246
248
244
244
244
244
245
249
237
196
123
126
135
208
246
247
244
244
244
244
244
244
244
244
244
244
244
246
239
226
159
116
202
247
252
250
246
203
124
120
193
243
248
244
244
244
244
244
244
244
244
244
244
244
244
244
244
244
244
244
244
244
244
244
244
244
247
250
187
135
127
123
143
227
246
246
244
244
244
244
245
250
240
244
240
250
245
244
244
244
244
244
244
244
244
244
244
244
244
245
253
222
136
122
161
126
223
240
244
245
248
244
120
101
99
225
240
247
244
245
250
246
226
128
220
169
130
127
126
148
232
246
247
244
244
244
249
246
227
148
136
130
103
134
137
139
130
129
129
163
243
247
248
244
244
244
246
253
225
145
130
124
134
175
239
249
244
244
244
244
244
244
244
244
244
244
246
248
210
144
132
133
138
217
243
249
228
149
120
125
197
250
249
244
244
244
244
244
244
244
244
244
244
244
244
244
244
244
244
244
244
244
244
244
244
244
246
248
238
165
122
129
156
242
251
244
244
244
244
245
250
246
225
120
220
240
247
244
244
244
244
244
244
244
244
244
244
244
244
247
245
215
129
140
192
248
244
252
247
245
247
240
220
120
225
246
250
245
244
247
240
225
100
106
111
167
129
127
125
156
239
253
245
244
244
244
245
248
244
242
200
131
126
129
151
139
130
129
127
130
171
245
248
247
244
245
248
247
209
128
125
123
132
203
244
246
244
244
244
244
244
244
244
244
244
244
246
248
205
132
121
123
131
136
185
248
223
137
117
135
203
250
247
244
244
244
244
244
244
244
244
244
244
244
244
244
244
244
244
244
244
244
244
244
244
244
244
252
245
174
121
137
227
248
249
248
249
250
251
253
247
233
103
105
121
244
247
244
244
244
244
244
244
244
244
244
244
244
245
252
237
146
120
163
241
252
248
245
244
244
245
250
240
244
240
250
245
244
244
247
244
120
106
99
170
130
130
128
132
166
242
249
244
244
244
244
244
244
249
253
214
138
126
132
144
147
139
126
126
127
128
182
248
251
251
250
246
226
140
132
126
127
139
214
251
247
244
244
244
244
244
244
244
244
244
244
244
246
244
196
131
127
126
124
142
226
220
135
124
179
241
248
245
244
244
244
244
244
244
244
244
244
244
244
244
244
244
244
244
244
244
244
244
244
244
244
243
251
243
171
119
135
229
253
247
245
235
239
233
239
229
116
95
105
226
249
250
246
244
244
244
244
244
244
244
244
244
244
247
245
220
130
125
178
250
248
244
244
244
244
244
245
247
247
247
245
244
244
244
247
240
219
128
228
185
134
126
129
144
231
246
246
244
244
244
244
244
244
245
249
226
164
127
125
134
204
164
139
133
125
126
131
190
234
238
248
242
158
129
125
129
132
198
244
246
244
244
244
244
244
244
244
244
244
244
244
244
247
248
246
185
129
126
125
134
140
174
198
133
185
249
251
244
244
244
244
244
244
244
244
244
244
244
244
244
244
244
244
244
244
244
244
244
244
247
247
244
251
243
171
120
139
169
241
206
175
192
144
170
163
137
126
97
152
229
243
242
245
247
244
244
244
244
244
244
244
244
244
250
239
151
123
154
236
248
246
244
244
244
244
244
244
244
244
244
244
244
244
244
245
249
241
249
237
184
128
124
134
186
245
249
246
247
247
247
245
244
244
244
248
248
199
130
122
134
172
233
227
141
128
123
129
136
142
147
222
222
141
126
128
129
189
246
251
247
244
244
244
244
244
244
244
244
244
244
244
244
244
247
248
243
187
139
132
123
123
159
192
134
181
248
249
243
244
244
244
244
244
244
244
244
244
244
244
244
244
244
244
244
244
244
244
244
244
238
240
249
252
243
171
120
134
208
148
135
136
128
130
125
128
128
127
130
138
143
150
199
245
247
244
244
244
244
244
244
244
244
244
251
230
145
115
165
244
252
244
244
244
244
244
244
244
244
245
247
247
247
245
244
244
245
250
253
208
142
129
124
142
225
250
248
250
240
244
240
250
245
244
244
250
252
204
134
121
132
155
240
252
224
144
132
126
120
120
129
139
141
138
129
129
129
188
249
253
252
249
246
245
244
244
244
244
244
244
244
244
244
244
244
248
246
244
234
156
131
126
138
131
134
185
247
249
243
244
244
244
244
244
244
244
244
244
244
244
244
244
244
244
244
244
244
244
244
244
119
220
239
252
242
170
123
137
145
136
124
127
129
129
127
127
127
130
131
129
124
122
156
223
251
247
244
244
244
244
244
244
244
244
251
233
146
115
164
239
252
243
244
244
244
244
244
244
245
250
240
244
240
250
245
244
244
247
241
186
126
127
122
140
226
253
251
246
225
120
220
240
247
244
244
249
244
195
128
121
131
209
247
250
243
240
201
144
139
135
129
127
127
129
132
130
131
136
197
237
230
238
245
251
246
244
244
244
244
244
244
244
244
244
244
244
246
250
248
239
150
129
126
123
129
191
251
252
245
244
244
244
244
244
244
244
244
244
244
244
244
244
244
244
244
244
244
244
244
103
105
120
243
253
242
168
122
127
130
131
129
130
126
126
132
143
140
132
123
127
130
127
129
196
246
249
245
244
244
244
244
244
244
244
251
233
147
116
162
240
251
243
244
244
244
244
245
247
252
248
226
120
220
240
247
244
247
250
207
137
128
128
129
148
233
253
240
225
99
101
120
244
247
244
247
251
217
140
129
121
136
214
252
248
247
249
248
240
197
141
128
131
131
131
130
132
128
131
137
145
145
152
224
239
241
246
244
244
244
244
244
244
244
244
244
244
244
244
248
246
233
143
131
123
128
179
239
245
247
245
244
244
244
244
244
244
244
244
244
244
244
244
244
244
244
244
244
244
244
103
114
225
240
250
248
176
132
127
130
128
126
137
146
150
173
224
231
156
143
137
133
125
129
133
208
243
247
244
244
244
244
244
244
244
253
236
149
117
163
241
252
244
244
244
244
244
245
241
236
219
101
101
120
244
247
244
248
250
202
132
125
126
131
215
245
251
244
120
101
99
225
240
247
244
248
243
202
128
123
129
142
220
250
246
244
248
253
251
186
131
130
129
139
137
133
124
125
125
122
122
120
129
135
179
246
252
246
244
244
244
244
244
244
244
244
244
244
244
244
249
247
230
142
132
130
136
142
213
247
251
246
244
244
244
244
244
244
244
244
244
244
244
244
244
244
244
244
244
244
103
234
246
249
247
247
236
156
126
129
137
139
178
235
236
239
250
247
240
235
213
135
127
125
126
139
223
252
245
244
244
244
244
244
246
247
229
141
119
161
238
249
245
244
244
244
244
247
223
188
117
111
100
226
240
246
244
248
243
196
128
127
124
137
221
252
248
240
220
120
225
246
250
245
245
252
227
144
130
123
125
198
242
248
244
245
246
243
192
131
130
130
126
146
211
162
140
137
138
137
137
128
126
123
148
227
244
245
248
244
244
244
244
244
244
244
244
244
244
244
245
251
241
209
124
125
124
125
135
212
244
246
251
246
245
244
244
244
244
244
244
244
244
244
244
244
244
244
244
244
244
245
250
245
244
253
243
165
125
123
150
227
247
248
252
248
247
247
249
253
248
210
135
128
121
128
208
243
248
244
244
244
244
244
249
243
161
130
123
145
205
249
247
244
244
244
247
249
215
160
197
119
224
248
249
245
246
251
216
138
128
127
130
151
228
249
246
250
240
244
240
250
245
244
248
244
211
130
123
128
139
215
253
247
244
248
253
209
134
126
130
127
134
164
237
244
232
192
188
234
168
131
124
128
135
136
181
242
248
248
245
244
244
244
244
244
244
244
244
244
244
251
232
156
138
134
132
122
130
134
159
225
241
245
249
246
244
244
244
244
244
244
244
244
244
244
244
244
244
244
244
245
245
244
243
251
238
159
122
122
162
245
253
248
246
244
244
244
244
245
248
248
200
133
127
128
147
232
251
245
244
244
244
244
251
235
154
122
125
132
181
246
250
244
244
244
250
246
213
140
127
196
241
252
245
244
246
249
209
133
123
126
132
208
246
247
244
245
247
247
247
245
244
245
251
233
146
130
124
124
188
241
248
245
249
243
248
195
136
122
127
130
148
230
246
252
249
244
247
248
243
165
135
131
123
121
133
187
246
243
244
244
244
244
244
244
244
244
244
244
245
252
223
138
152
193
139
133
124
120
129
135
162
230
241
244
246
244
244
244
244
244
244
244
244
244
244
244
244
244
244
244
244
244
244
248
245
167
130
122
164
234
252
240
250
245
244
244
244
244
247
251
244
183
126
121
132
218
244
247
244
244
244
244
251
236
155
123
127
124
164
236
247
245
244
247
243
225
136
126
129
194
250
248
244
244
247
252
214
138
124
125
137
214
251
247
244
244
244
244
244
244
244
247
244
217
132
122
128
138
205
252
248
250
246
228
128
183
134
127
135
143
224
247
249
245
245
246
247
250
245
242
227
146
132
124
127
175
183
208
247
247
244
244
244
244
244
244
244
244
247
247
220
135
131
182
239
185
137
133
124
120
126
134
188
243
247
244
244
244
244
244
244
244
244
244
244
244
244
244
244
244
244
244
244
247
247
232
147
122
154
214
129
219
240
247
244
244
244
244
244
250
248
188
128
123
131
152
240
252
245
244
244
244
249
242
167
131
124
130
148
204
253
251
249
253
239
149
125
121
171
240
248
246
244
245
249
246
208
130
124
129
148
222
251
246
244
244
244
244
244
244
245
252
240
154
132
124
124
179
239
248
248
240
226
103
101
102
134
125
149
217
246
249
245
244
244
244
244
244
246
251
247
232
154
128
130
128
137
204
246
247
244
244
244
244
244
244
244
244
250
237
158
125
122
183
247
251
224
159
129
134
130
132
181
244
247
244
244
244
244
244
244
244
244
244
244
244
244
244
244
244
244
244
244
244
253
238
158
121
133
98
110
121
244
247
244
244
244
244
244
247
250
193
135
126
125
134
225
246
250
245
244
244
246
245
236
148
131
122
159
222
237
236
247
244
227
138
116
122
176
245
251
244
244
246
243
219
137
131
123
126
196
243
248
244
244
244
244
244
244
244
246
245
225
139
125
127
135
193
251
248
247
243
120
108
93
124
127
127
139
217
252
247
244
244
244
244
244
244
244
244
249
248
224
139
130
119
131
202
249
247
244
244
244
244
244
244
244
244
251
228
145
117
123
176
245
254
243
180
202
135
140
224
241
242
246
244
244
244
244
244
244
244
244
244
244
244
244
244
244
244
244
244
244
244
251
234
152
121
100
94
105
221
242
246
244
244
244
244
244
246
247
239
172
127
127
129
114
226
240
247
244
244
244
248
247
222
134
124
140
143
147
198
176
213
153
133
132
138
188
247
247
244
244
248
241
160
136
124
128
138
211
251
247
244
244
244
244
244
244
244
250
242
158
132
126
125
170
242
250
247
246
240
221
126
191
137
128
124
132
209
251
246
244
244
244
244
244
244
244
244
245
250
248
210
132
119
133
204
249
247
244
244
244
244
244
244
244
244
251
228
145
120
131
182
249
251
239
247
229
154
164
245
253
246
244
244
244
244
244
244
244
244
244
244
244
244
244
244
244
244
244
244
244
244
249
242
158
127
120
102
171
245
253
244
244
244
244
244
244
244
251
248
181
128
124
94
104
126
244
247
244
244
244
244
253
238
152
129
126
123
130
128
141
131
130
118
148
226
242
242
246
244
244
248
237
209
125
124
127
189
243
248
244
244
244
244
244
244
244
245
248
232
147
122
128
141
179
250
246
250
246
249
242
249
205
139
124
124
135
210
250
246
244
244
244
244
244
244
244
244
244
249
247
207
133
120
133
204
249
247
244
244
244
244
244
244
244
244
251
230
145
117
163
237
248
247
245
249
241
234
233
241
246
244
244
244
244
244
244
244
244
244
244
244
244
244
244
244
244
244
244
244
244
244
246
245
235
146
130
125
177
249
252
244
244
244
244
244
244
243
250
243
177
125
101
96
106
220
244
246
244
244
244
244
249
239
211
127
128
132
131
129
125
121
129
131
174
247
253
245
244
244
244
251
234
149
132
123
131
196
249
250
244
244
244
244
244
244
244
248
246
195
137
126
129
161
216
124
222
240
247
245
248
253
220
140
129
122
137
213
253
247
244
244
244
244
244
244
244
244
245
251
227
142
130
120
132
203
249
247
244
244
244
244
244
244
244
244
251
229
144
118
171
245
253
244
244
245
246
248
248
247
244
244
244
244
244
244
244
244
244
244
244
244
244
244
244
244
244
244
244
244
244
244
244
249
248
224
133
118
167
238
248
246
244
244
244
244
244
244
247
248
182
131
122
98
149
237
253
245
244
244
244
244
247
247
198
150
133
129
128
124
129
133
151
224
239
242
247
244
244
244
244
250
221
137
120
123
130
194
248
248
243
244
244
244
244
244
244
251
243
160
127
128
129
155
100
109
120
243
247
244
244
248
242
195
126
120
129
208
247
249
245
244
245
247
247
247
245
245
249
247
213
131
123
128
139
210
251
246
244
244
244
244
244
244
244
244
251
230
143
117
172
242
251
243
244
244
244
244
244
244
244
244
244
244
244
244
244
244
244
244
244
244
244
244
244
244
244
244
244
244
244
244
244
245
251
236
150
126
132
192
252
250
245
244
244
244
244
244
246
249
238
164
124
123
150
236
251
244
244
244
244
244
246
248
238
198
102
122
135
144
146
213
242
246
251
246
244
244
244
244
244
249
232
145
123
118
145
210
249
247
244
244
244
244
244
244
247
248
233
150
122
126
150
105
104
100
225
240
247
244
244
247
251
211
138
126
131
140
224
247
249
246
250
240
244
240
251
249
246
231
141
133
125
125
188
241
248
244
244
244
244
244
244
244
244
245
253
232
144
118
170
243
252
243
244
244
244
244
244
244
244
244
244
244
244
244
244
244
244
244
244
244
244
244
244
244
244
244
244
244
244
244
244
244
247
245
214
125
117
172
238
247
247
245
244
244
244
244
244
252
248
175
128
124
154
237
253
246
247
247
247
245
247
244
228
107
102
113
198
233
238
243
251
247
244
244
244
244
244
244
244
248
243
211
133
132
191
244
247
244
244
244
244
244
244
244
248
247
176
133
125
134
162
223
128
226
246
250
245
244
244
244
248
250
193
132
122
131
140
231
250
253
249
227
122
225
250
251
236
143
130
126
127
138
204
251
248
244
244
244
244
244
244
244
244
246
246
223
134
117
169
241
251
243
244
244
244
244
244
244
244
244
244
244
244
244
244
244
244
244
244
244
244
244
244
244
244
244
244
244
244
244
244
244
245
252
228
141
127
132
152
216
241
246
244
244
244
244
246
248
237
163
125
123
144
228
248
251
240
244
240
250
249
244
120
103
103
228
246
251
251
247
245
244
244
244
244
244
244
244
244
245
249
225
179
228
242
245
247
244
244
244
244
244
244
244
252
244
168
124
120
144
235
242
247
240
250
245
244
244
244
245
253
250
229
110
115
126
132
147
230
235
227
108
105
118
235
235
150
130
127
127
124
178
240
248
245
244
244
244
244
244
244
244
244
246
247
167
135
118
167
241
250
243
244
244
244
244
244
244
244
244
244
244
244
244
244
244
244
244
244
244
244
244
244
244
244
244
244
244
244
245
247
251
253
253
252
227
150
132
126
142
224
254
253
253
253
253
253
254
190
138
131
130
147
184
254
253
228
124
228
250
253
251
232
132
238
254
254
253
253
253
253
253
253
253
253
253
253
253
253
253
253
251
253
253
253
253
253
253
253
253
253
253
253
253
253
243
167
125
136
168
253
254
253
253
253
253
253
253
253
253
250
237
116
110
108
136
130
131
116
145
115
105
98
166
144
143
136
131
133
131
145
208
254
253
253
253
253
253
253
253
253
253
253
253
254
231
141
135
190
254
253
253
253
253
253
253
253
253
251
247
245
244
244
244
244
244
244
244
244
244
244
244
244
244
244
244
244
244
244
247
234
225
213
217
222
218
180
116
112
123
194
229
227
225
225
225
228
225
163
120
122
119
126
204
220
218
104
92
101
212
221
223
211
215
211
223
217
216
216
216
216
216
216
216
216
216
216
216
216
216
217
218
218
217
216
216
216
216
216
216
216
216
216
220
226
168
128
119
126
205
216
219
216
216
216
216
216
216
216
220
212
104
86
87
138
117
119
97
94
94
115
97
125
124
121
112
113
116
114
109
147
214
218
218
216
216
216
216
216
216
216
216
216
217
222
207
124
129
209
217
218
216
216
216
216
216
216
213
225
234
247
244
244
244
244
244
244
244
244
244
244
244
244
244
244
244
244
244
244
247
238
141
131
135
138
140
132
118
103
109
116
125
124
122
123
124
126
121
116
109
104
112
124
137
146
116
110
93
123
127
138
137
138
139
138
137
135
135
135
135
135
135
135
135
135
135
135
135
135
135
135
135
135
135
135
135
135
135
135
135
135
135
138
137
127
113
104
100
117
128
143
136
135
135
135
135
135
135
135
138
127
121
111
123
124
131
111
105
92
102
100
104
99
107
113
122
123
123
122
123
130
136
139
135
135
135
135
135
135
135
135
135
135
135
139
131
126
127
136
140
135
135
135
135
135
135
135
131
141
238
247
244
244
244
244
244
244
244
244
244
244
244
244
244
244
244
244
244
244
247
234
225
213
216
216
219
225
187
128
117
116
117
116
119
118
119
118
118
122
123
118
133
209
222
222
210
125
215
228
219
217
216
216
216
216
216
216
216
216
216
216
216
216
216
216
216
216
216
216
216
216
216
216
216
216
216
216
216
216
216
216
216
218
218
164
114
115
124
135
214
220
216
216
216
216
216
216
216
216
217
219
224
226
226
225
229
222
116
128
136
139
133
129
133
201
229
226
225
225
223
221
218
216
216
216
216
216
216
216
216
216
216
216
216
217
219
221
220
218
216
216
216
216
216
216
216
216
213
225
234
247
244
244
244
244
244
244
244
244
244
244
244
244
244
244
244
244
244
244
245
247
251
253
253
253
253
254
249
193
139
135
130
130
133
134
136
135
135
133
129
128
160
244
254
253
244
246
244
253
253
253
253
253
253
253
253
253
253
253
253
253
253
253
253
253
253
253
253
253
253
253
253
253
253
253
253
253
253
253
253
253
253
253
253
197
131
124
138
232
251
253
253
253
253
253
253
253
253
253
253
253
253
253
253
253
253
248
229
159
232
238
195
186
239
248
253
253
253
253
253
253
253
253
253
253
253
253
253
253
253
253
253
253
253
253
253
253
253
253
253
253
253
253
253
253
253
253
253
251
247
245
244
244
244
244
244
244
244
244
244
244
244
244
244
244
244
244
244
244
244
244
244
244
244
244
244
247
245
242
235
159
136
128
132
121
125
126
127
131
135
153
227
242
247
245
247
247
247
245
244
244
244
244
244
244
244
244
244
244
244
244
244
244
244
244
244
244
244
244
244
244
244
244
244
244
244
244
244
244
244
244
244
246
246
241
176
137
218
247
248
245
244
244
244
244
244
244
244
244
244
244
244
244
244
244
245
249
241
246
247
251
245
245
248
249
245
244
244
244
244
244
244
244
244
244
244
244
244
244
244
244
244
244
244
244
244
244
244
244
244
244
244
244
244
244
244
244
244
244
244
244
244
244
244
244
244
244
244
244
244
244
244
244
244
244
244
244
244
244
244
244
244
244
244
244
244
244
245
251
249
238
167
211
153
144
145
134
127
134
205
243
243
247
245
244
244
244
244
244
244
244
244
244
244
244
244
244
244
244
244
244
244
244
244
244
244
244
244
244
244
244
244
244
244
244
244
244
244
244
244
244
244
244
248
245
237
236
240
248
245
244
244
244
244
244
244
244
244
244
244
244
244
244
244
244
244
244
246
246
246
246
246
246
245
244
244
244
244
244
244
244
244
244
244
244
244
244
244
244
244
244
244
244
244
244
244
244
244
244
244
244
244
244
244
244
244
244
244
244
244
244
244
244
244
244
244
244
244
244
244
244
244
244
244
244
244
244
244
244
244
244
244
244
244
244
244
244
244
244
248
241
247
236
238
231
234
194
142
204
247
250
247
245
244
244
244
244
244
244
244
244
244
244
244
244
244
244
244
244
244
244
244
244
244
244
244
244
244
244
244
244
244
244
244
244
244
244
244
244
244
244
244
244
244
246
248
248
247
245
244
244
244
244
244
244
244
244
244
244
244
244
244
244
244
244
244
244
244
244
244
244
244
244
244
244
244
244
244
244
244
244
244
244
245
247
247
247
245
244
244
244
244
244
244
244
244
244
244
244
244
244
244
244
244
244
244
244
244
244
244
244
244
244
244
245
247
247
247
245
244
244
244
244
244
244
244
244
244
244
244
244
244
244
244
244
244
244
244
244
244
245
248
249
250
253
251
242
237
239
246
247
244
244
244
244
244
244
244
244
244
244
244
244
244
244
244
244
244
244
244
244
244
244
244
244
244
244
244
244
244
244
244
244
244
244
244
244
244
244
244
245
247
247
247
245
244
244
244
244
244
244
244
244
244
244
244
244
244
244
244
244
244
244
244
244
244
244
244
244
244
244
244
244
244
244
244
244
244
244
244
244
244
245
250
240
244
240
250
245
244
244
244
244
244
244
244
244
244
244
244
244
244
244
244
244
244
244
244
244
244
244
244
244
245
250
240
244
240
250
245
244
244
244
244
244
244
244
244
244
244
244
244
244
244
244
244
244
244
244
244
244
244
244
244
244
245
247
248
247
245
244
244
244
244
244
244
244
244
244
244
244
244
244
244
244
244
244
244
244
244
244
244
244
244
244
244
244
244
244
244
244
244
244
244
244
244
244
244
244
245
250
240
244
240
250
245
244
244
244
244
244
244
244
244
244
244
244
244
244
244
244
244
244
244
244
244
244
244
244
244
244
244
244
244
244
244
244
244
244
244
244
245
250
246
225
120
220
240
247
244
244
244
244
244
244
244
244
244
244
244
244
244
244
244
244
244
244
244
244
244
244
244
245
250
246
225
120
220
240
247
244
244
244
244
244
244
244
244
244
244
244
244
244
244
244
244
244
244
244
244
244
244
244
244
244
244
244
244
244
244
244
244
244
244
244
244
244
244
244
244
244
244
244
244
244
244
244
244
244
244
244
244
244
244
244
244
244
244
244
244
244
244
244
244
244
244
244
244
244
245
245
229
135
229
245
245
244
244
244
244
244
244
244
244
244
244
244
244
244
244
244
244
244
244
244
244
244
244
244
244
244
244
244
244
244
244
244
244
244
244
244
245
245
234
114
105
119
238
247
244
244
244
244
244
244
244
244
244
244
244
244
244
244
244
244
244
244
244
244
244
244
244
245
245
234
114
105
119
238
247
244
244
244
244
244
244
244
244
244
244
244
244
244
244
244
244
244
244
244
244
244
244
244
244
244
244
244
244
244
244
244
244
244
244
244
244
244
244
244
244
244
244
244
244
244
244
244
244
244
244
244
244
244
244
244
244
244
244
244
244
244
244
244
244
244
244
244
244
244
244
244
103
103
103
244
244
244
244
244
244
244
244
244
244
244
244
244
244
244
244
244
244
244
244
244
244
244
244
244
244
244
244
244
244
244
244
244
244
244
244
244
244
244
103
103
103
244
244
244
244
244
244
244
244
244
244
244
244
244
244
244
244
244
244
244
244
244
244
244
244
244
244
244
244
103
103
103
244
244
244
244
244
244
244
