251
251
251
251
251
251
251
251
251
251
251
251
251
251
251
251
251
251
251
251
251
251
251
251
251
251
251
251
251
251
251
251
251
251
251
251
251
251
251
251
251
251
251
251
251
251
251
251
251
251
251
251
251
251
251
251
251
251
251
251
251
251
251
251
251
251
251
251
251
251
251
251
251
251
251
251
251
251
251
251
251
251
251
251
251
251
251
251
251
251
251
251
251
251
251
251
251
251
251
251
251
251
251
251
251
251
251
251
251
251
251
251
251
251
251
251
251
251
251
251
251
251
251
251
251
251
251
251
251
251
251
251
251
251
251
251
251
251
251
251
251
251
251
251
251
251
251
251
251
251
251
251
251
251
251
251
251
251
251
251
251
251
251
251
251
251
251
251
251
251
251
251
251
251
251
251
251
251
251
251
251
251
251
251
251
251
251
251
251
251
251
251
251
251
251
251
251
251
251
251
251
251
251
251
251
251
251
251
251
251
251
251
251
251
251
251
251
251
251
251
251
251
251
251
251
251
251
251
251
251
251
251
251
251
251
251
251
251
251
251
251
251
251
251
251
251
251
251
252
252
252
253
248
251
250
253
252
252
251
251
251
251
251
251
251
251
251
251
251
251
251
251
251
251
251
251
251
251
251
251
251
251
251
251
251
251
251
251
251
251
251
251
251
251
251
251
251
251
251
251
251
251
251
251
251
251
251
251
251
251
251
251
251
251
251
251
251
251
251
251
251
251
251
251
251
251
251
251
251
251
251
251
251
251
251
251
251
251
251
251
251
251
251
251
251
251
251
251
251
251
251
251
251
251
251
251
251
251
251
251
251
251
251
251
251
251
251
251
251
251
251
251
251
251
251
251
251
251
251
251
251
251
251
251
251
251
251
251
251
251
251
251
251
251
251
251
252
252
253
251
252
253
249
192
236
248
250
252
252
251
251
251
251
251
251
251
251
251
251
251
251
251
251
251
251
251
251
251
251
251
251
251
251
251
251
251
251
251
251
251
251
251
251
251
251
251
251
251
251
251
251
251
251
251
251
251
251
251
251
251
251
251
251
251
251
251
251
251
251
251
251
251
251
251
251
251
251
251
251
251
251
251
251
251
251
251
251
251
251
251
251
252
253
253
253
252
251
251
251
251
251
251
251
251
251
251
251
251
251
251
251
251
251
251
251
251
251
251
251
251
251
251
251
251
251
251
251
251
251
251
251
251
251
252
252
253
253
253
252
252
251
251
251
251
252
252
253
252
249
235
184
241
236
177
169
193
227
250
253
252
252
253
253
253
252
251
251
251
251
251
251
251
251
251
251
251
251
251
251
251
251
251
251
251
251
251
251
251
251
251
251
251
251
251
251
251
251
251
251
251
251
251
251
251
251
251
251
251
251
251
251
251
251
251
251
251
252
252
253
253
254
253
253
252
252
251
251
251
251
251
251
251
251
251
251
251
251
251
251
251
252
254
246
251
246
254
252
251
251
251
251
251
251
251
251
251
251
251
251
251
252
252
252
252
252
251
251
251
251
251
251
251
251
251
251
251
251
251
251
251
251
251
252
253
251
245
238
245
248
252
251
251
251
251
252
248
246
236
180
165
170
176
171
167
156
168
175
242
253
254
255
250
252
246
254
252
251
251
251
251
251
251
251
251
251
251
251
251
251
251
251
251
251
251
251
251
251
251
251
251
251
251
251
251
251
251
251
251
251
251
251
251
251
251
251
251
251
251
251
251
251
251
251
251
251
252
253
250
247
240
242
239
244
248
252
251
251
251
251
251
251
251
251
252
253
253
253
252
251
252
254
253
226
83
218
246
253
251
251
251
251
251
251
251
251
251
251
251
251
252
253
248
250
247
252
251
251
251
251
251
251
251
251
251
251
251
251
251
251
251
251
251
252
250
242
176
170
189
247
253
251
251
251
252
253
248
188
168
168
160
167
163
148
67
142
155
164
173
252
249
248
211
86
218
246
253
251
251
251
251
251
251
251
251
251
251
251
251
251
251
251
251
251
251
251
251
251
251
251
251
251
251
251
251
251
251
251
251
251
251
251
251
251
251
251
251
251
251
251
251
251
251
252
252
253
254
253
244
179
172
174
167
176
243
253
251
251
251
251
251
251
251
252
254
246
251
246
254
252
253
246
226
53
56
83
251
253
251
251
251
251
251
251
251
251
251
251
251
251
252
251
237
183
242
253
251
251
251
251
251
251
251
251
251
251
251
251
251
251
251
251
251
253
246
176
156
152
181
244
253
251
251
251
252
252
235
161
152
160
168
160
148
49
57
78
172
167
167
177
226
91
50
64
83
251
253
251
251
251
251
251
251
251
251
251
251
251
251
251
251
251
251
251
251
251
251
251
251
251
251
251
251
251
251
251
251
251
251
251
251
251
251
251
251
251
251
251
251
251
251
252
252
253
252
249
243
240
173
162
155
159
158
184
243
253
251
251
251
251
251
251
252
254
253
226
83
218
246
253
253
251
83
56
53
226
246
253
251
251
251
251
251
251
251
251
251
251
251
251
253
247
169
172
238
253
251
251
251
251
251
251
251
251
251
251
251
251
251
251
251
251
251
253
246
181
163
159
168
237
249
251
251
251
253
250
178
119
117
157
165
170
70
61
60
228
241
180
161
151
58
42
36
60
226
246
253
251
251
251
251
251
251
251
251
251
251
251
251
251
251
251
251
251
251
251
251
251
251
251
251
251
251
251
251
251
251
252
253
253
251
251
251
251
251
251
251
251
251
251
251
252
248
247
237
187
176
171
166
158
164
175
239
248
249
252
251
251
251
251
251
251
253
246
226
53
56
83
251
253
253
246
218
83
226
253
254
252
251
251
251
251
251
251
251
251
251
251
251
251
253
240
168
168
241
254
253
253
253
252
251
251
251
251
251
251
251
251
251
251
251
252
253
254
253
241
169
159
162
158
245
252
251
252
254
243
167
111
124
170
195
192
215
88
227
254
254
244
169
65
56
53
82
236
253
254
252
251
251
251
251
251
251
251
251
251
251
251
251
251
251
251
251
251
251
251
251
251
251
251
251
251
251
251
251
251
252
254
246
244
251
251
251
251
251
251
251
251
251
251
252
254
247
187
169
166
159
159
160
169
181
246
253
253
252
252
251
251
251
251
251
251
253
251
83
56
53
226
246
253
252
254
246
251
246
254
252
251
251
251
251
251
251
251
251
251
251
251
251
252
254
244
170
172
243
255
246
251
246
254
252
251
252
252
252
252
252
251
251
251
252
254
246
252
253
252
178
156
154
175
237
253
251
252
253
241
170
149
167
236
250
253
243
252
246
254
254
247
173
142
69
148
238
252
254
252
251
251
251
251
251
251
251
251
251
251
251
251
251
251
251
251
251
251
251
251
251
251
251
251
251
251
251
251
251
252
254
253
226
84
251
251
251
251
251
251
251
251
251
252
253
253
238
168
156
160
162
169
177
201
246
252
253
252
251
251
251
251
251
251
251
251
253
246
218
83
226
253
254
252
251
252
253
253
253
252
251
251
251
251
251
251
251
251
251
251
251
251
251
252
252
238
163
172
250
254
226
83
219
249
254
253
254
252
252
251
253
252
252
252
254
253
226
83
226
236
180
157
164
185
246
253
251
253
250
205
166
158
181
248
254
253
253
253
253
252
253
250
204
163
160
170
231
253
253
251
251
251
251
251
251
251
251
251
251
251
251
251
251
251
251
251
251
251
251
251
251
251
251
251
251
251
251
251
251
253
246
226
53
54
59
251
251
251
251
251
251
251
251
252
250
245
174
168
159
162
169
194
242
251
252
253
252
251
251
251
251
251
251
251
251
251
252
254
246
251
246
254
252
251
251
251
251
251
251
251
251
251
251
251
251
251
251
251
251
251
251
251
252
253
251
184
159
178
236
233
53
59
89
252
252
240
244
236
182
235
250
252
254
254
248
227
53
56
90
243
182
160
162
203
245
253
251
253
243
174
158
156
174
240
253
251
251
251
251
251
252
253
242
176
162
166
183
247
253
251
251
251
251
251
251
251
251
251
251
251
251
251
251
251
251
251
251
251
251
251
251
251
251
251
251
251
251
251
251
253
251
83
56
54
251
251
251
251
251
251
251
251
252
248
240
156
164
161
168
173
222
249
252
253
252
252
251
251
251
251
251
251
251
251
251
251
251
252
253
253
253
252
251
251
251
251
251
251
251
251
251
251
251
251
251
251
251
251
251
251
251
251
252
252
236
170
153
181
241
90
59
51
222
230
184
173
178
166
169
165
182
237
244
252
250
84
56
53
233
235
181
159
163
178
245
254
251
254
241
174
156
165
180
249
253
251
251
251
251
251
251
254
244
176
158
159
180
241
253
251
251
251
251
251
251
251
251
251
251
251
251
251
251
251
251
251
251
251
251
251
251
251
251
251
251
251
251
251
251
253
246
218
83
219
251
251
251
251
251
251
251
252
253
247
155
159
160
163
178
240
252
253
252
252
251
251
251
251
251
251
251
251
251
251
251
251
251
251
251
251
251
251
251
251
251
251
251
251
251
251
251
251
251
251
251
251
251
251
251
251
251
252
253
248
178
166
152
169
233
227
87
219
192
172
166
154
160
160
161
150
162
167
175
208
243
224
83
226
254
251
178
160
157
175
241
254
251
254
242
175
155
166
235
248
253
251
251
251
251
251
251
253
240
173
157
158
176
241
254
251
251
251
251
251
251
251
251
251
251
251
251
251
251
251
251
251
251
251
251
251
251
251
251
251
251
251
251
251
251
252
254
246
251
244
251
251
251
251
251
251
252
253
252
235
167
157
162
169
207
252
254
252
251
251
251
251
251
251
251
251
251
251
251
251
251
251
251
251
251
251
251
251
251
251
251
251
251
251
251
251
251
251
251
251
251
251
251
251
251
251
251
252
253
239
170
157
152
152
246
252
253
234
178
157
161
167
174
237
184
174
167
163
154
172
250
248
252
246
255
244
179
158
160
176
244
254
252
254
243
177
155
175
206
253
252
251
251
251
251
251
251
253
248
181
165
157
174
241
254
251
251
251
251
251
251
251
251
251
251
251
252
253
253
253
252
251
251
251
251
251
251
251
251
251
251
251
251
251
251
251
252
253
253
253
251
251
251
251
251
251
252
252
246
177
167
160
166
183
247
252
252
251
251
251
251
251
251
251
251
251
251
251
251
251
251
251
251
251
251
251
251
251
251
251
251
251
251
251
251
251
251
251
252
252
252
252
252
251
251
251
251
253
249
203
167
159
159
169
246
254
254
247
181
161
162
174
242
252
250
243
240
173
163
164
201
252
254
253
254
242
179
159
158
170
238
252
253
252
239
167
155
171
237
252
252
251
251
251
252
252
253
254
251
238
165
156
173
240
253
251
251
251
251
251
251
251
251
251
251
252
254
246
251
246
254
252
251
251
251
251
251
251
251
251
251
251
251
251
251
251
251
251
251
251
251
251
251
251
251
252
253
252
204
165
160
158
165
239
252
253
252
251
251
252
252
253
253
252
252
251
251
251
251
251
251
251
251
251
251
251
251
251
251
251
251
251
251
251
251
251
251
251
252
247
251
251
254
254
254
254
253
254
244
175
158
167
173
244
251
252
253
245
203
162
157
179
247
254
253
254
253
230
167
154
177
245
254
252
253
248
188
166
161
165
180
248
254
249
181
161
163
189
250
253
252
251
251
251
252
249
245
244
242
179
167
165
184
247
253
251
251
251
251
251
251
251
251
251
252
254
253
226
83
218
246
253
251
251
251
251
251
251
251
251
251
251
251
251
251
251
251
251
251
251
251
251
251
251
251
253
252
241
171
161
161
167
184
250
253
252
251
251
252
253
251
247
247
252
254
253
252
252
251
251
251
251
251
251
251
251
251
251
251
251
251
251
251
251
251
252
252
253
254
247
192
235
244
241
242
240
247
253
248
176
155
173
242
253
253
252
253
252
202
170
156
174
241
253
252
252
253
250
182
161
167
239
253
253
252
252
240
172
161
159
178
243
254
239
170
154
171
239
253
252
251
251
252
252
254
250
188
172
173
167
159
173
243
253
253
252
251
251
251
251
251
251
251
251
253
246
226
53
56
83
251
253
251
251
251
251
251
251
251
251
251
251
251
251
251
251
251
251
251
251
251
251
251
251
252
252
247
175
165
162
160
173
238
252
253
253
253
254
254
253
245
187
183
239
243
247
252
253
252
252
251
251
251
251
251
251
251
251
251
251
251
251
251
252
252
253
252
247
245
231
174
166
178
177
177
172
179
244
238
172
154
184
244
254
252
251
252
252
239
173
157
168
217
252
253
252
253
253
241
171
163
172
243
249
252
254
243
174
159
158
178
248
253
193
164
156
174
242
254
252
251
252
253
251
251
233
168
156
160
164
162
176
238
252
251
252
251
251
251
251
251
251
251
251
253
251
83
56
53
226
246
253
251
251
251
251
251
251
251
251
251
251
251
251
251
251
251
251
251
251
251
251
251
251
253
249
206
166
161
164
161
180
250
254
252
248
240
241
244
240
176
162
165
177
176
180
237
248
247
252
251
251
251
251
251
251
251
251
251
251
251
251
252
253
250
248
237
186
176
171
167
156
159
158
159
156
164
172
175
170
156
166
240
253
251
251
252
253
252
197
166
162
174
242
251
253
253
253
242
171
154
166
183
252
252
253
249
186
164
155
178
243
246
164
157
163
179
247
253
251
251
252
248
239
181
172
171
164
166
166
165
171
176
213
251
253
252
251
251
251
251
251
251
251
253
246
218
83
226
253
254
252
251
251
251
251
251
251
251
251
251
251
251
251
251
251
251
251
251
251
251
251
251
251
253
247
178
162
165
165
170
186
240
243
239
181
173
177
181
172
167
161
163
161
158
166
168
186
245
253
251
251
251
251
251
251
251
251
251
251
252
252
253
252
244
178
166
159
152
153
164
168
166
157
161
163
163
162
165
159
162
167
252
254
252
252
253
254
252
238
164
160
164
184
252
254
253
247
174
166
165
174
244
250
252
252
253
239
170
153
180
237
189
165
159
172
240
252
253
251
251
252
251
172
166
158
165
166
165
165
165
164
161
175
240
252
253
252
251
251
251
251
251
251
252
254
246
251
246
254
252
251
251
251
251
251
251
251
251
251
251
251
251
251
251
251
251
251
251
251
251
251
251
251
249
235
168
160
166
163
175
230
159
173
168
163
157
155
156
158
159
161
164
165
164
163
155
173
243
254
252
252
251
251
251
251
251
251
251
252
252
248
247
237
178
159
160
167
175
174
180
234
181
177
173
168
163
170
167
148
68
213
242
254
251
247
242
244
242
175
168
164
159
172
234
248
241
175
166
159
163
235
248
253
252
252
254
243
176
152
181
230
178
158
161
173
241
253
252
251
251
252
250
233
161
154
160
159
158
160
161
162
161
164
178
247
252
253
252
251
251
252
253
253
253
253
253
253
253
252
251
251
251
251
251
251
251
251
251
251
251
251
251
251
251
251
251
251
251
251
251
251
251
252
246
157
163
163
166
166
174
183
169
154
160
159
166
173
174
164
167
165
169
161
165
165
162
172
236
251
251
252
251
251
251
251
251
251
251
252
252
243
170
167
163
162
173
240
244
239
250
246
250
242
241
178
169
160
152
53
67
93
253
254
248
208
176
178
173
167
161
163
162
167
172
181
172
166
161
160
171
185
252
253
251
251
253
243
178
153
183
231
182
158
164
166
185
246
253
251
251
252
253
248
187
172
178
176
179
172
175
168
167
158
164
176
243
251
252
251
252
254
246
251
246
254
252
251
251
251
251
251
251
251
251
251
251
251
251
251
251
251
251
251
251
251
251
251
251
251
251
251
251
253
239
182
156
164
168
164
169
166
167
164
163
164
175
242
243
197
182
229
183
165
170
163
163
169
171
210
248
252
251
251
251
251
251
251
252
253
252
202
168
154
164
174
247
253
254
253
253
253
253
254
254
240
174
162
77
49
60
220
253
254
246
180
157
159
159
161
162
159
165
166
166
158
159
160
158
162
170
241
249
252
251
251
253
250
201
161
182
234
184
158
163
165
183
246
253
251
251
251
252
249
246
239
242
241
243
237
199
238
181
167
160
160
171
246
253
252
254
253
226
83
218
246
253
251
251
251
251
251
251
251
251
251
251
251
251
251
251
251
251
251
251
251
251
251
251
251
251
251
251
253
246
189
163
166
166
170
166
165
165
162
168
173
245
253
253
247
251
244
217
237
180
167
164
163
160
187
244
253
251
251
251
251
251
251
252
251
241
177
163
158
169
238
253
253
252
251
251
251
251
252
254
245
181
163
149
52
62
222
253
253
236
170
159
160
165
171
195
181
187
231
173
161
165
170
173
184
244
252
253
252
251
251
252
252
241
170
172
229
177
160
159
174
237
252
252
251
251
251
252
252
253
253
254
254
254
252
253
254
239
178
163
169
172
241
254
253
246
226
53
56
83
251
253
251
251
251
251
251
251
251
251
251
251
251
251
251
251
251
251
251
251
251
251
251
251
251
251
251
251
253
246
194
164
166
168
167
164
165
161
172
179
245
252
253
252
253
253
252
253
252
242
169
161
166
159
183
243
253
251
251
251
251
251
252
253
250
181
165
161
164
183
251
253
252
251
251
251
251
251
252
253
240
176
163
147
49
56
92
253
254
185
171
158
162
162
241
247
243
251
247
188
167
161
169
231
247
252
253
252
251
251
251
252
254
243
177
165
170
171
163
167
187
250
253
252
251
251
251
251
251
251
251
251
251
252
253
254
254
226
83
200
164
170
240
253
254
252
83
56
53
226
246
253
251
251
251
251
251
251
251
251
251
251
251
251
251
251
251
251
251
251
251
251
251
251
251
251
251
252
254
247
190
162
166
164
163
163
171
184
186
244
252
253
252
251
251
252
252
252
254
246
179
159
164
159
177
243
254
251
251
251
251
251
252
252
238
169
159
159
167
237
252
252
251
251
251
251
251
251
253
249
200
170
165
70
58
61
228
249
248
231
160
164
176
245
252
254
253
254
252
238
168
158
168
190
252
254
252
251
251
251
251
251
254
241
176
156
162
161
169
202
247
249
252
251
251
251
251
251
251
251
251
251
251
251
253
246
227
55
67
75
171
163
174
244
253
248
218
83
226
253
254
252
251
251
251
251
251
251
251
251
251
251
251
251
251
251
251
251
251
251
251
251
251
251
251
251
251
252
253
242
174
161
165
165
168
172
210
240
250
250
253
252
251
251
251
251
251
251
253
250
198
166
163
159
176
241
254
251
251
251
251
251
253
249
183
164
160
162
180
249
253
252
251
251
251
251
251
252
254
245
177
162
158
145
79
231
253
254
254
189
171
169
241
253
253
252
251
252
253
248
186
168
158
168
239
252
253
252
251
251
251
251
254
243
179
159
165
160
176
244
253
252
252
251
251
251
251
251
251
251
251
251
251
251
253
251
83
56
58
221
164
163
161
184
249
254
246
251
246
254
252
251
251
251
251
251
251
251
251
251
251
251
251
251
251
251
251
251
251
251
251
251
251
251
251
251
251
253
250
205
167
162
167
162
172
235
253
252
253
252
252
251
251
251
251
251
251
251
252
254
243
175
162
159
177
242
254
251
251
251
251
252
252
237
166
156
166
174
244
250
252
251
251
251
251
251
251
252
253
241
173
158
172
171
245
250
254
253
245
231
158
168
225
253
253
252
251
251
252
250
248
194
167
163
174
244
252
252
251
251
251
251
254
242
178
158
166
159
177
242
254
251
251
251
251
251
251
251
251
251
251
251
251
251
253
246
218
83
229
253
247
170
155
178
245
254
253
253
253
252
251
251
251
251
251
251
251
251
251
251
251
251
251
251
251
251
251
251
251
251
251
251
251
251
251
251
251
253
243
179
160
163
167
159
172
242
254
252
251
251
251
251
251
251
251
251
251
251
252
252
240
172
162
158
175
242
254
251
251
251
251
252
253
210
171
155
171
240
253
253
252
251
251
251
251
251
251
253
250
204
167
158
172
242
254
253
252
253
252
188
169
159
173
242
251
252
251
251
252
252
253
240
173
156
163
191
250
253
252
251
251
251
254
241
172
159
164
166
183
247
253
251
251
251
251
251
251
251
251
251
251
251
251
251
252
254
246
251
248
255
246
177
155
172
238
252
252
251
251
251
251
251
251
251
251
251
251
251
251
251
251
251
251
251
251
251
251
251
251
252
253
253
253
252
251
251
251
254
241
171
159
166
166
154
163
237
254
251
251
251
251
251
251
251
251
251
251
252
253
251
187
166
164
159
175
242
254
251
251
251
251
252
252
239
175
154
179
246
254
252
251
251
251
251
251
251
251
253
246
178
161
156
175
242
254
252
251
252
249
242
173
162
162
182
251
254
252
252
251
251
253
249
188
166
159
175
240
252
252
251
251
251
254
241
172
156
163
171
239
252
252
251
251
251
251
251
251
251
251
251
251
251
251
251
251
252
253
253
253
254
241
173
155
162
172
245
253
251
251
251
251
251
251
251
251
251
251
251
251
251
251
251
251
251
251
251
251
251
252
254
246
251
246
254
252
251
251
254
241
175
158
167
165
165
173
246
253
251
251
251
251
251
251
251
251
251
251
252
252
238
170
161
164
157
174
240
253
251
251
251
251
251
254
242
176
154
170
240
253
252
251
251
251
251
251
251
252
250
236
165
160
163
173
247
253
251
251
252
253
252
238
169
155
173
233
251
250
253
252
251
252
252
239
172
159
165
190
250
253
252
251
251
254
241
172
157
161
180
246
254
252
251
251
251
251
251
251
251
251
251
251
251
251
251
251
251
251
251
251
253
249
186
165
161
177
246
253
251
251
251
251
251
251
251
251
251
251
251
251
251
251
251
251
251
251
251
252
253
255
254
228
83
218
246
253
251
251
254
245
179
161
166
164
175
241
253
254
253
253
252
251
251
252
253
254
254
254
254
250
184
169
164
164
166
184
248
253
251
251
251
251
251
254
244
178
156
166
195
251
253
251
251
251
251
251
251
252
245
156
161
159
172
237
252
252
251
251
251
252
253
250
183
159
163
169
181
244
253
253
252
252
254
248
184
161
159
166
238
252
252
251
251
254
240
173
157
161
171
239
252
252
251
251
251
251
251
251
251
251
251
251
251
251
251
251
251
251
251
251
253
248
237
166
165
238
251
253
251
251
251
251
251
251
251
251
251
251
251
251
251
251
251
252
253
254
254
255
251
246
220
62
58
83
251
253
251
251
252
239
174
162
166
162
175
243
255
250
251
246
254
252
251
253
239
225
207
231
252
254
196
168
170
161
167
236
252
252
251
251
251
251
251
253
243
192
161
162
181
242
253
252
251
251
251
251
252
253
240
173
154
157
175
242
254
252
251
251
251
251
252
250
242
180
166
160
158
172
239
251
252
254
253
245
193
167
161
163
177
247
253
251
252
254
243
174
159
164
167
187
248
253
251
251
251
251
251
251
251
251
251
251
251
251
251
251
251
251
251
251
253
250
191
162
165
190
253
253
251
251
251
251
251
251
251
251
251
251
252
253
254
255
255
255
250
229
233
242
235
83
49
52
56
226
246
253
251
251
245
178
164
163
165
164
165
185
251
231
83
218
246
253
251
253
244
110
96
98
226
214
156
139
154
168
192
254
255
255
255
255
255
255
254
254
254
180
168
156
174
215
252
253
252
251
251
251
252
252
238
169
158
165
178
247
253
251
251
251
251
251
252
253
251
250
238
173
159
161
165
184
238
246
240
181
183
169
164
154
173
242
254
253
254
253
241
171
160
160
164
196
247
252
251
251
251
251
251
251
251
251
251
251
251
251
251
251
251
251
251
251
253
247
181
142
61
157
237
254
252
253
254
255
255
255
255
255
255
255
255
250
231
211
213
215
218
96
103
218
62
52
49
83
232
253
254
252
251
251
245
181
165
162
166
166
161
173
217
61
57
83
251
253
251
253
239
226
213
224
100
93
85
79
75
143
204
211
216
213
213
213
213
211
231
253
254
224
73
148
169
185
252
254
255
255
255
255
255
254
189
170
163
173
238
252
252
251
251
251
251
251
251
252
252
253
252
246
191
176
166
166
167
178
171
168
165
166
167
152
146
227
252
248
251
240
180
169
161
167
178
246
252
252
251
251
251
251
251
251
251
251
251
252
253
254
255
255
255
255
255
255
255
252
179
55
65
98
254
255
255
250
231
211
213
213
213
213
213
213
215
218
98
101
103
101
98
220
228
70
62
62
220
246
250
254
252
251
251
251
252
239
170
161
166
166
167
169
70
57
55
226
246
253
251
252
253
255
255
250
219
140
141
146
150
94
103
108
104
103
103
103
103
101
98
227
217
66
47
49
134
146
152
219
222
220
221
221
224
212
152
149
157
191
254
255
255
255
255
255
255
255
255
255
255
255
255
255
254
254
253
187
174
170
170
173
173
174
186
170
148
165
195
244
195
179
176
173
170
184
252
255
255
255
255
255
255
255
255
255
255
255
255
255
250
231
211
213
213
213
213
214
223
209
66
35
41
188
209
217
215
218
98
101
103
103
103
103
103
103
101
98
218
215
213
211
231
251
254
224
84
228
254
255
253
252
251
251
251
251
254
242
178
157
164
166
168
160
139
79
233
253
254
252
251
252
253
252
247
205
184
183
167
180
194
235
218
214
213
213
213
213
213
215
218
105
74
68
50
85
80
80
77
86
94
93
93
92
96
90
87
78
137
139
206
218
213
213
213
213
213
213
213
213
213
213
216
219
223
225
219
205
140
136
136
137
136
134
148
191
106
128
146
143
147
138
142
144
139
145
209
220
214
213
213
213
213
213
213
213
213
213
213
215
218
98
101
103
103
103
103
105
105
86
73
57
84
97
115
105
101
98
218
215
213
213
213
213
213
213
211
231
250
255
255
255
254
254
254
246
251
246
254
252
251
251
251
251
251
251
253
247
174
163
164
166
168
167
161
237
252
255
253
253
252
253
253
245
180
169
167
166
147
73
221
253
255
255
255
255
255
255
255
255
250
238
203
90
213
234
220
159
144
142
135
137
138
136
136
142
142
143
79
91
101
106
103
103
103
103
103
103
103
103
103
105
113
97
103
98
117
104
99
91
94
93
93
92
104
88
86
68
78
78
81
82
83
78
80
90
101
106
105
107
109
107
105
103
103
103
103
103
103
101
98
218
215
213
213
213
214
219
209
153
143
144
154
211
220
213
211
231
250
255
255
255
255
255
255
255
255
254
253
252
251
251
251
251
252
253
253
253
252
251
251
251
251
251
251
251
252
252
239
170
161
167
166
165
170
183
246
246
246
253
252
251
241
173
164
164
161
148
48
60
88
252
253
251
251
251
251
251
251
252
253
255
250
253
251
255
254
253
248
185
171
168
172
174
176
179
178
159
157
209
220
214
213
213
213
213
213
213
213
213
215
222
216
186
44
179
207
219
218
219
221
221
221
220
222
215
149
150
151
146
140
142
138
138
144
216
218
216
222
207
213
207
222
215
213
213
213
213
213
211
231
250
255
255
255
255
255
255
253
193
170
169
188
253
255
255
255
254
253
252
251
251
251
251
251
251
251
251
251
251
251
251
251
251
251
251
251
251
251
251
251
251
251
251
251
251
252
254
242
179
157
163
166
166
162
170
174
178
183
228
241
202
169
163
156
161
166
68
61
56
227
246
253
251
251
251
251
251
251
251
251
252
253
253
253
252
252
253
253
243
172
179
176
177
159
164
163
174
192
254
255
255
255
255
255
255
255
255
255
255
255
254
243
70
73
99
255
255
255
255
255
255
255
255
255
254
252
250
250
178
169
167
173
179
252
254
255
255
255
243
99
235
254
255
255
255
255
255
255
255
254
253
253
252
252
254
248
213
229
177
160
159
175
239
253
251
251
251
251
251
251
251
251
251
251
251
251
251
251
251
251
251
251
251
251
251
251
251
251
251
251
251
251
251
251
251
251
253
244
181
172
168
163
165
166
166
163
159
166
169
169
160
153
163
169
179
176
214
89
227
253
254
252
251
251
251
251
251
251
251
251
251
251
251
251
251
251
252
253
249
247
244
249
194
157
68
139
165
239
252
252
251
251
251
251
251
251
251
251
251
253
251
83
56
53
226
246
253
251
251
251
251
251
251
252
253
253
254
253
244
174
176
199
244
252
253
253
246
226
53
56
83
251
253
251
251
251
251
252
253
253
253
248
250
249
252
235
180
169
169
162
165
183
248
253
251
251
251
251
251
251
251
251
251
251
251
251
251
251
251
251
251
251
251
251
251
251
251
251
251
251
251
251
251
251
251
252
253
248
249
231
167
155
158
159
159
157
158
157
161
166
175
172
180
238
242
252
242
252
246
254
252
251
251
251
251
251
251
251
251
251
251
251
251
251
251
251
251
252
252
253
254
248
221
51
55
72
184
250
253
252
251
251
251
251
251
251
251
251
251
253
246
218
83
226
253
254
252
251
251
251
251
251
251
251
251
251
252
253
251
247
242
249
252
253
252
253
251
83
56
53
226
246
253
251
251
251
252
254
246
252
250
254
211
241
206
173
168
161
164
155
167
234
252
252
251
251
251
251
251
251
251
251
251
251
251
252
253
253
253
252
251
251
251
251
251
251
251
251
251
251
251
251
251
251
251
252
254
253
254
249
191
171
176
176
176
175
176
173
180
238
244
240
248
252
254
254
253
253
253
252
251
251
251
251
251
251
251
251
251
251
251
251
251
251
251
251
251
251
251
251
253
252
86
60
59
224
245
250
252
251
251
251
251
251
251
251
251
251
251
252
254
246
251
246
254
252
251
251
251
251
251
251
251
251
251
251
251
252
252
253
253
253
252
252
251
253
246
218
83
226
253
254
252
251
252
253
255
254
228
84
218
237
238
170
167
162
163
165
164
162
161
247
254
252
251
251
251
251
251
251
251
251
251
251
252
254
246
251
246
254
252
251
251
251
251
251
251
251
251
251
251
251
251
251
59
232
246
253
252
249
246
239
242
242
242
242
242
240
248
252
254
253
253
252
252
251
251
251
251
251
251
251
251
251
251
251
251
252
253
253
253
252
251
251
251
251
251
251
251
251
253
246
218
83
227
253
254
253
252
251
251
251
251
251
251
251
251
251
251
251
252
253
253
253
252
251
251
251
251
251
251
251
251
251
251
251
251
251
251
251
251
251
251
251
251
252
254
246
251
246
254
252
251
252
254
250
246
220
62
61
80
206
177
164
161
164
165
162
164
169
241
249
252
251
251
251
251
251
251
251
251
251
251
252
254
253
228
86
224
250
253
251
251
251
251
251
251
251
251
251
251
251
251
251
59
103
251
253
252
252
253
253
254
254
254
254
254
253
253
252
252
251
251
251
251
251
251
251
251
251
251
251
251
251
251
251
252
254
246
251
246
254
252
251
251
251
251
251
251
251
252
254
246
251
246
254
252
251
251
251
251
251
251
251
251
251
251
251
251
251
251
251
251
251
251
251
251
251
251
251
251
251
251
251
251
251
251
251
251
251
251
251
251
251
251
251
252
253
253
253
252
251
252
254
253
232
83
49
52
59
223
195
166
158
164
166
162
165
171
245
252
253
252
251
251
251
251
251
251
251
251
251
251
253
250
233
64
48
74
236
254
251
251
251
251
251
251
251
251
251
251
251
251
251
59
232
246
253
251
251
251
251
251
251
251
251
251
251
251
251
251
251
251
251
251
251
251
251
251
251
251
251
251
251
251
252
254
253
226
83
218
246
253
251
251
251
251
251
251
251
251
252
253
253
253
252
251
251
251
251
251
251
251
251
251
251
251
251
251
251
251
251
251
251
251
251
251
252
253
254
254
254
253
252
251
251
251
251
251
251
251
251
251
251
251
251
251
251
251
251
251
251
253
246
226
56
52
49
83
233
253
252
175
161
157
156
163
172
245
252
253
252
251
251
251
251
251
251
251
251
251
251
251
254
236
77
35
35
77
236
254
251
251
251
251
251
251
251
251
251
251
251
251
251
251
252
254
252
251
251
251
251
251
251
251
251
251
251
251
251
251
251
251
251
251
251
251
251
251
251
251
251
251
251
251
253
246
226
53
56
83
251
253
251
251
251
251
251
251
251
251
251
251
251
251
251
251
251
251
251
251
251
251
251
251
251
251
251
251
251
251
251
251
251
251
251
252
254
246
253
235
253
246
254
252
251
251
251
251
251
251
251
251
251
251
251
251
251
251
251
251
251
253
251
83
58
62
220
246
250
254
253
243
177
173
174
177
243
252
253
252
251
251
251
251
251
251
251
251
251
251
251
251
254
236
74
48
64
233
250
253
251
251
251
251
251
251
251
251
251
251
251
251
251
251
252
252
251
251
251
251
251
251
251
251
251
251
251
251
251
251
251
251
251
251
251
251
251
251
251
251
251
251
251
251
253
244
84
54
54
219
244
253
251
251
251
251
251
251
251
251
251
251
251
251
251
251
251
251
251
251
251
251
251
251
251
251
251
251
251
251
251
251
251
251
251
252
252
232
108
213
108
232
252
252
251
251
251
251
251
251
251
251
251
251
251
251
251
251
251
251
251
253
244
215
77
224
253
255
253
252
253
251
245
240
240
247
251
253
252
251
251
251
251
251
251
251
251
251
251
251
251
251
253
248
221
81
224
252
254
252
251
251
251
251
251
251
251
251
251
251
251
251
251
251
251
251
251
251
251
251
251
251
251
251
251
251
251
251
251
251
251
251
251
251
251
251
251
251
251
251
251
251
251
251
251
251
251
59
251
251
251
251
251
251
251
251
251
251
251
251
251
251
251
251
251
251
251
251
251
251
251
251
251
251
251
251
251
251
251
251
251
251
251
251
251
251
251
59
59
59
59
59
251
251
251
251
251
251
251
251
251
251
251
251
251
251
251
251
251
251
251
251
251
251
251
251
251
251
251
251
251
251
251
251
251
251
251
251
251
251
251
251
251
251
251
251
251
251
251
251
251
251
251
251
251
251
251
251
251
251
251
251
251
251
251
251
251
251
251
251
251
251
251
