241
241
241
241
241
241
241
241
241
241
241
241
241
241
241
241
241
241
241
241
241
241
241
241
241
241
241
241
241
241
241
241
241
241
241
241
241
241
241
241
241
241
241
241
241
241
241
241
241
241
241
241
241
241
241
241
241
241
241
241
241
241
241
241
241
241
241
241
241
241
241
241
241
241
241
241
241
241
241
241
241
241
241
241
241
241
241
241
241
241
101
241
241
241
241
241
241
241
241
241
241
241
241
241
241
241
241
241
241
241
241
241
241
241
241
241
241
241
241
241
241
241
241
241
241
241
241
241
241
241
241
241
241
241
241
241
241
241
241
241
241
241
241
241
241
241
241
241
241
241
241
241
241
241
241
241
241
241
241
241
241
241
241
241
241
241
241
241
241
241
241
241
241
241
241
241
241
241
241
241
241
241
241
241
241
241
241
241
241
241
241
241
241
241
241
241
241
241
241
241
241
241
241
241
241
241
241
241
241
241
241
241
241
241
241
241
241
241
241
241
241
241
241
241
241
241
241
241
241
241
241
241
241
241
241
241
244
235
217
99
99
120
235
244
241
241
241
241
241
241
241
241
241
241
241
243
245
247
248
251
244
238
228
228
227
231
236
241
241
241
241
241
241
241
241
241
241
241
241
241
241
242
244
245
244
242
241
241
241
241
241
241
241
241
241
241
241
241
241
241
241
241
241
241
241
241
241
241
241
241
241
241
241
241
241
241
241
241
241
241
241
241
241
241
241
241
241
241
241
241
241
241
241
241
241
241
241
241
241
241
241
241
241
241
241
241
241
241
241
241
241
241
241
241
241
241
241
241
241
241
241
241
241
241
241
241
241
241
241
241
241
241
241
241
241
241
241
241
241
241
241
241
241
241
241
241
245
240
119
100
98
222
237
244
241
241
241
241
241
241
241
241
241
241
245
240
235
236
233
238
227
165
140
145
141
148
214
248
244
241
241
241
241
241
241
241
241
241
241
241
242
248
237
242
239
251
245
242
241
241
241
241
241
241
241
241
241
241
241
241
241
241
241
241
241
241
241
241
241
241
241
241
241
241
241
241
241
241
241
241
241
241
241
241
241
241
241
241
241
241
241
241
241
241
241
241
241
241
241
241
241
241
241
241
241
241
241
241
241
241
241
241
241
241
241
241
241
241
241
241
241
241
241
241
241
241
241
241
241
241
241
241
241
241
241
241
241
241
241
241
241
241
241
241
241
241
244
237
217
119
222
244
248
242
241
241
241
241
241
241
241
242
243
248
246
236
159
157
202
148
137
132
124
122
118
123
199
242
249
245
245
244
242
241
241
241
241
241
241
242
248
244
223
126
213
237
239
248
242
241
241
241
241
241
241
241
241
241
241
241
241
241
241
241
241
241
241
241
241
241
241
241
241
241
241
241
241
241
241
241
241
241
241
241
241
241
241
241
241
241
241
241
241
241
241
241
241
241
241
242
244
245
244
242
241
241
241
241
241
241
241
241
241
241
241
241
241
241
241
241
241
241
241
241
241
241
241
241
241
241
241
241
241
241
241
241
241
241
241
241
241
241
241
241
241
241
242
248
237
240
237
248
242
241
241
241
241
241
241
243
246
248
243
244
239
173
126
129
129
130
123
129
131
132
130
131
139
223
251
241
241
237
248
242
241
241
241
241
241
244
237
223
105
103
100
119
221
237
244
242
244
245
244
242
241
241
241
241
241
241
241
241
241
241
241
241
241
241
241
241
241
241
241
241
241
241
241
241
241
241
241
241
241
241
241
241
241
241
241
241
241
241
241
241
241
241
241
241
242
248
237
240
237
248
242
241
241
241
241
241
241
241
241
241
241
241
241
241
241
241
241
241
241
241
241
241
241
241
241
241
241
241
241
241
241
241
241
241
241
241
241
241
241
241
241
241
241
242
244
245
244
242
241
241
241
241
241
241
244
239
235
229
208
182
182
134
126
126
128
128
128
129
128
130
130
127
130
148
229
221
120
217
237
244
241
241
241
241
241
245
240
121
96
78
78
96
121
240
246
248
237
240
237
248
242
241
241
241
241
241
241
241
241
241
241
241
241
241
241
241
241
241
242
245
248
249
250
250
250
249
248
244
242
241
241
241
241
241
241
241
241
241
241
241
241
241
241
242
248
244
222
119
217
237
244
241
241
241
241
241
241
241
241
241
241
241
241
241
241
241
241
241
241
241
241
241
241
241
241
241
241
241
241
241
241
242
243
243
242
241
241
241
241
241
241
241
241
241
241
241
241
241
241
241
241
241
241
241
246
242
176
140
137
137
131
131
124
128
133
127
132
136
148
134
127
128
128
133
148
102
104
119
240
245
241
241
241
241
241
244
237
221
119
100
103
105
223
238
250
244
222
119
217
237
244
241
241
241
241
241
241
241
241
241
241
241
241
241
241
241
242
244
244
238
231
227
228
228
228
225
232
236
243
241
241
241
241
241
241
241
241
241
241
241
241
241
241
244
237
222
98
100
119
240
245
241
241
241
241
241
241
241
241
241
241
241
241
241
243
243
242
241
241
241
241
241
241
241
241
241
241
241
241
241
241
241
237
242
245
252
249
248
247
246
244
242
241
243
245
249
250
249
247
245
244
243
242
241
249
236
162
119
121
127
129
128
133
138
177
189
141
209
229
168
135
130
128
130
96
96
104
224
237
244
241
241
241
241
241
242
248
239
237
213
126
223
244
250
238
222
98
100
119
240
245
241
241
241
241
241
241
241
241
241
241
241
241
241
242
244
246
243
245
204
153
140
145
145
145
139
152
228
247
241
241
241
241
241
241
241
241
241
241
241
241
241
241
245
240
119
100
98
222
237
244
241
241
241
241
241
241
241
241
241
241
241
241
244
238
242
239
245
241
241
241
241
241
241
241
242
245
248
248
248
250
250
210
188
227
230
229
236
234
239
237
246
248
245
238
230
225
228
240
240
245
241
246
244
250
238
164
122
128
131
127
130
148
225
240
233
238
241
246
243
194
134
130
128
119
113
230
246
247
242
241
241
241
241
241
241
242
245
251
239
242
237
248
246
240
119
100
98
222
237
244
241
241
241
241
241
241
241
241
241
241
241
241
241
245
242
237
209
179
178
125
117
117
118
118
109
132
216
247
241
241
241
241
241
241
241
241
241
241
241
241
241
241
245
241
223
127
228
247
249
242
241
241
241
241
241
241
241
241
241
241
243
248
245
226
172
232
244
245
241
241
241
241
241
241
242
236
231
222
236
236
238
193
136
139
146
142
169
193
146
211
242
241
235
183
142
142
141
173
230
177
202
236
240
249
244
169
132
128
129
128
136
220
247
250
247
246
245
247
250
241
176
124
126
125
174
242
253
242
241
241
241
241
241
241
241
241
241
242
244
245
244
242
244
237
217
119
222
244
248
242
241
241
242
242
241
241
241
241
241
241
241
241
245
244
235
159
135
137
131
129
134
146
142
144
136
157
229
247
241
241
241
241
241
241
241
241
241
242
244
245
244
243
245
244
228
224
230
246
247
242
241
241
241
241
241
241
241
241
241
243
240
236
229
154
132
166
241
246
244
241
241
241
241
243
247
217
147
136
150
211
156
135
129
122
123
124
130
129
129
143
236
230
147
128
125
120
123
134
135
139
133
158
236
248
247
227
145
121
128
134
205
245
246
241
241
241
241
241
246
247
188
133
125
125
168
237
246
243
241
241
241
241
241
241
241
241
241
241
241
241
241
242
245
251
239
242
237
248
242
241
241
242
248
242
241
241
241
241
241
241
241
243
243
239
164
128
124
126
123
127
150
226
212
107
201
227
239
244
241
241
241
241
241
241
241
241
242
248
237
240
237
251
240
211
142
141
146
220
240
244
241
241
241
241
241
241
241
241
241
246
246
194
138
130
123
128
187
245
248
245
242
241
241
243
247
209
130
112
132
139
134
125
128
128
128
129
128
129
123
136
214
207
131
122
129
130
128
128
126
125
122
131
178
240
251
245
160
128
122
184
242
248
242
241
241
241
241
241
243
242
240
172
132
123
133
191
247
244
241
241
241
241
241
241
241
241
241
241
241
241
242
248
237
242
239
251
245
242
241
241
242
248
244
231
101
241
241
241
241
241
241
246
248
191
136
125
127
130
134
146
218
228
109
110
127
247
248
242
241
241
241
241
241
241
241
242
248
244
222
119
217
241
236
148
127
114
122
147
231
246
241
241
241
241
241
241
241
241
242
246
237
174
118
119
121
123
131
195
239
240
244
241
241
244
251
215
139
124
132
129
129
125
126
134
135
136
128
132
130
137
143
141
135
126
125
133
131
132
126
131
130
130
130
176
243
246
223
133
124
189
246
248
241
241
241
241
241
241
241
245
248
232
151
119
125
184
243
247
240
241
241
241
241
241
241
241
241
241
241
242
248
244
222
119
217
237
244
241
241
241
244
237
222
112
101
241
241
241
241
241
244
248
240
174
123
126
129
133
184
244
240
124
101
98
222
237
244
241
241
241
241
241
241
241
241
244
237
222
98
100
119
244
245
207
132
124
128
149
232
246
241
241
241
241
241
241
241
241
243
249
202
132
130
140
148
133
131
129
149
232
249
249
245
246
241
205
128
125
132
130
130
136
140
175
219
148
127
125
129
129
128
125
132
132
138
149
209
149
133
128
125
128
124
133
197
253
231
141
122
190
247
248
241
241
241
241
241
241
241
241
251
236
157
120
129
188
247
248
241
241
241
241
241
241
241
241
241
241
241
244
237
222
98
100
119
240
245
241
241
241
245
240
119
105
101
241
241
241
241
241
244
242
195
132
127
125
121
166
238
252
242
218
119
222
244
248
242
241
241
241
241
241
241
241
241
245
240
119
100
98
222
240
252
221
154
119
137
219
245
245
241
241
241
241
241
241
241
240
245
246
196
122
127
210
240
201
132
120
127
168
228
232
238
248
239
149
134
127
130
126
134
178
233
241
242
227
146
133
130
128
131
126
128
179
182
223
238
241
190
140
135
132
122
127
191
252
229
138
116
182
239
246
241
241
241
241
241
241
241
241
250
234
158
120
124
183
239
245
241
241
241
241
241
241
241
241
241
241
241
245
240
119
100
98
222
237
244
241
241
241
244
237
217
117
241
241
241
241
241
243
248
214
140
124
124
132
141
191
244
247
248
237
240
237
248
242
241
241
241
241
241
241
241
241
241
244
237
217
119
222
243
249
249
211
136
121
134
219
246
249
242
241
241
241
241
241
241
240
246
247
198
124
134
224
253
248
191
129
125
134
141
140
196
242
244
206
130
127
128
133
159
242
249
249
247
242
240
191
136
131
131
128
139
192
249
245
248
247
242
235
176
137
121
131
195
252
238
148
124
135
208
248
243
241
241
241
241
241
241
241
250
234
155
123
125
138
206
248
244
241
241
241
241
241
241
241
241
241
241
244
237
217
119
222
244
248
242
241
241
241
242
248
237
235
241
241
241
241
241
244
248
209
135
120
133
147
227
239
241
243
242
244
245
244
242
241
241
241
241
241
241
241
241
241
241
242
248
237
240
237
248
244
248
216
141
125
124
113
221
237
244
241
241
241
241
241
241
240
246
247
198
122
133
219
252
248
243
173
130
124
124
121
134
216
254
219
140
124
125
137
222
245
245
241
242
246
250
242
178
125
125
122
168
236
248
244
242
243
246
251
232
148
121
126
187
244
248
210
123
124
200
246
244
241
241
241
241
241
241
241
249
231
153
121
120
129
196
246
244
241
241
241
241
241
241
241
241
241
241
242
248
237
240
237
248
242
241
241
241
241
241
242
244
244
241
241
241
241
241
246
246
208
133
120
136
219
248
248
243
241
242
244
248
249
248
245
242
241
241
241
241
241
241
241
241
241
243
247
251
251
250
247
251
245
195
122
88
104
124
242
245
241
241
241
241
241
241
240
246
247
198
123
134
221
251
247
248
236
156
122
126
116
128
208
248
211
130
124
131
152
236
249
241
241
241
241
250
248
184
126
94
127
176
249
247
241
241
241
241
251
232
153
120
130
158
230
253
217
132
126
204
249
245
241
241
241
241
241
241
241
247
239
158
129
123
138
206
248
244
241
241
241
241
241
241
241
241
241
241
241
242
244
245
244
242
241
241
241
241
241
241
241
241
241
241
241
241
241
243
243
230
159
130
120
144
224
252
248
249
250
251
242
234
223
233
240
247
244
241
241
241
241
241
241
241
242
245
240
234
225
235
235
242
243
199
115
89
104
217
240
244
241
241
241
241
241
241
241
247
249
202
128
127
215
243
248
246
234
154
130
141
138
139
212
235
150
129
123
133
213
242
245
241
241
241
240
249
238
174
95
92
117
234
249
245
241
241
241
241
249
230
151
119
125
187
242
252
214
133
121
198
242
246
241
241
241
241
241
241
241
244
244
223
136
121
184
240
247
241
241
241
241
241
241
241
241
241
241
241
241
241
241
241
241
241
241
241
241
241
241
241
241
241
241
241
241
241
241
245
239
174
133
124
127
160
233
244
235
228
230
231
215
145
139
142
207
240
243
248
243
241
241
241
241
241
246
243
224
151
141
149
205
159
168
190
128
93
146
231
253
242
241
241
241
241
241
241
241
246
241
194
124
127
160
237
253
246
177
127
143
225
231
182
218
226
143
121
123
144
220
251
244
241
241
241
240
250
240
123
97
97
150
233
247
248
242
241
241
241
249
230
151
118
132
196
251
253
214
135
119
144
222
248
241
241
241
241
241
241
241
243
253
231
145
119
183
241
246
241
241
241
241
241
241
241
241
241
241
241
241
241
241
241
241
241
241
241
241
241
241
241
241
241
241
241
241
241
241
247
233
169
126
122
132
211
245
220
153
155
144
146
136
128
118
127
132
155
226
237
239
243
241
241
241
243
244
230
142
124
121
130
129
132
132
136
134
122
148
230
251
241
241
241
241
241
241
241
243
250
221
142
127
124
141
227
253
250
175
118
153
241
252
242
247
227
147
123
122
137
214
248
241
241
241
241
240
249
238
172
100
123
143
118
222
237
244
241
241
241
249
230
151
119
126
189
242
253
214
138
115
138
217
250
244
241
241
241
241
241
241
243
244
223
136
124
158
224
250
241
241
241
241
241
241
241
241
241
241
241
241
241
241
241
241
241
241
241
241
241
241
241
241
241
241
241
241
241
241
250
234
154
125
131
142
215
229
145
128
121
120
119
125
130
132
130
126
129
136
193
249
250
243
242
242
251
243
160
102
119
124
124
121
120
121
125
130
124
150
230
251
242
241
241
241
241
241
241
245
242
206
131
125
129
132
158
236
234
167
118
151
233
251
245
245
219
136
123
127
144
223
247
241
241
241
241
240
249
245
180
126
120
92
102
121
240
245
241
241
241
249
230
151
122
125
138
214
253
214
137
116
131
209
240
244
241
241
241
241
241
241
247
239
162
128
118
174
231
242
243
241
241
241
241
241
241
241
241
241
241
241
241
241
241
241
241
241
241
241
241
241
241
241
241
241
241
241
241
243
243
225
143
123
129
184
168
138
134
124
130
140
143
137
129
129
130
130
125
124
169
228
237
237
243
245
240
223
104
91
102
137
144
146
145
144
136
131
121
137
221
243
242
241
241
241
241
242
244
251
235
154
130
124
101
119
131
142
146
135
124
151
234
249
243
244
167
138
121
129
199
242
246
241
241
241
241
240
248
244
181
128
96
101
107
223
237
244
241
241
241
248
229
147
120
124
138
211
253
222
143
122
132
152
238
245
241
241
241
241
241
241
249
232
155
118
126
142
211
250
241
241
241
241
241
241
241
241
241
241
241
241
241
241
241
241
241
241
241
241
241
241
241
241
241
241
241
241
241
248
245
166
132
126
137
137
136
128
124
127
136
210
228
143
95
131
136
140
128
130
138
142
160
222
245
249
243
124
100
93
129
181
236
230
229
235
195
135
124
135
164
247
243
241
241
241
241
243
239
238
211
135
116
97
109
109
135
124
124
119
126
173
238
245
244
245
220
139
119
137
208
252
246
241
241
241
241
240
248
243
181
125
115
113
227
247
248
242
241
241
241
246
237
163
128
126
185
240
252
242
197
123
128
212
242
245
242
244
245
244
242
241
250
234
154
121
131
186
240
242
241
241
241
241
241
241
241
241
241
241
241
241
241
241
241
241
241
241
241
241
241
241
241
241
241
241
241
241
243
245
231
153
123
129
133
132
127
125
127
134
198
242
223
103
94
120
223
158
124
128
125
124
139
222
246
249
235
163
95
118
164
241
253
251
251
253
243
179
120
138
225
244
243
241
241
241
241
248
242
174
136
133
103
96
113
204
140
118
129
133
150
228
242
243
244
245
222
139
120
128
197
240
245
241
241
241
241
240
248
243
180
127
118
161
237
253
242
241
241
241
241
244
244
219
133
120
189
241
252
251
203
128
128
214
245
247
248
237
240
237
248
242
251
235
156
117
159
233
246
245
241
241
241
241
241
241
241
241
241
241
241
241
241
241
241
241
241
241
241
241
241
241
241
241
241
241
241
241
245
245
179
133
127
131
132
129
133
136
153
205
245
245
124
105
102
234
245
173
133
127
127
129
203
241
245
250
242
172
123
121
170
241
250
241
241
249
246
185
122
138
225
245
243
241
241
241
243
246
230
153
119
125
123
98
145
214
171
136
135
188
236
241
245
241
246
238
158
131
123
132
147
227
246
241
241
241
241
240
248
243
182
126
120
162
237
249
241
241
241
241
241
242
251
224
143
119
139
211
252
247
199
126
121
153
234
253
244
222
119
217
237
245
247
231
149
119
132
190
247
244
241
241
241
241
241
241
241
241
241
241
241
241
241
241
241
241
241
241
241
241
241
241
241
241
241
241
241
241
247
239
170
122
126
132
128
129
139
216
236
240
247
240
217
119
222
247
250
229
145
126
125
136
209
250
244
248
241
171
122
131
175
246
246
241
240
247
243
181
121
133
174
247
243
241
241
241
244
245
181
130
140
142
138
97
131
211
239
231
189
205
249
247
242
241
248
230
152
122
125
127
197
240
245
241
241
241
241
240
248
243
180
126
120
161
235
249
241
241
241
241
241
241
249
221
142
114
131
204
248
251
206
136
117
141
226
245
222
98
100
119
240
249
245
190
136
120
132
190
246
244
241
241
241
241
241
241
241
241
241
241
241
241
241
241
241
241
241
241
241
241
241
241
241
241
241
241
241
241
245
247
189
137
129
131
130
135
213
247
249
245
244
248
237
240
237
248
252
233
157
126
122
134
206
248
243
248
239
168
117
138
226
241
246
241
240
247
244
182
119
135
224
243
242
241
241
240
248
241
175
123
136
205
105
90
103
147
241
248
245
238
240
241
241
241
250
235
154
125
124
135
207
249
244
241
241
241
241
241
248
245
183
126
119
160
236
249
241
241
241
241
241
241
249
221
142
116
136
208
251
250
239
181
118
143
232
251
120
100
98
222
237
252
243
177
126
121
165
236
246
243
241
241
241
241
241
241
241
241
241
241
241
241
241
241
241
241
241
241
241
241
241
241
241
241
241
241
241
241
245
242
229
150
126
126
126
189
241
248
242
241
241
242
244
245
244
242
248
232
159
126
123
135
206
248
244
245
245
175
127
129
175
245
246
241
240
247
244
184
122
146
234
253
242
241
241
240
248
243
177
123
149
114
121
99
127
126
152
239
246
247
242
241
241
244
245
228
147
125
122
131
201
247
244
241
241
241
241
242
246
239
175
124
121
160
235
249
241
241
241
241
241
241
249
221
143
119
129
202
242
253
245
186
121
131
225
239
219
119
222
244
253
251
239
166
122
125
175
244
249
241
241
241
241
241
241
241
241
241
241
241
241
241
241
241
241
241
241
241
241
241
241
241
241
241
241
241
241
241
247
249
183
134
128
127
136
201
249
244
241
241
241
241
241
242
244
245
251
235
161
128
122
132
204
246
243
243
245
231
148
117
166
241
250
241
240
247
244
182
120
134
222
241
242
241
241
240
248
243
177
120
140
206
134
214
162
119
126
170
244
247
243
241
241
245
241
166
130
125
128
139
210
249
243
241
241
241
241
244
249
202
137
125
123
161
235
249
241
241
241
241
241
241
249
222
143
121
127
143
225
252
250
193
132
126
160
246
244
240
238
251
242
239
181
133
123
137
192
245
244
241
241
241
241
241
241
241
241
241
241
241
241
241
241
241
241
241
241
241
241
241
241
241
241
241
241
241
241
241
245
235
167
123
126
125
174
238
246
243
241
241
241
241
242
248
237
241
246
242
168
126
127
140
212
248
243
241
251
238
159
118
159
236
246
243
240
247
244
182
121
130
165
246
244
241
241
240
248
243
177
120
152
227
253
240
177
128
121
137
197
241
242
242
241
246
243
167
130
124
126
185
240
247
241
241
241
241
240
245
244
195
131
122
124
160
235
249
241
241
241
241
241
241
248
224
144
125
121
138
216
253
244
231
157
114
152
236
253
248
250
242
215
141
134
128
120
152
232
246
242
241
241
241
241
241
241
241
241
241
241
241
241
241
241
241
241
241
241
241
241
241
241
241
241
241
241
241
241
241
248
194
135
129
127
128
182
245
249
241
241
241
241
242
248
244
222
121
220
223
148
121
126
188
240
246
241
241
248
233
155
118
131
189
250
245
240
246
244
179
119
135
225
243
244
241
241
240
248
243
177
118
149
235
253
246
235
151
127
122
134
204
248
244
240
246
239
224
140
122
131
192
247
248
241
241
241
241
240
246
246
195
131
122
123
158
234
248
241
241
241
241
241
241
247
223
157
123
122
141
219
253
248
190
133
121
158
229
244
238
253
234
146
125
124
126
130
164
242
248
241
241
241
241
241
241
241
241
241
241
241
241
241
241
241
241
241
241
241
241
241
241
241
241
241
241
241
241
241
241
245
187
126
125
127
127
178
243
247
240
241
241
242
246
240
224
99
107
119
166
135
119
128
193
247
247
241
241
247
240
160
123
118
176
241
248
242
246
248
194
131
137
224
245
243
241
241
240
248
241
175
118
140
229
247
249
244
231
147
122
124
197
246
244
240
247
244
171
134
123
129
190
246
247
240
241
241
241
240
246
246
197
133
122
133
166
243
247
241
241
241
241
241
241
247
230
147
130
120
142
219
253
247
190
132
120
153
198
146
193
238
214
136
125
126
129
147
230
242
243
241
241
241
241
241
241
241
241
241
241
241
241
241
241
241
241
241
241
241
241
241
241
241
241
241
241
241
241
241
241
246
190
130
126
129
128
180
243
248
240
241
242
248
240
241
115
111
104
213
149
124
130
144
205
245
243
241
241
243
241
230
142
128
132
202
246
251
252
251
236
152
132
173
248
243
241
241
241
244
245
179
126
126
162
238
244
249
245
215
127
126
200
246
245
241
251
241
164
125
122
130
189
246
247
240
241
241
241
241
247
248
199
134
122
137
222
238
247
241
241
241
241
241
241
246
243
208
130
119
141
218
251
248
235
166
124
135
130
133
133
147
142
134
123
126
137
222
243
245
241
241
241
241
241
241
241
241
241
241
241
241
241
241
241
241
241
241
241
241
241
241
241
241
241
241
241
241
241
241
241
245
186
128
125
128
129
183
243
248
240
242
248
244
224
115
196
119
227
178
133
123
154
229
240
241
243
241
241
241
246
245
217
131
122
134
208
238
234
238
181
129
139
222
243
242
241
241
241
243
242
239
160
125
130
187
247
249
251
218
133
126
202
248
245
243
247
236
157
103
119
127
189
246
247
240
241
241
241
241
246
240
190
127
125
133
166
242
247
241
241
241
241
241
241
246
244
209
134
119
139
219
248
251
243
174
126
126
130
128
127
126
124
128
134
141
212
243
246
242
241
241
241
241
241
241
241
241
241
241
241
241
241
241
241
241
241
241
241
241
241
241
241
241
241
241
241
241
241
241
241
249
195
137
130
127
127
178
244
248
240
244
237
222
99
108
120
244
190
131
127
136
193
244
249
242
241
241
241
241
242
249
231
160
122
128
139
153
163
117
125
120
147
231
252
241
241
241
241
241
245
246
228
141
117
168
238
250
253
219
136
119
195
239
244
247
241
177
102
98
97
128
190
245
247
240
241
241
241
243
249
213
138
128
127
123
157
234
248
241
241
241
241
241
242
249
232
152
130
121
140
219
249
249
239
169
124
127
130
127
126
124
121
121
165
233
243
244
242
241
241
241
241
241
241
241
241
241
241
241
241
241
241
241
241
241
241
241
241
241
241
241
241
241
241
241
241
241
241
241
241
243
231
163
124
126
127
179
245
249
241
245
240
120
103
106
230
210
137
128
139
222
240
241
242
241
241
241
241
241
241
244
243
208
132
124
120
120
92
94
98
119
148
228
250
241
241
241
241
241
241
248
239
155
124
127
192
250
250
216
131
126
153
228
246
249
238
120
95
97
121
125
188
244
246
240
241
241
241
243
247
205
132
123
130
125
160
235
249
241
241
241
241
241
243
241
215
133
124
121
138
217
248
248
245
174
131
129
137
140
142
144
143
147
192
247
248
242
241
241
241
241
241
241
241
241
241
241
241
241
241
241
241
241
241
241
241
241
241
241
241
241
241
241
241
241
241
241
241
241
241
250
198
139
131
130
129
179
246
253
253
253
249
230
125
225
220
150
128
134
218
253
254
253
253
253
253
253
253
253
253
253
253
253
199
147
139
115
101
107
138
134
156
236
254
253
253
253
253
253
253
253
253
236
147
133
136
208
233
149
129
129
202
250
253
254
248
176
104
126
133
143
205
254
253
252
253
253
252
253
254
216
138
127
133
129
166
245
254
252
253
253
253
253
253
254
173
143
128
134
153
235
254
253
253
239
157
125
162
199
212
244
241
241
247
253
253
253
253
253
253
253
253
253
253
253
253
253
253
253
253
253
253
253
253
251
249
245
242
241
241
241
241
241
241
241
241
241
241
241
241
247
199
135
115
124
125
132
187
227
222
220
227
220
222
152
134
124
110
120
191
221
216
212
212
212
212
212
212
212
212
212
216
218
210
155
170
124
86
111
165
141
126
203
219
214
215
217
215
214
212
214
218
214
193
126
120
132
133
127
112
118
180
221
216
217
218
159
115
117
119
153
213
216
214
212
212
212
212
214
219
186
117
111
116
112
139
211
218
212
212
212
212
212
215
211
192
117
109
112
180
212
215
213
221
215
145
119
126
170
224
222
222
220
217
214
213
212
212
212
212
212
212
212
212
212
212
212
212
212
212
212
212
212
212
210
222
231
244
241
241
241
241
241
241
241
241
241
241
241
241
249
230
121
102
108
105
107
113
123
133
129
130
123
120
109
100
108
114
125
129
135
134
134
134
134
134
134
134
134
134
134
134
138
132
137
129
128
119
124
130
127
128
131
142
143
131
133
130
140
135
134
135
138
131
116
99
94
96
99
107
119
130
135
136
137
133
130
116
104
99
116
131
139
134
134
134
134
134
134
135
128
123
118
121
119
126
131
136
134
134
134
134
134
135
137
131
126
117
125
130
138
135
134
140
128
118
101
105
120
133
138
134
134
134
134
134
134
134
134
134
134
134
134
134
134
134
134
134
134
134
134
134
134
134
130
139
235
245
241
241
241
241
241
241
241
241
241
241
241
241
249
238
170
118
123
121
97
116
118
137
178
120
114
116
114
120
157
225
222
216
214
213
212
212
212
212
212
212
212
212
212
212
213
214
216
218
220
221
221
220
220
224
212
218
207
198
91
188
209
215
212
212
216
221
188
134
138
129
129
160
224
220
214
212
213
215
220
218
148
130
165
218
216
212
212
212
212
212
213
214
216
219
222
222
221
218
215
213
212
212
212
212
212
212
214
216
219
220
219
216
214
213
212
219
213
144
115
119
166
218
217
212
212
212
212
212
212
212
212
212
212
212
212
212
212
212
212
212
212
212
212
212
212
212
210
222
231
244
241
241
241
241
241
241
241
241
241
241
241
241
249
242
176
126
126
103
105
108
131
118
136
139
127
133
135
162
240
251
253
253
253
253
253
253
253
253
253
253
253
253
253
253
253
253
253
253
253
253
253
253
254
253
234
139
219
117
112
131
253
253
253
253
253
251
243
236
231
220
169
236
252
253
253
253
253
253
253
246
238
231
241
250
253
253
253
253
253
253
253
253
253
253
253
253
253
253
253
253
253
253
253
253
253
253
253
253
253
253
253
253
253
253
252
254
244
164
124
132
192
253
254
253
253
253
253
253
253
253
253
253
253
253
253
253
253
253
253
253
253
253
253
253
253
253
251
249
245
242
241
241
241
241
241
241
241
241
241
241
241
241
245
244
177
126
92
92
91
117
92
92
92
123
131
143
213
238
241
245
241
241
241
241
241
241
241
241
241
241
241
241
241
241
241
241
241
241
241
241
241
244
237
222
98
110
93
110
98
222
237
244
241
241
241
242
245
248
250
242
242
239
245
241
241
241
241
241
241
244
246
247
246
243
241
241
241
241
241
241
241
241
241
241
241
241
241
241
241
241
241
241
241
241
241
241
241
241
241
241
241
241
241
241
241
249
235
158
121
124
180
245
241
242
237
248
242
241
241
241
241
241
241
241
241
241
241
241
241
241
241
241
241
241
241
241
241
241
241
241
241
241
241
241
241
241
241
241
241
241
241
241
244
243
235
162
134
118
143
109
107
104
141
140
187
238
242
248
244
241
241
241
241
242
244
245
244
242
241
241
241
241
241
241
241
241
241
241
241
241
241
245
240
119
100
105
207
127
222
244
248
242
241
241
241
241
241
241
242
242
243
242
242
241
241
241
241
241
241
241
241
241
241
241
241
241
241
241
241
241
241
241
241
241
241
241
241
241
241
241
241
241
241
241
241
241
241
241
241
241
241
241
241
241
241
248
234
156
122
127
143
204
228
121
216
237
244
241
241
241
241
241
241
241
241
241
241
241
241
241
241
241
241
241
241
241
241
241
241
241
241
241
241
241
241
241
241
241
241
241
241
241
241
244
241
236
227
229
229
217
127
217
231
231
239
245
246
242
241
241
241
241
242
248
237
240
237
248
242
241
241
241
241
241
241
241
241
241
241
241
241
244
237
217
119
226
235
244
237
248
242
241
241
241
241
241
241
241
241
241
241
241
241
241
241
241
241
241
241
241
241
241
241
241
241
241
241
241
241
241
241
241
241
241
241
241
241
241
241
241
241
241
241
241
241
241
241
241
241
241
241
241
241
241
241
247
241
166
131
121
130
179
102
103
119
240
245
241
241
241
241
241
241
241
241
241
241
241
241
241
241
241
241
241
241
241
241
241
241
241
241
241
241
241
241
241
241
241
241
241
241
241
241
241
244
247
249
251
253
240
243
240
253
248
245
243
241
241
241
241
241
242
248
244
222
119
217
237
244
241
241
241
241
241
241
241
241
241
241
241
241
242
248
237
240
238
250
246
244
242
241
241
241
241
241
241
241
241
241
241
241
241
241
241
241
241
241
241
241
241
241
241
241
241
241
241
241
241
241
241
241
241
241
241
241
241
241
241
241
241
241
241
241
241
241
241
241
241
241
241
241
241
241
241
241
243
244
225
142
122
135
103
104
100
222
237
244
241
241
241
241
241
241
241
241
241
241
241
241
241
241
241
241
241
241
241
241
241
241
241
241
241
241
241
241
241
241
241
241
241
241
241
241
241
241
241
241
241
242
244
245
244
242
241
241
241
241
241
241
241
241
244
237
222
98
100
119
240
245
241
241
241
241
241
241
241
241
241
241
241
241
241
242
244
245
244
242
241
241
242
244
245
244
242
241
241
241
241
241
241
241
241
241
241
241
241
241
242
244
245
244
242
241
241
241
241
241
241
241
241
241
241
241
241
241
241
241
241
241
241
241
241
241
241
241
241
241
241
241
241
241
241
241
241
241
241
251
231
150
119
130
175
123
226
243
248
242
241
241
241
241
241
241
241
241
241
241
241
241
241
241
241
241
241
241
241
241
241
241
241
241
241
241
241
241
241
241
241
241
241
241
241
241
241
241
241
241
241
241
241
241
241
241
241
241
241
241
241
241
241
241
245
240
119
100
98
222
237
244
241
241
241
241
241
241
241
241
241
241
241
241
241
241
241
241
241
241
241
242
248
237
240
237
248
242
241
241
241
241
241
241
241
241
241
241
241
242
248
237
240
237
248
242
241
241
241
241
241
241
241
241
241
241
241
241
241
241
241
241
241
241
241
241
241
241
241
241
241
241
241
241
241
241
241
241
241
250
227
148
117
136
191
245
241
247
242
241
241
241
241
241
241
241
241
241
241
241
241
241
241
241
241
241
241
241
241
241
241
241
241
241
241
241
241
241
241
241
241
241
241
241
241
241
241
241
241
241
241
241
241
241
241
241
241
241
241
241
241
241
241
241
244
235
214
115
219
242
248
242
241
241
241
241
241
241
241
241
241
241
241
241
241
241
241
241
241
241
241
242
242
226
133
226
242
242
241
241
241
241
241
241
241
241
241
241
241
242
242
226
133
226
242
242
241
241
241
241
241
241
241
241
241
241
241
241
241
241
241
241
241
241
241
241
241
241
241
241
241
241
241
241
241
241
241
241
241
247
227
147
121
133
200
249
247
242
241
241
241
241
241
241
241
241
241
241
241
241
241
241
241
241
241
241
241
241
241
241
241
241
241
241
241
241
241
241
241
241
241
241
241
241
241
241
241
241
241
241
241
241
241
241
241
241
241
241
241
241
241
241
241
241
241
241
241
241
241
241
241
241
241
241
241
241
241
241
241
241
241
241
241
241
241
241
241
241
241
241
241
241
241
101
101
101
241
241
241
241
241
241
241
241
241
241
241
241
241
241
241
101
101
101
241
241
241
241
241
241
241
241
241
241
241
241
241
241
241
241
241
241
241
241
241
241
241
241
241
241
241
241
241
241
241
241
241
241
241
241
239
136
131
127
202
246
241
241
241
241
241
241
241
241
241
241
241
241
241
241
241
241
241
241
241
241
241
241
241
241
241
241
241
241
241
241
241
241
241
241
241
241
241
241
