248
248
248
248
248
248
248
248
248
248
248
248
248
248
248
248
248
248
248
248
248
248
248
248
248
248
248
248
248
248
248
248
248
248
248
79
79
79
248
248
248
248
248
248
248
248
248
248
248
248
248
248
248
248
248
248
248
248
248
248
248
248
248
248
248
248
248
248
248
248
248
248
248
248
248
248
248
248
248
248
248
248
79
248
248
248
248
248
248
248
248
248
248
248
248
248
248
248
248
248
248
248
248
248
248
248
248
248
248
248
248
248
248
248
248
248
248
248
248
248
248
248
248
248
248
248
248
248
248
248
248
248
248
248
248
248
248
248
248
248
248
248
248
248
248
248
248
248
79
79
248
248
248
248
248
248
248
248
248
248
248
248
248
248
248
248
248
248
248
248
248
248
248
250
255
250
223
95
216
242
251
248
251
242
99
82
92
238
250
250
248
248
248
248
248
248
248
248
248
248
248
248
248
248
248
248
248
248
248
248
248
248
248
248
248
248
248
248
248
248
248
248
248
250
255
250
223
95
220
235
223
76
76
102
242
251
248
248
248
248
248
248
248
248
248
248
248
248
248
248
248
248
248
248
248
248
248
248
248
248
248
248
248
248
248
248
248
248
248
248
250
255
250
223
95
216
244
253
252
251
250
248
248
248
248
248
248
248
248
248
248
248
248
248
248
251
242
99
82
79
248
248
248
248
248
248
248
248
248
248
248
248
248
248
248
248
248
250
251
252
251
250
248
251
244
226
74
77
100
248
252
248
251
244
220
100
226
251
255
250
248
248
248
248
248
248
248
248
248
248
248
248
248
248
248
248
248
248
248
248
248
248
248
248
248
248
248
248
248
248
248
248
248
251
244
226
74
77
105
248
105
77
74
226
244
251
248
248
248
248
248
248
248
248
248
248
248
248
248
248
248
248
248
248
248
248
248
248
248
248
248
248
248
248
248
248
248
248
248
248
251
244
226
74
77
102
254
248
248
244
255
250
248
248
248
248
248
248
248
248
248
248
248
248
248
251
244
220
99
248
248
248
248
248
248
248
248
248
248
248
248
248
248
248
248
248
250
255
244
248
244
255
250
252
248
100
77
74
226
244
251
248
250
255
244
248
244
255
250
248
248
248
248
248
248
248
248
248
248
248
248
248
248
248
248
248
248
248
248
248
248
248
248
248
248
248
248
248
248
248
248
248
248
253
249
104
82
80
237
244
226
102
226
251
255
250
248
248
248
248
248
248
248
248
248
248
248
248
248
248
248
248
248
248
248
248
248
248
248
248
248
248
248
248
248
248
248
248
248
248
252
248
100
77
76
234
246
229
100
220
244
251
248
248
248
248
248
248
248
248
248
248
248
248
248
250
255
244
242
248
248
248
248
248
248
248
248
248
248
248
248
248
248
248
248
250
255
251
226
100
220
244
251
251
244
220
100
226
251
255
250
248
248
250
251
252
251
250
248
248
248
248
248
248
248
248
248
248
248
248
248
248
248
248
248
248
248
248
248
248
248
248
248
248
248
248
248
248
248
248
250
251
252
255
243
218
97
220
241
255
246
255
250
255
252
249
248
248
248
248
249
250
250
250
250
250
252
254
255
255
253
251
251
250
250
249
248
248
248
248
248
248
248
248
248
248
248
248
248
248
251
244
220
100
229
246
234
76
77
100
248
252
248
248
248
248
248
248
248
248
248
248
248
248
248
248
250
251
251
248
248
248
248
248
248
248
248
248
248
248
248
248
248
248
248
251
244
226
74
77
100
248
252
250
255
244
248
244
255
250
248
248
248
248
248
248
248
248
248
248
248
248
248
248
248
248
248
248
248
248
248
248
248
248
248
248
248
248
248
249
249
248
248
248
248
248
248
248
248
250
255
244
248
250
255
201
207
182
162
159
225
245
237
243
244
250
248
248
248
248
250
246
244
245
252
252
245
238
235
234
244
251
251
250
249
255
252
250
249
248
248
248
248
248
248
248
248
248
248
248
250
255
244
248
248
254
102
77
74
226
244
251
248
248
248
248
248
248
248
248
248
248
248
248
248
248
248
248
248
248
248
248
248
248
248
248
248
248
248
248
248
248
248
248
248
252
248
100
77
74
226
244
251
248
250
251
252
251
250
248
248
248
248
248
250
251
253
255
254
252
250
249
248
248
248
248
248
248
248
248
248
248
248
248
250
251
253
255
254
254
253
252
251
249
248
248
248
248
250
255
251
226
102
229
241
199
144
150
139
142
149
158
154
171
243
253
248
248
248
248
251
249
198
210
245
246
187
154
155
152
165
236
222
175
234
240
246
252
255
251
250
248
248
249
250
253
254
255
254
252
250
250
251
252
253
245
220
100
226
251
255
250
248
248
248
248
248
248
248
248
248
248
248
248
248
248
248
248
248
248
248
248
248
248
248
248
248
248
248
248
248
248
248
248
248
251
244
220
100
226
251
255
250
248
248
248
248
248
248
248
248
248
248
248
250
244
239
232
237
245
250
251
248
248
248
248
248
248
248
248
248
248
250
251
253
248
241
235
237
224
227
241
245
250
248
248
248
248
251
244
226
76
85
104
214
98
126
140
146
143
140
138
132
159
239
255
249
248
248
248
253
246
188
162
223
190
145
135
136
135
144
153
152
152
150
156
188
239
242
245
250
253
254
255
251
244
235
236
236
245
252
255
255
253
253
255
244
248
244
255
250
248
248
248
248
248
248
248
248
248
248
248
248
248
248
248
248
248
248
248
248
248
248
248
248
248
248
248
248
248
248
248
248
248
248
250
255
245
251
248
255
253
250
249
248
248
248
248
248
248
248
248
248
250
255
234
161
149
153
189
248
254
253
250
248
248
248
248
248
248
249
251
253
249
245
209
157
157
156
157
153
174
234
255
253
249
248
248
252
248
100
82
70
192
77
79
84
146
148
146
148
147
143
154
234
250
250
248
248
248
253
249
186
148
201
177
142
143
147
145
143
141
139
141
139
140
149
156
172
221
251
243
233
237
235
171
155
156
154
173
237
239
236
239
247
252
252
252
251
250
248
248
248
248
248
248
248
248
248
248
248
248
248
248
248
248
248
248
248
248
248
248
248
248
248
248
248
248
248
248
248
248
248
249
250
253
255
252
255
244
247
245
252
255
251
250
248
248
248
248
248
248
249
252
251
220
139
131
138
143
186
242
248
251
252
248
248
249
250
253
255
251
246
218
155
146
141
133
137
137
134
140
207
244
247
251
249
248
251
244
220
108
227
108
86
73
136
141
143
143
147
143
144
141
164
247
254
248
248
248
253
250
190
147
150
154
146
145
147
146
146
146
145
146
146
145
142
137
138
201
252
206
166
159
152
145
136
135
136
146
153
160
156
163
208
249
252
251
248
248
248
248
248
248
248
248
248
248
248
248
248
248
248
248
248
248
248
248
248
248
248
248
248
248
248
248
248
248
248
248
248
249
250
253
250
245
238
225
171
218
163
183
240
245
248
251
250
248
248
248
248
248
250
250
236
157
146
143
144
144
148
147
201
242
248
250
248
250
245
242
237
229
165
146
144
138
146
152
153
148
141
147
148
164
233
250
250
248
250
255
244
253
237
195
85
134
145
148
154
161
156
134
83
119
150
234
254
248
248
248
253
250
192
141
137
144
144
143
141
141
141
141
141
143
142
145
147
144
144
152
209
230
165
136
140
143
146
146
146
145
139
138
137
142
149
205
251
253
251
249
248
248
248
248
248
248
248
248
248
248
248
248
248
248
248
248
248
248
248
248
248
248
248
248
248
248
248
248
248
248
248
251
246
245
233
171
157
150
153
143
146
144
162
181
210
249
253
253
250
248
248
248
253
243
181
142
139
141
140
139
134
139
146
213
255
251
248
253
242
171
153
156
145
137
141
135
140
185
188
140
137
141
136
142
190
243
251
248
248
250
251
255
242
181
144
138
148
149
219
233
156
66
78
87
166
245
254
248
248
248
253
250
193
141
140
147
144
150
157
153
155
158
166
150
147
142
144
146
143
147
158
163
157
146
146
145
146
143
141
140
140
143
145
143
142
150
206
247
249
253
250
248
248
248
248
248
248
248
248
248
248
248
248
248
248
248
248
248
248
248
248
248
248
248
248
248
248
248
248
249
250
255
251
188
150
146
137
135
136
137
138
139
141
143
147
196
244
249
252
251
250
249
253
236
162
139
142
150
154
164
152
136
183
235
249
251
248
254
236
155
134
141
142
144
152
151
162
210
200
164
156
148
141
140
166
238
255
250
248
248
250
252
224
166
139
145
154
218
255
251
103
77
83
221
241
245
250
248
248
248
253
250
193
142
141
147
138
149
223
234
169
233
245
223
166
150
144
139
144
143
143
143
144
145
144
141
139
148
152
162
149
143
138
143
141
143
150
169
224
244
250
249
248
248
248
248
248
248
248
248
248
248
248
248
248
248
248
248
248
248
248
248
248
248
248
248
248
248
248
252
249
248
233
163
138
141
141
149
153
161
148
143
136
137
143
147
154
208
243
248
251
250
254
234
156
136
141
171
236
244
223
173
153
211
252
251
248
254
237
158
137
144
140
139
170
234
243
242
241
240
241
182
146
139
148
227
249
251
248
248
251
255
217
152
138
138
197
244
255
248
222
102
228
252
255
251
249
248
248
248
253
250
194
142
142
146
145
154
242
251
250
249
255
250
246
212
159
150
147
144
146
146
146
141
146
152
159
169
236
242
217
159
162
154
146
143
144
143
147
221
254
250
248
248
248
248
248
248
248
248
248
248
248
248
248
248
248
248
248
248
248
248
248
248
248
248
248
248
250
250
244
185
152
151
141
140
139
155
233
244
217
159
157
149
140
132
139
143
150
220
248
253
255
236
160
133
140
176
251
255
252
240
188
206
249
251
248
253
245
165
145
142
149
158
205
254
255
253
254
254
255
244
171
137
140
160
241
252
248
250
255
250
208
138
141
148
169
231
255
255
244
248
244
255
250
248
248
248
248
248
253
250
192
141
141
142
151
222
249
252
251
250
250
251
253
251
244
195
143
142
146
144
141
145
152
228
238
244
251
255
248
243
241
206
151
144
143
133
150
217
253
250
248
248
248
248
248
248
248
248
248
248
248
248
248
248
248
248
248
248
248
248
248
248
248
248
248
248
253
253
192
144
137
136
145
151
166
209
251
255
248
243
238
204
158
155
145
130
135
155
231
243
248
233
161
134
146
184
251
253
252
248
246
244
247
249
248
250
250
232
151
135
165
237
250
248
251
248
248
248
255
250
178
143
133
155
235
255
251
255
252
233
96
128
137
142
200
246
251
250
251
252
251
250
248
248
248
248
248
248
253
250
192
141
141
141
153
230
255
250
248
248
248
248
249
255
253
202
143
139
144
144
147
167
235
252
255
253
251
250
251
253
255
254
199
133
86
127
150
224
255
251
248
248
248
248
248
248
248
248
248
248
248
248
248
248
248
248
248
248
248
248
248
248
248
248
248
250
251
243
179
136
148
152
164
227
243
246
249
251
251
253
254
247
243
238
192
150
151
224
242
175
164
220
155
134
166
240
251
250
248
250
250
250
250
249
248
249
255
239
159
135
165
242
254
252
248
248
248
248
251
251
209
155
136
149
230
250
253
244
226
82
74
82
139
148
207
254
252
248
248
248
248
248
248
248
248
248
248
248
253
250
192
141
141
138
156
227
254
249
248
248
248
248
248
251
254
201
144
144
142
147
181
240
251
252
250
248
248
248
248
248
255
247
191
75
75
82
143
216
248
251
248
248
248
248
248
248
248
248
248
248
248
248
248
248
248
248
248
248
248
248
248
248
248
248
248
252
254
198
148
140
146
203
210
245
255
254
252
250
248
248
250
251
255
253
247
237
242
248
236
154
140
146
150
137
175
246
255
248
248
248
248
248
248
248
248
248
255
236
156
134
146
179
250
253
248
248
248
248
249
253
243
168
136
141
161
242
255
248
102
84
72
137
136
143
201
252
252
248
248
248
248
248
248
248
248
248
248
248
253
251
193
143
142
139
153
227
254
249
248
248
248
248
248
250
252
246
191
141
141
142
215
247
253
250
248
248
248
248
248
248
255
248
104
77
75
135
141
154
229
253
249
248
248
248
248
248
248
248
248
248
248
248
248
248
248
248
248
248
248
248
248
248
248
248
250
251
243
182
137
139
153
154
165
228
240
244
247
251
249
248
248
248
249
250
252
253
254
255
208
163
142
140
141
141
176
248
255
250
249
248
248
248
248
248
248
248
253
242
163
140
135
169
242
254
249
248
248
248
248
255
245
173
137
143
163
244
255
245
222
99
183
146
137
136
197
251
253
248
248
248
248
248
248
248
248
248
248
249
255
255
198
144
141
140
155
229
255
250
248
248
248
248
248
250
255
251
196
137
145
145
156
230
253
249
248
248
248
248
248
248
255
246
184
85
133
146
139
150
222
253
249
248
248
248
248
248
248
248
248
248
248
248
248
248
248
248
248
248
248
248
248
248
248
248
252
255
201
147
143
145
144
140
146
154
163
172
242
251
251
249
248
248
248
248
248
248
249
246
245
235
154
144
138
138
166
234
250
251
254
250
249
248
248
248
248
248
251
249
214
148
135
158
213
252
251
248
248
248
248
255
243
172
137
142
227
243
254
255
248
222
150
149
140
141
204
253
251
248
248
248
248
248
248
248
248
248
250
255
248
250
189
152
143
141
152
223
250
251
248
248
248
248
250
255
252
232
95
127
140
137
148
220
253
249
248
248
248
248
248
248
253
253
201
145
138
148
139
154
226
254
249
248
248
248
248
248
248
248
248
248
248
248
248
248
248
248
248
248
248
248
248
248
248
250
250
241
184
132
139
143
142
138
140
140
138
143
166
246
252
254
250
249
248
248
248
248
249
250
253
250
240
168
154
150
148
151
183
240
247
250
251
248
248
248
248
248
250
255
234
155
135
143
183
250
255
248
248
248
248
255
243
172
137
142
164
243
253
251
254
216
146
135
140
197
247
253
250
248
248
248
248
248
248
248
248
250
255
250
229
102
168
143
142
143
146
167
238
253
248
248
248
248
251
244
226
80
77
83
143
139
151
223
253
250
248
248
248
248
248
248
251
253
207
150
141
143
137
154
224
254
249
248
248
248
248
248
248
248
248
248
248
248
248
248
248
248
248
248
248
248
248
248
248
250
255
212
154
143
144
160
165
156
149
140
141
138
144
169
241
248
250
252
248
248
248
248
248
248
249
252
251
242
218
144
137
138
143
149
194
247
251
251
248
248
248
248
249
255
234
157
135
138
172
242
252
250
248
248
248
255
243
172
135
140
159
242
252
250
253
223
155
140
141
198
249
253
249
248
248
248
248
248
248
248
248
251
244
226
75
82
87
150
142
143
139
152
228
253
249
248
250
251
255
251
102
81
76
173
143
135
150
223
253
250
248
248
248
248
248
248
250
250
248
196
146
143
139
150
227
253
249
248
248
248
248
248
248
248
248
248
248
248
248
248
248
248
248
248
248
248
248
248
248
251
251
240
183
132
145
208
243
237
187
174
154
144
138
146
154
196
243
250
250
248
248
248
248
248
248
249
254
245
166
148
149
146
141
132
142
197
250
250
249
248
248
248
248
254
231
158
136
141
151
200
251
251
248
248
248
255
246
174
134
149
230
250
250
250
252
241
202
137
140
148
209
253
250
248
248
248
248
248
248
248
248
252
248
100
78
80
228
187
148
145
138
152
230
255
249
250
255
244
251
238
228
104
228
201
156
135
149
226
255
251
248
248
248
248
248
248
248
251
253
247
185
137
142
189
242
253
249
248
248
248
248
248
248
248
248
248
248
248
248
248
248
248
248
248
248
248
248
248
249
250
249
204
145
141
167
231
255
253
248
242
234
159
149
138
139
144
189
255
253
249
248
248
248
248
248
248
253
233
159
146
196
225
160
143
136
153
217
252
251
248
248
248
248
252
240
160
144
139
140
182
247
254
248
248
251
253
240
167
132
158
237
255
249
250
253
222
156
141
137
142
203
253
251
248
248
248
248
248
248
248
248
251
244
220
100
228
255
253
178
140
136
153
230
255
250
255
251
226
102
228
238
253
245
255
189
142
141
216
246
252
248
248
248
248
248
248
248
248
255
251
193
141
140
216
248
251
249
248
248
248
248
248
248
248
248
248
248
248
248
248
248
248
248
248
248
248
248
248
251
253
211
145
137
147
213
250
252
250
252
255
252
237
153
145
137
137
176
239
250
249
249
248
248
248
248
248
255
234
153
152
238
248
249
206
147
146
203
248
251
248
248
248
248
251
250
226
148
138
141
183
249
255
248
249
251
250
181
147
132
153
232
254
248
250
253
215
142
140
138
172
227
252
251
248
248
248
248
248
248
248
248
250
255
244
248
244
255
251
187
142
136
158
232
255
252
244
226
74
77
102
250
255
254
255
244
175
138
146
232
254
249
248
248
248
248
248
248
248
253
249
191
141
139
162
236
255
253
251
250
248
248
248
248
248
248
248
248
248
248
248
248
248
248
248
248
248
248
248
251
251
204
139
132
200
248
253
249
248
248
249
252
250
232
153
143
140
148
176
229
252
250
248
248
248
248
248
255
233
155
139
179
254
255
249
238
196
206
249
251
248
248
248
248
250
255
230
154
135
141
179
245
251
250
251
252
213
158
137
140
158
240
252
248
250
251
245
204
139
136
172
228
252
251
248
248
248
248
248
248
248
248
248
250
251
252
250
255
247
185
142
137
148
226
250
255
248
100
77
74
226
244
251
248
255
249
184
131
142
223
253
251
248
248
248
248
248
248
248
253
250
189
140
132
150
231
250
250
244
255
250
248
248
248
248
248
248
248
248
248
248
248
248
248
248
248
248
248
248
251
252
206
140
140
206
255
253
248
248
248
248
249
252
250
225
145
140
137
156
211
251
251
248
248
248
248
249
255
234
154
129
170
242
255
253
251
247
245
248
249
248
248
248
248
249
253
235
154
143
141
155
206
254
254
253
252
185
142
137
147
228
248
251
248
248
253
254
214
146
134
148
208
253
251
248
248
248
248
248
248
248
248
248
248
248
248
248
253
246
181
139
139
143
162
239
255
244
220
100
226
251
255
250
248
255
247
182
137
140
193
244
251
248
248
248
248
248
248
248
253
249
190
142
134
157
226
232
101
220
244
251
248
248
248
248
248
248
248
248
248
248
248
248
248
248
248
248
248
248
251
252
208
139
137
204
253
253
248
248
248
248
248
250
254
242
188
144
136
141
194
250
253
248
248
248
248
249
254
233
154
133
173
243
255
248
250
250
250
250
249
248
248
248
248
248
251
249
220
144
134
145
194
253
251
242
220
166
134
139
181
243
253
250
248
248
251
251
207
142
130
144
207
253
252
248
248
248
248
248
248
248
248
248
248
248
248
248
251
252
186
146
141
137
155
233
255
255
244
248
244
255
250
248
248
255
247
181
138
138
156
236
255
250
248
248
248
248
248
248
253
250
188
141
137
150
203
82
78
100
248
252
248
248
248
248
248
248
248
248
248
248
248
248
248
248
248
248
248
248
251
253
207
138
135
202
253
253
248
248
248
248
248
248
251
253
220
149
138
150
202
253
251
248
248
248
248
250
252
217
151
133
173
244
255
248
250
251
252
251
250
248
248
248
248
248
250
255
228
151
134
143
187
239
201
156
152
148
145
159
231
249
251
248
248
248
250
254
216
151
138
140
201
246
252
248
248
248
248
248
248
248
248
248
248
248
248
248
250
251
242
172
140
138
151
230
251
251
251
252
251
250
248
248
248
254
250
182
141
137
147
226
249
251
248
248
248
248
248
248
253
249
192
143
138
156
88
86
76
226
244
251
248
248
248
248
248
248
248
248
248
248
248
248
248
248
248
248
248
248
251
253
207
138
134
203
253
253
248
248
248
248
248
248
251
255
221
148
131
179
238
250
251
248
248
248
248
252
245
193
143
131
170
241
255
249
255
244
248
244
255
250
248
248
248
248
249
253
223
148
135
146
154
156
150
139
132
139
176
235
249
251
249
248
248
248
248
252
247
201
140
139
153
220
255
254
252
251
250
248
248
248
248
248
248
248
248
248
248
255
249
183
141
140
148
185
247
252
248
248
248
248
248
248
250
251
241
173
138
142
145
160
242
252
248
248
248
248
248
248
253
250
187
140
139
141
192
101
229
251
255
250
248
248
248
248
248
248
248
248
248
248
248
248
248
248
248
248
248
248
251
253
208
137
136
202
251
252
248
248
248
248
248
248
250
254
223
149
137
150
204
254
251
248
248
248
248
253
241
166
137
143
175
250
254
254
251
226
100
220
244
251
248
248
248
248
249
253
232
156
142
142
143
142
140
146
148
159
225
253
252
249
248
248
248
248
248
252
254
208
145
134
140
205
253
247
250
244
255
250
248
248
248
248
248
250
252
252
251
255
246
178
140
142
143
173
238
253
248
248
248
248
248
248
250
254
199
154
142
143
138
159
232
254
248
248
248
248
248
248
253
249
187
138
140
152
153
234
249
255
250
248
248
248
248
248
248
248
248
248
248
248
248
248
248
248
248
248
248
248
251
249
202
140
145
212
255
251
248
248
248
248
248
248
251
254
234
180
132
137
189
248
253
248
250
251
252
255
239
159
131
161
237
250
253
243
226
74
77
100
248
252
248
248
248
248
248
251
249
218
145
140
146
144
136
138
195
242
247
250
249
248
248
248
248
248
248
251
251
202
142
136
145
162
224
231
101
220
244
251
248
248
248
248
251
250
243
239
241
255
252
181
141
144
140
166
241
255
249
248
248
248
248
248
250
249
242
176
141
145
138
155
234
255
248
248
248
248
248
248
253
248
181
135
140
139
155
232
255
250
248
248
248
248
248
248
248
248
248
248
248
248
248
248
248
248
248
248
248
248
253
239
181
137
181
240
251
251
248
248
248
248
248
248
251
247
218
142
139
147
202
253
251
250
255
244
249
252
247
161
133
170
245
255
253
248
100
77
74
226
244
251
248
248
248
248
248
251
255
224
151
139
145
145
147
157
220
255
253
250
248
248
248
248
248
248
248
251
253
211
149
142
139
144
195
81
81
101
248
252
248
248
249
250
253
250
202
146
209
253
247
170
146
144
142
151
233
250
250
248
248
248
248
248
248
253
251
205
152
143
137
155
234
255
248
248
248
248
248
248
253
250
186
139
143
138
152
228
255
249
248
248
248
248
248
248
248
248
248
248
248
248
248
248
248
248
248
248
248
248
251
249
202
140
145
212
255
251
248
248
248
248
248
249
253
227
143
139
143
189
247
250
251
255
251
226
103
224
230
158
132
167
242
255
251
244
220
100
226
251
255
250
248
248
248
248
248
250
253
220
148
138
143
145
192
240
246
249
249
248
248
248
248
248
248
248
248
249
251
245
194
139
141
149
87
83
83
229
246
252
248
250
251
252
249
208
139
142
195
231
103
152
141
147
142
146
164
246
253
248
248
248
248
248
248
254
249
198
148
143
137
153
233
255
250
251
252
251
250
248
252
251
215
160
141
137
152
228
255
249
248
248
248
248
248
248
248
248
248
248
248
248
248
248
248
248
248
248
248
248
253
255
210
138
133
200
251
252
248
248
248
248
248
251
255
223
147
130
182
244
253
251
251
244
226
74
83
96
182
149
135
167
242
255
250
255
244
248
244
255
250
248
248
248
248
248
248
249
253
227
154
143
140
150
207
255
255
250
248
248
248
248
248
248
248
248
248
248
252
253
204
147
141
141
129
87
207
248
254
255
255
255
250
236
181
146
141
140
182
80
83
88
168
145
144
136
160
236
254
248
248
248
248
248
248
254
248
180
141
142
137
154
234
255
255
244
248
244
255
250
251
252
217
164
142
137
154
228
255
249
248
248
248
248
248
248
248
248
248
248
248
248
248
248
248
248
248
248
248
248
252
248
203
135
140
207
255
255
249
248
248
248
249
252
251
222
142
135
186
249
255
248
252
248
100
77
82
216
145
139
136
167
242
255
248
250
251
252
251
250
248
248
248
248
248
248
248
248
252
248
212
143
137
146
200
250
253
248
248
248
248
248
248
248
248
248
248
248
250
252
226
168
139
146
143
151
159
185
233
239
237
240
221
152
144
143
141
148
81
77
87
225
174
144
145
139
158
239
255
248
248
248
248
248
248
254
248
186
142
144
138
156
236
255
251
226
100
220
244
251
251
250
204
153
140
134
150
226
254
249
248
248
248
248
248
248
248
248
248
248
248
248
248
248
248
248
248
248
248
250
253
216
150
135
141
196
243
248
249
249
248
249
251
250
232
151
142
143
187
253
254
252
253
245
220
100
234
241
172
137
138
167
242
255
248
248
248
248
248
248
248
248
248
248
248
248
248
248
251
254
217
146
136
143
174
230
252
250
248
248
248
248
248
248
248
248
248
248
248
251
252
199
149
143
146
147
144
149
152
160
161
160
151
144
136
137
140
147
159
104
237
248
184
141
143
140
163
239
255
248
248
248
248
248
248
253
248
191
147
142
139
160
240
252
228
74
77
100
248
252
251
251
207
157
136
134
152
233
253
249
248
248
248
248
248
248
248
248
248
248
248
248
248
248
248
248
248
248
248
250
253
213
144
138
143
150
158
221
252
255
253
255
255
240
158
138
128
167
240
255
246
248
245
255
245
248
251
246
161
136
136
167
242
255
248
248
248
248
248
248
248
248
248
248
248
248
248
248
250
254
223
154
141
138
149
208
252
251
248
248
248
248
248
248
248
248
248
248
248
251
252
243
182
137
142
146
145
142
140
138
138
139
140
142
149
152
157
203
237
246
251
253
179
141
143
140
166
241
255
249
248
248
248
248
248
254
248
188
144
143
140
151
234
249
104
77
74
226
244
251
249
250
246
207
160
151
224
246
250
248
248
248
248
248
248
248
248
248
248
248
248
248
248
248
248
248
248
255
255
255
255
255
213
150
147
143
153
191
242
252
247
251
241
196
151
153
161
198
255
255
230
105
229
255
255
255
255
255
180
152
144
177
253
255
255
255
255
255
255
255
255
255
255
255
255
255
255
255
255
255
255
219
150
142
153
215
255
255
255
255
255
255
255
255
255
255
255
255
255
255
255
255
208
156
150
153
152
153
154
153
152
151
150
157
193
253
253
255
255
255
255
255
183
146
150
146
162
244
255
255
255
255
255
255
255
255
255
212
163
149
148
152
178
250
239
113
236
254
255
250
248
250
252
249
242
243
248
252
250
248
248
248
248
248
248
248
248
248
248
248
248
248
248
248
248
248
248
222
212
215
219
221
188
134
125
127
132
192
163
148
209
150
138
134
123
137
201
209
218
218
80
67
77
212
220
215
217
214
204
126
117
144
212
221
215
215
215
215
215
215
215
215
215
215
215
215
215
215
215
217
222
189
130
123
130
182
222
219
215
215
215
215
215
215
215
215
215
215
215
215
216
216
210
149
120
128
131
130
129
128
126
124
120
145
212
221
223
219
216
215
220
214
147
125
130
131
132
148
219
218
215
215
215
215
215
216
217
211
144
121
123
118
135
214
214
212
221
245
252
248
248
250
255
247
253
249
255
251
248
248
248
248
248
248
248
248
248
248
248
248
248
248
248
248
248
248
248
120
113
118
119
119
116
107
95
88
94
97
95
95
89
92
79
89
98
116
121
125
128
94
87
68
101
108
122
118
119
123
117
112
94
105
108
122
118
118
118
118
118
118
118
118
118
118
118
118
118
118
118
120
120
107
98
88
93
102
113
120
119
118
118
118
118
118
118
118
118
118
118
118
119
122
119
116
103
95
86
93
94
103
101
107
106
114
121
125
124
122
120
118
120
118
105
93
89
91
88
100
110
122
118
118
118
118
118
119
121
118
113
106
106
105
111
117
124
118
127
244
252
248
250
255
251
226
100
220
244
251
248
248
248
248
248
248
248
248
248
248
248
248
248
248
248
248
248
248
248
222
212
215
215
216
220
223
185
139
131
127
123
125
122
130
135
157
220
223
217
215
221
208
107
215
229
220
216
215
215
215
218
222
209
155
213
218
215
215
215
215
215
215
215
215
215
215
215
215
215
215
215
216
220
189
133
128
125
125
180
218
217
215
215
215
215
215
215
215
215
215
215
215
215
215
217
221
223
178
147
148
210
179
220
225
222
221
225
211
215
210
223
216
215
220
221
140
127
123
117
137
209
220
215
215
215
215
215
215
215
217
220
222
224
223
220
218
215
212
226
237
251
248
251
244
226
74
77
100
248
252
248
248
248
248
248
248
248
248
248
248
248
248
248
248
248
248
248
248
248
255
255
255
255
255
255
255
254
248
185
154
146
159
154
167
235
252
255
255
255
255
255
248
251
248
255
255
255
255
255
255
255
255
253
255
254
255
255
255
255
255
255
255
255
255
255
255
255
255
255
255
255
255
255
224
158
139
146
157
224
255
255
255
255
255
255
255
255
255
255
255
255
255
255
255
255
255
255
252
243
250
250
255
255
255
255
255
255
241
115
234
255
255
255
255
255
249
172
160
159
183
255
255
255
255
255
255
255
255
255
255
255
255
255
255
255
255
255
255
255
252
250
248
252
248
100
77
74
226
244
251
248
248
248
248
248
248
248
248
248
248
248
248
248
248
248
248
248
248
248
248
248
248
248
248
248
250
253
253
245
183
209
182
222
245
249
255
250
249
248
248
250
251
252
251
250
248
248
248
248
248
248
249
250
250
250
249
248
248
248
248
248
248
248
248
248
248
248
248
248
248
248
251
254
212
139
136
140
202
247
251
248
248
248
248
248
248
248
248
248
248
248
248
248
248
248
249
250
252
253
253
251
251
250
249
251
244
226
74
77
100
248
252
248
249
252
249
243
235
234
241
248
253
252
251
250
248
248
248
248
248
248
248
248
248
248
248
248
248
248
248
248
248
251
244
220
100
226
251
255
250
248
248
248
248
248
248
248
248
248
248
248
248
248
248
248
248
248
248
248
248
248
248
248
248
248
248
248
252
248
252
247
253
250
253
251
249
248
248
248
248
248
248
248
248
248
248
248
248
248
248
248
248
248
248
248
248
248
248
248
248
248
248
248
248
248
248
248
248
248
248
248
250
250
244
204
145
198
249
251
251
248
248
248
248
248
248
248
248
248
248
248
248
248
248
248
248
248
248
248
248
248
248
248
248
252
248
100
77
74
226
244
251
248
248
249
250
253
254
254
254
255
244
248
244
255
250
248
248
248
248
248
248
248
248
248
248
248
248
248
248
248
248
250
255
244
248
244
255
250
248
248
248
248
248
248
248
248
248
248
248
248
248
248
248
248
250
250
248
248
248
248
248
248
248
248
248
248
250
255
247
251
247
255
250
248
248
248
248
248
248
248
248
248
248
248
248
248
248
248
248
248
248
248
248
248
248
248
248
248
248
248
248
248
248
248
248
248
248
248
248
248
248
250
252
244
241
243
250
251
248
248
248
248
248
248
250
251
252
251
250
248
248
248
248
248
248
248
248
248
248
248
248
248
248
251
244
220
100
226
251
255
250
248
248
248
248
248
248
250
255
251
226
100
220
244
251
248
248
248
248
248
248
248
248
248
248
248
248
248
248
248
248
248
250
251
252
251
250
248
248
248
248
248
248
248
248
248
248
248
250
251
252
251
250
250
255
250
248
248
248
248
248
248
248
248
248
250
255
251
226
100
220
244
251
248
248
248
248
248
248
248
248
248
248
248
248
248
248
248
248
248
248
248
248
248
248
248
248
248
248
248
248
248
248
248
248
248
248
248
248
248
248
248
250
251
252
251
250
248
248
248
248
248
248
250
255
244
248
244
255
250
248
248
248
248
248
248
248
248
248
248
248
248
248
250
255
244
248
244
255
250
248
248
248
248
248
248
248
251
244
226
74
77
100
248
252
248
248
248
248
248
248
248
248
248
248
248
248
248
248
248
248
248
248
248
248
248
248
248
248
248
248
248
248
248
248
248
248
250
255
244
248
244
255
255
251
238
79
248
248
248
248
248
248
248
248
251
244
226
74
77
100
248
252
248
248
248
248
248
248
248
248
248
248
248
248
248
248
248
248
248
248
248
248
248
248
248
248
248
248
248
248
248
248
248
248
248
248
248
248
248
248
248
248
248
248
248
248
248
248
248
248
248
250
255
251
226
100
220
244
251
248
248
248
248
248
248
248
248
248
248
248
248
248
248
250
251
252
251
250
248
248
248
248
248
248
248
248
252
248
100
77
74
226
244
251
248
248
248
248
248
248
248
248
248
248
248
248
248
248
248
248
248
248
248
248
248
248
248
248
248
248
248
248
248
248
248
250
255
251
226
100
220
247
247
226
92
79
248
248
248
248
248
248
248
248
251
242
102
76
76
220
242
251
248
248
248
248
248
248
248
248
248
248
248
248
248
248
248
248
248
248
248
248
248
248
248
248
248
248
248
248
248
248
248
248
248
248
248
248
248
248
248
248
248
248
248
248
248
248
248
248
248
250
250
238
92
82
99
242
251
248
248
248
248
248
248
248
248
248
248
248
248
248
248
248
248
248
248
248
248
248
248
248
248
248
248
248
251
242
216
95
223
250
255
250
248
248
248
248
248
248
248
248
248
248
248
248
248
248
248
248
248
248
248
248
248
248
248
248
248
248
248
248
248
248
248
250
250
238
92
82
99
245
245
102
85
79
248
248
248
248
248
248
248
248
248
248
248
79
248
248
248
248
248
248
248
248
248
248
248
248
248
248
248
248
248
248
248
248
248
248
248
248
248
248
248
248
248
248
248
248
248
248
248
248
248
248
248
248
248
248
248
248
248
248
248
248
248
248
248
248
248
248
248
79
79
79
248
248
248
248
248
248
248
248
248
248
248
248
248
248
248
248
248
248
248
248
248
248
248
248
248
248
248
248
248
248
248
248
248
248
248
248
248
248
248
248
248
248
248
248
248
248
248
248
248
248
248
248
248
248
248
248
248
248
248
248
248
248
248
248
248
248
248
248
248
248
248
79
79
79
248
248
248
248
79
248
