249
249
249
249
249
249
249
249
249
249
249
249
249
249
249
249
249
249
249
249
249
249
249
249
249
249
249
249
249
249
249
249
249
249
249
249
249
249
249
249
249
249
249
249
249
249
249
249
112
112
112
249
249
249
249
249
249
249
249
249
249
249
249
249
249
249
249
249
249
249
249
249
249
249
249
249
249
249
249
249
249
249
249
249
249
249
249
249
249
249
249
249
249
249
249
249
249
249
249
249
249
249
249
249
249
249
249
249
249
249
249
249
249
249
249
249
249
249
249
249
249
249
249
249
249
249
249
249
249
249
249
249
249
249
249
249
249
249
249
249
249
249
249
249
249
112
112
112
249
249
249
249
249
249
249
249
249
249
249
249
249
249
249
249
249
249
249
249
249
249
249
249
249
249
249
249
249
250
251
252
251
250
249
249
249
249
249
249
249
249
249
249
249
249
249
251
244
128
115
123
239
250
250
249
249
249
249
249
249
249
249
249
249
249
249
249
249
249
249
249
249
249
249
249
249
249
249
249
249
249
249
249
249
249
249
249
249
249
249
250
251
252
251
250
249
249
249
249
249
249
249
249
249
249
249
249
249
249
249
249
249
249
249
249
249
249
249
249
249
249
249
249
252
246
240
230
239
244
252
249
249
249
249
249
249
249
249
249
249
249
249
249
251
244
128
115
123
239
250
249
249
249
249
249
249
249
249
249
249
249
249
249
249
249
249
249
249
249
249
249
249
249
249
249
249
249
250
254
245
249
245
254
250
249
249
249
249
249
249
249
249
249
249
249
249
251
245
225
129
230
251
254
250
249
249
249
249
249
249
249
249
249
249
249
249
249
249
249
249
249
249
249
249
249
249
249
249
249
249
249
249
249
249
249
249
249
249
249
250
254
245
249
245
254
250
249
249
249
249
249
249
249
249
249
249
249
249
249
249
249
249
250
251
252
251
250
249
249
249
249
249
249
254
247
172
132
153
239
254
249
249
249
249
249
249
249
249
249
249
249
249
249
251
245
225
129
230
251
254
249
249
249
249
249
249
249
249
249
249
249
249
249
249
249
249
249
249
249
249
249
249
249
249
249
249
250
254
251
230
129
225
245
251
249
249
249
249
249
249
249
249
249
249
249
249
250
254
245
249
245
254
250
249
249
249
250
251
252
251
250
249
249
249
249
249
249
249
249
249
249
249
249
249
249
249
249
249
249
249
249
249
249
249
249
249
249
249
250
254
251
230
129
225
245
251
249
249
249
249
249
249
249
249
249
249
249
249
249
249
249
250
254
245
249
245
254
250
249
249
249
249
248
255
242
157
106
138
232
255
249
249
249
249
249
249
250
251
252
251
250
249
249
250
254
245
249
245
254
250
249
249
249
249
249
249
249
249
249
249
249
249
249
249
249
249
249
249
249
249
249
249
249
249
249
249
251
245
230
109
111
129
249
252
249
249
249
249
249
249
249
249
249
249
249
249
249
250
251
253
253
253
251
250
249
250
254
245
249
245
254
250
249
249
249
249
249
249
249
249
249
249
249
249
249
249
249
249
249
249
249
249
249
249
249
249
249
249
251
245
230
109
111
129
249
252
249
249
249
249
249
249
249
249
249
249
249
249
249
249
250
254
251
230
129
225
245
251
249
249
249
249
248
255
244
162
111
141
233
255
249
249
249
249
249
250
254
245
249
245
254
250
249
249
250
251
252
251
250
249
249
249
249
249
249
249
249
249
249
249
249
249
249
249
249
249
249
249
249
249
249
249
249
249
249
249
252
249
129
111
109
230
245
252
251
252
251
250
249
249
249
249
249
249
249
249
249
250
252
255
255
249
248
249
253
254
251
231
131
229
248
253
249
249
249
249
249
249
249
249
249
249
249
249
249
249
249
249
249
249
249
249
249
249
249
249
249
249
252
249
129
111
109
230
245
251
249
249
249
249
249
249
249
249
249
249
249
249
249
249
251
245
230
109
111
129
249
252
249
249
249
249
248
255
245
159
120
149
242
255
249
249
249
249
250
254
251
231
131
229
248
253
249
249
249
249
249
249
249
249
249
249
249
249
249
249
249
249
249
249
249
249
249
249
249
249
249
249
249
249
249
249
249
249
249
249
251
245
225
129
230
251
255
255
245
249
245
254
250
249
249
249
249
249
249
249
250
252
244
242
234
192
180
240
254
249
235
117
105
122
238
254
249
249
250
250
251
251
250
249
249
249
249
249
249
249
249
249
249
249
249
249
249
249
249
249
249
249
251
245
225
129
230
251
254
250
249
249
249
249
249
249
249
249
249
249
249
249
249
249
252
249
129
111
109
230
245
251
249
249
249
249
248
255
245
157
129
226
253
254
249
249
249
249
251
245
231
115
107
129
245
255
250
249
249
249
249
249
249
249
249
249
249
249
249
249
249
249
249
249
249
249
249
249
249
249
249
249
249
249
249
249
249
249
249
249
250
254
245
249
245
255
255
251
230
129
225
245
251
249
249
249
249
249
249
250
253
254
230
150
137
133
139
202
255
240
125
98
98
125
238
254
249
249
253
248
248
249
255
255
255
255
254
251
250
249
249
249
249
249
249
249
249
249
249
249
249
249
250
254
245
249
245
254
250
249
249
249
249
249
249
249
249
249
249
249
249
249
249
249
251
245
225
129
230
251
254
250
249
249
249
249
248
255
245
157
126
225
252
253
249
249
249
251
255
254
139
116
95
112
221
248
251
249
249
249
249
249
249
249
249
249
249
249
249
249
249
249
249
249
249
249
249
249
249
249
249
249
249
249
249
249
249
249
249
249
249
250
251
252
251
252
245
230
109
111
129
249
252
249
249
250
251
254
255
255
254
247
184
124
111
114
173
242
255
240
122
105
117
235
248
253
250
254
255
244
174
206
238
237
234
235
245
252
254
251
250
249
249
249
249
249
249
249
249
249
249
249
249
250
251
252
251
250
249
249
249
249
249
249
249
249
249
249
249
249
249
249
249
249
250
254
245
249
245
254
250
249
249
249
249
249
248
255
245
159
123
150
244
253
249
249
252
252
243
237
213
112
96
114
135
251
254
252
251
250
249
249
249
249
249
249
249
249
249
249
249
249
249
249
249
249
249
249
249
249
249
249
249
249
249
249
249
249
249
249
249
249
249
249
249
252
249
129
111
109
230
245
251
249
251
254
253
246
236
236
236
193
136
128
129
130
191
249
255
248
228
131
231
251
254
253
252
248
243
175
133
133
144
145
144
140
165
238
249
254
255
253
250
249
249
249
249
249
249
249
249
249
249
249
249
249
249
249
249
249
249
249
249
249
249
249
249
249
249
249
250
253
255
255
255
254
253
253
251
250
249
249
249
249
249
249
248
255
245
159
119
174
242
254
249
251
251
246
179
148
213
133
109
115
232
251
248
249
245
254
250
249
249
249
249
249
249
249
249
249
249
249
249
249
249
249
249
249
249
249
249
249
249
249
249
249
249
249
249
249
249
249
249
249
249
251
245
225
129
230
251
254
250
251
249
244
238
174
141
144
144
135
128
123
163
196
194
248
254
254
245
249
245
254
251
252
247
204
139
132
125
119
116
112
110
113
123
132
181
235
239
243
250
251
251
252
251
250
249
249
249
249
249
249
249
249
249
249
249
249
249
249
249
249
249
249
250
251
253
254
255
248
240
231
239
246
252
252
249
249
249
249
249
249
249
249
248
255
244
159
118
187
241
254
249
254
255
199
121
127
205
235
135
232
255
255
231
129
225
245
251
249
249
249
249
249
249
249
250
251
252
251
250
249
249
249
249
249
249
250
253
255
255
255
255
255
254
252
250
249
249
249
249
249
249
250
254
245
249
245
254
250
249
254
255
203
141
127
122
121
122
125
126
126
172
244
253
246
251
250
251
252
251
250
253
255
214
134
122
125
124
130
138
147
146
144
130
122
126
134
144
208
254
255
245
249
245
254
250
249
249
249
249
249
249
249
249
249
249
249
249
249
249
249
249
250
254
246
251
241
248
211
142
141
145
203
247
252
250
249
249
249
249
249
249
249
249
255
248
160
127
151
246
254
250
253
244
184
112
128
219
253
252
247
251
231
109
111
129
249
252
249
249
249
249
249
249
250
254
245
249
245
254
250
249
249
249
249
251
252
245
239
234
235
235
233
243
250
255
251
250
249
249
249
249
249
250
251
252
251
250
249
251
254
247
182
119
120
123
123
124
126
124
124
178
250
255
250
249
249
249
249
249
249
251
245
195
121
122
127
127
136
220
239
237
239
217
142
131
118
122
202
255
255
230
129
225
245
251
249
249
249
249
249
249
249
249
249
249
249
249
249
249
249
250
254
251
237
162
215
147
124
119
112
118
134
215
255
255
250
249
249
249
249
249
249
251
253
240
150
128
224
251
253
254
255
209
137
117
132
213
255
255
254
250
129
111
109
230
245
251
249
249
249
249
249
250
254
251
230
129
225
245
251
249
249
249
250
254
252
211
141
142
146
145
142
146
223
246
249
254
250
249
249
249
249
249
249
249
249
249
250
252
250
198
129
120
126
135
145
159
141
130
121
172
249
255
249
249
249
249
249
249
249
254
227
144
132
124
132
138
222
255
255
255
255
253
248
196
124
122
203
248
237
111
112
129
249
252
249
249
249
249
249
249
249
249
249
249
249
249
249
249
249
252
249
242
148
133
124
137
134
144
134
122
122
192
242
245
252
251
252
252
252
252
251
255
253
177
124
132
227
254
254
254
248
193
121
110
128
208
254
253
251
245
225
129
230
253
255
254
251
250
249
249
249
251
245
230
109
111
129
249
252
249
249
249
251
248
218
139
118
113
113
114
114
126
133
154
239
248
252
249
249
249
249
249
249
249
249
249
252
254
214
135
125
132
142
214
240
243
226
139
121
166
245
254
250
249
249
249
249
249
249
254
248
201
126
123
121
195
243
254
251
249
250
254
252
199
124
124
141
212
124
112
109
230
245
251
249
249
249
249
249
249
249
249
249
249
249
251
253
254
254
255
254
169
128
120
118
148
230
247
198
130
130
130
150
231
255
248
251
251
251
250
244
255
247
167
114
128
166
247
255
249
210
130
130
129
144
219
254
250
250
254
245
249
246
255
246
249
245
254
250
249
249
252
249
129
111
109
230
245
251
249
249
251
255
230
142
124
126
134
146
140
130
118
116
121
156
247
255
249
249
249
249
249
249
249
249
248
253
254
203
122
118
189
245
252
255
255
242
173
118
143
205
253
252
249
249
249
249
249
249
254
251
205
130
121
133
146
232
254
249
249
249
254
227
147
131
119
133
140
207
133
231
251
254
250
249
249
249
249
249
249
249
249
250
252
255
255
246
242
247
255
244
154
119
122
128
164
254
255
253
191
126
114
138
215
252
223
138
228
227
131
224
254
250
171
118
128
193
250
255
226
141
117
121
184
241
246
251
250
249
250
251
254
255
253
230
129
225
245
251
249
249
251
245
225
129
230
251
254
250
249
250
254
253
215
124
115
125
184
242
239
166
144
134
120
145
237
255
249
249
249
249
249
249
249
249
248
253
255
205
124
123
205
255
255
250
254
233
144
118
125
178
249
254
248
249
249
249
249
250
254
220
138
123
120
123
198
246
253
249
249
249
254
249
198
127
118
127
209
242
252
245
254
250
249
249
249
249
249
249
249
249
250
253
246
243
237
199
136
193
240
170
133
124
130
148
241
249
255
254
211
146
118
138
207
138
109
112
111
108
115
128
255
251
171
116
137
229
255
250
210
124
119
137
208
255
255
250
249
249
249
249
251
245
230
109
111
129
249
252
249
249
250
254
245
249
245
254
250
249
249
253
248
230
135
129
130
168
235
255
254
245
239
228
144
162
244
255
249
249
249
249
249
249
249
249
248
253
254
207
123
121
200
254
254
249
255
228
139
113
121
173
247
254
248
249
249
249
249
250
252
221
146
131
124
132
215
255
255
250
249
250
254
250
199
126
116
132
213
255
255
251
250
249
249
249
249
249
249
249
250
251
255
252
229
145
141
131
127
132
139
135
125
124
141
235
252
253
254
253
192
129
120
133
111
105
102
115
112
108
111
229
254
250
171
114
139
233
255
233
145
122
119
180
245
253
250
249
249
249
249
249
252
249
129
111
109
230
245
251
249
249
249
250
251
252
251
250
249
249
250
255
241
148
124
122
170
244
253
254
254
254
255
250
241
238
245
252
249
249
249
249
249
249
249
249
248
253
254
206
124
121
201
255
255
254
255
234
145
118
131
183
254
254
249
249
249
249
249
249
250
246
244
189
123
125
197
246
248
253
253
255
255
222
141
125
124
138
218
255
251
249
249
249
249
249
249
249
249
250
254
248
246
226
137
120
114
119
121
123
124
126
125
132
184
248
254
250
252
254
198
136
124
111
107
110
128
235
228
135
231
251
255
249
171
113
138
236
255
220
129
115
132
196
255
254
249
249
249
249
249
249
251
245
225
129
230
251
254
250
249
249
249
249
249
249
249
249
249
249
252
250
226
134
120
128
174
213
218
248
254
253
251
252
254
254
251
250
249
249
249
249
249
249
249
250
251
255
255
207
125
116
195
254
251
251
246
231
134
118
162
242
253
251
249
249
249
249
249
249
250
255
255
202
127
126
135
148
230
254
252
245
238
201
128
115
123
194
247
253
249
249
249
249
249
249
249
250
251
254
254
242
157
133
128
132
138
141
134
130
130
127
123
139
229
252
251
249
250
253
244
175
122
122
108
134
230
255
252
250
245
254
255
249
173
116
142
228
245
156
129
126
179
248
251
251
249
249
249
249
249
249
250
254
245
249
245
254
250
249
249
249
249
249
249
249
249
249
249
250
255
247
154
130
124
127
130
131
135
192
246
251
255
255
252
250
249
249
249
249
249
249
249
249
250
254
245
252
251
212
128
120
132
217
244
178
220
151
129
120
170
248
255
249
249
249
249
249
249
249
250
255
255
205
132
123
123
127
166
235
230
154
144
137
129
121
137
213
255
253
249
249
249
249
249
249
249
253
250
246
239
153
127
118
118
152
230
206
192
187
134
128
122
150
236
255
251
249
249
254
255
193
136
124
122
147
239
255
253
252
251
251
255
247
170
112
148
224
162
124
117
163
243
254
252
249
249
249
249
249
249
249
249
250
251
252
251
250
249
249
249
249
249
249
249
249
249
249
249
251
250
229
136
117
122
131
134
128
124
127
141
214
235
243
249
255
253
250
249
249
249
249
249
250
254
251
230
131
232
213
145
121
124
139
205
160
126
131
119
127
178
251
254
249
249
249
249
249
250
253
255
251
245
192
131
127
130
129
135
145
138
129
120
121
123
130
196
249
251
250
249
249
249
249
249
249
251
251
244
178
134
132
122
123
130
172
253
255
252
244
178
124
122
137
227
251
252
249
249
251
251
246
172
128
119
158
234
255
249
250
253
255
253
238
123
116
142
209
144
118
130
179
255
255
249
249
249
249
249
249
249
249
249
249
249
249
249
249
249
249
249
249
249
249
249
249
249
249
250
255
250
161
128
130
136
173
238
196
128
118
125
134
138
132
219
239
248
255
255
253
250
249
249
251
245
230
109
112
134
248
195
123
118
132
133
134
123
121
128
158
245
250
251
249
249
249
249
250
253
247
245
211
143
135
132
129
131
129
126
125
124
123
121
123
128
188
251
254
251
249
249
249
249
249
249
249
253
251
182
125
121
123
135
145
192
243
249
254
255
254
186
129
122
132
158
245
255
250
250
251
255
255
218
149
117
147
239
255
255
255
248
234
229
134
160
120
136
139
136
119
156
239
252
251
249
249
249
249
249
249
249
249
249
249
249
249
249
249
249
249
249
249
249
249
249
249
249
249
252
251
234
143
116
146
230
252
254
254
188
125
120
120
116
133
133
147
226
221
234
248
255
255
253
254
249
129
111
109
235
250
227
161
131
128
124
123
132
130
158
237
253
253
250
249
249
249
249
252
248
229
143
131
125
118
121
121
122
127
130
130
128
136
140
149
192
248
252
252
249
249
249
249
249
249
249
249
253
252
185
130
125
123
112
215
241
253
253
249
254
249
177
125
124
122
137
229
251
253
254
245
250
251
250
164
115
135
234
246
237
221
225
138
144
233
164
126
126
129
124
133
183
254
255
249
249
249
249
249
249
249
249
249
249
249
249
249
249
249
249
249
249
249
249
249
249
249
249
249
254
250
165
128
117
154
244
255
254
254
247
185
135
135
126
129
215
229
145
142
140
225
221
234
248
255
255
235
137
234
253
255
252
244
175
121
130
125
145
210
200
248
255
253
252
251
249
250
251
255
245
150
123
117
122
132
141
149
141
134
127
127
125
151
230
244
245
251
252
249
249
249
249
249
249
249
249
249
251
253
243
167
120
105
121
144
254
254
249
248
253
253
186
134
126
125
130
160
248
255
251
231
133
240
255
185
133
127
144
231
146
142
140
223
243
242
177
125
125
128
127
154
243
253
251
249
249
249
249
249
249
249
249
249
249
249
249
249
249
249
249
249
249
249
249
249
249
249
249
248
255
242
158
117
127
159
249
254
249
252
250
250
233
153
121
133
158
239
237
226
225
140
141
140
225
224
228
217
234
243
255
255
255
255
182
130
146
223
183
244
255
252
251
245
246
251
251
252
245
246
219
134
119
132
136
185
238
241
239
164
132
127
124
161
250
255
254
251
250
249
249
249
249
249
249
249
249
249
249
255
249
174
110
103
108
220
244
255
250
249
251
253
243
164
127
126
124
155
250
255
238
115
104
114
221
221
138
105
113
125
224
225
234
246
255
254
174
125
127
126
138
205
252
254
250
249
249
249
249
249
249
249
249
249
249
249
249
249
249
249
249
249
249
249
249
249
249
249
249
248
255
244
161
118
129
227
245
253
249
249
251
255
255
169
126
118
128
159
252
255
249
234
221
226
143
147
147
147
144
228
224
221
226
195
137
117
203
230
239
232
243
243
207
152
207
252
255
255
252
175
134
128
122
158
237
250
255
255
255
241
151
122
121
148
237
252
251
249
249
249
249
249
249
249
249
249
249
249
249
254
254
180
130
110
132
153
248
255
255
255
255
255
255
207
142
120
120
145
222
226
111
106
106
131
145
143
129
120
115
151
244
255
255
254
255
248
168
125
127
122
147
237
254
251
249
249
249
249
249
249
249
249
249
249
249
249
249
249
249
249
249
249
249
249
249
249
249
249
249
248
255
244
159
118
134
170
252
253
249
249
249
251
250
247
157
131
122
132
184
250
254
255
255
254
230
220
217
229
226
140
143
145
148
139
123
118
126
149
147
144
143
140
131
125
126
190
231
231
220
142
120
133
156
231
255
255
255
255
255
255
170
132
126
135
175
255
255
255
255
255
255
255
255
255
255
255
255
255
255
255
255
245
159
117
120
126
150
226
225
220
221
222
226
221
121
111
112
129
142
145
126
126
225
232
231
220
144
117
119
154
241
255
254
248
251
198
150
125
124
127
158
246
254
249
249
249
249
249
249
249
249
249
249
249
249
249
249
249
249
249
249
249
249
249
249
249
249
249
249
249
255
247
161
119
123
182
241
253
249
249
249
249
255
249
232
137
123
124
162
246
254
250
255
254
238
139
236
255
250
234
220
223
225
221
159
116
120
107
106
104
103
105
108
109
110
122
136
153
138
145
117
136
215
224
223
223
220
220
226
220
182
124
117
117
145
221
227
220
221
221
221
221
222
224
225
224
222
221
221
221
230
227
126
113
113
110
124
136
150
143
144
144
150
138
156
120
118
133
218
229
232
241
251
255
255
254
176
132
121
146
240
255
251
233
132
159
129
123
132
144
238
249
251
249
249
249
249
249
249
249
249
249
249
249
249
249
249
249
249
249
249
249
249
249
249
249
249
249
249
250
251
237
152
120
124
160
243
254
249
249
249
249
255
251
164
132
125
126
176
246
255
251
245
230
109
111
129
250
255
255
255
255
255
220
153
132
129
128
122
130
125
126
116
122
115
116
181
232
219
120
105
121
136
149
148
144
144
144
146
146
143
128
118
109
128
139
150
143
144
144
144
146
151
139
143
139
151
146
144
143
149
136
155
119
122
120
144
222
230
221
221
220
224
233
161
135
126
136
164
254
255
255
252
250
252
246
245
227
145
159
246
252
230
113
111
108
128
118
133
225
252
254
250
249
249
249
249
249
249
249
249
249
249
249
249
249
249
249
249
249
249
249
249
249
249
249
249
249
249
251
255
180
136
122
121
156
246
255
251
250
249
248
255
240
156
120
124
124
166
245
255
252
249
129
111
109
230
245
251
249
249
250
254
245
176
124
124
123
128
151
222
151
143
138
130
139
219
255
255
166
124
99
139
218
228
220
221
221
221
223
232
220
135
113
148
222
228
220
221
221
222
228
224
203
102
198
217
224
221
220
224
234
162
135
128
125
154
244
255
255
255
255
255
255
239
148
119
123
127
167
250
254
249
249
250
251
255
249
240
238
249
251
129
118
114
168
126
126
149
240
255
250
249
249
249
249
249
249
249
249
249
249
249
249
249
249
249
249
249
249
249
249
249
249
249
249
249
249
249
250
249
240
154
126
119
146
230
252
253
255
254
251
255
246
160
123
125
131
172
252
254
251
245
225
129
230
251
254
250
249
249
251
254
246
175
120
128
135
150
240
246
247
238
192
118
178
241
255
245
223
109
102
137
251
255
255
255
255
255
255
255
246
152
119
167
254
255
255
255
255
255
255
242
121
123
140
255
255
255
255
255
255
242
154
123
124
148
201
255
251
249
249
250
255
251
161
131
123
122
163
244
255
249
249
249
249
250
252
254
254
254
245
227
134
223
173
122
129
219
250
253
249
249
249
249
249
249
249
249
249
249
249
249
249
249
249
249
249
249
249
249
249
249
249
249
249
249
249
249
250
253
251
246
152
129
133
138
171
235
241
247
255
255
241
150
123
122
149
237
253
251
250
254
245
249
245
254
250
249
249
249
253
255
195
129
122
139
219
246
249
255
255
255
206
128
132
213
255
255
141
118
99
154
240
255
248
249
249
249
251
251
231
137
116
164
250
254
248
245
254
254
249
129
111
109
230
245
251
249
249
249
255
245
161
124
123
141
231
247
253
249
249
249
252
252
233
140
118
118
154
237
252
250
249
249
249
249
249
249
249
250
254
249
254
188
138
117
136
224
255
251
249
249
249
249
249
249
249
249
249
249
249
249
249
249
249
249
249
249
249
249
249
249
249
249
249
249
249
249
249
250
254
255
237
143
121
124
132
137
145
195
243
241
163
133
124
120
154
243
255
249
249
250
251
252
251
250
249
249
249
248
254
251
184
124
130
224
254
255
252
250
254
254
202
121
119
201
255
252
226
117
113
161
246
255
249
249
249
249
254
247
156
125
118
165
245
240
128
225
245
254
245
225
129
230
251
254
250
249
249
248
255
241
157
119
124
133
171
253
255
250
249
249
250
255
241
146
125
132
159
209
254
250
249
249
249
249
249
249
249
249
250
255
255
190
123
120
143
231
254
249
249
249
249
249
249
249
249
249
249
249
249
249
249
249
249
249
249
249
249
249
249
249
249
249
249
249
249
249
249
250
255
255
233
120
115
122
121
120
123
134
146
143
135
126
122
125
158
248
255
249
249
249
249
249
249
249
249
249
249
248
254
250
184
116
190
244
255
251
249
249
254
255
205
122
121
202
254
255
239
149
114
158
244
255
252
249
250
251
255
243
153
117
130
162
232
114
111
129
249
254
254
245
249
245
254
250
249
249
249
249
255
248
163
130
125
122
152
234
248
248
250
249
249
253
244
185
151
230
238
241
247
250
249
249
249
249
249
249
249
249
250
254
246
180
116
122
209
249
253
249
249
249
249
249
249
249
249
249
249
249
249
249
249
249
249
249
249
249
249
249
249
249
249
249
249
249
249
249
249
251
245
231
114
113
119
145
135
125
116
115
116
117
122
122
129
147
240
248
252
249
249
249
249
249
249
249
249
249
249
249
253
254
193
131
138
225
255
252
249
249
254
247
194
120
131
210
254
255
238
147
118
137
189
246
250
253
254
251
252
229
144
116
149
235
133
114
108
230
245
251
250
251
252
251
250
249
249
249
249
249
252
251
232
140
114
117
123
144
207
249
251
249
249
251
248
241
244
250
255
253
251
249
249
249
249
249
249
249
249
249
254
255
204
132
123
141
227
255
251
249
249
249
249
249
249
249
249
249
249
249
249
249
249
249
249
249
249
249
249
249
249
249
249
249
249
249
249
249
249
252
249
129
112
114
231
242
210
142
142
145
147
140
128
125
141
238
251
254
250
249
249
249
249
249
249
249
249
249
249
249
251
253
243
166
117
205
249
253
252
255
255
223
135
118
184
245
253
254
244
170
126
121
131
183
255
255
248
237
169
135
130
127
169
250
236
131
230
251
254
250
249
249
249
249
249
249
249
249
249
249
250
255
246
162
139
142
137
149
205
249
251
249
249
249
251
252
253
251
250
249
249
249
249
249
249
249
249
249
249
250
253
246
187
115
120
203
248
253
249
249
249
249
249
249
249
249
249
249
249
249
249
249
249
249
249
249
249
249
249
249
249
249
249
249
249
249
249
249
249
251
245
225
129
231
254
255
249
240
232
236
238
236
164
142
231
252
254
250
249
249
249
249
249
249
249
249
249
249
249
249
249
255
253
180
124
141
237
255
251
244
238
198
122
128
203
255
254
251
250
237
143
126
118
164
236
243
184
135
128
119
126
151
238
255
245
254
246
254
250
249
249
249
249
249
249
249
249
249
249
249
249
251
245
240
233
234
233
237
243
248
250
249
249
249
249
249
249
249
249
249
249
249
249
249
249
249
249
249
249
252
255
211
136
116
131
212
255
253
249
249
249
249
249
249
249
249
249
249
249
249
249
249
249
249
249
249
249
249
249
249
249
249
249
249
249
249
249
249
249
250
254
245
249
245
254
251
253
255
255
255
255
254
242
241
247
254
250
249
249
249
249
249
249
249
249
249
249
249
249
249
248
254
250
179
117
125
212
244
227
149
142
133
123
174
244
252
250
250
254
251
221
127
118
135
145
144
132
122
117
126
148
240
232
135
228
249
254
250
249
249
249
249
249
249
249
249
249
249
249
249
249
250
251
254
255
255
255
254
253
251
249
249
249
249
249
249
249
249
249
249
249
249
249
249
249
249
249
249
250
254
254
205
128
117
146
221
253
250
249
249
249
249
249
249
249
249
249
249
249
249
249
249
249
249
249
249
249
249
249
249
249
249
249
249
249
249
249
249
249
249
250
251
252
251
250
249
249
249
249
249
250
251
254
254
252
250
249
249
249
249
249
249
249
249
249
249
249
249
249
249
248
254
249
179
118
126
138
149
136
127
117
118
129
192
255
254
249
249
250
255
237
152
127
122
112
115
116
127
133
153
230
232
113
112
129
249
252
249
249
249
249
249
249
249
249
249
249
249
249
249
249
249
249
249
249
249
249
249
249
249
249
249
249
249
249
249
249
249
249
249
249
249
249
249
249
249
250
251
253
251
248
196
122
118
195
247
253
250
249
249
249
249
249
249
249
249
249
249
249
249
249
249
249
249
249
249
249
249
249
249
249
249
249
249
249
249
249
249
249
249
249
249
249
249
249
249
249
249
249
249
249
249
249
249
249
249
249
249
249
249
249
249
249
249
249
249
249
249
249
249
249
253
252
205
143
126
120
121
123
125
129
124
174
238
253
251
249
249
249
252
245
242
209
143
142
139
132
133
208
251
248
134
112
109
230
245
251
249
249
249
249
249
249
249
249
249
249
249
249
249
249
249
249
249
249
249
249
249
249
249
249
249
249
249
249
249
249
249
249
249
249
249
249
249
249
250
253
248
253
233
179
129
124
131
209
255
253
249
249
249
249
249
249
249
249
249
249
249
249
249
249
249
249
249
249
249
249
249
249
249
249
249
249
249
249
249
249
249
249
249
249
249
249
249
249
249
249
249
249
249
249
249
249
249
249
249
249
249
249
249
249
249
249
249
249
249
249
249
249
249
249
251
249
247
239
160
127
118
118
127
158
209
191
251
255
249
249
249
249
250
253
255
248
240
235
236
175
205
250
255
249
226
129
230
251
254
250
249
249
249
249
249
249
249
249
249
249
249
249
249
249
249
249
249
249
249
249
249
249
249
249
249
249
249
249
249
249
249
249
249
249
249
249
249
249
252
247
230
167
208
131
120
127
192
248
252
250
249
249
249
249
249
249
249
249
249
249
249
249
249
249
249
249
249
249
249
249
249
249
249
249
249
249
249
249
249
249
249
249
249
249
249
249
249
249
249
249
249
249
249
249
249
249
249
249
249
249
249
249
249
249
249
249
249
249
249
249
249
249
249
249
249
251
254
254
245
162
141
139
158
242
246
249
245
251
249
249
249
249
249
249
250
253
254
255
254
250
247
251
254
255
249
251
246
254
250
249
249
249
249
249
249
249
249
249
249
249
249
249
249
249
249
249
249
249
249
249
249
249
249
249
249
249
249
249
249
249
249
249
249
249
249
249
249
249
254
241
147
133
129
130
118
178
246
254
251
249
249
249
249
249
249
249
249
249
249
249
249
249
249
249
249
249
249
249
249
249
249
249
249
249
249
249
249
249
249
249
249
249
249
249
249
249
249
249
249
249
249
249
249
249
249
249
249
249
249
249
249
249
249
249
249
249
249
249
249
249
249
249
249
249
249
249
250
253
248
243
233
233
242
250
254
252
250
250
249
249
249
249
249
249
249
249
249
250
250
251
251
251
254
246
251
249
255
251
249
249
249
249
249
249
249
249
249
249
249
249
249
249
249
249
249
249
249
249
249
249
249
249
249
249
249
249
249
249
249
249
249
249
249
249
249
249
249
249
255
234
143
117
125
122
130
192
255
254
249
249
249
249
249
249
249
249
249
249
249
249
249
249
249
249
249
249
249
249
249
249
249
249
249
249
249
249
249
249
249
249
249
249
249
249
249
249
249
249
249
249
249
249
249
249
249
249
249
249
249
249
249
249
249
249
249
249
249
249
249
249
249
249
249
249
249
249
249
250
251
254
255
255
254
251
250
249
249
249
249
249
249
249
249
250
251
252
251
250
249
249
250
254
251
230
129
225
245
251
249
249
249
249
249
249
249
249
249
249
249
249
249
249
249
249
249
249
249
249
249
249
249
249
249
249
249
249
249
249
249
249
249
249
249
249
249
249
249
249
255
237
147
120
127
132
177
248
250
251
249
249
249
249
249
249
249
249
250
251
252
251
250
249
249
249
249
249
249
249
249
249
249
249
249
249
249
249
249
249
249
249
249
249
249
249
249
249
249
249
249
249
249
249
249
249
249
249
249
249
249
249
249
249
249
249
249
249
249
249
249
249
249
249
249
249
249
249
249
249
249
249
249
249
249
249
249
249
249
249
249
249
249
249
250
254
245
249
245
254
250
249
251
245
230
109
111
129
249
252
249
249
249
249
249
249
249
249
249
249
249
249
249
249
249
249
249
249
249
249
249
249
249
249
249
249
249
249
249
249
249
249
249
249
249
249
249
249
249
249
255
235
146
115
119
158
241
255
252
249
249
249
249
249
249
249
249
250
254
245
249
245
254
250
249
249
249
249
249
249
249
249
249
249
249
249
249
249
249
249
249
249
249
249
249
249
249
249
249
249
249
249
249
249
249
249
249
249
249
249
249
249
249
249
249
249
249
249
249
249
249
249
249
249
249
249
249
249
249
249
249
249
249
249
249
249
249
249
249
249
249
249
249
250
254
251
230
129
225
245
251
249
252
249
129
111
109
230
245
251
249
249
249
249
249
249
249
249
249
249
249
249
249
249
249
249
249
249
249
249
249
249
249
249
249
249
249
249
249
249
249
249
249
249
249
249
249
249
249
249
255
231
139
119
133
181
251
255
249
249
249
249
249
249
249
249
250
254
251
230
129
225
245
251
249
249
249
249
249
249
249
249
249
249
249
249
249
249
249
249
249
249
249
249
249
249
249
249
249
249
249
249
249
249
249
249
249
249
249
249
249
249
249
249
249
249
249
249
249
249
249
249
249
249
249
249
249
249
249
249
249
249
249
249
249
249
249
249
249
249
249
249
249
251
245
230
109
111
129
249
252
249
251
245
225
129
230
251
254
250
249
249
249
249
249
249
249
249
249
249
249
249
249
249
249
249
249
249
249
249
249
249
249
249
249
249
249
249
249
249
249
249
249
249
249
249
249
249
249
249
254
240
152
151
232
245
246
251
249
249
249
249
249
249
249
249
251
245
230
109
111
129
249
252
249
249
249
249
249
249
249
249
249
249
249
249
249
249
249
249
249
249
249
249
249
249
249
249
249
249
249
249
249
249
249
249
249
249
249
249
249
249
249
249
249
249
249
249
249
249
249
249
249
249
249
249
249
249
249
249
249
249
249
249
249
249
249
249
249
249
249
249
249
251
244
130
110
110
225
244
251
249
250
254
245
249
245
254
250
249
249
249
249
249
249
249
249
249
249
249
249
249
249
249
249
249
249
249
249
249
249
249
249
249
249
249
249
249
249
249
249
249
249
249
249
249
249
249
249
249
252
245
238
241
250
255
251
250
249
249
249
249
249
249
249
249
251
244
130
110
110
225
244
251
249
249
249
249
249
249
249
249
249
249
249
249
249
249
249
249
249
249
249
249
249
249
249
249
249
249
249
249
249
249
249
249
249
249
249
249
249
249
249
249
249
249
249
249
249
249
249
249
249
249
249
249
249
249
249
249
249
249
249
249
249
249
249
249
249
249
249
249
249
249
249
249
112
249
249
249
249
249
249
249
249
249
249
249
249
249
249
249
249
249
249
249
249
249
249
249
249
249
249
249
249
249
249
249
249
249
249
249
249
249
249
249
249
249
249
249
249
249
249
249
249
249
249
249
249
249
249
249
249
249
249
249
249
249
249
249
249
249
249
249
249
249
249
249
249
112
249
249
249
249
249
249
249
249
249
249
249
249
249
249
249
249
249
