71
71
71
253
253
253
253
253
253
253
253
253
253
253
253
253
253
253
253
253
253
253
253
253
253
253
253
253
253
253
253
253
253
253
253
253
253
253
253
253
253
253
253
253
253
253
253
253
253
253
253
253
253
253
253
253
253
253
253
253
253
253
253
253
253
253
253
253
253
253
253
253
253
253
253
253
253
253
253
253
253
253
253
253
253
253
253
253
253
253
253
253
253
253
253
253
253
253
253
253
253
253
253
253
253
253
253
253
253
253
253
253
253
253
253
253
253
253
253
253
253
253
253
253
253
253
253
253
253
253
253
253
253
253
253
253
253
253
253
253
253
253
253
253
253
253
253
253
253
253
253
106
235
254
254
253
253
253
253
253
253
253
253
253
253
253
253
253
253
253
253
253
253
253
253
253
253
253
253
253
253
253
254
255
254
226
89
219
247
254
253
253
253
253
253
253
253
253
254
254
254
254
253
253
253
253
253
253
253
253
253
253
253
253
253
253
253
253
253
253
253
253
253
253
253
253
253
253
253
253
253
253
253
253
253
253
253
253
253
253
253
253
253
253
253
253
253
253
253
253
253
253
253
253
253
253
253
253
253
253
253
253
253
253
253
253
253
253
253
253
253
253
253
253
253
253
253
253
253
253
253
253
253
253
253
253
253
253
253
253
253
253
253
253
253
253
253
253
253
253
253
247
248
255
254
253
253
253
253
253
253
253
253
253
253
253
253
253
253
253
253
253
253
253
253
253
253
253
253
253
253
253
254
248
230
65
69
94
254
255
254
254
255
254
254
254
254
255
254
252
248
253
253
253
253
253
253
253
253
253
253
253
253
253
253
253
253
253
254
254
255
254
254
253
253
253
253
253
253
253
253
253
253
253
253
253
253
253
253
253
253
253
253
253
253
253
254
254
255
255
255
255
254
254
253
253
253
253
253
253
253
253
253
253
253
253
253
253
253
253
253
253
253
253
253
253
253
253
253
253
253
253
253
253
253
253
253
253
253
254
254
255
254
254
253
253
253
253
253
253
253
254
254
254
253
253
253
253
253
253
253
253
253
253
253
253
253
253
253
253
253
253
253
253
253
253
253
254
254
255
254
254
255
254
94
69
65
230
248
255
255
248
254
248
255
254
249
246
234
193
221
255
254
253
253
253
253
253
253
253
253
253
253
253
253
253
253
254
255
248
254
248
255
254
253
253
253
253
253
253
253
253
253
253
253
253
253
253
253
253
253
253
253
253
253
253
254
249
245
241
241
242
248
253
254
253
253
253
253
253
253
253
253
253
253
253
253
253
253
253
253
253
253
253
253
253
253
253
253
253
253
253
253
253
253
253
253
253
254
255
248
254
248
255
254
253
253
253
253
253
253
253
253
253
253
253
253
253
253
253
253
253
254
254
254
254
254
253
253
253
253
253
253
253
253
253
254
255
248
254
248
255
255
248
222
94
230
254
255
255
254
230
94
223
251
255
224
168
151
156
216
254
254
253
253
253
253
253
253
253
253
253
253
253
253
253
254
255
254
230
94
222
248
254
253
253
253
253
253
253
253
253
253
253
253
253
253
253
253
253
253
253
253
253
253
253
254
239
176
161
162
163
214
254
254
253
253
253
253
253
253
253
253
253
253
253
253
253
253
253
253
253
253
253
253
253
253
253
253
253
253
253
253
253
253
253
253
254
255
254
230
94
222
248
254
253
253
253
253
253
253
253
253
253
253
253
253
253
253
254
255
255
255
251
246
246
253
253
253
253
253
253
253
253
253
254
255
254
230
94
222
248
255
255
248
254
248
255
255
248
230
65
69
95
255
255
210
145
141
159
227
255
254
253
253
253
253
253
253
253
254
254
255
254
254
253
255
251
233
68
70
94
254
255
253
253
253
253
253
253
253
253
253
253
253
253
253
253
253
253
253
253
253
253
254
255
255
236
160
141
140
146
205
253
254
253
253
253
253
253
253
253
253
253
253
253
253
253
253
253
253
253
253
253
253
253
253
253
253
253
253
253
253
253
253
253
253
254
248
230
65
69
94
254
255
253
253
253
253
253
253
253
253
253
253
253
253
254
255
253
249
241
242
218
176
224
254
253
253
253
253
253
253
253
253
254
248
230
65
69
94
254
255
254
254
255
254
254
255
254
94
69
66
232
248
231
160
153
145
205
245
254
254
253
253
253
253
253
253
254
255
248
254
248
255
254
255
251
93
68
74
234
254
255
254
253
253
253
253
253
253
253
253
253
253
253
253
253
253
253
253
253
253
254
255
251
253
222
163
151
148
152
209
255
254
253
253
253
253
253
253
253
253
253
253
253
253
253
253
253
253
253
253
253
253
253
253
253
253
253
253
253
253
253
253
253
253
255
254
94
69
65
230
248
254
253
253
253
253
253
253
253
253
254
254
255
255
254
252
239
172
161
164
154
189
244
255
253
253
253
253
254
254
255
254
255
254
94
69
65
230
248
254
253
253
253
253
253
254
248
222
94
231
255
248
175
151
150
153
163
228
255
254
253
253
253
253
253
254
255
254
230
94
222
249
255
253
218
153
78
198
245
253
250
253
254
253
253
253
253
253
253
253
253
253
253
253
253
253
253
253
253
254
255
254
233
98
156
156
154
150
153
209
255
254
253
253
253
253
253
253
253
253
253
253
253
253
253
253
253
253
253
253
253
253
253
253
253
253
253
253
253
253
253
253
253
253
254
248
222
94
230
254
255
254
253
253
253
253
253
253
253
254
255
251
245
242
241
185
156
152
144
145
146
185
246
255
254
253
253
254
255
248
254
248
255
250
222
94
230
254
255
254
253
253
253
253
253
254
255
248
254
251
255
229
156
149
154
145
154
218
255
254
253
253
253
253
253
254
248
230
65
69
94
254
255
233
176
168
159
165
180
167
188
244
254
254
253
253
253
253
253
253
253
253
253
253
253
253
254
254
255
255
250
231
72
67
76
153
157
149
155
211
255
255
253
253
253
253
253
253
253
253
253
253
253
253
253
253
253
253
253
253
253
253
253
253
253
253
253
253
253
253
253
253
253
253
254
255
248
254
248
255
254
254
255
254
254
253
253
253
254
250
248
209
164
165
161
152
146
149
150
151
150
156
204
255
254
253
254
255
254
230
94
222
250
255
248
254
248
255
254
253
253
253
253
253
253
253
254
254
255
255
250
190
153
151
157
147
156
221
255
254
253
253
253
253
253
255
254
94
69
65
231
253
255
222
155
151
157
153
150
147
152
178
246
253
254
253
253
253
254
254
255
254
254
253
253
254
255
248
254
254
255
100
72
61
144
153
157
152
151
205
249
254
253
253
253
253
253
253
253
253
253
253
253
253
253
253
253
253
253
253
253
253
253
253
253
253
253
253
253
253
253
253
253
253
253
254
254
255
254
254
255
248
254
248
255
254
253
253
254
230
175
163
146
145
148
150
146
155
154
157
146
149
197
251
255
253
254
248
230
65
69
94
254
255
254
255
254
254
253
253
253
253
253
253
253
253
253
253
254
254
235
159
151
155
156
146
154
219
254
254
253
253
253
253
253
254
248
222
94
231
255
255
238
160
153
151
154
153
154
153
151
154
168
245
253
254
253
254
255
248
254
248
255
254
254
255
254
230
94
226
245
226
86
141
156
159
162
165
150
157
222
255
254
253
253
253
253
253
253
253
253
253
253
253
253
253
253
253
253
253
253
253
253
253
253
253
253
253
253
253
253
253
253
254
254
255
254
254
254
255
254
230
94
222
248
254
253
253
255
221
151
143
154
153
149
154
160
175
234
182
150
148
199
252
255
253
255
254
94
69
65
230
248
254
253
253
253
253
253
253
253
253
253
253
253
253
253
253
255
248
174
152
151
152
151
151
163
227
255
254
253
253
253
253
253
254
255
249
254
254
255
244
158
150
150
153
154
154
153
151
153
150
151
178
252
255
254
255
254
230
94
222
248
254
254
248
230
65
69
96
255
253
185
147
154
156
176
169
150
148
213
255
254
253
253
253
253
253
253
253
253
253
253
253
253
253
253
253
253
253
253
253
253
253
254
255
255
255
254
253
253
253
254
255
248
254
248
255
255
248
230
65
69
94
254
255
253
253
255
223
153
142
148
152
156
169
230
254
252
231
149
146
199
253
255
253
254
248
222
94
230
254
255
254
253
253
253
253
253
253
253
253
253
253
253
253
253
254
254
237
157
146
158
158
152
148
209
250
255
253
253
253
253
253
253
253
254
255
254
252
240
166
153
149
149
152
172
188
171
157
151
151
145
168
242
255
255
249
230
65
69
94
254
255
255
254
94
69
65
231
252
248
175
151
152
158
189
216
149
151
218
255
254
253
253
253
253
253
253
253
253
253
253
253
253
253
253
253
253
253
253
254
254
255
254
248
241
249
254
254
253
254
255
254
230
94
222
248
255
254
94
69
65
230
248
254
253
253
254
224
158
153
165
169
218
250
254
255
250
191
150
148
198
252
255
253
254
255
248
254
248
255
254
253
253
253
253
253
253
253
253
253
253
253
253
253
253
255
253
186
152
155
189
215
148
150
216
255
254
253
253
253
253
253
253
253
253
254
251
187
157
155
149
152
157
175
216
249
247
181
155
153
151
154
181
248
255
254
94
69
65
230
248
254
254
248
222
94
230
255
255
195
157
149
147
177
246
219
154
144
213
250
255
253
253
253
253
253
253
253
253
253
253
253
253
253
253
253
253
253
254
251
246
243
239
176
166
194
249
254
254
254
248
230
65
69
94
254
255
248
222
94
230
254
255
254
253
253
255
219
150
180
238
249
253
255
255
255
236
161
142
150
200
253
255
253
253
254
254
255
254
254
253
253
253
253
253
253
253
253
253
253
253
253
253
253
254
254
241
164
146
178
249
223
154
148
214
255
254
253
253
253
253
253
253
253
254
253
237
167
144
149
150
158
197
247
254
255
255
251
186
155
149
148
153
192
255
252
224
98
235
255
255
254
254
255
248
254
250
255
243
178
150
150
149
188
251
222
154
145
162
229
255
254
253
253
253
253
253
253
253
253
253
253
253
253
253
253
253
254
255
254
194
166
163
151
146
149
187
248
253
255
254
94
69
65
230
248
255
255
248
254
248
255
254
253
253
253
254
225
160
200
255
255
254
254
253
254
241
168
146
153
206
253
255
253
253
253
253
253
253
253
253
253
253
253
253
253
253
253
253
253
253
253
253
254
253
246
170
151
150
197
253
225
151
150
216
255
254
253
253
253
253
253
253
253
254
255
191
161
150
149
153
188
251
255
254
254
254
254
248
172
153
147
148
189
252
255
254
247
247
254
255
254
253
254
254
255
255
255
199
158
152
152
146
181
247
220
154
139
156
221
254
254
253
253
253
253
253
253
253
253
253
253
253
253
253
253
254
253
252
237
176
148
150
142
79
134
153
201
255
255
252
224
94
230
254
255
254
254
254
255
254
254
253
253
253
253
254
246
243
244
252
254
253
253
253
254
254
226
150
148
201
254
255
253
253
253
253
253
253
253
253
253
253
253
253
253
253
253
253
253
253
253
253
254
251
181
150
145
159
204
255
221
149
143
209
250
254
253
253
253
253
253
253
253
254
250
236
167
146
153
174
250
255
254
253
253
253
255
254
250
173
156
147
184
246
255
255
235
98
224
248
254
253
253
253
254
254
245
181
149
151
152
156
184
253
219
156
141
157
224
255
254
253
253
253
253
253
253
253
253
253
253
253
253
253
253
254
253
211
163
157
150
140
65
64
72
144
186
238
249
255
251
254
248
255
254
253
253
253
253
253
253
253
253
253
253
254
254
254
254
254
253
253
253
253
254
255
234
162
149
206
254
255
253
253
253
253
253
253
253
253
253
253
253
253
253
253
253
253
253
253
253
253
255
248
179
146
141
167
243
255
220
151
147
172
237
255
253
253
253
253
253
253
253
254
255
203
162
147
166
244
254
254
253
253
253
254
255
255
250
226
154
148
154
203
248
232
65
69
94
254
255
253
253
253
254
254
201
158
151
152
149
172
243
255
217
155
141
156
224
255
254
253
253
253
253
253
253
253
253
253
253
253
253
253
253
255
253
198
147
148
158
80
77
72
155
158
163
161
162
218
253
255
254
254
253
253
253
253
253
253
253
253
253
253
253
253
253
253
253
253
253
253
253
253
253
255
230
155
153
215
253
254
253
253
253
253
253
253
253
253
253
253
253
253
253
253
253
253
253
253
253
254
254
243
174
153
161
182
251
254
211
144
144
208
250
254
253
253
253
253
253
253
253
255
248
186
150
145
165
239
254
254
253
253
254
252
250
238
177
161
158
146
150
203
252
97
69
65
230
248
254
253
253
253
255
249
192
150
150
149
156
190
254
255
227
167
143
155
226
255
254
253
253
253
253
253
253
253
253
253
253
253
253
253
254
254
246
195
145
154
174
214
103
226
248
214
149
139
144
156
227
255
254
254
254
255
254
254
253
253
253
253
253
253
253
253
253
253
253
253
253
253
253
253
253
255
229
156
146
202
254
254
253
253
253
253
253
253
253
253
253
253
253
253
253
253
253
253
253
253
254
255
255
197
150
158
227
251
254
241
170
147
150
215
255
254
253
253
253
253
253
253
253
255
248
184
148
147
159
179
255
254
253
253
255
252
192
155
154
148
151
153
189
253
249
224
94
230
254
255
254
253
253
253
255
252
195
151
147
154
171
246
254
255
250
203
143
151
221
254
254
253
253
253
253
253
253
253
253
253
253
253
253
253
254
255
206
148
146
155
232
249
254
252
255
231
159
148
141
152
220
254
254
255
248
254
248
255
254
253
253
253
253
253
253
253
253
253
253
253
253
253
253
253
253
255
229
153
153
214
253
254
253
253
253
253
253
253
253
253
253
253
253
253
253
253
253
253
253
253
253
253
240
179
142
162
241
255
255
250
211
143
148
213
255
254
253
253
253
253
253
253
253
255
248
185
149
145
164
236
254
254
254
255
255
245
174
145
150
150
144
175
243
255
255
249
254
248
255
254
253
253
253
253
255
247
191
147
153
167
245
254
254
255
255
208
151
148
175
240
255
253
253
253
253
253
253
253
253
253
253
253
253
253
255
252
203
149
141
160
231
255
255
254
254
250
212
150
144
154
223
255
255
254
230
94
222
248
254
253
253
253
253
253
253
253
253
253
253
253
253
253
253
253
254
255
231
156
147
203
254
255
253
253
253
253
253
253
253
253
253
253
253
253
253
253
253
253
253
254
254
220
167
154
151
173
244
255
254
255
220
150
147
212
255
254
253
253
253
253
253
253
253
254
253
200
157
145
173
246
255
254
254
251
245
189
156
150
148
154
154
190
251
255
254
254
255
254
254
253
253
253
253
254
255
223
170
144
154
232
254
255
253
254
254
206
152
141
162
231
255
253
253
253
253
253
253
253
253
253
253
253
253
253
254
255
209
156
138
167
231
255
254
253
254
254
252
205
149
174
234
255
253
235
69
70
94
254
255
253
253
253
253
253
253
253
253
253
253
253
253
253
253
253
254
253
224
148
144
198
252
255
253
253
253
253
253
253
253
253
253
253
253
253
253
253
253
253
253
255
248
199
143
146
167
237
252
254
254
255
218
148
147
213
254
254
253
253
253
253
253
253
253
254
255
244
173
142
173
246
255
254
252
209
158
155
149
154
158
176
236
249
251
254
253
253
253
253
253
253
253
253
253
255
254
207
157
142
160
237
255
254
253
254
254
206
153
142
160
230
255
253
253
253
253
253
253
253
253
253
253
253
253
253
254
255
213
155
126
84
222
250
254
253
253
254
254
247
198
214
254
255
248
94
65
74
231
248
254
253
253
253
253
253
253
253
253
253
253
253
253
253
253
253
255
252
185
154
146
200
253
255
253
253
253
253
253
253
253
253
253
253
253
253
253
253
253
254
255
255
224
162
149
158
231
254
254
254
255
254
212
149
165
228
255
254
253
253
253
253
253
254
254
255
255
250
180
143
174
248
255
248
207
154
148
148
154
164
234
252
254
255
254
253
253
253
253
253
253
253
253
253
253
255
253
201
150
144
178
240
255
253
253
254
254
207
153
140
160
229
255
253
253
253
253
253
253
253
253
253
253
253
253
253
255
255
209
141
57
73
100
254
255
253
253
253
254
253
251
252
255
255
224
63
63
223
255
255
254
253
253
253
253
253
253
253
253
253
253
253
253
253
253
253
255
247
221
143
145
195
252
255
253
253
253
253
253
253
253
253
253
253
253
253
253
253
253
253
247
243
199
144
144
212
252
255
254
254
255
238
178
143
194
245
255
254
253
253
253
253
254
255
248
254
254
255
179
144
165
246
235
167
154
154
151
145
150
227
254
255
254
253
253
253
253
253
253
253
253
253
253
253
253
255
252
199
150
146
188
247
255
255
254
254
254
207
155
141
159
230
255
253
253
253
253
253
253
253
253
253
253
253
253
253
254
252
206
79
65
75
229
249
254
253
253
253
253
254
255
255
253
234
74
65
94
247
255
254
253
253
253
253
253
253
253
253
253
253
253
253
253
253
253
253
255
243
169
148
145
194
252
255
253
253
253
253
253
253
253
253
253
253
253
253
253
253
253
255
235
168
160
153
163
233
255
255
254
255
255
231
157
145
161
223
255
255
254
253
253
254
255
254
230
94
229
240
179
144
155
177
218
150
145
151
155
155
167
236
255
254
253
253
253
253
253
253
253
253
253
253
253
253
253
255
252
200
152
147
162
230
246
250
254
255
255
230
172
142
158
230
255
253
253
253
253
253
253
253
253
253
253
253
253
254
255
224
158
132
82
210
255
255
254
253
253
253
254
255
248
255
247
103
73
69
235
251
255
253
253
253
253
253
253
253
253
253
253
253
253
253
253
253
253
253
255
232
161
139
145
192
251
254
253
253
253
253
253
253
253
253
253
253
253
253
253
253
253
254
249
212
146
144
202
238
245
244
236
205
242
218
155
143
150
212
246
254
249
254
253
254
248
230
65
69
99
251
195
153
147
157
156
160
149
153
158
213
247
249
254
253
253
253
253
253
253
253
253
253
253
253
253
253
253
255
251
198
147
145
159
164
167
180
240
243
247
246
198
146
159
233
255
254
254
255
254
254
253
253
253
253
253
253
253
254
254
215
155
137
160
224
255
254
253
253
253
254
255
254
230
98
217
217
98
230
254
255
254
253
253
253
253
253
253
253
253
253
253
253
253
253
253
253
253
253
255
235
162
143
156
202
254
254
253
253
253
253
253
253
253
253
253
253
253
253
253
253
253
255
253
218
151
153
164
170
168
168
161
163
164
163
158
151
154
161
215
193
236
254
253
255
254
94
69
65
231
250
251
172
155
151
150
147
148
151
212
254
255
254
254
253
253
253
253
253
253
253
253
253
253
253
253
253
253
254
255
203
152
145
149
148
147
156
160
161
164
206
199
148
151
227
255
255
248
254
248
255
254
253
253
253
253
253
253
254
255
213
151
144
154
217
251
254
253
253
253
254
248
230
65
70
103
247
255
248
255
254
253
253
253
253
253
253
253
253
253
253
253
253
253
253
253
253
253
254
255
237
162
142
188
245
255
254
253
253
253
253
253
253
253
253
253
253
253
253
253
253
253
255
230
159
146
146
147
144
144
143
145
146
147
151
153
155
151
155
147
165
230
255
253
254
248
222
94
230
254
255
255
240
164
148
152
159
162
211
251
254
254
253
253
253
253
253
253
253
254
254
255
254
254
253
253
253
253
254
254
247
196
156
153
148
147
151
148
144
149
156
160
153
150
174
253
255
231
94
222
248
254
253
253
253
253
253
253
254
255
228
169
147
155
172
242
255
253
253
253
255
254
94
69
65
231
251
255
254
254
253
253
253
253
253
253
253
253
253
253
253
253
253
253
253
253
253
253
254
254
233
154
145
194
253
255
253
253
253
253
253
253
253
253
253
253
253
253
253
253
253
254
254
221
159
151
155
151
157
161
154
155
156
160
154
156
155
153
149
148
167
239
255
253
254
255
248
254
248
255
254
255
243
169
145
149
179
238
252
254
254
253
253
253
253
253
253
254
255
254
248
245
248
254
253
253
253
253
253
254
254
252
240
181
165
158
155
149
151
151
152
153
154
148
160
228
233
72
72
95
254
255
253
253
253
253
253
253
253
254
249
203
145
141
213
246
254
253
253
253
254
248
222
94
230
254
255
254
253
253
253
253
253
253
253
253
253
253
253
253
253
253
253
253
253
253
253
253
255
246
178
150
146
191
250
255
253
253
253
253
253
253
253
253
253
253
253
253
253
253
253
254
254
226
192
236
203
159
218
241
178
174
221
161
145
152
152
150
148
154
229
253
254
253
253
254
254
255
254
254
253
255
248
172
150
148
165
218
255
255
253
253
253
253
253
253
254
254
252
246
190
164
230
255
253
253
253
253
253
253
254
255
254
250
244
235
157
153
156
155
154
151
156
154
161
163
89
66
68
225
251
254
253
253
253
253
253
253
253
254
255
210
149
149
174
239
255
253
253
253
254
255
248
254
248
255
254
253
253
253
253
253
253
253
253
253
253
253
253
253
253
253
253
253
253
253
253
253
255
237
161
141
148
193
251
255
253
253
253
253
253
253
253
253
253
253
253
253
253
253
253
253
253
249
253
253
250
247
253
254
248
252
239
174
156
156
153
158
161
224
252
255
254
253
253
253
253
253
253
253
253
254
253
241
162
152
146
191
246
254
254
253
253
253
253
253
254
251
217
163
146
154
222
255
254
253
253
253
253
253
253
253
254
255
255
254
238
183
206
219
159
149
150
154
155
149
134
75
171
250
255
254
253
253
253
253
253
253
253
254
254
246
194
140
158
232
255
254
254
253
253
254
254
255
254
254
253
253
253
253
253
253
253
253
253
253
253
253
253
253
253
253
253
253
253
253
253
253
255
248
174
151
150
198
250
255
253
253
253
253
253
253
253
253
253
253
253
253
253
253
253
253
254
254
254
254
255
255
254
254
255
255
253
250
214
152
147
199
246
253
254
254
253
253
253
253
253
253
253
253
253
253
255
255
231
155
145
157
209
255
254
253
253
253
253
255
255
231
168
149
142
158
226
255
254
253
253
253
253
253
253
253
253
253
254
254
254
255
246
250
205
165
161
155
154
156
148
147
181
251
255
253
253
253
253
253
253
253
253
253
255
254
204
147
152
221
244
248
253
254
254
253
253
253
253
253
253
253
253
253
253
253
253
253
253
253
254
254
253
253
253
253
253
253
253
253
253
253
255
248
229
147
148
193
251
255
253
253
253
253
253
253
253
253
253
253
253
253
253
253
253
253
253
253
253
253
253
253
253
253
253
253
254
255
231
156
147
210
255
255
254
253
253
253
253
253
253
253
253
253
253
253
254
255
233
160
142
147
197
251
255
254
254
254
254
254
249
212
155
150
145
157
225
255
254
253
253
253
253
253
253
253
253
253
253
254
255
255
235
97
222
236
188
149
159
158
156
144
178
247
255
253
253
253
253
253
253
253
253
254
255
255
200
145
149
161
164
171
239
253
252
254
253
253
253
253
253
253
253
253
253
253
253
253
253
254
255
254
253
253
253
253
253
253
253
253
253
253
255
246
168
150
159
206
254
254
253
253
254
255
255
255
255
255
255
255
255
255
255
255
255
255
255
255
255
255
255
255
255
255
255
254
254
252
219
146
146
206
254
254
253
253
253
253
253
253
253
253
253
253
253
253
253
255
237
164
149
151
157
208
249
254
255
255
255
239
177
159
153
147
146
157
231
255
253
253
253
253
253
253
253
253
253
253
253
254
248
230
65
71
104
253
196
148
152
222
170
163
196
251
254
253
253
253
254
255
255
255
255
255
254
255
205
175
166
158
152
162
174
188
254
255
255
255
255
255
254
253
253
253
253
253
253
253
254
255
254
242
71
253
253
253
253
253
253
253
253
253
255
237
157
140
181
245
255
254
253
253
254
241
228
214
217
217
217
217
217
217
217
217
217
217
217
217
217
217
217
217
216
234
251
255
255
255
191
161
156
217
255
255
255
255
255
255
255
255
255
255
255
255
255
255
255
255
255
243
171
161
159
164
172
231
252
253
241
169
159
155
161
168
174
237
255
255
255
255
255
255
255
255
255
255
255
255
255
255
255
109
85
81
250
255
212
164
164
180
254
255
255
255
255
255
255
255
255
251
234
217
222
233
218
100
205
211
151
132
135
136
131
132
155
217
219
214
228
241
254
253
253
253
253
253
253
253
254
248
230
85
71
253
253
253
253
253
253
253
253
253
255
239
162
141
187
250
255
253
253
253
255
247
120
108
114
114
114
114
114
114
114
114
114
114
114
114
114
114
114
115
115
114
226
221
218
215
190
127
129
179
219
220
217
217
217
217
217
217
217
217
217
217
217
217
217
219
221
216
187
129
132
133
139
147
157
157
145
138
134
132
128
169
209
216
219
219
217
217
217
217
217
217
217
217
217
217
217
221
211
185
58
191
222
227
213
152
124
142
214
227
222
220
218
217
217
217
219
222
108
115
103
96
60
81
93
125
105
90
82
84
83
90
100
111
115
108
120
247
255
253
253
253
253
253
253
253
255
255
105
83
71
253
253
253
253
253
253
253
253
253
255
240
162
140
185
249
255
253
253
253
254
241
228
214
217
217
217
217
217
217
217
217
217
217
217
217
217
217
219
226
213
222
103
121
118
118
106
92
87
101
114
116
114
114
114
114
114
114
114
114
114
114
114
114
114
114
115
118
111
99
90
92
87
80
69
74
80
89
88
87
96
109
119
118
115
114
114
114
114
114
114
114
114
114
114
114
114
115
122
108
113
108
123
121
112
101
83
98
108
120
114
114
114
114
114
114
112
108
222
224
213
69
58
73
217
229
220
165
149
140
132
150
215
224
218
214
228
241
254
253
253
253
253
253
253
254
255
246
210
66
253
253
253
253
253
253
253
253
253
253
255
242
166
142
184
249
255
253
253
253
254
255
255
255
255
255
255
255
255
255
255
255
255
255
255
255
255
255
255
255
247
93
203
210
222
222
196
131
125
179
220
220
217
217
217
217
217
217
217
217
217
217
217
217
217
217
217
220
221
185
132
127
122
57
58
72
135
136
132
137
177
222
220
217
217
217
217
217
217
217
217
217
217
217
217
217
217
217
219
221
223
221
219
222
215
157
126
134
207
217
220
217
217
217
217
217
216
234
251
255
255
233
99
233
255
255
255
254
252
241
174
195
255
255
255
255
255
255
254
253
253
253
253
253
253
254
250
235
76
76
71
253
253
253
253
253
253
253
253
254
254
237
159
143
185
249
255
253
253
253
253
253
253
253
253
253
253
253
253
253
253
253
253
253
253
253
253
254
248
230
67
74
105
255
255
255
237
163
154
218
255
255
255
255
255
255
255
255
255
255
255
255
255
255
255
255
255
255
255
236
184
165
89
71
70
149
156
165
166
203
255
255
255
255
255
255
255
255
255
255
255
255
255
255
255
255
255
255
255
255
255
255
255
255
255
197
158
159
187
255
255
255
255
255
255
255
255
255
255
254
255
248
254
248
255
254
254
255
255
253
247
244
251
254
253
253
253
253
253
253
253
253
253
253
253
255
254
94
69
67
253
253
253
253
253
253
253
253
253
254
251
186
151
145
185
247
255
253
253
253
253
253
253
253
253
253
253
253
253
253
253
253
253
253
253
253
253
255
254
94
69
65
230
248
255
252
221
145
144
202
252
254
253
253
253
253
253
253
253
253
253
253
253
253
253
253
253
253
254
249
248
238
179
87
142
145
153
173
242
252
253
254
253
253
253
253
253
253
253
253
253
253
253
253
253
253
253
253
253
253
253
253
253
254
254
209
160
143
169
244
255
253
254
255
248
254
248
255
254
253
254
254
255
254
254
253
253
253
253
254
254
254
254
253
253
253
253
253
253
253
253
253
253
253
253
254
248
222
94
223
253
253
253
253
253
253
253
253
253
254
241
163
138
142
179
246
255
253
253
253
253
253
253
253
253
253
253
253
253
253
253
253
253
253
253
253
253
254
248
222
94
230
254
255
255
237
166
150
154
211
255
254
253
253
253
253
253
253
253
253
253
253
253
253
253
253
253
253
254
254
255
255
251
241
177
162
169
245
255
255
254
253
253
253
253
253
253
253
253
253
253
253
253
253
253
253
253
253
253
253
253
253
253
254
254
244
175
144
162
240
254
254
255
254
230
94
222
248
254
253
253
253
253
253
253
253
253
253
253
253
253
253
253
253
253
253
253
253
253
253
253
253
253
253
253
254
255
248
254
247
253
253
253
253
253
253
253
253
253
254
237
169
151
164
192
249
255
253
253
253
253
253
253
253
253
253
253
253
253
253
253
253
253
253
253
253
253
254
255
248
254
248
255
254
255
227
154
137
188
242
254
254
253
253
253
253
253
253
253
253
253
253
253
253
253
253
253
253
253
253
253
254
255
254
251
240
247
252
254
253
253
253
253
253
253
253
253
253
253
253
253
253
253
253
253
253
253
253
253
253
253
253
253
253
255
248
178
144
151
179
252
255
248
230
65
69
94
254
255
253
253
253
253
253
253
253
253
253
253
253
253
253
253
253
253
253
253
253
253
253
253
253
253
253
253
253
254
254
255
254
253
253
253
253
253
253
253
253
253
254
244
180
231
243
247
252
254
253
253
253
253
253
253
253
253
253
253
253
253
253
253
253
253
253
253
253
253
253
254
254
255
254
254
253
255
234
158
143
152
209
254
254
253
253
253
253
253
253
253
253
253
253
253
253
253
253
253
253
253
253
253
253
253
254
255
255
255
254
253
253
253
253
253
253
253
253
253
253
253
253
253
253
253
253
253
253
253
253
253
253
253
253
253
253
255
245
178
146
144
175
243
255
254
94
69
65
230
248
254
253
253
253
253
253
253
253
253
253
253
253
253
253
253
253
253
253
253
253
253
253
253
253
253
253
253
253
253
253
253
253
253
253
253
253
253
253
253
253
253
254
247
252
252
255
255
254
253
253
253
253
253
253
253
253
253
253
253
253
253
253
253
253
253
253
253
253
253
253
253
253
253
253
253
253
254
250
225
157
158
209
253
254
253
253
253
253
253
253
253
253
253
253
253
253
253
253
253
253
253
253
253
253
253
253
253
253
254
254
255
254
254
253
253
253
253
253
253
253
253
253
253
253
253
253
253
253
253
253
253
253
253
253
253
253
255
247
178
146
147
177
246
255
248
222
94
230
254
255
254
253
253
253
253
253
253
253
253
253
253
253
253
253
254
254
255
254
254
253
253
253
253
253
253
253
253
253
253
253
253
253
253
253
253
253
253
253
253
253
253
253
254
254
254
253
253
253
253
253
253
253
253
253
253
253
253
253
253
253
253
253
253
253
253
253
253
253
253
253
253
253
253
253
253
253
254
254
252
243
240
248
253
254
253
253
253
253
253
253
253
253
253
253
253
253
253
253
253
253
253
253
253
253
253
253
253
254
255
248
254
248
255
254
253
253
253
253
253
253
253
253
253
253
253
253
253
253
253
253
253
253
253
253
253
253
255
244
173
140
139
172
244
255
255
248
254
248
255
254
253
253
253
253
253
253
253
253
253
253
253
253
253
254
255
248
254
248
255
254
253
253
253
253
253
253
253
253
253
253
253
253
253
253
253
253
253
253
253
253
253
253
253
253
253
253
253
253
253
253
253
253
253
253
253
253
253
253
253
253
253
253
253
253
253
253
253
253
253
253
253
253
253
253
253
253
253
254
254
255
255
254
254
253
253
253
253
253
253
253
253
253
253
253
253
253
253
253
253
253
253
253
253
253
253
253
254
255
254
230
94
222
248
254
253
253
253
253
253
253
253
253
253
253
253
253
253
253
253
253
253
253
253
253
253
253
255
249
186
160
161
184
250
255
254
254
255
254
254
253
253
253
253
253
253
253
253
253
253
253
253
253
254
255
254
230
94
222
248
254
253
253
253
253
253
253
253
253
253
253
253
253
253
253
253
253
253
253
253
253
253
253
253
253
253
253
253
253
253
253
253
253
253
253
253
253
253
253
253
253
253
253
253
253
253
253
253
253
253
253
253
253
253
253
253
253
253
253
253
253
253
253
253
253
253
253
253
253
253
253
253
253
253
253
253
253
253
253
253
253
253
253
253
253
253
253
254
248
230
65
69
94
254
255
253
253
253
253
253
253
253
253
253
253
253
253
253
253
253
253
253
253
253
253
253
253
254
251
246
240
239
246
251
254
253
253
253
253
253
253
253
253
253
253
253
253
253
253
253
253
253
253
254
248
230
65
69
94
254
255
253
253
253
253
253
253
253
253
253
253
253
253
253
253
253
253
253
253
253
253
253
253
253
253
253
253
253
253
253
253
253
253
253
253
253
253
253
253
253
253
253
253
253
253
253
253
253
253
253
253
253
253
253
253
253
253
253
253
253
253
253
253
253
253
253
253
253
253
253
253
253
253
253
253
253
253
253
253
253
253
253
253
253
253
253
253
254
247
96
67
67
223
247
254
253
253
253
253
253
253
253
253
253
253
253
253
253
253
253
253
253
253
253
253
253
253
253
254
255
255
255
255
254
253
253
253
253
253
253
253
253
253
253
253
253
253
253
253
253
253
253
253
254
247
96
67
67
223
247
254
253
253
253
253
253
253
253
253
253
253
253
253
253
253
253
253
253
253
253
253
253
253
253
253
253
253
253
253
253
253
253
253
253
253
253
253
253
253
253
253
253
253
253
253
253
253
253
253
253
253
253
253
253
253
253
253
253
253
253
253
253
253
253
253
253
253
253
253
253
253
253
253
253
253
253
253
253
253
253
253
253
253
253
253
253
253
253
253
253
71
253
253
253
253
253
253
253
253
253
253
253
253
253
253
253
253
253
253
253
253
253
253
253
253
253
253
253
253
253
253
253
253
253
253
253
253
253
253
253
253
253
253
253
253
253
253
253
253
253
253
253
253
253
253
253
71
253
253
253
253
253
253
253
253
253
253
253
253
253
253
253
253
253
