249
249
249
249
249
249
249
249
249
249
249
249
249
249
249
249
249
249
249
249
249
249
249
249
249
249
249
249
249
249
249
249
249
249
148
140
142
142
141
141
140
142
249
249
249
249
249
249
249
249
249
249
249
249
249
249
249
249
249
249
249
249
249
249
249
249
249
249
249
249
249
249
249
249
249
249
249
249
249
249
249
249
249
249
249
249
249
249
249
249
249
249
249
249
249
249
249
249
249
249
249
249
249
249
249
249
249
249
249
249
249
249
249
249
249
249
249
249
249
249
249
249
249
249
249
249
249
249
249
249
249
249
249
249
249
249
249
249
249
249
249
249
249
249
249
88
249
249
249
249
249
249
249
249
249
249
249
249
249
249
249
249
249
249
249
249
249
249
249
249
249
249
249
249
249
249
249
249
249
249
249
253
239
153
140
141
141
141
141
141
140
143
144
145
147
141
151
228
241
235
244
250
254
252
250
249
249
249
249
249
249
249
249
249
249
249
249
249
249
249
249
249
249
249
249
249
249
249
249
249
249
249
249
251
252
253
252
251
249
249
249
249
249
249
249
249
249
249
249
249
249
249
249
249
249
249
249
249
249
249
249
249
249
249
249
249
249
249
249
249
249
249
249
249
249
249
249
249
249
249
249
249
249
249
249
249
249
249
249
249
249
252
243
222
84
84
109
243
252
249
249
249
249
249
249
249
249
249
249
249
249
249
249
249
249
249
249
249
249
249
249
249
249
249
249
249
249
249
249
249
249
254
235
162
131
141
141
140
138
134
131
130
131
133
132
122
93
137
155
152
158
231
249
251
254
252
250
249
249
249
249
249
249
249
249
249
249
249
249
249
249
249
249
249
249
249
249
249
249
249
249
249
251
254
245
249
245
254
251
249
249
249
249
249
249
249
249
249
249
249
249
249
249
249
249
249
249
249
249
249
249
249
249
249
249
249
249
249
249
249
249
249
249
249
249
249
249
249
249
249
249
249
249
249
249
249
249
249
249
249
249
253
249
108
86
83
228
245
252
249
249
249
249
249
249
249
249
249
249
249
249
249
249
249
249
249
249
249
249
249
249
249
249
249
249
249
249
249
249
249
249
254
239
155
135
141
141
138
145
146
156
158
148
139
125
82
83
88
134
132
139
144
168
230
243
245
252
249
249
249
249
249
249
249
249
249
249
249
249
249
249
249
249
249
249
249
249
249
249
249
249
251
254
252
228
108
222
245
252
249
249
249
249
249
249
249
249
249
249
249
249
249
249
249
249
249
249
249
249
249
249
249
249
249
249
249
249
249
249
249
249
249
249
249
249
249
249
249
249
249
249
249
249
249
249
249
249
249
249
249
249
252
245
222
108
228
252
254
251
249
249
249
249
249
249
249
249
249
249
249
249
250
252
254
254
254
254
254
252
250
249
249
249
249
249
249
249
249
249
249
249
254
236
154
131
140
141
133
145
227
244
240
234
158
96
86
78
131
138
141
139
134
141
140
164
241
254
249
249
249
249
249
249
249
249
249
249
249
249
249
249
249
249
249
249
249
249
249
249
249
249
252
245
228
83
86
108
249
253
249
249
249
249
249
249
249
249
249
249
249
249
249
249
249
249
249
249
249
249
249
249
249
249
249
249
249
249
249
249
249
249
249
249
249
249
249
249
249
249
249
249
249
249
249
249
249
249
249
249
249
249
251
254
245
249
245
254
251
249
249
249
249
249
249
249
249
249
249
249
249
250
254
248
243
235
237
234
241
245
252
249
249
249
249
249
249
249
249
249
249
249
254
236
150
132
141
141
131
153
243
254
254
252
245
221
114
139
138
134
138
140
140
138
128
150
235
254
249
249
249
249
249
249
249
249
249
249
249
249
249
249
249
249
249
249
249
249
249
249
249
249
253
249
108
86
83
228
245
252
249
249
249
249
249
249
249
249
249
249
249
249
249
249
249
249
249
249
249
249
249
249
249
249
249
249
249
249
249
249
249
249
249
249
249
249
249
249
249
249
249
249
249
249
249
249
249
249
249
249
249
249
249
251
252
253
252
251
249
249
249
249
249
249
249
249
249
249
249
250
252
254
252
240
156
152
154
147
162
241
254
249
249
249
249
249
249
249
249
249
249
249
254
236
151
131
140
141
131
155
236
254
250
252
254
249
248
229
159
140
140
134
135
137
129
156
238
254
251
249
249
249
249
249
249
251
252
253
252
251
249
249
249
249
249
249
249
249
249
249
249
249
252
245
222
108
228
252
254
251
249
249
249
249
249
249
249
249
249
249
249
249
249
249
249
249
249
249
249
249
249
249
249
249
249
249
249
249
249
249
249
249
249
249
249
249
249
249
249
249
249
249
249
249
249
249
249
249
249
249
249
249
249
249
249
249
249
249
249
249
249
249
249
249
249
249
249
249
250
254
248
247
232
151
136
130
132
126
149
237
254
250
249
249
249
249
249
249
249
249
249
249
254
237
154
133
142
140
130
152
236
254
249
249
251
252
254
251
247
229
159
165
162
156
133
95
219
248
252
249
249
249
249
249
251
254
245
249
245
254
251
249
249
249
249
249
249
249
249
249
249
249
251
254
245
249
245
254
251
249
249
249
249
249
249
249
249
249
249
249
249
249
249
249
249
249
249
249
249
249
249
249
249
249
249
249
249
249
249
249
249
249
249
249
249
249
249
249
249
249
249
249
249
249
249
249
249
249
249
249
249
249
249
249
249
249
249
249
249
249
249
249
249
249
249
249
249
250
254
251
239
158
146
142
134
137
140
134
145
229
249
251
249
249
249
249
249
249
249
249
249
249
254
237
155
132
141
137
141
169
246
254
249
249
249
249
250
252
254
250
246
239
235
213
77
85
113
250
253
249
251
252
253
253
254
252
228
108
223
247
254
254
252
250
249
249
249
249
249
249
249
249
249
251
252
253
252
251
249
249
249
249
249
249
249
249
249
249
249
249
249
249
249
250
251
252
252
253
253
254
253
252
250
249
249
249
249
249
249
251
252
253
252
251
249
249
249
249
249
249
249
249
249
249
249
249
249
249
249
249
249
249
249
249
249
249
249
249
249
249
249
249
249
249
249
250
252
254
252
242
148
137
129
132
144
145
146
130
144
164
250
252
249
251
252
253
252
251
249
249
249
249
254
237
153
131
141
134
149
233
252
252
249
249
249
249
249
249
250
252
253
254
254
116
92
86
228
245
252
251
254
245
249
247
252
230
86
92
118
251
246
241
248
254
250
249
249
249
249
249
249
249
249
249
249
249
249
249
249
250
251
252
251
250
249
249
249
249
249
249
249
249
250
254
245
252
240
254
243
244
241
248
254
253
251
250
249
249
251
254
245
249
245
254
251
249
249
249
249
249
249
249
249
249
249
249
249
251
252
253
252
251
249
249
249
249
249
249
249
249
249
249
249
250
252
254
250
248
232
151
138
129
139
141
179
226
150
137
151
239
247
251
251
254
245
249
245
254
251
249
249
250
254
239
156
131
139
134
159
241
254
250
249
249
249
249
249
249
249
249
249
252
245
222
108
228
252
254
252
254
252
228
108
226
246
116
84
77
216
229
160
148
236
249
252
249
249
249
249
249
249
249
250
252
254
254
252
252
254
254
249
251
249
254
254
254
252
250
249
249
249
249
252
248
233
158
223
169
226
159
153
242
244
250
243
252
249
251
254
252
228
108
222
245
252
249
249
249
249
249
249
249
249
249
249
249
251
254
245
249
245
254
251
249
249
249
249
249
249
249
249
249
250
254
248
247
230
159
143
137
133
139
152
232
253
237
156
134
231
248
254
252
254
252
228
108
222
245
252
249
249
251
254
237
152
135
139
141
172
244
254
249
249
249
249
249
249
249
249
249
249
251
254
245
249
245
254
251
252
245
228
83
86
112
250
229
98
137
158
154
137
130
154
244
254
249
249
249
249
249
249
249
252
244
238
240
252
253
245
239
232
163
230
240
234
244
250
254
254
252
250
249
254
243
151
141
135
151
137
139
133
153
225
170
241
254
250
252
245
228
83
86
108
249
253
249
249
249
249
249
249
249
249
249
249
251
254
252
228
108
222
245
252
249
249
249
249
249
249
249
249
249
254
251
240
157
139
133
123
135
146
198
243
252
254
243
156
133
172
247
254
252
245
228
83
86
108
249
253
249
249
253
249
200
146
137
138
149
218
251
252
249
249
249
249
249
249
249
249
249
249
249
251
252
253
252
251
249
253
249
108
86
84
234
252
240
151
132
140
137
133
124
145
232
254
249
249
249
249
249
249
250
254
245
160
152
238
238
161
150
142
145
147
157
150
157
233
238
242
245
252
249
254
234
144
122
128
128
129
131
132
144
135
149
227
250
252
253
249
108
86
83
228
245
252
249
249
249
249
249
249
249
249
249
249
252
245
228
83
86
108
249
253
249
249
249
249
249
249
249
249
249
248
238
147
134
138
146
151
157
236
250
253
254
252
232
143
129
163
244
254
254
251
108
86
83
228
245
252
249
249
254
241
170
135
138
135
165
241
254
250
249
249
249
249
249
249
249
249
249
249
249
249
249
249
249
249
249
252
245
222
108
231
252
249
155
145
139
138
134
140
141
163
241
254
249
249
249
249
249
249
252
250
229
137
134
161
153
139
122
87
125
132
134
130
139
146
156
168
245
254
250
254
232
155
139
156
154
156
147
142
134
134
137
157
244
254
252
245
222
108
228
252
254
251
249
249
249
249
249
249
249
249
249
249
253
249
108
86
83
228
245
252
249
249
249
249
249
249
249
249
249
243
153
135
128
146
226
240
244
249
254
251
254
244
158
134
142
207
243
252
247
252
223
108
228
252
254
251
249
249
254
240
155
125
93
123
162
238
254
249
249
249
249
249
249
249
249
249
249
249
249
249
249
249
249
249
249
251
254
245
249
250
251
158
136
136
136
145
144
165
230
244
244
252
249
249
249
249
249
249
254
244
158
138
136
139
136
129
83
81
87
134
137
137
137
136
127
141
229
250
252
254
238
168
227
240
237
240
235
150
138
135
128
150
235
254
251
254
245
249
245
254
251
249
249
249
249
249
249
249
249
249
249
249
252
245
222
108
228
252
254
251
249
249
249
249
249
249
249
249
249
233
146
121
135
158
250
254
254
252
250
250
254
237
151
124
156
237
234
110
223
252
247
249
245
254
251
249
249
249
254
234
146
77
85
97
161
253
254
254
254
254
252
250
249
249
249
249
249
249
249
249
249
249
249
249
249
249
251
252
253
254
236
149
129
138
139
153
230
248
251
254
252
250
249
249
249
249
249
249
254
233
147
127
140
142
139
88
88
92
151
162
146
140
132
138
137
139
153
243
253
252
244
249
249
254
254
254
253
242
151
143
129
154
237
254
249
251
252
253
252
251
249
249
249
249
249
249
249
249
249
249
249
249
251
254
245
249
245
254
251
249
249
249
249
249
249
249
249
249
249
231
153
140
158
237
248
252
249
249
249
252
251
232
144
134
154
221
92
86
108
251
254
253
252
251
249
249
249
249
254
237
107
77
83
134
222
236
239
237
233
244
251
254
254
254
252
250
249
249
249
249
249
249
249
249
249
249
249
249
250
254
238
154
130
136
151
201
251
254
252
250
249
249
249
249
249
249
249
249
254
245
156
139
138
141
134
130
105
226
242
243
233
152
150
142
136
130
155
237
254
251
251
252
251
250
249
250
254
253
234
147
126
154
237
254
249
249
249
249
249
249
249
249
249
249
249
249
249
249
249
249
249
251
252
254
254
254
252
251
249
249
249
249
249
249
249
249
249
249
249
237
168
224
246
248
253
250
249
249
249
254
245
160
138
137
194
100
93
83
228
245
252
249
249
249
249
249
249
250
254
238
148
86
131
149
157
158
157
153
150
154
233
240
235
244
252
254
254
253
251
250
249
249
249
249
249
249
249
249
251
254
237
151
131
142
160
245
252
251
249
249
249
249
249
249
249
249
249
249
252
251
232
146
135
139
145
149
243
252
254
254
251
250
238
160
145
133
147
233
251
252
249
249
249
249
249
249
250
254
241
156
123
153
237
254
249
249
249
249
249
249
249
249
249
249
249
249
249
249
249
249
251
254
245
249
245
254
251
249
249
249
249
249
249
249
249
249
249
249
249
243
248
247
254
252
250
249
249
249
249
254
235
155
129
138
158
217
118
229
252
254
251
249
249
249
249
249
249
252
251
235
145
135
138
141
136
134
132
132
129
138
146
156
148
156
232
239
239
247
254
253
251
250
249
249
249
249
249
249
252
247
197
143
129
149
236
254
254
254
253
253
252
252
251
250
249
249
249
249
250
254
241
155
132
136
150
236
254
254
251
252
254
253
252
227
151
134
140
160
245
254
249
249
249
249
249
249
249
254
237
153
121
151
235
254
249
249
249
249
249
249
249
249
249
249
249
249
249
249
249
251
254
252
228
108
222
245
252
249
249
249
249
249
249
249
249
249
249
249
249
251
252
251
250
249
249
249
249
249
250
254
239
153
130
149
162
239
250
252
254
251
249
249
251
252
253
252
251
254
244
157
141
140
142
142
141
142
141
142
140
139
136
133
129
139
149
152
154
198
239
248
253
252
250
249
249
249
249
249
252
248
168
144
128
161
239
253
235
246
242
254
241
253
248
253
250
249
249
249
249
254
235
149
129
133
165
242
254
250
251
254
252
230
115
176
145
134
129
152
235
254
249
249
249
249
249
249
250
254
240
151
130
156
244
254
249
249
249
249
249
249
249
249
249
249
249
249
249
249
249
252
245
228
83
86
108
249
253
249
249
249
249
249
249
249
249
249
249
249
249
249
249
249
249
249
249
249
249
249
251
254
236
151
133
147
210
112
229
247
253
249
249
251
254
245
249
245
254
254
235
152
129
139
141
141
141
140
141
141
143
141
141
142
140
139
136
132
134
142
155
197
242
249
252
250
249
249
249
249
252
251
232
146
128
153
225
172
149
160
226
170
223
172
238
251
254
251
250
249
249
254
244
159
140
129
159
239
254
249
252
245
228
83
90
102
157
147
129
154
237
254
249
249
249
249
249
250
252
252
233
139
139
232
251
252
249
249
249
249
249
249
249
249
249
249
249
249
249
249
249
253
249
108
86
83
228
245
252
249
249
249
249
249
249
249
249
249
249
249
249
249
249
249
249
249
249
249
249
249
253
248
198
143
133
142
84
95
108
249
253
249
251
254
252
228
108
222
245
254
233
149
126
137
139
139
138
137
134
133
132
131
132
136
138
140
141
142
138
135
137
139
164
242
253
251
249
249
249
249
250
254
239
155
130
147
144
145
130
141
138
150
135
146
148
238
249
253
252
250
249
252
251
232
146
127
153
238
254
249
253
249
108
86
90
224
225
143
128
152
236
254
249
249
249
249
249
251
253
243
152
133
153
241
254
250
249
249
249
249
249
249
249
249
249
249
249
249
249
249
249
252
245
222
108
228
252
254
251
249
249
249
249
249
249
249
249
249
249
249
249
249
249
249
249
249
249
249
249
249
254
240
154
136
137
87
81
89
228
245
252
249
252
245
228
83
86
108
249
254
241
165
155
152
142
131
132
140
147
156
152
152
153
146
142
134
139
141
141
141
138
132
140
198
250
254
250
249
249
249
249
254
237
154
131
139
140
138
137
132
132
129
128
128
136
148
197
239
245
252
249
250
254
241
156
125
155
240
254
250
252
245
222
108
234
249
169
143
129
152
237
254
249
249
249
249
250
253
248
197
140
125
153
237
254
249
249
249
249
249
249
249
249
249
249
249
249
249
249
249
249
251
254
245
249
245
254
251
249
249
249
249
249
249
249
249
249
249
249
249
249
249
249
249
249
249
249
249
249
249
254
236
155
131
135
132
103
234
252
254
251
249
253
249
108
87
86
232
247
254
244
241
238
234
158
162
152
160
233
240
237
238
240
233
153
142
137
134
138
142
141
139
137
145
235
249
252
249
249
249
249
254
235
150
130
143
143
133
89
131
139
155
159
147
138
130
143
162
247
254
249
249
254
237
154
126
145
234
251
252
251
254
245
249
251
242
152
129
130
153
237
254
249
249
249
249
251
254
239
149
135
128
150
235
254
249
249
249
249
249
249
249
249
249
249
249
249
249
249
249
249
249
251
252
253
252
251
249
249
249
249
249
249
249
249
249
249
249
249
249
249
249
249
249
249
249
249
249
249
249
254
238
157
132
141
148
238
251
254
251
249
249
252
245
222
111
215
246
251
254
254
254
254
251
245
236
236
243
252
254
254
254
254
253
244
196
156
147
142
136
140
140
137
137
157
245
254
250
249
249
249
254
244
158
138
135
131
80
84
104
234
241
240
236
154
138
131
192
241
254
250
249
254
237
154
127
139
162
244
254
249
251
252
253
254
248
171
141
129
154
237
254
249
249
249
249
253
248
197
141
130
136
157
244
253
249
249
249
249
249
251
252
253
252
251
249
249
249
249
249
249
249
249
249
249
249
249
249
249
249
249
249
249
249
249
249
249
249
249
249
249
249
249
249
249
249
249
249
249
249
254
238
154
129
144
201
252
254
251
249
249
249
251
254
245
253
237
135
217
232
243
254
251
252
253
254
254
254
252
250
249
249
250
252
253
247
243
234
155
141
137
141
142
133
148
234
254
251
249
249
249
252
251
232
145
142
97
94
92
235
252
254
254
254
235
149
132
149
238
250
252
249
254
237
153
130
131
156
236
254
249
249
249
249
252
252
234
147
126
152
236
254
249
249
249
250
254
242
157
134
135
147
236
249
252
249
249
249
249
251
254
240
241
237
252
249
249
249
249
249
249
249
249
249
249
249
249
249
249
249
249
249
249
249
249
249
249
249
249
249
249
249
249
249
249
249
249
249
249
249
254
237
153
124
151
237
254
251
249
249
249
249
249
251
252
254
243
234
115
117
237
249
254
254
253
251
249
249
249
249
249
249
249
250
251
253
254
253
234
143
133
141
141
136
143
199
248
253
249
249
249
250
254
240
154
135
208
112
232
252
254
251
250
254
248
160
136
134
157
244
254
249
254
237
155
132
133
156
238
254
249
249
249
249
250
254
239
156
125
156
239
254
250
250
252
254
254
234
144
128
141
199
250
253
250
249
251
253
254
254
249
232
125
241
253
249
249
249
249
249
249
249
249
249
249
249
251
252
253
252
251
249
249
249
249
249
249
249
249
249
249
249
249
249
249
249
249
249
249
249
254
237
154
123
156
238
254
250
249
249
249
249
249
249
249
251
254
243
232
219
115
220
217
232
247
254
254
253
251
249
249
249
249
249
249
249
250
254
243
153
139
139
141
139
136
156
240
254
249
249
249
249
254
237
152
139
156
247
252
254
251
249
249
252
251
232
143
125
154
238
254
250
254
237
159
132
133
154
238
254
250
249
249
249
250
254
238
156
127
145
233
251
252
253
248
246
233
152
137
135
154
243
253
252
253
254
254
247
232
217
220
112
231
240
252
249
249
249
249
249
249
249
249
249
249
251
254
245
249
245
254
251
249
249
249
249
249
249
249
249
249
249
249
249
249
249
249
249
249
249
254
237
152
123
153
237
254
249
249
249
249
249
249
249
249
249
251
253
254
247
237
119
122
120
222
217
232
247
254
254
254
253
251
249
249
249
249
253
243
194
139
137
142
139
129
151
234
254
249
249
249
249
254
235
149
123
146
236
253
253
249
249
249
250
254
238
151
125
146
232
251
252
254
235
151
130
133
152
236
254
251
249
249
249
250
254
234
149
130
137
155
245
254
253
241
160
145
138
135
149
244
254
254
254
247
232
217
222
120
122
119
235
245
254
251
249
249
249
249
249
249
249
249
249
251
254
252
228
108
222
245
252
249
249
249
249
249
249
249
249
249
249
249
249
249
249
249
249
249
250
254
241
154
122
153
236
254
249
249
249
249
249
249
249
249
249
249
249
251
254
243
231
217
222
120
122
120
222
219
215
232
247
254
254
254
253
251
252
252
201
145
135
141
138
140
159
245
254
249
249
249
249
254
245
156
136
136
165
249
254
250
249
249
249
254
244
161
136
136
159
245
254
254
244
159
139
134
143
198
247
253
249
249
249
251
254
202
151
131
141
162
244
252
233
154
139
136
137
152
230
250
238
216
219
222
120
122
120
222
217
231
243
254
251
249
251
252
253
252
251
249
249
249
249
252
245
228
83
86
108
249
253
249
249
251
252
253
252
251
249
249
249
249
249
249
249
249
249
249
252
251
232
143
134
167
245
254
249
249
249
249
249
249
249
249
249
249
249
249
251
253
254
254
247
232
217
222
120
123
123
120
222
219
215
232
247
254
254
254
246
155
136
143
136
145
232
252
252
249
249
249
249
252
250
230
141
126
143
232
250
252
249
249
249
252
251
232
145
123
149
233
254
252
251
233
149
133
137
155
246
254
251
249
249
250
254
234
152
131
145
230
237
176
150
147
142
141
130
134
215
232
125
124
123
120
222
217
232
247
254
254
253
251
249
251
254
245
249
245
254
251
249
249
249
253
249
108
86
83
228
245
252
249
251
254
245
249
245
254
249
249
249
249
249
249
249
249
249
249
254
244
158
133
144
233
252
252
249
249
249
249
249
249
249
249
249
249
249
249
249
249
249
251
253
254
254
247
232
215
219
222
120
123
123
120
222
219
218
227
216
141
129
140
139
162
251
254
254
254
254
254
254
254
254
248
160
137
136
156
247
254
250
249
249
251
254
243
156
130
157
242
254
250
254
240
155
133
138
156
236
254
254
254
254
254
254
250
161
131
141
144
143
132
120
122
127
126
102
121
123
125
217
226
217
232
247
254
254
253
251
249
249
249
251
254
252
228
108
222
245
252
249
249
249
252
245
222
108
228
252
254
251
251
254
252
228
108
222
245
249
249
249
249
249
249
249
249
249
250
254
236
151
121
153
239
254
250
249
249
249
249
249
249
249
249
249
249
249
249
249
249
249
249
249
249
251
253
254
254
254
247
232
215
219
222
120
123
128
124
113
101
96
132
123
133
211
224
217
217
217
215
232
247
254
254
244
153
131
149
238
254
254
254
254
254
254
240
149
147
226
254
254
254
254
248
162
138
142
141
106
217
223
217
217
217
224
213
135
96
98
90
92
96
105
118
117
96
89
201
191
95
220
254
254
254
253
251
249
249
249
249
249
249
252
245
228
83
86
108
249
253
249
249
249
251
254
245
249
245
254
251
249
252
245
228
83
86
108
249
249
249
249
249
249
249
249
249
249
250
254
234
150
122
147
236
254
249
249
249
249
249
249
249
249
249
249
249
249
249
249
249
249
249
249
249
249
249
249
249
251
253
254
254
254
247
232
215
223
208
130
121
130
96
96
110
120
129
124
124
124
123
120
222
220
225
211
132
116
129
142
224
229
226
226
229
225
143
125
134
213
224
219
217
224
212
136
125
129
77
92
104
131
124
124
124
130
119
105
85
83
100
126
130
138
212
205
83
89
109
102
107
120
254
254
250
249
249
249
249
249
249
249
249
253
249
108
86
83
228
245
252
249
249
249
249
251
252
253
252
251
249
249
253
249
108
86
83
228
245
249
249
249
249
249
249
249
249
249
252
254
206
152
122
146
234
254
249
249
249
249
249
249
249
249
249
249
249
249
249
249
249
249
249
249
249
249
249
249
249
249
249
249
249
251
253
254
254
255
250
161
139
140
129
130
178
222
219
217
217
217
219
222
120
123
128
120
119
102
96
96
105
114
112
112
114
106
100
86
105
115
130
125
124
131
117
108
95
87
86
94
218
223
217
217
217
223
213
131
92
99
111
141
146
163
165
114
99
83
83
77
82
211
236
248
252
249
249
249
249
249
249
249
249
252
245
222
108
228
252
254
251
249
249
249
249
249
249
249
249
249
249
249
252
245
222
108
228
252
254
249
249
249
249
249
249
249
249
249
252
246
229
138
133
162
244
254
249
249
249
249
249
249
249
249
249
249
249
249
249
249
249
249
249
249
249
249
249
249
249
249
249
249
249
249
249
249
252
250
232
146
136
140
144
161
251
254
254
254
254
254
254
247
232
215
218
220
226
222
141
125
119
121
122
121
121
122
122
126
134
217
221
217
217
224
208
129
115
123
104
236
254
254
254
254
254
254
254
157
100
91
126
132
135
135
133
124
92
131
134
95
141
148
174
244
254
249
249
249
249
249
249
249
249
251
254
245
249
245
254
251
249
249
249
249
249
249
249
249
249
249
249
249
251
254
245
249
245
254
251
249
249
249
249
249
249
249
249
249
254
245
156
133
143
231
251
252
249
249
249
251
252
253
252
251
249
249
249
249
249
249
249
249
249
249
249
249
249
249
249
249
249
249
249
249
249
250
254
247
156
140
137
135
145
233
251
252
250
249
249
249
251
253
254
254
254
254
254
254
247
153
141
137
139
138
138
135
140
153
246
254
254
254
254
254
251
167
150
153
237
250
254
251
249
249
249
252
250
234
124
118
153
158
156
151
147
134
136
137
139
140
136
131
153
234
254
249
249
249
249
249
249
249
249
249
251
252
253
252
251
249
249
249
249
249
249
249
249
249
249
249
249
249
249
251
252
253
252
251
249
249
249
249
249
249
249
249
249
250
254
235
150
124
157
242
254
250
249
249
251
254
245
249
245
254
251
249
249
249
249
249
249
249
249
249
249
249
249
249
249
249
249
249
249
249
250
253
254
233
145
132
137
135
164
242
254
250
249
249
249
249
249
249
249
249
249
249
250
254
251
239
157
142
146
145
156
149
153
239
251
254
250
249
249
252
245
241
230
228
247
254
251
249
249
249
249
250
254
246
240
231
235
238
242
226
142
136
150
150
141
132
136
129
153
237
254
249
249
249
249
249
249
249
249
249
249
249
249
249
249
249
249
249
249
249
249
249
249
249
249
249
249
249
249
249
249
249
249
249
249
249
249
249
249
249
249
249
249
251
254
236
147
136
199
248
253
249
249
251
254
252
228
108
222
245
252
249
249
249
249
249
249
249
249
249
249
249
249
249
249
249
249
249
249
250
253
250
242
153
143
135
144
150
207
246
253
249
249
249
249
249
249
249
249
249
249
249
249
250
254
248
246
228
168
230
240
234
243
248
253
250
249
249
249
250
252
254
254
253
250
251
249
249
249
249
249
249
251
252
254
254
254
254
254
247
163
154
236
236
158
153
146
131
146
234
254
249
249
249
249
249
249
249
249
249
249
249
249
249
249
249
249
249
249
249
249
249
249
249
249
249
249
249
249
249
249
249
249
249
249
249
249
249
249
249
249
249
249
253
248
198
136
147
237
254
251
249
249
252
245
228
83
86
108
249
253
249
249
249
249
249
249
249
249
249
249
249
249
249
249
249
249
249
250
253
252
242
152
139
136
133
146
229
249
250
251
249
249
249
249
249
249
249
249
249
249
249
249
249
250
252
254
249
252
250
254
254
254
252
250
249
249
249
249
249
249
249
250
250
250
249
249
249
249
249
249
249
249
249
249
249
249
249
252
245
239
241
252
252
244
238
232
151
159
241
254
249
249
249
249
249
249
249
249
249
249
249
249
249
249
249
249
249
249
249
249
249
249
249
249
249
249
249
249
249
249
249
249
249
249
249
249
249
249
249
249
249
249
254
240
158
127
152
238
254
250
249
249
253
249
108
86
83
228
245
252
249
249
249
249
249
249
249
249
249
249
249
251
252
253
252
251
250
254
251
242
155
140
135
135
138
163
247
254
251
250
249
249
249
249
249
249
249
249
249
249
249
249
249
249
249
250
251
252
251
250
249
249
249
249
249
249
249
249
249
249
249
249
249
249
249
249
249
249
249
249
249
249
249
249
249
249
249
250
252
253
253
252
252
254
254
251
240
238
245
252
249
249
249
249
249
249
249
249
249
249
249
249
249
249
249
249
249
249
249
249
249
249
249
249
249
249
249
249
249
249
249
249
249
249
249
249
249
249
249
249
249
249
254
236
156
119
150
234
254
249
249
249
252
245
222
108
228
252
254
251
249
249
249
249
249
249
249
249
249
249
251
254
245
249
245
254
254
251
240
150
141
136
134
139
148
239
249
252
249
249
249
249
249
249
249
249
249
249
249
249
249
249
249
249
249
249
249
249
249
249
249
249
249
249
249
249
249
249
249
249
249
249
249
249
249
249
249
249
249
249
249
249
249
249
249
251
252
253
252
251
249
249
249
249
250
252
254
254
252
250
249
249
249
249
249
249
249
249
249
249
249
249
249
249
249
249
249
249
249
249
249
249
249
249
249
249
249
249
249
249
249
249
249
249
249
249
249
249
249
249
249
249
254
234
145
125
151
242
254
249
249
249
251
254
245
249
245
254
251
249
249
249
249
249
249
249
249
249
249
251
254
252
228
108
224
251
254
241
146
139
135
137
142
150
241
251
253
250
249
249
249
249
249
249
249
249
249
249
249
249
249
249
249
249
249
249
249
249
249
249
249
249
249
249
249
249
249
249
249
249
249
249
249
249
249
249
249
249
249
249
249
249
249
249
251
254
245
249
245
254
251
249
249
249
249
249
249
249
249
249
249
249
249
249
249
249
249
249
249
249
249
249
249
249
249
249
249
249
249
249
249
249
249
249
249
249
249
249
249
249
249
249
249
249
249
249
249
249
251
252
253
252
254
240
161
147
236
248
252
249
249
249
249
251
252
253
252
251
249
249
249
249
249
249
249
249
249
249
249
252
245
228
85
91
113
250
244
156
139
135
135
136
149
237
252
254
250
249
249
249
249
249
249
249
249
249
249
249
249
249
249
249
249
249
249
249
249
249
249
249
249
249
249
249
249
249
249
249
249
251
252
253
252
251
249
249
249
249
249
249
249
249
249
251
254
252
228
108
222
245
252
249
249
249
249
249
249
249
249
249
249
249
249
249
249
249
249
249
249
249
249
249
249
249
249
249
249
249
249
249
249
249
249
249
249
249
249
249
249
249
249
249
249
249
249
249
249
251
254
245
249
245
254
246
239
240
248
254
250
249
249
249
249
251
252
253
252
251
249
249
249
249
249
249
249
249
249
249
249
253
249
109
88
80
217
195
154
142
136
135
142
148
207
248
254
250
249
249
249
249
249
249
249
249
249
249
249
249
249
249
249
249
249
249
249
249
249
249
249
249
249
249
249
249
249
249
249
249
251
254
245
249
245
254
251
249
249
249
249
249
249
249
249
252
245
228
83
86
108
249
253
249
249
249
249
249
249
251
252
253
252
251
249
249
249
249
249
249
249
249
249
249
249
249
249
249
249
249
249
249
249
249
249
249
249
249
249
249
249
249
249
249
249
249
249
249
251
254
252
228
108
222
246
254
253
253
252
250
249
249
249
249
251
254
245
249
245
254
251
249
249
249
249
249
249
249
249
249
249
252
246
228
107
183
153
153
140
137
134
140
159
237
248
251
251
249
249
249
249
249
249
249
249
249
249
249
249
249
249
249
249
249
249
249
249
249
249
249
249
249
249
249
249
249
249
249
249
251
254
252
228
108
222
245
252
249
249
249
249
249
249
249
249
253
249
108
86
83
228
245
252
249
249
249
249
249
251
254
245
249
245
254
251
249
249
249
249
249
249
249
249
249
249
249
249
249
249
249
249
249
249
249
249
249
249
249
249
249
249
249
249
249
249
249
249
249
252
245
228
83
86
108
249
253
249
249
249
249
249
249
249
251
254
252
228
108
222
245
252
249
249
249
249
249
249
249
249
249
250
253
254
251
238
145
140
136
137
133
137
149
242
253
254
251
250
249
249
249
249
249
249
249
249
249
249
249
249
249
249
249
249
249
249
249
249
249
249
249
249
249
249
249
249
249
249
249
249
252
245
228
83
86
108
249
253
249
249
249
249
249
249
249
249
252
245
222
108
228
252
254
251
249
249
249
249
251
254
252
228
108
222
245
252
249
249
249
249
249
249
249
249
249
249
249
249
249
249
249
249
249
249
249
249
249
249
249
249
249
249
249
249
249
249
249
249
249
253
249
108
86
83
228
245
252
249
249
249
249
249
249
249
252
245
228
83
86
108
249
253
249
249
249
249
249
249
249
249
250
253
249
248
237
161
144
137
136
142
144
160
238
250
253
250
249
249
249
249
249
249
249
249
249
249
249
249
249
249
249
249
249
249
249
249
249
249
249
249
249
249
249
249
249
249
249
249
249
249
253
249
108
86
83
228
245
252
249
249
249
249
249
249
249
249
251
254
245
249
245
254
251
249
249
249
249
249
252
245
228
83
86
108
249
253
249
249
249
249
249
249
249
249
249
249
249
249
249
249
249
249
249
249
249
249
249
249
249
249
249
249
249
249
249
249
249
249
249
252
243
219
103
225
251
254
251
249
249
249
249
249
249
249
252
243
109
84
84
222
243
252
249
249
249
249
249
249
249
249
250
249
240
164
145
142
136
139
140
150
229
246
249
253
250
249
249
249
249
249
249
249
249
249
249
249
249
249
249
249
249
249
249
249
249
249
249
249
249
249
249
249
249
249
249
249
249
249
249
249
252
243
219
103
225
251
254
251
249
249
249
249
249
249
249
249
249
251
252
253
252
251
249
249
249
249
249
249
252
243
109
84
84
222
243
252
249
249
249
249
249
249
249
249
249
249
249
249
249
249
249
249
249
249
249
249
249
249
249
249
249
249
249
249
249
249
249
249
249
249
249
249
249
249
249
249
249
249
249
249
249
249
249
249
249
249
249
88
249
249
249
249
249
249
249
249
249
249
249
249
249
249
142
141
141
141
141
142
141
249
249
249
249
249
249
249
249
249
249
249
249
249
249
249
249
249
249
249
249
249
249
249
249
249
249
249
249
249
249
249
249
249
249
249
249
249
249
249
249
249
249
249
249
249
249
249
249
249
249
249
249
249
249
249
249
249
249
249
249
249
249
249
249
249
249
249
249
249
249
249
249
88
249
249
249
249
249
249
249
249
249
249
249
249
249
249
249
249
249
249
249
249
249
249
249
249
249
249
249
249
249
249
249
249
249
249
249
249
