247
247
247
247
247
247
247
247
247
247
247
247
247
247
247
247
247
247
247
247
247
247
247
247
247
247
247
247
247
247
247
247
247
247
247
65
247
247
247
247
247
65
247
247
247
247
247
247
247
247
247
247
247
247
247
247
247
247
247
247
247
247
247
247
247
247
247
247
247
247
247
247
247
247
247
247
247
247
247
247
247
247
247
247
247
247
247
247
247
247
247
247
247
247
247
247
247
247
247
247
247
247
247
247
247
247
247
247
247
247
247
247
247
247
247
247
247
247
247
247
247
247
247
247
247
247
247
247
247
65
65
65
247
247
247
247
247
247
247
247
247
247
247
247
247
247
247
247
247
247
247
247
247
247
247
247
247
247
247
247
247
247
247
247
247
247
247
247
247
247
247
247
247
247
247
247
247
247
247
247
247
251
240
216
62
62
91
244
244
216
62
62
91
240
251
247
247
247
247
247
247
247
247
247
247
247
247
247
247
247
247
247
247
247
247
247
247
247
247
247
247
247
247
247
247
247
247
247
247
247
247
247
247
247
247
247
247
247
247
247
247
247
247
249
251
253
251
249
247
247
247
247
247
247
247
247
247
247
247
247
247
247
247
247
247
247
247
247
247
247
247
247
247
247
247
247
251
240
87
69
79
235
249
249
247
247
247
247
247
247
247
247
247
247
247
247
247
247
247
247
247
247
247
247
247
247
247
247
247
247
247
247
247
247
247
247
247
247
247
247
247
247
247
247
247
247
247
249
250
251
250
253
248
89
64
61
222
247
251
89
64
61
222
242
251
247
247
247
248
248
249
250
249
248
247
247
247
247
247
247
247
247
247
247
247
247
247
247
247
247
247
247
247
247
247
247
248
249
250
251
251
249
248
247
247
247
247
247
247
247
247
247
249
254
242
248
242
254
249
247
247
247
247
247
247
247
247
247
247
247
247
247
247
247
247
247
247
247
247
247
247
247
247
247
247
247
251
242
215
89
222
251
254
249
247
247
247
247
247
247
247
247
247
247
247
247
247
247
247
247
247
247
247
247
247
247
247
247
247
247
247
247
247
247
247
247
247
247
247
247
247
247
247
247
249
251
252
253
246
244
245
254
249
218
90
223
251
255
244
215
89
222
251
254
249
248
249
250
250
253
247
251
248
254
253
251
249
247
247
247
247
247
247
247
247
247
247
247
247
247
247
247
247
247
247
248
251
250
248
240
247
249
255
252
249
248
247
247
247
247
247
249
254
251
222
89
215
242
251
247
247
247
247
247
247
247
247
247
247
247
247
247
247
247
247
247
247
247
247
247
247
247
247
247
247
247
249
254
242
248
242
254
249
247
247
247
247
247
247
247
247
247
247
247
247
247
247
247
247
247
247
247
247
247
247
247
247
247
247
248
249
251
252
253
253
253
253
254
253
252
249
248
247
248
248
244
239
227
228
176
192
240
253
243
254
249
255
253
254
242
248
242
254
249
248
250
246
248
232
235
233
183
229
237
240
246
253
251
248
247
247
247
247
247
247
247
247
247
247
247
247
247
247
247
248
251
248
242
195
198
182
227
237
240
247
251
250
249
248
247
247
251
242
222
61
64
89
248
253
247
247
247
247
247
247
247
247
247
247
247
247
247
247
247
247
247
247
247
247
247
247
247
247
247
247
247
247
249
251
253
251
249
247
247
247
247
247
247
247
247
247
247
247
247
247
247
247
247
247
247
247
247
247
247
247
247
248
248
250
253
247
250
240
247
242
243
239
235
236
241
247
248
247
252
253
216
179
178
161
157
158
162
169
223
245
242
247
252
255
254
254
252
249
249
248
250
230
193
205
169
159
163
160
167
165
207
243
244
249
247
247
247
247
247
247
247
247
247
247
247
247
247
247
248
251
248
225
165
161
154
161
155
150
199
255
250
248
247
253
250
248
253
248
89
64
61
223
244
253
250
249
248
247
247
247
249
251
253
254
253
252
249
248
247
247
247
247
247
247
247
247
247
247
247
247
247
247
247
247
247
247
247
247
247
247
247
247
247
247
247
247
247
247
247
247
247
247
247
247
247
247
247
247
247
247
247
249
247
248
246
237
187
212
166
203
194
166
162
161
200
250
252
249
250
245
202
153
152
153
152
152
148
151
155
163
162
190
240
239
241
247
252
248
252
247
215
201
163
154
156
150
151
149
148
150
153
170
235
252
248
247
247
247
247
247
247
247
247
247
247
247
247
247
250
250
229
160
153
152
154
154
147
143
191
247
242
177
231
244
247
251
251
242
215
89
222
252
254
247
248
251
254
253
253
253
253
247
239
235
237
245
251
254
254
253
253
250
248
247
247
247
247
248
250
250
249
248
247
247
247
247
247
247
247
247
247
247
247
247
247
247
247
247
247
247
247
247
247
247
247
247
247
247
247
247
247
250
243
202
205
178
159
150
157
154
155
151
144
145
190
248
253
251
247
208
160
156
152
155
154
151
148
151
158
155
149
152
163
168
175
236
250
254
251
239
177
160
157
152
154
152
159
156
155
152
146
165
226
251
248
247
247
247
247
247
247
247
247
247
247
247
247
247
252
241
176
151
148
150
151
151
152
152
163
215
189
159
153
187
236
252
253
255
246
253
246
255
246
214
192
237
237
244
242
244
238
206
164
164
166
185
237
239
238
234
241
246
253
249
247
248
250
250
246
245
246
250
247
247
247
247
247
247
247
247
247
247
247
247
247
247
247
247
247
247
247
247
247
247
247
247
247
247
247
247
247
253
225
171
155
154
154
153
152
150
152
154
152
152
194
248
254
247
227
158
152
154
154
155
161
168
166
171
226
233
164
151
147
148
152
172
245
253
250
183
154
153
157
151
158
154
169
213
169
171
211
192
231
252
248
247
247
247
247
247
247
247
247
247
247
247
247
248
254
237
164
148
158
163
173
170
164
157
156
165
163
153
148
150
200
247
253
255
246
253
246
255
239
170
157
164
168
173
221
172
164
158
151
147
149
157
163
171
172
167
163
235
247
250
253
254
252
245
202
195
242
255
254
254
253
251
249
247
247
247
247
247
247
247
247
247
247
247
247
247
247
247
247
247
247
247
247
247
247
247
247
250
242
195
144
144
149
152
160
159
168
161
158
151
194
250
255
240
167
153
154
154
160
168
207
238
237
241
250
253
228
160
155
153
153
155
185
245
201
155
152
155
154
154
162
212
192
234
245
241
240
246
244
249
247
247
247
247
247
247
247
247
247
247
247
247
247
249
251
232
160
152
195
243
240
243
219
159
152
156
156
157
153
150
160
219
255
253
222
89
216
249
238
164
146
151
149
158
158
158
149
153
156
155
156
154
150
150
151
146
152
165
221
250
247
239
231
181
156
157
213
242
238
234
237
243
248
248
247
247
247
247
247
247
247
247
247
247
247
247
247
247
247
247
247
247
247
247
247
247
247
252
252
213
164
159
157
166
200
238
195
215
173
150
194
250
255
233
169
147
156
153
158
226
252
254
254
253
252
252
251
217
158
153
153
155
161
167
166
156
156
156
158
161
214
245
249
246
254
253
252
251
249
248
247
247
247
247
247
247
247
247
247
247
247
247
248
253
249
180
151
179
246
255
255
255
228
163
149
156
158
157
156
153
161
222
247
225
60
64
89
254
241
171
150
157
156
157
158
157
155
153
152
152
153
155
156
158
159
156
152
155
197
245
203
166
161
159
150
154
161
168
169
163
164
215
252
250
247
247
247
247
247
247
247
247
247
247
247
247
247
247
247
247
247
247
247
247
247
247
247
248
247
244
237
207
229
238
248
250
254
237
167
147
192
247
255
237
171
150
156
151
165
231
254
249
247
247
247
248
253
251
193
149
153
156
150
126
133
156
157
154
167
216
250
253
251
249
248
247
247
247
247
247
247
247
247
247
247
247
247
247
247
247
247
247
248
251
237
167
145
186
247
254
247
253
230
164
155
155
156
155
151
148
198
252
252
89
63
61
222
250
239
170
152
157
156
156
153
150
153
158
164
168
162
156
152
159
159
159
154
156
192
203
160
148
152
156
158
157
154
151
149
144
151
207
250
251
247
247
247
247
247
247
247
247
247
247
247
247
247
247
247
247
247
247
247
247
247
247
247
247
249
252
251
252
252
254
252
253
252
203
157
153
196
252
255
237
168
149
155
151
167
233
254
249
247
247
247
247
250
250
247
182
155
158
144
111
108
142
158
152
184
246
253
249
247
247
247
247
247
247
247
247
247
247
247
247
247
247
247
247
247
247
247
247
252
250
194
154
152
190
250
252
247
252
248
212
154
151
160
166
161
157
200
254
247
215
89
222
251
255
237
169
150
158
154
152
156
157
172
209
224
242
230
163
159
155
153
157
157
158
162
162
158
155
161
155
158
154
160
158
158
152
156
210
252
251
247
247
247
247
247
247
247
247
247
247
247
247
247
247
247
247
247
247
247
247
247
247
247
247
247
247
248
248
248
248
247
254
247
181
147
175
241
251
254
236
169
150
157
151
170
228
247
249
247
247
249
251
253
254
254
242
176
155
143
108
109
140
154
161
204
250
253
247
247
247
247
247
247
247
247
247
247
247
247
247
247
247
247
247
247
247
247
247
253
245
182
144
168
239
251
248
247
251
254
219
161
146
162
227
227
178
211
253
255
242
248
242
255
255
238
169
150
155
160
161
178
233
243
245
253
254
249
246
206
157
161
158
156
156
154
154
156
158
159
144
73
138
151
159
157
152
156
211
252
251
247
247
247
247
247
247
247
247
247
247
247
247
247
247
247
247
247
247
247
247
247
247
247
247
247
247
247
247
247
247
248
250
240
171
147
183
248
253
253
238
173
151
155
154
163
183
250
251
247
249
254
242
247
243
255
251
191
157
144
109
108
138
162
184
244
250
248
247
247
247
247
247
247
247
247
247
247
247
247
247
247
247
247
247
247
247
247
247
254
245
186
146
175
244
254
247
247
250
253
219
162
145
166
237
253
245
242
247
250
251
253
251
251
250
233
163
152
153
159
213
248
251
254
251
249
249
251
251
249
241
186
155
154
156
155
152
161
153
144
55
64
85
185
164
152
149
156
211
252
251
247
247
247
247
247
249
251
253
251
249
247
247
247
247
247
247
247
247
247
247
247
247
247
247
247
247
247
247
247
247
253
253
195
154
157
208
250
252
251
246
196
155
153
154
153
221
243
251
249
254
251
222
89
219
245
244
182
157
141
109
110
139
170
236
252
250
247
247
247
247
247
247
247
247
247
247
247
247
247
247
247
247
247
247
247
247
247
247
254
247
185
147
178
247
255
249
247
250
253
217
159
144
170
234
254
251
250
249
247
247
247
247
251
247
180
154
154
151
164
225
255
253
248
247
247
247
247
249
255
253
195
155
154
155
152
152
165
220
84
64
69
227
239
194
164
154
155
211
253
251
247
247
247
247
249
254
242
248
242
254
249
247
247
247
247
247
247
247
247
247
247
247
247
247
247
249
251
253
251
249
252
242
181
149
172
244
251
248
249
251
226
158
150
155
158
178
235
253
253
243
222
61
64
94
253
201
160
153
134
108
126
146
170
235
254
248
247
247
247
247
247
247
247
247
247
247
247
247
247
247
247
247
247
247
247
247
247
247
254
247
187
151
166
239
250
254
249
250
253
215
157
141
162
230
253
247
247
247
247
247
247
247
253
241
177
149
155
150
160
221
253
250
247
247
247
247
247
248
250
240
183
148
155
157
161
171
216
240
223
92
224
254
255
250
224
161
151
210
253
251
247
247
247
249
254
251
222
89
215
242
251
247
247
247
247
247
247
247
247
247
247
247
247
247
249
254
242
248
242
255
254
204
152
155
231
253
254
251
250
253
235
168
155
155
153
159
209
245
254
250
90
66
65
231
240
190
152
147
112
107
133
155
174
241
253
247
247
247
247
247
247
247
247
247
247
247
247
247
247
247
247
247
247
247
247
247
247
247
254
248
190
151
141
84
225
242
251
252
254
218
157
147
157
235
253
247
247
247
247
247
247
247
254
243
179
151
154
150
162
221
253
250
247
247
247
247
247
249
254
201
156
154
153
155
190
242
250
255
244
248
242
255
252
255
234
162
151
210
253
251
247
247
247
251
242
222
61
64
89
248
253
247
247
247
247
247
247
247
247
247
247
247
247
249
254
251
222
89
215
248
253
199
149
169
250
249
249
242
254
253
247
212
150
150
157
157
159
196
252
248
222
92
221
247
211
162
157
147
114
111
137
163
226
250
254
253
254
254
254
254
254
254
254
254
253
252
249
248
247
247
247
247
247
247
247
247
247
247
254
251
183
138
53
68
93
251
253
250
247
212
149
149
218
247
252
247
247
247
247
247
247
247
254
243
179
151
153
153
180
233
253
247
247
247
247
247
247
249
251
242
185
150
153
164
206
254
253
250
251
253
251
249
248
253
230
163
148
211
252
251
247
247
247
253
248
89
64
61
222
242
251
247
247
247
247
247
247
247
247
247
247
247
247
251
242
222
61
64
90
253
252
198
160
234
251
226
89
215
242
253
254
220
153
152
155
154
153
164
214
255
243
236
189
174
161
154
155
146
122
144
151
164
231
255
246
239
233
238
237
237
237
237
237
237
237
244
247
250
248
247
247
247
247
247
247
247
247
249
253
246
182
72
58
63
223
244
254
253
230
162
148
160
225
254
251
247
247
247
247
247
247
247
254
242
178
151
151
155
207
249
252
247
247
247
247
247
247
248
253
246
188
151
149
179
241
252
248
247
247
247
247
247
248
254
228
155
150
211
252
251
247
247
247
251
242
215
89
222
251
254
249
247
247
247
247
247
247
247
247
247
247
247
247
253
248
89
63
60
225
244
213
155
214
243
229
61
64
89
248
254
253
251
211
160
158
156
154
155
183
219
201
170
160
154
152
152
162
155
147
153
152
168
234
254
217
153
165
167
166
170
168
168
168
167
163
186
245
253
252
249
247
247
247
247
247
247
248
250
248
198
153
137
72
145
200
255
255
255
227
160
140
161
222
253
250
247
247
247
247
247
247
247
254
242
177
149
149
155
208
253
251
247
247
247
247
247
247
251
253
207
159
151
150
184
247
254
247
247
247
247
247
247
249
254
229
160
149
210
252
251
247
247
247
249
254
242
248
242
255
253
253
251
249
247
247
247
247
247
247
247
247
247
247
251
242
215
89
225
255
238
160
151
218
253
94
69
71
236
255
255
255
246
234
201
164
165
164
163
167
169
167
161
161
165
162
167
184
230
175
159
169
180
240
239
167
156
155
156
158
159
158
157
157
157
157
162
194
253
254
255
255
255
255
255
255
255
255
255
225
167
171
167
171
158
168
215
251
249
217
166
160
180
243
255
255
255
255
255
255
255
255
255
255
254
189
158
160
171
227
255
255
255
255
255
255
255
255
255
255
213
163
160
176
208
255
255
255
255
255
255
255
255
255
255
235
161
159
217
254
253
247
247
247
247
249
251
253
253
255
242
248
242
254
249
247
247
247
247
247
247
247
247
247
249
254
242
248
247
255
220
150
159
226
248
221
76
199
215
227
220
179
152
150
146
142
136
135
133
132
135
136
137
140
139
135
134
198
204
146
131
138
189
154
144
141
139
140
139
137
137
136
133
135
133
134
135
140
143
194
220
215
211
210
210
210
210
214
217
181
131
136
189
145
130
135
143
148
152
146
136
128
178
211
213
211
210
210
210
210
210
210
211
219
213
153
132
130
164
210
213
212
210
210
210
210
210
210
216
218
177
134
131
150
205
212
213
210
210
210
210
210
211
216
213
149
134
126
192
240
254
247
247
247
247
247
247
249
254
251
222
89
215
242
251
247
247
247
247
247
247
247
247
247
247
249
251
254
252
238
162
153
199
249
255
248
244
110
106
98
92
87
81
81
82
79
79
88
94
95
87
85
87
87
85
85
96
110
105
94
80
91
88
89
86
82
86
82
83
86
82
89
87
98
94
89
81
80
83
87
101
107
110
109
108
108
109
111
107
95
82
94
101
106
89
84
79
80
80
79
81
91
103
111
109
108
108
108
108
108
108
108
110
108
98
89
80
86
98
108
112
108
108
108
108
108
108
109
110
104
91
86
91
104
108
111
108
108
108
108
108
108
110
106
95
85
80
86
109
246
254
247
247
247
247
247
247
251
242
222
61
64
89
248
253
247
247
247
247
247
247
247
247
247
247
247
248
253
247
181
151
169
225
253
253
254
245
226
153
116
129
135
135
133
136
140
148
165
217
180
134
136
138
138
135
137
190
226
206
142
133
138
138
141
140
124
54
123
136
147
201
159
183
225
219
153
137
134
136
130
136
199
213
214
211
211
216
212
188
133
129
148
206
228
196
137
131
131
135
133
136
179
219
214
210
210
210
210
210
210
210
210
215
212
151
129
133
133
169
216
215
210
210
210
210
210
210
213
214
184
129
135
198
219
215
211
210
210
210
210
210
210
216
207
147
127
131
168
228
240
250
247
247
247
247
247
247
253
248
89
64
61
222
242
251
247
247
247
247
247
247
247
247
247
247
247
249
250
235
163
143
186
246
252
249
253
255
221
167
161
162
164
164
166
173
227
248
254
247
203
172
161
162
163
160
165
221
255
249
180
161
167
167
162
152
67
71
93
227
254
250
254
254
255
255
247
185
168
165
161
168
189
254
255
255
255
255
247
175
167
158
173
241
255
255
217
170
167
167
165
204
254
255
255
255
255
255
255
255
255
255
255
255
255
198
161
158
166
214
255
255
255
255
255
255
255
255
255
255
212
159
169
237
255
255
255
255
255
255
255
255
255
255
254
187
156
167
212
255
254
249
247
247
247
247
247
247
251
242
215
89
222
251
254
249
247
247
247
247
247
247
247
247
247
247
247
253
251
185
153
153
198
253
252
250
248
228
168
153
155
158
154
157
194
246
249
254
253
248
243
198
161
158
154
155
157
162
198
220
163
151
158
158
156
70
63
69
227
248
254
253
252
250
250
252
248
248
213
161
155
154
156
186
250
254
249
239
163
154
151
152
156
167
242
248
247
241
231
171
230
246
249
250
247
247
247
247
247
247
247
247
247
254
248
190
153
151
158
201
250
252
247
247
247
247
247
247
253
234
176
145
158
223
253
248
247
247
247
247
247
247
249
250
237
169
144
180
242
250
248
247
247
247
247
247
247
247
249
254
242
248
242
254
249
247
247
247
247
247
247
247
247
247
247
247
248
251
238
174
143
175
240
249
250
252
235
169
154
154
155
151
154
183
249
253
251
248
248
250
250
247
237
168
156
153
153
154
161
153
137
152
159
154
157
156
93
228
251
255
249
247
247
247
247
248
250
254
250
202
153
151
150
176
239
254
249
178
152
151
157
158
152
152
174
249
255
254
247
249
246
253
249
248
247
247
247
247
247
247
247
247
248
251
241
182
150
151
156
199
250
252
247
247
247
247
247
249
254
230
166
148
164
229
253
248
247
247
247
247
247
248
253
251
191
154
154
189
252
253
247
247
247
247
247
247
247
247
247
249
251
253
251
249
247
247
247
247
247
247
247
247
247
247
247
247
251
252
198
153
153
188
249
253
248
253
229
163
149
155
153
152
156
243
250
250
247
247
247
248
249
253
251
236
167
157
155
156
157
142
128
153
160
159
173
229
246
244
254
249
247
247
247
247
247
247
247
253
252
204
154
152
154
159
201
254
231
166
147
159
202
201
158
146
169
238
252
251
250
250
249
248
247
247
247
247
247
247
247
247
247
247
251
253
201
157
154
152
153
196
249
252
247
247
247
247
248
252
250
224
153
148
210
248
251
247
247
247
247
247
247
249
251
233
174
145
168
237
250
249
247
247
247
247
247
247
247
247
247
247
247
247
247
247
247
247
247
247
247
247
247
247
247
247
247
247
253
249
190
151
166
240
248
249
248
254
231
165
147
158
165
174
237
247
251
248
247
247
247
247
247
248
252
248
235
186
162
155
159
146
127
151
157
162
229
254
255
252
249
247
247
247
247
247
247
247
247
252
252
201
154
154
154
153
192
242
191
149
158
205
252
243
183
147
156
189
249
252
250
247
247
247
247
247
247
247
247
247
247
247
247
247
252
249
197
150
151
153
158
199
253
251
247
247
247
247
249
250
235
166
151
157
216
253
252
247
247
247
247
247
251
252
231
191
159
154
180
249
253
248
247
247
247
247
247
247
247
247
247
247
247
247
247
247
247
247
247
247
247
247
247
247
247
247
247
248
252
244
184
154
216
250
252
248
248
254
231
165
145
154
209
247
249
252
248
247
247
247
247
247
247
247
248
251
251
239
188
154
157
148
115
127
153
161
227
252
251
247
247
247
247
247
247
247
247
247
247
251
251
213
162
152
153
155
196
204
161
145
169
240
255
253
192
155
151
156
199
247
251
249
247
247
247
247
247
247
247
249
251
253
251
249
252
251
199
154
151
151
180
242
251
248
247
247
247
247
253
246
186
155
146
156
212
252
250
247
247
247
247
247
251
246
206
153
148
161
231
249
249
247
247
247
247
247
247
247
247
247
247
247
247
247
247
247
247
247
247
247
247
247
247
247
247
247
247
252
254
210
153
159
230
253
249
247
248
254
231
162
146
165
226
255
252
248
247
247
247
247
247
247
247
247
247
248
252
252
207
159
158
148
112
110
136
157
181
242
253
247
247
247
247
247
249
251
253
251
249
251
250
206
156
150
153
156
194
203
157
151
188
248
254
250
223
163
147
152
146
202
251
252
248
247
247
247
247
247
249
254
242
248
242
254
254
251
198
153
150
154
192
249
254
247
247
247
247
248
251
237
166
147
151
162
218
253
250
247
247
247
247
250
253
222
158
148
154
173
244
253
248
247
247
247
247
247
247
247
247
247
247
247
247
247
247
247
247
247
247
247
247
247
247
247
247
247
248
253
247
197
146
160
236
254
247
247
248
254
231
161
145
202
247
251
247
247
249
251
253
251
249
247
247
247
247
247
250
253
229
178
158
147
113
106
135
150
169
233
253
247
247
247
247
249
254
242
248
242
254
253
253
202
154
152
150
156
194
201
154
159
233
250
250
253
244
181
158
153
149
156
221
249
251
247
247
247
247
249
254
251
222
89
215
242
254
250
200
155
150
156
194
247
253
247
247
247
247
249
253
212
163
149
151
199
246
252
247
247
247
247
247
251
253
214
149
145
160
225
249
250
247
247
247
247
247
247
247
247
247
247
247
247
247
247
247
247
247
247
247
247
247
247
247
247
247
247
250
249
216
157
159
223
248
251
247
247
248
254
231
160
148
207
253
253
247
249
254
242
248
242
254
249
247
247
247
247
248
254
249
197
159
146
113
107
137
151
167
234
254
247
247
247
249
254
251
222
89
215
242
251
250
243
187
151
152
165
201
204
152
166
239
255
249
250
246
245
225
164
152
151
169
236
253
249
247
247
247
251
242
222
61
64
89
247
255
249
196
150
147
151
188
245
253
247
247
247
247
252
246
218
158
148
154
204
253
253
247
247
247
247
247
251
249
215
154
145
167
230
254
249
247
247
247
247
247
247
247
247
247
247
247
247
247
247
247
247
247
247
247
247
247
247
247
247
247
248
254
233
162
147
206
249
253
248
247
247
248
254
231
159
147
206
253
252
249
254
251
222
89
215
242
251
247
247
247
247
248
253
245
188
157
149
113
106
135
152
173
236
254
248
247
247
251
242
222
61
64
89
248
253
254
252
199
156
147
174
235
198
153
158
231
249
250
248
250
253
252
221
156
148
153
210
247
251
247
247
247
253
248
89
64
61
222
242
253
251
207
159
151
143
171
247
253
247
247
247
247
253
248
173
152
150
154
201
251
252
247
247
247
247
247
252
236
172
155
150
168
232
253
248
247
247
247
247
247
247
247
247
247
247
247
247
247
247
247
247
247
247
247
247
247
247
247
247
247
251
248
221
149
152
215
253
251
247
247
247
248
254
231
160
147
206
250
252
251
242
222
61
64
89
248
253
247
247
247
248
252
254
208
160
159
148
113
107
136
154
165
232
250
250
247
247
253
248
89
64
61
222
243
253
254
247
190
150
151
165
200
208
153
152
181
247
252
247
247
248
252
251
208
154
151
171
240
253
247
247
247
251
242
215
89
222
251
254
250
247
245
237
175
160
211
247
252
247
247
247
247
254
244
182
149
149
152
201
250
251
247
247
247
247
248
253
232
169
148
149
184
236
253
247
247
247
247
247
247
247
247
247
247
247
247
247
247
247
247
247
247
247
247
247
247
247
249
251
253
255
243
168
148
171
227
253
250
247
247
247
248
254
231
162
151
185
232
252
253
247
89
64
61
222
242
251
247
247
248
251
249
235
183
153
156
147
116
130
157
155
158
184
249
253
248
247
251
242
215
89
222
252
255
253
251
204
158
151
153
181
247
210
162
145
177
242
254
248
247
247
249
253
247
191
145
170
240
254
250
251
253
253
255
242
248
242
254
249
248
249
253
249
242
239
243
249
248
247
247
247
248
251
242
179
151
152
158
206
253
251
247
247
247
247
250
249
228
161
149
157
180
240
253
247
247
247
247
247
247
247
247
247
247
247
247
247
247
247
247
247
247
247
247
247
247
247
254
242
250
244
238
158
151
202
251
251
247
247
247
247
248
253
230
164
145
158
219
254
253
242
215
89
222
251
254
249
248
249
253
251
229
167
158
157
158
148
127
153
160
157
151
167
234
250
249
247
249
254
242
248
244
255
250
241
198
159
151
151
170
246
255
248
183
145
169
239
253
250
248
247
247
254
251
197
150
162
235
252
255
242
248
242
255
253
253
251
249
247
247
247
248
250
252
252
251
249
247
247
247
247
251
249
195
156
150
150
187
243
252
248
247
247
247
247
253
242
176
155
147
154
214
248
250
247
247
247
247
247
247
247
247
247
247
247
247
247
247
247
247
247
247
247
247
247
247
247
249
223
95
215
171
153
181
244
253
249
247
247
247
247
248
254
231
165
144
152
214
253
255
255
247
250
243
254
250
250
253
251
248
231
165
154
152
153
156
162
162
159
155
157
155
157
182
251
254
247
247
249
251
253
250
248
230
162
157
154
157
173
219
249
253
255
187
147
152
182
248
250
249
247
247
252
249
197
150
152
186
254
254
222
91
219
248
253
249
247
247
247
247
247
247
247
247
247
247
247
247
247
247
247
251
249
189
148
146
148
189
249
254
247
247
247
247
247
253
237
168
147
152
161
224
254
250
247
247
247
247
247
247
247
247
247
247
247
247
247
247
247
247
247
247
247
247
247
247
247
219
64
69
75
156
150
190
249
254
247
247
247
247
247
248
254
231
164
146
157
169
226
239
238
247
253
253
251
249
246
243
238
187
162
157
153
153
158
163
200
218
161
152
157
155
150
180
242
254
251
249
248
249
254
251
200
162
153
148
162
158
219
210
94
221
243
222
165
154
151
193
249
250
248
247
252
250
196
152
143
174
236
230
61
73
83
247
248
254
249
247
247
247
247
247
247
247
247
247
247
247
247
247
247
248
249
242
186
157
153
187
248
252
247
247
247
247
248
254
239
172
147
150
202
245
251
247
247
247
247
247
247
247
247
247
247
247
247
247
247
247
247
247
247
247
247
247
247
247
247
85
63
53
154
146
159
202
250
252
247
247
247
247
247
248
254
231
165
149
155
160
163
155
166
197
242
255
255
252
223
173
165
160
152
153
152
153
161
225
254
223
162
149
157
159
157
164
195
247
249
254
254
252
249
237
176
149
154
162
160
196
91
62
73
90
248
253
231
161
145
161
215
253
251
247
252
250
204
155
143
179
243
98
73
64
198
83
219
242
251
247
247
247
247
247
247
247
247
247
247
247
247
247
247
248
250
248
246
228
180
215
249
251
247
247
247
248
251
252
236
164
148
160
214
254
252
247
247
247
247
247
247
247
247
247
247
247
247
247
247
247
247
247
247
247
247
247
247
247
247
217
85
158
145
156
176
245
250
248
247
247
247
247
247
248
254
230
165
151
157
155
152
148
147
157
207
243
242
224
161
153
149
154
152
151
159
162
217
251
255
231
170
153
156
162
153
157
158
170
221
242
234
228
208
162
157
149
153
148
177
65
46
44
67
223
244
255
245
175
149
149
188
240
250
252
253
251
200
154
145
180
237
226
83
198
64
73
91
248
253
247
247
247
249
251
253
251
249
247
247
247
247
247
247
247
248
249
253
247
246
243
248
248
247
247
247
248
247
240
172
147
143
188
243
251
248
247
247
247
247
247
247
247
247
247
247
247
247
247
247
247
247
247
247
247
247
247
247
247
247
244
247
192
165
168
239
249
250
247
247
247
247
247
247
248
253
229
163
147
156
158
158
158
153
157
161
168
166
158
150
145
149
149
155
160
193
243
246
250
253
248
213
162
158
156
144
80
134
151
160
174
169
163
154
146
151
159
170
194
83
73
59
92
230
251
254
252
248
231
159
153
155
177
235
250
255
250
196
151
154
191
254
252
247
83
73
62
222
242
251
247
247
249
254
242
248
242
254
249
247
247
247
247
247
247
247
247
248
249
250
250
249
247
247
247
247
249
251
202
168
160
164
205
252
253
247
247
247
247
247
247
247
247
247
247
247
247
247
247
247
247
247
247
247
247
247
247
247
247
247
252
253
246
236
241
247
251
248
247
247
247
247
247
247
247
252
235
166
147
148
151
150
150
148
146
142
140
149
157
167
167
168
166
178
234
247
251
252
249
249
252
241
198
157
143
64
66
63
75
138
147
145
145
152
160
170
227
245
238
216
95
209
242
246
254
249
248
253
250
221
156
150
152
171
242
249
227
172
148
162
234
252
254
248
219
91
222
251
254
249
247
249
254
251
222
89
215
242
251
247
247
247
247
247
247
247
247
247
247
247
247
247
247
247
247
247
248
246
240
234
234
237
243
247
248
247
247
247
247
247
247
247
247
247
247
247
247
247
247
247
247
247
247
247
247
247
247
247
247
247
248
249
252
253
252
250
248
247
247
247
247
247
247
247
247
251
248
223
166
164
168
167
167
167
168
167
165
174
233
240
239
241
242
247
250
253
249
248
247
247
250
252
253
195
81
55
44
45
56
70
155
162
165
199
239
244
248
254
255
244
250
248
255
255
253
249
247
248
252
250
210
154
149
154
180
219
166
154
156
177
250
255
251
254
242
248
242
254
249
247
247
251
242
222
61
64
89
248
253
247
247
247
247
247
247
247
247
247
247
247
247
247
247
247
247
247
248
249
252
253
253
253
251
249
248
247
247
247
247
247
247
247
247
247
247
247
247
247
247
247
247
247
247
247
247
247
247
247
247
247
247
247
247
247
247
247
247
247
247
247
247
247
247
247
247
248
251
245
240
234
238
237
237
237
237
237
235
243
250
255
255
250
254
247
255
250
247
247
247
247
249
255
248
242
164
95
69
71
69
156
170
232
240
246
252
253
250
248
249
251
254
255
244
248
242
254
249
247
249
252
250
197
150
148
155
155
157
149
165
219
248
245
254
251
251
253
251
249
247
247
247
253
248
89
64
61
222
242
251
247
247
247
247
247
247
247
247
247
247
247
247
247
247
247
247
247
247
247
247
247
249
251
253
251
249
247
247
247
247
247
247
247
247
247
247
247
247
247
247
247
247
247
247
247
249
251
253
251
247
247
247
247
247
247
247
247
247
247
247
247
247
247
247
247
247
247
248
250
253
254
254
254
254
254
254
254
253
253
252
255
251
222
89
215
242
251
247
247
247
249
254
251
227
92
210
231
216
99
219
241
248
250
254
251
249
248
247
247
247
249
254
251
222
89
215
242
251
247
247
249
252
246
188
161
157
151
148
160
172
213
94
217
242
251
247
247
247
247
247
247
247
251
242
215
89
222
251
254
249
247
247
247
247
247
247
247
247
247
247
247
247
247
247
247
247
247
247
247
247
249
254
242
248
242
254
249
247
247
247
247
247
247
247
247
247
247
247
247
247
247
247
247
247
249
254
242
248
240
247
247
247
247
247
247
247
247
247
247
247
247
247
247
247
247
247
247
247
247
247
247
247
247
247
247
247
247
247
247
251
242
222
61
64
89
248
253
247
247
247
251
242
222
61
67
96
255
251
250
245
255
253
250
248
247
247
247
247
247
247
251
242
222
61
64
89
248
253
247
247
247
250
248
244
238
214
167
168
170
202
57
66
89
248
253
247
247
247
247
247
247
247
249
254
242
248
242
254
249
247
247
247
247
247
247
247
247
247
247
247
247
247
247
247
247
247
247
247
247
249
254
251
222
89
215
242
251
247
247
247
247
247
247
247
247
247
247
247
247
247
247
247
247
249
254
251
222
89
212
247
247
247
247
247
247
247
247
247
247
247
247
247
247
247
247
247
247
247
247
247
247
247
247
247
247
247
247
247
247
251
240
91
62
62
216
240
251
247
247
247
251
240
91
62
62
216
242
254
253
251
249
247
247
247
247
247
247
247
247
247
251
240
91
62
62
216
240
251
247
247
247
248
249
252
253
247
241
238
235
89
66
63
216
240
251
247
247
247
247
247
247
247
247
249
251
253
251
249
247
247
247
247
247
247
247
247
247
247
247
247
247
247
247
247
247
247
247
247
247
249
249
235
79
69
87
240
251
247
247
247
247
247
247
247
247
247
247
247
247
247
247
247
247
249
249
235
79
69
83
247
247
247
247
247
247
247
247
247
247
247
247
247
247
247
247
247
247
247
247
247
247
247
247
247
247
247
247
247
247
247
247
247
65
247
247
247
247
247
247
247
247
247
247
65
247
247
247
247
247
247
247
247
247
247
247
247
247
247
247
247
247
247
247
65
247
247
247
247
247
247
247
247
247
247
247
247
247
247
247
247
65
247
247
247
247
247
247
247
247
247
247
247
247
247
247
247
247
247
247
247
247
247
247
247
247
247
247
247
247
247
247
247
247
247
247
247
247
247
247
247
247
65
65
65
247
247
247
247
247
247
247
247
247
247
247
247
247
247
247
247
247
247
247
247
247
65
65
65
247
247
