250
250
250
250
250
250
250
250
250
250
250
250
252
191
134
135
234
251
250
250
250
250
250
250
250
250
250
250
250
250
250
250
250
250
250
250
250
250
250
250
250
250
250
250
250
250
250
250
250
250
250
250
250
250
250
250
250
250
250
250
250
250
250
250
250
250
250
250
250
250
250
250
250
250
250
250
250
89
89
89
250
250
250
250
250
250
250
250
250
250
250
250
250
250
250
250
250
250
250
250
250
250
250
250
250
250
250
250
250
250
250
250
250
250
250
250
250
250
250
250
250
250
250
250
250
250
250
250
250
250
250
250
250
250
250
250
250
250
250
250
250
250
250
250
250
250
250
89
89
89
250
250
250
250
250
250
250
250
250
251
251
249
239
184
133
145
228
252
251
250
250
250
250
250
250
250
250
250
250
250
250
250
250
250
250
250
250
250
250
250
250
250
250
250
250
250
250
250
250
250
250
250
250
250
250
250
250
250
250
250
250
250
250
250
250
250
250
250
250
250
250
250
250
250
251
243
108
93
102
239
251
251
250
250
250
250
250
250
250
250
250
250
250
250
250
250
250
250
250
250
250
250
250
250
250
250
250
250
250
250
250
250
250
250
250
250
250
250
250
250
250
250
250
250
250
250
250
250
250
250
250
250
250
250
250
250
250
250
250
250
250
250
250
250
251
243
108
93
96
250
250
250
250
250
250
250
250
250
250
251
246
214
145
143
134
138
220
250
251
250
250
250
250
250
250
251
251
252
253
253
252
251
251
250
250
250
250
250
250
250
250
250
250
250
250
250
250
250
250
250
250
250
250
250
250
250
250
250
250
250
250
250
250
250
250
250
250
250
250
250
250
250
250
250
251
245
222
110
228
251
252
251
250
250
250
250
250
250
250
250
250
250
250
250
250
250
250
250
250
250
250
250
250
250
250
250
250
250
250
250
250
250
250
250
250
250
250
250
250
250
250
250
250
250
250
250
250
250
250
250
250
250
250
250
250
250
250
250
250
250
250
250
250
250
251
245
222
110
222
250
250
250
250
250
250
250
250
250
251
253
228
146
132
133
136
136
150
237
252
250
250
250
250
250
251
252
247
243
235
237
240
245
251
250
250
250
250
250
250
250
250
250
250
250
250
250
250
250
250
250
250
250
250
250
250
250
250
250
250
250
250
250
250
250
250
250
250
250
250
250
250
250
250
250
251
252
245
249
245
252
251
250
250
250
250
250
250
250
250
250
250
250
250
250
250
250
250
250
250
250
250
250
250
250
250
250
250
250
250
250
250
250
250
250
250
250
250
250
250
250
250
250
250
250
250
250
250
250
250
250
250
250
250
250
250
250
250
250
250
250
250
250
250
250
251
252
245
249
243
250
250
250
250
250
250
250
250
250
251
248
215
136
132
140
140
127
144
229
252
250
250
250
250
250
251
249
232
152
149
147
162
217
251
251
250
250
250
250
250
250
250
250
250
250
250
250
250
251
252
252
253
252
251
251
250
250
250
250
250
250
250
250
250
250
250
250
250
250
250
250
250
250
250
250
250
251
251
252
251
251
250
250
250
250
250
250
250
250
250
250
250
250
250
250
250
250
250
250
250
250
250
250
250
250
250
250
250
250
250
250
250
250
250
250
250
250
250
250
250
250
250
250
250
250
250
250
250
250
250
250
250
250
250
250
250
250
250
250
250
250
250
250
250
250
250
251
251
252
251
250
250
250
250
250
250
250
251
251
254
240
155
136
136
138
138
130
151
231
252
250
250
250
250
250
252
241
151
129
129
126
133
199
250
251
250
250
250
250
250
250
250
250
250
250
250
250
251
249
243
237
233
242
249
253
252
251
251
251
250
250
250
250
250
250
250
250
250
250
250
250
250
250
250
250
250
250
250
250
250
250
250
250
250
250
250
250
250
250
250
250
250
250
250
250
250
250
250
250
250
250
250
250
250
250
250
250
250
250
250
250
250
250
250
250
250
250
250
250
250
250
250
250
250
250
250
250
250
250
250
250
250
250
250
250
250
250
250
250
250
250
250
250
250
250
250
250
250
250
250
250
250
250
250
250
250
251
251
250
248
217
140
134
146
148
143
129
152
232
252
250
250
250
250
250
252
245
161
137
136
131
133
195
250
251
250
250
250
250
250
250
250
250
250
250
250
250
252
250
198
146
146
153
234
248
252
243
251
249
251
251
251
252
251
251
250
250
250
250
250
250
250
250
250
250
250
250
250
250
250
250
250
250
250
250
250
250
250
250
250
250
250
250
250
250
250
250
250
250
250
250
250
250
250
250
250
250
250
250
250
250
250
250
250
250
250
250
250
250
250
250
250
250
250
250
250
250
250
250
250
250
250
250
250
250
250
250
250
250
250
250
250
250
250
250
250
250
250
250
250
250
250
250
250
250
251
251
251
242
164
141
139
137
186
189
139
127
150
232
252
250
250
250
250
251
252
249
227
140
136
136
142
205
252
251
250
250
250
250
250
250
250
250
250
250
250
250
252
248
189
128
123
135
154
220
179
202
186
245
253
253
246
250
245
252
251
250
250
250
250
250
250
250
250
250
250
250
250
250
250
250
250
250
250
250
250
250
250
250
250
250
250
250
250
250
250
250
250
250
250
250
250
250
250
250
250
250
250
250
250
251
252
252
252
251
251
250
250
250
250
250
250
250
250
250
250
250
250
250
250
250
250
250
250
250
250
250
250
250
250
250
250
250
250
250
250
250
250
250
250
250
250
250
250
250
251
250
242
159
133
128
128
142
195
197
140
125
153
235
253
251
250
250
250
251
248
240
155
142
135
135
187
244
252
250
250
250
250
250
250
250
250
250
250
250
250
250
252
252
198
138
133
136
140
139
147
134
141
187
249
247
229
110
222
245
251
250
250
250
250
250
250
250
250
250
250
250
250
250
250
250
250
250
250
250
250
250
250
250
250
250
250
251
251
251
251
250
250
250
250
250
250
250
250
250
250
250
250
250
251
249
243
234
237
245
251
250
250
250
250
250
250
250
250
250
250
250
250
250
250
250
250
250
250
250
250
250
250
250
250
250
250
250
250
250
250
250
250
251
251
250
250
250
250
250
252
252
179
138
132
143
143
186
245
199
144
129
143
228
250
251
250
250
250
251
251
169
140
132
132
135
190
250
252
250
250
250
250
250
250
250
250
250
250
250
250
250
252
244
189
134
138
140
138
135
134
130
135
140
151
206
95
95
115
251
252
250
250
250
250
250
250
250
250
250
250
250
250
250
250
250
250
250
250
250
250
250
250
250
251
251
252
252
251
251
252
252
251
251
250
250
251
251
251
251
250
250
250
250
252
252
201
143
153
230
253
251
250
250
250
250
250
250
250
250
250
250
250
250
250
251
251
252
251
251
250
250
250
250
250
250
250
250
250
250
250
250
251
252
251
250
250
250
250
251
252
241
168
131
130
153
231
252
253
251
180
132
138
162
246
252
250
250
250
251
250
231
148
132
136
143
196
253
252
250
250
250
250
250
251
251
252
251
251
250
250
251
252
208
142
135
138
138
134
131
138
139
140
130
138
93
85
80
217
242
252
250
250
250
250
250
250
250
250
250
250
250
250
250
250
250
250
250
250
250
250
250
250
250
251
244
241
234
197
202
235
244
248
252
252
253
252
251
248
251
251
250
250
250
251
242
181
118
134
219
252
251
250
250
250
250
250
250
250
250
250
250
250
250
251
252
245
249
245
252
251
250
250
250
250
250
250
250
250
250
250
251
252
251
239
89
250
250
251
252
248
185
137
133
137
171
253
252
254
240
188
131
130
165
238
253
250
251
251
252
254
242
159
132
131
167
233
249
251
250
250
250
250
251
252
245
249
245
252
251
250
251
252
210
143
135
135
145
148
151
175
212
143
132
129
124
90
135
173
252
253
251
251
250
250
250
250
250
250
250
250
250
250
250
250
250
250
250
250
250
250
250
251
251
253
233
158
144
147
145
147
151
231
251
247
241
231
188
203
247
252
251
250
252
253
210
140
129
151
230
254
250
250
250
250
250
250
250
250
250
250
250
250
251
252
251
228
110
222
245
251
250
250
250
250
250
250
250
250
250
250
251
245
228
102
89
250
251
251
249
192
137
132
140
162
247
251
232
124
213
111
123
130
163
240
253
251
252
245
249
251
246
159
129
137
150
205
253
251
250
250
250
251
252
251
228
110
222
245
251
250
251
251
238
184
131
131
144
219
242
247
247
213
158
150
141
135
129
156
231
250
249
251
250
250
250
250
250
250
250
250
250
250
250
250
250
250
250
250
250
250
250
251
247
245
209
136
127
134
133
129
132
157
250
234
151
141
142
139
212
247
251
250
251
246
193
131
137
218
245
251
250
250
250
250
250
250
250
250
250
250
250
250
251
245
228
85
88
110
249
252
250
250
250
250
250
250
250
250
250
250
252
249
110
93
89
250
251
248
204
135
132
128
148
231
250
233
90
88
76
95
90
130
157
238
253
252
251
228
111
233
237
162
130
130
172
239
251
250
250
250
250
251
245
228
85
88
110
249
252
250
251
252
211
145
136
138
156
244
254
252
252
248
243
238
173
140
135
143
144
182
244
253
251
251
250
250
250
250
250
250
250
250
250
250
250
250
250
250
250
250
251
252
244
168
143
142
137
138
138
137
130
147
239
221
142
125
134
132
146
227
252
252
252
221
142
131
201
249
253
251
250
250
250
250
250
250
250
250
250
250
250
250
252
249
110
88
85
228
245
251
250
250
250
250
250
250
250
250
250
250
251
245
222
108
250
250
253
218
143
128
136
139
162
244
253
111
96
70
93
91
157
129
156
239
253
245
228
85
91
112
234
154
130
136
184
252
254
251
250
250
250
252
249
110
88
85
228
245
251
250
252
252
203
138
129
133
215
243
252
250
251
251
252
253
246
165
137
131
129
137
187
249
251
252
253
253
252
251
251
250
250
250
250
250
250
250
250
250
250
250
251
251
229
143
130
136
132
138
140
142
133
140
165
216
140
137
140
131
143
220
252
252
248
207
125
130
206
252
252
250
250
250
250
250
250
250
250
250
251
251
252
251
252
245
222
110
228
251
252
251
250
250
250
250
250
250
250
250
250
250
251
252
245
243
250
250
252
210
135
129
145
211
244
248
248
222
117
208
129
223
174
132
160
239
253
249
110
88
90
226
157
140
133
133
172
239
252
252
252
251
251
251
245
222
110
228
251
252
251
250
252
247
199
135
132
137
155
237
252
250
250
250
250
251
251
244
157
142
133
134
180
190
206
237
237
236
242
247
251
250
250
250
250
250
250
250
250
250
250
251
252
251
168
140
134
137
139
149
208
181
141
133
142
143
136
91
132
129
146
228
254
254
234
158
132
140
211
252
251
250
250
250
250
250
250
250
250
251
252
245
249
245
253
253
245
249
245
252
251
250
250
250
250
250
250
250
250
250
250
250
250
251
251
251
250
250
252
211
135
127
204
251
252
252
253
245
251
236
254
240
180
126
155
240
253
245
222
110
235
244
168
132
136
139
144
148
203
235
244
249
252
252
253
245
249
245
252
251
250
250
252
220
145
135
135
136
153
236
252
250
250
250
250
251
252
252
233
148
132
143
142
145
147
150
151
148
176
249
253
251
250
250
250
250
250
250
250
250
250
251
251
235
152
130
136
139
179
243
249
246
206
151
139
125
86
93
99
140
141
212
248
246
220
133
125
189
244
251
250
250
250
250
250
250
250
250
251
252
251
228
110
222
245
252
251
252
251
251
250
250
250
250
250
250
250
250
250
250
250
250
250
250
250
250
250
250
252
206
132
137
215
252
251
250
251
251
252
252
254
248
173
124
152
238
253
252
245
249
251
250
184
135
138
139
135
137
142
148
152
222
248
251
252
252
252
251
251
250
250
251
252
215
140
133
134
140
218
250
252
250
250
250
250
250
251
253
236
154
133
140
138
134
133
135
132
127
149
229
250
250
251
250
250
250
250
250
250
250
250
252
248
175
138
131
141
189
249
252
253
252
251
231
146
89
86
92
177
137
140
152
163
229
148
133
139
203
253
252
250
250
250
250
250
250
250
250
251
245
228
85
88
110
249
252
250
250
250
251
251
252
251
251
250
250
250
250
250
250
250
250
250
250
250
250
250
250
252
218
145
189
246
252
250
250
250
250
250
250
253
245
171
125
154
238
253
251
251
251
253
245
162
135
137
135
134
132
128
126
135
141
161
233
247
249
251
250
250
250
250
251
252
228
166
132
130
145
224
252
251
250
250
250
250
250
250
253
234
152
132
140
141
139
140
135
139
135
144
145
186
247
252
251
251
250
250
250
250
250
250
252
241
166
127
138
166
248
252
251
251
251
253
247
162
129
90
136
142
144
131
145
215
156
136
133
186
247
251
251
250
250
250
250
250
250
250
250
252
249
110
88
85
228
245
251
250
250
251
252
245
249
245
252
251
250
250
250
250
250
250
250
250
250
250
250
250
250
251
242
241
242
251
251
250
250
250
250
250
250
253
245
172
124
152
238
253
250
250
250
253
243
162
131
136
146
151
158
148
141
133
131
139
139
174
244
251
251
250
250
250
252
249
214
140
135
137
156
233
252
250
250
250
250
250
250
251
253
237
155
135
137
144
158
157
141
91
125
127
129
133
186
247
251
251
251
250
250
250
250
250
253
246
171
127
151
236
252
251
250
250
250
251
250
235
144
138
130
119
122
134
154
213
151
126
168
242
252
251
250
250
250
250
250
250
250
250
250
251
245
222
110
228
251
252
251
250
251
252
251
228
110
222
245
251
250
250
250
250
250
250
250
250
250
250
250
250
250
251
251
252
251
251
250
250
250
250
250
250
250
253
245
173
124
151
238
253
250
250
251
251
235
155
128
133
165
233
244
239
188
147
144
131
134
135
176
244
251
251
250
250
252
231
154
136
133
130
202
240
252
250
250
250
250
250
250
251
251
232
149
134
130
94
170
208
87
85
104
165
145
136
136
167
228
246
251
250
250
250
250
251
252
238
162
126
160
243
253
251
250
250
250
251
252
251
228
144
140
125
131
136
146
144
144
137
182
252
252
250
250
250
250
250
250
250
250
250
250
251
252
245
249
245
252
251
250
250
251
245
228
85
88
110
249
252
250
250
250
250
250
250
250
250
250
250
250
250
250
250
250
250
250
250
250
250
250
250
250
250
250
253
245
173
126
154
238
253
250
250
251
252
189
148
130
140
181
252
254
253
250
221
95
122
132
132
137
194
253
252
250
251
252
222
146
132
137
143
153
237
252
250
250
250
250
250
250
252
247
170
138
128
81
95
117
113
102
93
231
242
219
141
132
132
146
225
252
251
250
250
250
252
251
183
139
128
159
240
253
250
250
250
250
250
251
252
251
204
130
183
186
142
134
133
131
161
238
251
251
250
250
250
250
250
250
250
250
250
250
250
251
251
252
251
251
250
250
250
252
249
110
88
85
230
248
252
251
251
250
250
250
250
250
250
250
250
250
250
250
250
250
250
250
250
250
250
250
250
250
250
250
253
245
173
125
155
239
253
250
250
252
246
229
147
126
157
237
251
252
247
233
95
94
100
146
137
127
184
245
252
251
251
252
221
145
130
134
134
207
246
251
250
250
250
250
250
250
252
238
157
131
90
88
99
229
219
113
229
252
254
252
212
138
126
131
211
248
252
250
250
250
253
247
178
132
127
158
238
252
250
250
250
250
250
250
251
252
221
159
201
249
180
139
135
144
185
252
253
250
250
250
250
250
250
250
250
250
250
250
250
250
250
250
250
250
250
250
250
251
245
222
110
230
253
251
251
245
252
251
250
250
250
250
250
250
250
250
250
250
250
250
250
250
250
250
250
250
250
250
250
250
253
245
172
125
155
239
253
250
250
252
252
180
141
131
166
244
253
252
249
110
89
91
231
225
148
138
139
204
247
251
251
253
220
140
132
131
139
213
253
252
250
250
250
250
250
250
253
239
161
129
124
104
235
254
251
251
245
252
251
252
249
201
136
134
154
235
252
250
250
251
251
242
173
132
133
161
242
252
250
250
250
250
250
250
250
251
243
240
250
252
218
147
130
150
235
250
252
250
250
250
250
250
250
250
250
250
250
250
250
250
250
250
250
250
250
250
250
251
252
245
251
251
253
230
110
222
245
251
250
250
250
251
251
252
251
251
250
250
250
250
250
250
250
250
250
250
250
250
250
250
253
245
172
125
154
239
253
250
250
252
242
174
130
128
164
241
253
251
245
222
110
229
253
253
212
131
126
145
219
253
252
253
222
144
129
138
148
221
252
251
250
250
250
250
250
251
253
242
164
133
129
177
245
254
251
251
251
251
250
251
253
246
183
125
143
228
253
251
250
252
252
194
142
132
135
188
243
252
250
250
250
250
250
250
250
250
251
252
252
249
176
139
136
141
167
245
250
250
250
250
250
250
250
250
250
250
250
250
250
250
250
250
250
250
250
250
250
250
251
251
252
248
230
85
88
110
249
252
250
250
251
252
245
249
245
252
250
250
250
250
250
250
250
250
250
250
250
250
250
250
253
245
172
125
153
239
253
250
250
253
244
169
131
131
164
243
253
251
252
245
249
245
253
253
222
143
129
132
206
247
252
253
223
146
131
133
196
241
252
251
250
250
250
250
250
251
251
235
153
131
133
174
247
253
250
250
250
250
250
250
253
252
195
132
137
223
250
251
250
252
247
182
130
133
136
164
244
252
250
250
250
250
250
250
250
250
251
252
248
183
137
133
135
133
136
176
250
251
250
250
250
250
250
250
250
250
250
250
250
250
250
250
250
250
250
250
250
250
250
250
252
249
110
88
85
228
245
251
250
251
252
251
228
110
222
245
250
250
250
250
250
250
250
250
250
250
250
250
250
250
253
244
172
125
153
239
253
250
250
253
245
172
131
132
182
243
253
250
251
251
252
251
251
251
246
201
132
132
153
229
252
252
221
144
129
132
102
209
246
252
250
250
250
251
251
253
252
174
140
133
134
178
246
252
250
250
250
250
250
250
252
244
183
131
135
155
240
252
250
252
247
182
130
129
129
157
238
252
250
250
250
250
250
250
250
250
251
246
193
135
141
141
147
133
132
177
242
252
250
250
250
250
250
250
250
250
250
250
250
250
250
250
250
250
250
250
250
250
250
250
251
245
222
110
228
251
252
251
250
251
245
228
85
88
110
249
250
250
250
250
250
250
250
250
250
250
250
250
250
250
253
245
172
124
155
238
253
250
250
252
239
165
131
133
165
244
252
250
250
250
250
250
250
252
253
208
140
123
141
217
252
252
232
150
127
74
85
112
249
252
250
250
251
252
246
251
230
163
131
134
135
180
245
252
250
250
250
250
250
251
252
203
142
135
129
149
232
252
250
252
252
188
138
132
139
169
247
252
250
250
250
250
250
250
251
252
254
213
144
126
141
205
156
131
132
175
249
252
250
250
250
250
250
250
250
250
250
250
250
250
250
250
250
250
250
250
250
250
250
250
251
252
245
249
245
252
251
250
250
252
249
110
88
85
228
245
250
250
250
250
250
250
250
250
250
250
250
250
250
250
253
244
172
124
153
238
253
250
250
253
205
153
133
128
163
240
251
250
250
250
250
250
250
251
252
206
137
130
152
230
252
251
251
239
100
87
91
232
247
251
250
251
252
251
231
115
162
145
139
135
142
187
250
251
250
250
250
250
250
251
250
196
135
132
132
157
234
252
250
251
251
240
171
127
145
232
251
251
250
250
250
250
250
251
252
250
244
189
133
129
154
227
170
140
129
171
239
252
251
250
250
250
250
250
250
250
250
250
250
250
250
250
250
250
250
250
250
250
250
250
250
251
251
252
251
251
250
250
250
251
245
222
110
228
251
252
250
250
250
250
250
250
250
250
250
250
250
250
250
250
253
245
173
124
153
238
253
250
251
252
241
167
130
140
176
249
251
250
250
250
250
250
250
251
252
206
136
121
201
240
252
251
252
250
227
113
229
251
252
251
250
252
248
234
95
90
91
153
137
132
160
238
252
250
250
250
250
250
250
252
252
199
138
133
131
155
233
252
250
250
253
249
180
127
153
240
254
251
250
250
250
250
251
252
251
236
111
126
135
141
220
249
233
147
130
141
193
252
252
250
250
250
250
250
250
250
250
250
250
250
250
250
250
250
250
250
250
250
250
250
250
250
250
250
250
250
250
250
250
251
252
245
249
245
252
251
250
250
250
250
250
250
250
250
250
250
250
250
250
250
253
245
173
126
154
239
253
250
251
252
241
166
129
142
228
245
251
250
250
250
250
250
250
251
252
207
135
135
156
236
252
250
251
252
245
249
245
252
251
250
251
253
245
113
78
84
144
139
137
143
187
251
251
250
250
250
250
250
250
252
252
199
138
129
139
159
241
252
250
250
252
244
174
125
142
233
251
251
251
250
250
250
251
247
234
95
84
86
138
209
252
254
242
156
129
131
184
247
252
250
250
250
250
250
250
250
250
250
250
250
250
250
250
250
250
250
250
250
250
250
250
250
250
250
250
250
250
250
250
250
251
251
252
251
251
250
250
250
250
250
250
250
250
250
250
250
250
250
250
250
253
245
172
126
153
239
253
250
252
250
185
139
130
148
181
252
251
250
250
250
250
250
250
252
253
209
136
127
205
246
251
250
250
251
251
252
251
251
250
250
251
247
216
84
72
98
158
142
131
155
238
252
251
250
250
250
250
250
250
252
252
201
138
127
141
222
250
251
250
250
252
250
182
136
136
157
243
251
251
250
250
251
253
247
112
85
78
124
187
246
252
252
246
190
135
131
188
252
252
250
250
250
250
250
250
250
250
250
250
250
251
251
252
251
251
250
250
250
250
250
250
250
250
250
250
250
250
250
250
250
250
250
250
250
250
250
250
250
250
250
250
250
250
250
250
250
250
250
250
250
253
245
172
126
163
250
255
253
253
248
180
133
127
151
234
251
251
250
250
250
250
250
250
252
247
201
126
135
213
253
252
250
250
250
250
250
250
250
250
250
252
251
112
98
91
174
140
140
133
166
248
253
251
250
250
250
250
250
250
252
246
194
131
133
165
239
252
251
250
250
251
252
239
161
127
138
183
251
252
250
250
251
251
228
136
86
128
144
206
253
252
251
252
229
141
126
182
245
252
251
250
250
250
250
250
250
251
252
253
253
254
245
243
237
251
250
250
250
250
250
250
250
250
250
250
250
250
251
251
252
251
251
250
250
250
250
250
250
250
250
250
250
250
250
250
250
250
250
250
250
253
245
173
123
140
212
223
233
251
254
205
145
132
155
238
252
251
250
250
250
250
250
251
252
224
147
132
142
220
253
252
251
251
250
250
250
250
250
250
250
251
245
222
115
222
179
136
133
137
154
239
251
252
251
250
250
250
250
251
252
215
144
130
137
215
250
251
250
250
250
250
253
246
171
133
132
160
239
252
251
250
252
246
162
136
132
129
181
241
251
250
251
253
228
142
126
140
198
248
251
250
251
252
253
253
254
254
247
233
215
219
217
127
241
252
250
250
250
250
250
250
250
250
250
250
250
251
252
245
249
245
252
251
250
250
250
250
250
250
250
250
250
250
250
250
250
250
250
250
250
253
244
173
125
109
118
131
122
226
221
161
125
127
154
213
255
254
254
254
254
253
253
253
251
212
132
127
198
252
250
250
245
252
251
250
250
250
250
250
250
251
252
245
252
244
200
146
145
137
141
105
228
245
251
250
250
250
250
252
252
209
138
123
142
219
253
251
250
250
250
250
253
243
173
133
135
140
173
245
251
251
252
239
157
128
134
138
186
252
252
250
250
253
239
158
138
137
158
227
254
254
254
247
233
215
217
219
222
122
125
125
119
233
240
251
250
250
250
250
250
250
250
250
250
250
251
252
251
228
110
222
245
251
250
250
250
250
250
250
250
250
250
250
250
250
250
250
250
250
250
253
244
173
122
139
211
226
222
127
120
112
97
91
138
210
220
218
217
217
217
216
235
245
236
149
137
145
219
253
236
115
231
252
254
253
253
252
251
250
250
250
251
251
252
251
249
230
153
120
74
88
112
249
252
250
250
250
250
251
245
203
131
131
149
225
252
250
250
250
250
250
252
249
174
139
133
133
145
199
253
254
255
251
167
134
145
183
254
254
254
254
254
255
247
207
120
118
127
186
221
219
219
222
122
125
127
125
122
222
219
215
231
243
252
251
250
250
250
250
250
250
250
250
250
250
251
245
228
85
88
110
249
252
250
250
250
250
250
250
250
250
250
250
250
250
250
250
250
250
250
253
245
172
126
158
248
255
247
238
216
159
123
124
114
125
138
130
128
127
128
128
131
222
141
125
117
119
184
219
94
77
88
215
222
215
233
247
254
254
254
254
254
254
254
254
255
254
192
110
103
104
243
253
254
254
254
254
254
255
244
163
142
136
213
252
255
254
254
254
254
254
254
254
252
170
148
138
138
189
241
241
230
217
136
108
132
211
221
221
218
217
217
220
228
121
112
97
101
114
128
129
125
122
222
219
217
215
233
247
254
253
253
252
251
250
250
251
251
252
251
251
250
250
250
250
252
249
110
88
85
228
245
251
250
250
250
250
250
250
250
250
250
250
250
250
250
250
250
250
250
253
245
172
125
155
238
253
251
254
253
188
140
132
138
202
214
217
224
224
227
222
218
101
98
94
102
112
127
104
99
79
111
117
130
125
122
222
219
217
217
217
217
217
217
217
220
215
211
186
82
197
221
225
219
219
222
226
228
230
221
184
115
121
175
217
221
218
217
217
217
217
218
222
219
206
125
120
126
138
179
111
114
118
123
112
120
126
131
127
127
127
127
125
126
230
193
121
121
188
225
221
216
233
247
254
254
253
253
252
251
250
250
250
250
250
251
252
245
249
245
252
251
250
250
250
251
245
222
110
228
251
252
251
250
250
250
250
250
250
250
250
250
250
250
250
250
250
250
250
250
253
245
173
126
153
238
253
250
252
247
180
134
137
150
156
195
254
255
252
252
249
167
135
120
129
172
226
230
214
116
218
231
222
219
219
222
122
125
127
127
127
127
127
127
127
128
130
137
123
127
122
135
128
128
135
125
115
99
113
115
115
101
109
122
129
128
127
127
127
127
127
127
128
132
126
120
104
94
88
79
79
81
196
226
229
224
220
218
217
217
217
217
215
236
250
219
135
125
203
252
254
253
253
252
251
250
250
250
250
250
250
250
250
250
251
252
251
228
110
222
245
251
250
250
250
251
252
245
249
245
252
251
250
250
250
250
250
250
250
250
250
250
250
250
250
250
250
250
250
250
253
245
174
124
153
238
253
250
252
245
174
127
129
131
129
165
202
197
191
153
146
141
135
139
176
252
254
254
249
251
249
254
254
254
254
247
233
215
217
217
217
217
217
217
217
217
217
219
220
222
220
219
217
220
213
192
68
71
100
194
130
116
176
218
222
218
217
217
217
217
217
217
217
219
221
226
213
142
92
87
86
136
153
245
254
254
254
254
254
254
254
254
253
253
253
219
148
146
157
228
252
250
250
250
250
250
250
250
250
250
250
250
250
250
251
245
228
85
88
110
249
252
250
250
250
250
251
251
252
251
251
250
250
250
250
250
250
250
250
250
250
250
250
250
250
250
250
250
250
250
253
245
173
125
157
243
253
251
252
249
186
147
136
137
131
140
143
144
135
132
127
128
134
163
244
251
251
251
251
252
251
251
250
250
251
252
253
253
254
254
254
254
254
254
254
254
254
254
254
254
254
254
254
254
254
122
102
92
235
212
149
138
153
227
255
254
254
254
254
254
254
254
254
254
254
254
253
246
187
94
125
134
137
156
241
252
250
250
250
250
250
250
250
250
251
243
238
230
237
242
250
250
250
250
250
250
250
250
250
250
250
250
250
250
252
249
110
88
85
228
245
251
250
250
250
250
250
250
250
250
250
250
250
250
250
250
250
250
250
250
250
250
250
250
250
250
250
250
250
250
253
245
173
130
145
237
251
252
251
247
242
237
231
161
141
134
123
123
134
135
144
143
166
241
250
251
251
250
250
250
250
250
250
250
250
250
250
250
250
250
250
250
250
250
250
250
250
250
250
250
250
250
250
251
245
222
114
215
171
141
135
119
130
202
251
251
250
250
250
250
250
250
250
250
250
251
252
253
216
150
137
136
124
147
232
252
250
250
250
250
250
250
250
250
251
251
252
252
252
251
251
250
250
250
250
250
250
250
250
250
250
250
250
250
251
245
222
110
228
251
252
251
250
250
250
250
250
250
250
250
250
250
250
250
250
250
250
250
250
250
250
250
250
250
250
250
250
250
250
250
253
246
174
132
134
104
228
245
251
251
252
253
252
248
224
159
148
149
152
209
184
223
247
250
251
251
250
250
250
250
250
250
250
250
250
250
250
250
250
250
250
250
250
250
250
250
250
250
250
250
250
250
250
251
252
245
252
232
163
145
151
147
149
213
252
251
250
250
250
250
250
250
250
250
250
250
251
250
247
240
188
142
137
152
240
252
250
250
250
250
250
250
250
250
250
250
250
250
250
250
250
250
250
250
250
250
250
250
250
250
250
250
250
250
251
252
245
249
245
252
251
250
250
250
250
250
250
250
250
250
250
250
250
250
250
250
250
250
250
250
250
250
250
250
250
250
250
250
250
250
253
246
171
125
75
88
112
249
252
250
250
251
251
252
250
243
235
234
243
243
251
250
251
251
250
250
250
250
250
250
250
250
250
250
250
250
250
250
250
250
250
250
250
250
250
250
250
250
250
250
250
250
250
250
251
251
252
248
243
233
237
234
239
243
250
251
250
250
250
250
250
250
250
250
250
250
250
251
252
252
250
234
165
226
248
251
250
250
250
250
250
250
250
250
250
250
250
250
250
250
250
250
250
250
250
250
250
250
250
250
250
250
250
250
250
251
251
252
251
251
250
250
250
250
250
250
250
250
250
250
250
250
250
250
250
250
250
250
250
250
250
250
250
250
250
250
250
250
250
250
253
247
173
88
86
95
232
248
252
251
251
250
250
251
251
252
253
253
252
252
251
251
251
250
250
250
250
250
250
250
250
250
250
250
250
250
250
250
250
250
250
250
250
250
250
250
250
250
250
250
250
250
250
250
250
250
251
251
252
253
253
253
252
251
251
250
250
250
250
250
250
250
250
250
250
250
250
250
250
251
252
249
250
246
251
251
250
250
250
250
250
250
250
250
250
250
250
250
250
250
250
250
250
250
250
250
250
250
250
250
250
250
250
250
250
250
250
250
250
250
250
250
250
250
250
250
250
250
250
250
250
250
250
250
250
250
250
250
250
250
250
250
250
250
250
250
250
250
250
250
253
246
172
118
99
231
254
251
251
245
252
251
250
250
250
250
250
250
250
250
250
250
250
250
250
250
250
250
250
250
250
250
250
250
250
250
250
250
250
250
250
250
250
250
250
250
250
250
250
250
250
250
250
250
250
250
250
250
250
250
250
250
250
250
250
250
250
250
250
250
250
250
250
250
250
250
250
250
250
250
251
251
251
251
251
250
250
250
250
250
250
250
250
250
250
250
250
250
250
250
250
250
250
250
250
250
250
250
250
250
250
250
250
250
250
250
250
250
250
250
250
250
250
250
250
250
250
250
250
250
250
250
250
250
250
250
250
250
250
250
250
250
250
250
250
250
250
250
250
250
252
243
169
117
151
244
254
230
110
222
245
251
250
250
250
250
250
250
250
250
250
250
250
250
250
250
250
250
250
250
250
250
250
250
250
250
250
250
250
250
250
250
250
250
250
250
250
250
250
250
251
251
252
251
251
250
250
250
250
250
250
250
250
250
250
250
250
250
250
250
250
250
250
250
250
250
250
250
250
250
250
250
250
250
250
250
250
250
250
250
250
250
250
250
250
250
250
250
250
250
250
250
250
250
250
250
250
250
250
250
250
250
250
250
250
250
250
250
250
250
250
250
250
250
250
250
250
250
250
250
250
250
250
250
250
250
250
250
250
250
250
250
250
250
250
250
250
250
250
250
252
247
180
143
169
238
234
85
88
110
249
252
250
250
250
250
250
250
250
250
250
250
250
250
250
250
250
250
250
250
250
250
250
250
250
250
250
250
250
250
250
250
250
250
250
250
250
250
250
251
252
245
249
245
252
251
250
250
250
250
250
250
250
250
250
250
250
250
250
250
250
250
250
250
250
250
250
250
250
250
250
250
250
250
250
250
250
250
250
250
250
250
250
250
250
250
250
250
250
250
250
250
250
250
250
250
250
250
250
250
250
250
250
250
250
250
250
250
250
250
250
250
250
250
250
250
250
250
250
250
250
250
250
250
250
250
250
250
250
250
250
250
250
250
250
250
250
250
250
250
251
247
242
232
244
240
114
87
87
222
243
251
250
250
250
250
250
250
250
250
250
250
250
250
250
250
250
250
250
250
250
250
250
250
250
250
250
250
250
250
250
250
250
250
250
250
250
250
250
251
251
233
127
233
251
251
250
250
250
250
250
250
250
250
250
250
250
250
250
250
250
250
250
250
250
250
250
250
250
250
250
250
250
250
250
250
250
250
250
250
250
250
250
250
250
250
250
250
250
250
250
250
250
250
250
250
250
250
250
250
250
250
250
250
250
250
250
250
250
250
250
250
250
250
250
250
250
250
250
250
250
250
250
250
250
250
250
250
250
250
250
250
250
250
250
250
250
250
250
250
250
250
250
250
250
250
250
89
250
250
250
250
250
250
250
250
250
250
250
250
250
250
250
250
250
250
250
250
250
250
250
250
250
250
250
250
250
250
250
250
250
250
250
250
250
250
250
250
250
250
250
89
89
89
250
250
250
250
250
250
250
250
250
250
250
250
250
250
250
250
250
250
250
250
250
250
250
250
250
250
250
250
250
250
250
250
250
250
250
250
250
250
250
250
250
250
250
250
250
250
250
250
250
250
250
250
250
250
250
250
250
250
250
250
250
250
250
250
250
250
250
250
250
250
250
250
250
250
250
250
250
250
250
250
250
250
250
