243
243
243
243
243
243
98
98
98
243
243
243
243
243
243
243
243
243
243
243
243
243
243
243
243
243
243
243
243
243
243
243
243
243
243
243
243
243
243
243
243
243
243
243
243
243
243
243
243
243
243
243
243
243
243
243
243
243
243
243
243
243
243
243
243
243
243
243
243
243
243
243
243
243
243
243
243
243
243
243
243
243
243
243
243
243
243
243
243
243
243
243
243
243
243
243
243
243
243
243
243
243
243
243
243
243
243
243
243
243
243
243
243
243
243
243
243
243
243
243
243
243
243
243
243
243
243
243
243
243
243
243
243
243
243
243
243
243
243
243
243
243
243
243
243
243
243
243
243
243
243
243
243
243
244
245
228
131
228
245
244
243
243
243
243
243
243
243
243
243
243
243
244
245
246
245
244
243
243
243
243
248
229
157
224
244
247
243
243
243
243
243
243
243
243
243
243
243
243
243
243
244
249
230
165
229
249
244
243
243
243
243
243
243
243
243
243
243
243
243
243
243
243
243
243
243
243
243
243
243
243
243
244
249
239
244
239
249
246
246
247
246
244
243
243
243
243
243
243
243
243
243
243
243
243
243
243
243
243
243
243
243
243
243
243
243
243
243
243
243
243
243
243
243
243
243
243
243
243
243
243
243
243
243
243
243
243
243
243
243
243
243
243
243
243
243
243
243
243
243
243
243
243
243
244
249
239
244
239
249
244
243
243
243
243
243
243
243
243
243
243
243
246
236
240
238
248
244
243
243
243
250
225
145
133
233
242
246
243
243
243
243
243
243
243
243
243
243
243
243
243
246
244
217
142
219
245
245
243
243
243
243
243
243
243
243
243
243
243
243
243
243
243
243
243
243
243
243
243
243
243
244
249
246
224
116
218
241
251
239
244
239
249
244
243
243
243
243
243
243
243
243
243
243
243
243
243
243
244
246
249
249
249
246
244
243
243
243
243
243
243
243
243
243
243
243
243
243
243
243
243
243
243
243
243
243
243
243
243
243
243
243
243
243
243
243
243
243
243
243
243
243
243
243
243
244
246
247
246
244
243
243
243
243
243
243
243
243
243
243
243
243
249
231
156
226
245
248
244
243
243
251
229
142
121
157
237
248
243
243
243
243
243
243
243
243
243
244
246
247
246
250
237
146
131
159
238
248
243
243
243
243
243
243
243
243
243
243
243
243
243
243
243
243
243
243
243
243
243
243
243
246
239
224
94
97
117
250
250
224
116
218
239
246
243
243
243
243
243
243
243
243
243
243
243
243
243
244
248
242
236
224
234
238
246
243
243
243
243
243
243
243
243
243
243
243
243
243
243
243
243
243
243
243
243
243
243
243
243
243
243
243
243
243
243
243
243
243
243
243
243
243
243
243
243
243
243
243
243
244
246
248
248
246
244
243
243
243
243
243
243
243
250
225
144
131
233
241
246
243
243
251
230
145
115
146
230
250
243
243
243
243
243
243
243
243
244
249
239
244
239
255
229
141
114
146
230
250
243
243
243
243
243
243
243
243
243
243
243
243
243
243
243
243
243
243
243
243
243
243
243
247
244
116
97
94
227
234
227
94
97
116
244
247
243
243
243
243
243
243
243
243
243
243
243
243
243
246
241
231
148
137
156
237
251
244
243
243
243
243
243
243
243
243
243
243
243
243
243
243
243
243
243
243
243
243
243
243
243
243
243
243
243
243
243
243
243
243
243
243
243
243
243
243
243
243
243
243
244
248
241
233
232
240
246
243
243
243
243
243
243
243
251
229
141
118
148
237
249
243
243
251
230
146
116
154
231
251
243
243
243
243
243
243
243
244
249
246
224
116
218
249
234
147
116
148
230
251
243
243
243
243
243
243
243
243
243
243
243
243
243
243
243
243
244
246
249
249
249
246
244
246
239
218
116
224
250
250
117
97
94
224
239
246
243
243
243
243
243
243
243
243
243
243
243
243
243
249
236
147
125
117
131
223
243
246
243
243
243
243
243
243
243
243
243
243
243
243
243
243
243
243
243
243
243
243
243
243
243
243
243
243
243
243
243
243
243
243
243
243
243
243
243
243
243
244
246
249
252
247
232
143
153
236
249
244
243
243
243
243
243
243
251
230
145
113
144
229
250
243
243
251
230
146
116
146
231
251
243
243
243
243
243
243
243
246
239
224
94
97
116
251
235
147
114
146
230
251
243
243
243
243
243
243
243
243
243
243
243
243
243
243
243
244
248
242
236
226
236
243
248
245
249
239
244
239
251
241
218
116
224
246
249
244
243
243
243
243
243
243
243
243
243
243
243
243
243
249
225
139
120
129
133
151
240
250
244
243
243
243
243
243
243
243
243
243
243
243
243
243
243
243
243
243
243
243
243
243
243
243
243
243
243
243
243
243
243
243
243
243
243
243
243
243
244
248
242
236
232
228
143
124
131
213
246
247
244
243
243
243
243
243
250
228
143
114
147
234
253
244
243
250
229
145
114
147
233
253
244
243
243
243
243
243
243
247
244
116
97
94
224
247
232
144
112
145
230
251
243
243
243
243
243
243
243
243
243
243
243
243
243
243
243
246
242
230
146
139
145
227
240
245
244
246
247
246
246
249
239
244
239
249
244
243
243
243
243
243
243
243
243
243
243
243
243
243
243
249
237
147
131
131
124
135
224
243
246
243
243
243
243
243
243
243
243
243
243
243
243
243
243
243
243
243
243
243
243
243
243
243
243
243
243
243
243
243
243
243
243
243
243
243
244
246
250
248
233
149
145
139
134
125
132
142
231
243
246
243
243
243
243
243
249
238
150
125
136
228
248
248
244
249
239
153
125
136
226
245
246
243
243
243
243
243
243
246
239
218
116
224
246
254
240
156
123
142
230
251
243
243
243
243
243
243
243
243
243
243
243
243
243
243
244
250
239
149
126
117
133
156
244
245
243
243
243
243
243
244
246
247
246
244
243
243
243
243
243
243
243
243
243
243
243
243
243
243
243
246
243
224
137
126
129
132
150
240
250
243
243
243
243
243
243
243
243
243
243
243
243
243
243
243
243
243
243
243
243
243
243
243
243
243
243
243
243
243
243
243
243
243
243
246
250
244
240
225
142
128
122
124
127
129
127
129
149
237
249
243
243
243
243
243
246
245
225
134
127
143
233
243
246
246
245
227
137
126
154
237
249
243
243
243
243
243
243
244
249
239
244
239
249
247
246
228
131
141
231
251
243
243
243
243
243
243
243
243
243
243
243
243
243
243
246
244
223
135
124
125
137
223
243
245
243
243
243
243
243
243
243
243
243
243
243
243
243
243
243
243
243
243
243
243
243
243
243
243
243
244
250
241
154
132
129
125
140
225
246
245
243
243
243
243
243
243
243
243
243
243
243
243
243
243
243
243
243
243
243
243
243
243
243
243
243
243
243
243
243
243
243
243
243
239
238
222
153
137
134
127
128
137
134
135
127
121
144
228
250
243
243
243
243
243
244
251
238
152
124
126
147
236
248
244
253
234
148
113
143
228
250
243
243
243
243
243
243
243
244
246
247
246
244
245
255
235
141
138
232
251
243
243
243
243
243
243
243
243
243
243
243
243
243
244
250
240
152
132
129
123
145
232
252
244
243
243
243
243
243
243
243
243
243
243
243
243
243
243
243
243
243
243
243
243
243
243
243
243
243
243
246
245
227
140
128
130
135
172
239
248
243
243
243
243
243
243
243
243
243
243
243
243
243
243
243
243
243
243
243
243
243
243
243
243
243
243
243
243
243
243
243
243
243
234
157
134
132
122
125
123
129
146
227
151
135
122
148
230
251
243
243
243
243
243
243
247
241
195
132
116
147
232
252
244
251
230
147
116
144
231
251
243
243
243
243
243
243
243
243
243
243
243
244
249
249
223
100
134
230
251
243
243
243
243
243
243
243
243
243
243
243
243
243
246
245
225
136
126
129
133
158
238
249
243
243
243
243
243
243
243
243
243
243
243
243
243
243
243
243
243
243
243
243
243
243
243
243
243
243
243
244
252
234
157
125
130
125
146
232
249
243
243
243
243
243
243
243
243
243
243
243
243
243
243
243
243
243
243
243
243
243
243
243
243
243
243
243
243
243
243
243
243
243
227
140
116
122
132
138
146
156
237
247
232
141
118
147
231
251
243
243
243
243
243
243
244
246
237
147
123
134
227
247
248
252
230
147
114
152
230
251
243
243
243
243
243
243
244
245
246
245
244
246
239
226
104
89
114
234
254
244
243
243
243
243
243
243
243
243
243
243
243
243
249
237
153
131
130
127
139
227
246
246
243
243
243
243
243
243
243
243
243
243
243
243
243
243
243
243
243
243
243
243
243
243
243
243
243
243
243
243
248
239
160
135
130
124
153
230
251
243
243
243
243
243
243
243
243
243
243
243
243
243
243
243
243
243
243
243
243
243
243
243
243
243
243
243
243
243
243
243
243
243
228
139
124
135
152
225
233
237
244
255
234
149
116
144
231
254
247
246
244
243
243
243
243
246
244
234
140
136
138
233
241
254
231
147
116
147
233
251
243
243
243
243
244
246
251
240
241
236
246
247
244
119
97
81
132
225
246
246
243
243
243
243
243
243
243
243
243
243
243
244
252
232
144
123
133
123
145
231
252
244
243
243
243
243
243
243
243
243
243
243
243
243
243
243
243
243
243
243
243
243
243
243
243
243
243
243
243
243
246
246
230
144
127
125
151
235
253
244
243
243
243
243
243
243
243
243
243
243
243
243
243
243
243
243
243
243
243
243
243
243
243
243
243
243
243
243
243
243
243
243
234
154
145
224
241
245
252
248
246
252
229
145
116
149
240
251
244
239
249
244
243
243
243
244
248
248
227
134
121
148
236
254
230
146
115
154
230
251
243
243
243
244
248
242
239
218
160
233
250
246
239
225
111
126
131
156
239
249
243
243
243
243
243
243
243
243
243
243
243
246
245
226
139
128
131
132
148
237
248
243
243
243
243
243
243
243
243
243
243
243
243
243
243
243
243
243
243
243
243
243
243
243
243
243
243
243
243
244
248
249
232
142
128
128
138
225
244
246
243
243
243
243
243
243
243
243
243
243
243
243
243
243
243
243
243
243
243
243
243
243
243
243
243
243
243
243
243
243
243
243
238
233
235
243
251
246
244
243
243
251
231
146
118
143
225
223
118
218
239
246
243
243
243
243
244
252
232
143
113
145
231
255
232
146
116
144
232
251
243
243
243
246
242
231
150
129
145
226
250
248
250
247
229
143
119
149
231
253
244
244
246
247
246
244
243
243
243
243
244
250
240
152
132
131
128
140
232
251
251
246
244
243
243
243
243
243
243
243
243
243
243
243
243
243
243
243
243
243
243
243
243
243
243
243
243
244
246
250
247
236
144
135
130
131
131
149
237
249
243
243
243
243
243
243
243
243
243
243
243
243
243
243
243
243
243
243
243
243
243
243
243
243
243
243
243
243
243
243
243
243
246
248
248
246
244
243
243
243
243
251
230
146
120
135
133
97
100
116
244
247
243
243
243
243
243
249
237
149
125
136
226
253
234
146
115
145
229
251
243
243
243
249
237
147
125
122
137
177
237
241
247
254
238
153
117
105
218
243
247
249
239
244
239
249
244
243
243
243
246
244
223
135
125
132
130
144
226
237
237
242
248
244
243
243
243
243
243
243
243
243
243
243
243
243
243
243
243
243
243
243
243
243
243
244
246
250
244
240
226
145
131
129
133
133
124
144
232
252
244
243
243
243
243
243
243
243
243
243
243
243
243
243
243
243
243
243
243
244
246
247
246
244
243
243
243
243
243
243
243
243
243
243
243
243
243
243
243
243
243
251
230
147
121
137
97
98
96
224
239
246
243
243
243
243
243
246
246
225
135
126
152
249
239
147
117
149
233
253
244
243
243
249
226
138
118
128
133
134
162
241
253
253
230
151
81
102
123
247
252
246
224
116
218
239
246
243
243
243
249
238
150
131
130
134
132
143
143
146
148
233
248
252
249
246
244
243
243
243
243
243
244
246
247
246
244
243
243
243
243
243
243
244
246
250
244
240
224
153
136
134
126
128
128
130
127
140
226
244
246
243
243
243
243
243
243
243
243
243
243
243
243
243
243
243
243
243
244
249
239
244
239
249
244
243
243
243
243
243
243
243
243
243
243
243
243
243
243
243
243
251
230
146
119
147
211
130
226
246
249
244
243
243
243
243
243
244
252
232
145
116
134
232
230
147
116
138
227
245
246
243
243
249
234
157
135
134
125
124
139
217
240
245
243
120
90
98
218
245
242
224
94
97
116
244
247
243
243
244
252
231
146
124
133
134
133
129
125
121
127
143
228
232
237
243
251
246
244
243
243
244
249
239
244
239
249
244
243
243
243
243
243
246
239
238
223
152
136
129
120
119
130
141
142
134
125
131
151
241
251
244
243
243
243
243
243
243
243
243
243
243
243
243
243
243
243
244
249
246
224
116
218
239
246
243
243
243
243
243
243
243
243
243
243
243
243
243
243
243
243
251
230
147
120
145
222
244
243
249
244
243
243
243
243
243
243
243
248
238
157
127
127
158
236
161
129
129
152
237
249
243
243
246
238
238
226
147
134
126
137
137
157
238
250
219
100
138
235
255
245
116
97
94
224
239
246
243
243
246
246
227
138
127
133
131
125
133
131
133
119
129
137
145
150
223
239
241
248
244
244
249
246
224
116
218
239
246
243
243
243
243
244
250
238
162
134
132
120
132
140
144
148
228
231
144
131
121
135
224
244
246
243
243
243
243
243
243
243
243
243
243
243
243
243
243
243
246
239
224
94
97
116
244
247
243
243
243
243
243
243
243
243
243
243
243
243
243
243
243
243
251
231
149
121
133
154
242
251
244
243
243
243
243
243
243
243
243
246
242
235
147
126
135
226
227
141
116
144
228
251
243
243
244
246
251
249
227
136
125
130
120
143
233
255
236
140
138
232
254
239
218
116
224
246
249
244
243
243
248
237
156
131
128
129
135
137
156
221
154
145
137
127
117
130
135
150
232
245
248
246
239
224
94
97
116
244
247
243
243
243
244
248
247
226
134
121
125
130
144
229
232
237
246
250
236
146
131
128
150
238
249
243
243
243
243
243
244
246
247
246
244
243
243
243
243
243
247
244
116
97
94
224
239
246
243
243
243
243
243
243
243
243
243
243
243
243
243
243
243
243
251
231
148
123
122
150
228
250
243
243
243
243
243
243
243
243
243
243
247
248
229
138
129
163
232
158
118
148
230
251
243
243
243
243
244
250
239
153
130
129
126
142
220
251
228
142
138
231
252
249
239
244
239
249
244
243
243
244
252
232
146
124
130
135
147
227
243
238
239
232
227
142
128
123
123
129
143
233
242
249
244
116
97
94
224
239
246
243
243
243
246
241
233
142
134
125
131
141
235
248
252
249
247
249
248
228
139
118
145
232
252
244
243
243
243
244
249
239
244
239
249
244
243
243
243
243
246
239
218
116
224
246
249
244
243
243
243
243
243
243
243
243
243
243
243
243
243
243
243
243
251
229
144
122
124
145
231
250
243
243
243
243
243
243
243
243
243
243
244
252
229
143
112
141
211
153
120
147
230
251
243
244
246
247
246
247
242
232
148
131
125
137
139
163
221
141
141
233
253
245
246
247
246
244
243
243
243
246
245
225
140
128
128
139
229
250
251
249
249
252
247
233
152
139
137
126
128
151
236
251
239
218
116
224
246
249
244
243
243
244
251
240
149
128
125
131
142
234
245
248
244
243
243
244
252
232
145
118
139
225
245
246
243
243
244
249
246
224
116
218
239
246
243
243
243
243
244
249
239
244
239
249
244
243
243
243
243
243
243
243
243
243
243
243
243
243
243
243
243
243
251
234
151
125
135
177
242
249
243
243
243
243
243
243
243
243
243
243
243
248
235
156
132
144
139
150
124
145
230
251
244
249
239
244
239
250
249
246
235
142
130
124
123
139
169
138
135
225
245
246
243
243
243
243
243
243
244
250
241
153
133
130
123
143
231
252
244
243
243
244
248
242
241
218
139
123
123
144
229
251
249
239
244
239
249
244
243
243
243
246
243
224
136
123
133
150
236
245
248
244
243
243
243
243
248
239
157
129
128
151
238
249
243
243
246
239
224
94
97
116
244
247
243
243
243
243
243
244
246
247
246
244
243
243
243
243
243
243
243
243
243
243
243
243
243
243
243
243
243
243
250
234
181
125
132
224
240
248
243
243
243
243
243
243
243
243
243
243
243
246
237
240
216
139
126
141
124
146
230
252
249
246
224
116
218
239
246
248
245
234
140
131
127
135
135
136
131
150
237
249
243
243
243
243
243
243
246
245
223
133
123
128
129
148
236
249
243
243
243
243
244
246
253
243
155
132
122
150
233
253
245
246
247
246
244
243
243
243
244
251
241
154
132
125
141
229
249
248
244
243
243
243
243
243
246
246
227
138
117
146
231
252
244
243
247
244
116
97
94
224
239
246
243
243
243
243
243
243
243
243
243
243
243
243
243
243
243
243
243
243
243
243
243
243
243
243
243
243
243
243
251
234
150
125
130
150
237
249
243
243
243
243
243
243
243
243
243
243
243
244
246
255
234
146
124
134
126
150
230
254
239
224
94
97
116
244
247
244
248
244
234
141
131
128
131
132
123
144
232
252
244
243
243
243
243
243
248
238
154
132
127
136
152
234
242
246
243
243
243
243
243
243
246
245
225
139
121
139
226
244
246
243
243
243
243
243
243
243
246
244
223
136
125
124
149
233
253
244
243
243
243
243
243
243
244
253
233
149
120
140
228
248
248
244
246
239
218
116
224
246
249
244
243
243
243
243
243
243
243
243
243
243
243
243
243
243
243
243
243
243
243
243
243
243
243
243
243
243
243
243
251
229
142
118
129
150
235
248
243
243
243
243
243
243
243
243
243
243
243
243
243
248
238
153
132
130
126
148
234
255
244
116
97
94
224
239
246
243
244
248
245
235
142
132
129
132
127
139
225
245
246
243
243
243
243
244
252
231
146
122
125
140
227
247
247
244
243
243
243
243
243
243
244
253
234
151
122
132
149
237
249
243
243
243
243
243
243
243
248
237
149
131
131
124
148
230
251
243
243
243
243
243
243
243
243
249
230
150
121
133
143
234
241
246
244
249
239
244
239
249
244
243
243
243
243
243
243
243
243
243
243
243
243
243
243
243
243
243
243
243
243
243
243
243
243
243
243
243
243
243
249
233
147
122
140
228
248
246
243
243
243
243
243
243
243
243
243
243
243
243
243
246
245
224
136
126
125
139
226
248
243
218
116
224
246
249
244
243
243
244
248
244
235
145
135
131
131
132
150
238
249
243
243
243
244
248
248
229
139
124
134
155
241
250
243
243
243
243
243
243
243
243
243
251
230
149
125
122
142
228
251
243
243
243
243
243
243
243
249
226
136
120
132
125
147
231
251
243
243
243
243
243
243
243
243
248
239
163
132
126
130
151
239
251
244
244
246
247
246
244
243
244
246
247
246
244
243
243
243
243
243
243
243
243
243
243
243
243
243
243
243
243
243
243
243
243
243
243
243
243
249
243
188
132
139
229
247
246
243
243
243
243
243
243
243
243
243
243
243
243
243
244
250
240
151
132
128
132
150
239
254
239
244
239
249
244
243
243
243
243
244
248
248
227
139
128
133
124
144
231
252
244
243
243
246
242
235
151
136
123
138
226
246
246
243
243
243
243
243
243
243
243
244
253
234
148
126
124
147
230
251
243
243
243
243
243
243
243
249
237
150
131
131
124
154
230
251
243
243
243
243
243
243
243
243
245
246
227
140
126
125
135
223
243
246
243
243
243
243
243
244
249
239
244
239
249
244
243
243
243
243
243
243
243
243
243
243
243
243
243
243
243
243
243
243
243
243
243
243
243
248
242
225
133
127
155
238
249
243
243
243
243
243
243
243
243
243
243
243
243
243
243
246
245
225
138
126
121
142
228
251
246
247
246
244
243
243
243
243
243
243
244
252
232
145
121
131
126
139
226
246
246
243
243
248
237
155
130
128
126
149
235
251
244
243
243
243
243
243
243
243
243
246
244
226
139
129
124
147
230
251
243
243
243
243
243
243
243
246
245
225
139
128
125
148
233
252
243
243
243
243
243
243
243
243
244
251
231
145
123
129
132
151
237
249
243
243
243
243
244
249
246
224
116
218
239
246
243
243
243
243
243
243
243
243
243
243
243
243
243
243
243
243
243
243
243
243
243
243
243
249
238
152
130
119
143
227
249
243
243
243
243
243
243
243
243
243
243
243
243
243
243
244
252
232
147
124
123
145
231
251
243
243
243
243
243
243
243
243
243
243
243
248
235
169
137
137
127
134
156
239
248
243
243
250
229
144
123
127
133
179
240
248
243
243
243
243
243
243
243
243
243
249
237
149
132
131
123
145
230
251
243
243
243
243
243
243
243
244
253
233
148
125
125
140
226
247
244
243
243
243
243
243
243
243
243
248
237
148
131
129
122
143
228
250
243
243
243
243
246
239
224
94
97
116
244
247
243
243
243
243
243
243
243
243
243
243
243
243
243
243
243
243
243
243
243
243
243
243
244
253
233
147
124
135
154
240
250
243
243
243
243
243
243
243
243
243
243
243
243
243
243
243
248
239
160
133
122
148
234
253
244
243
243
243
243
243
243
243
243
243
243
245
240
242
221
142
127
124
150
229
250
243
243
251
230
146
125
128
145
232
250
246
243
243
243
243
243
243
243
244
246
255
233
145
123
132
124
145
230
251
243
243
243
243
243
243
243
243
251
230
146
125
127
144
192
250
246
243
243
243
243
243
243
243
243
246
244
225
139
129
126
150
235
254
244
243
243
243
247
244
116
97
94
224
239
246
243
243
243
243
243
243
243
243
243
243
243
243
243
243
243
243
243
243
243
243
243
244
249
248
229
138
121
124
221
244
255
254
254
254
254
254
254
254
254
254
254
254
254
254
254
252
252
249
230
146
123
139
226
244
246
243
243
243
243
243
243
243
243
243
243
244
245
254
233
147
123
124
148
231
251
243
243
250
228
142
119
125
144
231
249
249
244
243
243
243
243
243
244
249
241
242
219
143
127
133
122
142
228
251
243
243
243
243
243
243
243
243
250
229
144
124
130
138
227
249
255
254
254
254
254
254
254
254
254
254
255
243
155
127
124
130
221
244
246
243
243
243
246
239
218
116
224
246
249
244
243
243
243
243
243
243
243
243
243
243
243
243
243
243
243
243
243
243
243
243
244
249
246
231
114
126
102
108
117
219
220
214
216
218
222
224
222
218
216
214
214
214
214
214
214
213
228
251
246
161
128
136
163
247
255
254
254
254
254
254
254
254
254
254
254
254
254
255
247
158
137
126
153
239
255
254
254
255
246
170
144
142
138
149
239
250
255
254
254
254
254
254
255
250
230
121
132
139
135
136
138
158
248
255
254
254
254
254
254
254
254
254
255
249
167
135
124
129
141
221
221
215
214
214
214
214
214
214
214
214
220
206
132
119
100
104
125
236
249
243
243
243
244
249
239
244
239
249
244
243
243
243
243
243
243
243
243
243
243
243
243
243
243
243
243
243
243
243
243
243
246
239
224
100
92
93
125
119
135
120
137
133
139
130
123
105
117
123
135
132
132
132
132
132
132
131
128
224
209
138
116
117
129
207
220
214
214
214
214
214
214
214
214
214
216
217
218
221
215
205
123
114
132
209
221
214
214
218
209
209
195
130
113
121
137
222
226
220
218
215
214
214
220
214
105
90
90
122
126
123
125
204
214
218
214
214
214
214
214
214
214
214
217
215
205
126
100
100
105
119
132
137
133
132
132
132
132
132
132
132
136
134
122
109
125
117
141
230
253
244
243
243
243
244
246
247
246
244
243
243
243
243
243
243
243
243
243
243
243
243
243
243
243
243
243
243
243
243
243
243
247
244
116
104
92
134
129
128
136
210
220
217
209
191
77
77
99
211
218
214
214
214
214
214
214
215
218
131
130
119
108
96
115
123
138
132
132
132
132
132
132
132
132
133
139
127
131
128
148
128
117
95
115
124
138
132
132
134
138
145
136
131
109
100
99
110
118
127
134
144
141
141
147
123
108
88
102
105
106
99
114
124
139
133
132
132
132
132
132
132
132
132
133
139
124
113
120
125
120
123
203
213
217
214
214
214
214
214
214
214
219
215
207
129
130
131
141
227
245
246
243
243
243
243
243
243
243
243
243
243
243
243
243
243
243
243
243
243
243
243
243
243
243
243
243
243
243
243
243
243
246
239
218
124
208
146
126
136
159
248
255
255
254
127
106
102
234
250
255
254
254
254
254
254
254
254
242
228
222
212
134
114
133
213
224
215
214
214
214
214
214
214
215
221
216
194
88
188
217
212
133
111
132
209
221
214
215
221
209
214
212
230
219
144
128
122
111
121
197
204
201
200
206
199
106
122
130
126
121
122
134
215
220
217
218
217
215
214
214
214
214
214
214
218
214
134
129
131
134
139
168
252
255
254
254
254
254
254
254
254
255
248
159
136
133
132
131
149
237
249
243
243
243
243
243
243
243
243
243
243
243
243
243
243
243
243
243
243
243
243
243
243
243
243
243
243
243
243
243
243
244
249
239
252
226
153
121
129
219
235
248
246
239
218
116
224
246
249
244
243
243
243
243
243
243
244
247
250
255
240
155
125
144
237
255
255
254
254
254
254
254
254
255
251
236
106
109
129
255
244
154
121
152
240
255
254
255
255
236
129
231
253
250
245
233
152
137
141
153
161
158
158
161
148
142
132
136
132
135
144
239
252
255
251
254
251
255
254
254
254
254
254
254
255
249
237
141
131
128
125
138
228
249
250
245
244
243
243
243
244
252
232
146
124
131
133
122
143
228
251
243
243
243
243
243
243
243
243
243
243
243
243
243
243
243
243
244
246
247
246
244
243
243
243
243
243
243
243
243
243
243
244
246
254
233
147
120
144
162
249
248
244
249
239
244
239
249
244
243
243
243
243
243
243
243
243
243
243
251
231
152
122
129
111
225
239
246
243
243
243
243
243
247
244
116
97
94
224
249
233
148
115
146
230
251
247
242
228
97
98
116
244
251
255
246
223
103
121
126
124
123
122
126
127
131
130
126
130
141
234
246
254
247
224
116
218
239
246
243
243
243
243
243
244
248
245
234
140
132
126
134
146
228
242
246
252
250
248
250
252
250
229
140
127
134
134
124
147
231
251
243
243
243
243
243
243
243
243
243
243
243
243
243
243
243
244
249
239
244
239
249
244
243
243
243
243
243
243
243
243
243
243
243
251
230
147
120
129
218
235
247
243
244
246
247
246
244
243
243
243
243
243
243
243
243
243
243
243
250
230
142
117
88
100
121
244
247
243
243
243
243
243
246
239
218
116
224
246
255
231
146
115
147
230
252
252
238
117
93
101
226
239
248
240
228
109
98
92
133
131
134
122
124
124
122
133
136
150
233
245
250
240
224
94
97
116
244
247
243
243
243
243
243
243
244
248
245
234
140
131
123
133
138
161
227
231
241
237
239
230
229
145
134
129
131
131
123
145
230
251
243
243
243
243
243
243
243
243
243
243
243
243
243
243
244
249
246
224
116
218
239
246
243
243
243
243
243
243
243
243
243
243
243
251
231
146
122
135
153
242
249
243
243
243
243
243
243
243
243
243
243
243
243
243
243
243
243
243
249
240
153
102
86
97
216
242
246
243
243
243
243
243
244
249
239
244
239
249
252
231
146
116
147
232
255
249
219
91
91
219
249
249
248
244
120
96
76
93
118
224
154
142
146
147
145
151
224
239
241
248
248
244
116
97
94
224
239
246
243
243
243
243
243
243
243
244
248
245
235
142
130
124
125
133
141
147
155
222
150
144
138
134
127
129
141
139
131
143
230
251
243
243
243
243
243
243
243
243
243
243
243
243
243
243
246
239
224
94
97
116
244
247
243
243
244
244
243
243
243
243
243
243
243
251
227
143
120
120
148
226
249
243
243
243
243
243
243
243
243
243
243
243
243
243
243
243
243
244
250
242
222
125
101
151
243
253
244
243
243
243
243
243
243
244
246
247
246
245
252
232
148
117
149
236
250
226
101
93
117
238
252
244
247
242
229
104
97
104
234
239
241
228
230
230
228
238
244
251
246
244
246
239
218
116
225
249
252
247
244
243
243
243
243
243
243
243
244
248
245
235
145
132
127
129
127
124
134
132
133
123
126
130
131
124
146
210
134
137
229
251
243
243
243
243
244
246
247
246
244
243
243
243
243
243
247
244
116
97
94
224
239
246
243
243
245
249
244
243
243
243
243
243
243
249
236
146
123
123
149
238
248
243
243
243
243
243
243
243
243
243
243
243
243
243
243
243
244
248
246
239
151
132
129
218
238
248
243
243
243
243
243
243
243
243
243
243
243
245
249
229
142
119
137
228
244
118
98
97
228
242
247
244
250
246
245
220
127
227
247
251
250
251
251
251
250
249
246
244
243
243
244
249
239
245
246
246
245
239
249
244
243
243
243
243
243
243
243
244
248
245
235
143
129
122
128
130
131
131
130
132
131
126
135
126
160
223
147
142
225
250
243
243
243
244
249
239
244
239
249
244
243
243
243
243
246
239
218
116
224
246
249
244
243
98
228
239
246
243
243
243
243
243
243
246
241
230
144
143
230
242
246
243
243
243
243
243
243
243
243
243
243
243
243
243
243
243
246
242
232
145
132
123
141
167
247
246
243
243
243
243
243
243
243
243
243
243
243
248
240
185
136
121
139
166
242
221
116
224
246
249
246
249
246
226
123
213
238
242
249
244
243
243
243
243
243
243
243
243
243
243
243
244
247
252
249
225
116
218
239
246
243
243
243
243
243
243
243
243
244
248
246
233
148
145
140
131
122
125
124
125
134
138
157
217
171
232
230
153
231
248
243
243
244
249
246
224
116
218
239
246
243
243
243
243
244
249
239
244
239
249
244
243
243
98
131
244
247
243
243
243
243
243
243
244
248
242
234
234
241
248
244
243
243
243
243
243
243
243
243
243
243
243
243
243
243
243
248
234
146
128
128
125
137
224
243
245
243
243
243
243
243
243
243
243
243
243
243
249
233
147
125
123
135
223
248
241
244
239
249
244
246
239
224
94
98
119
248
249
244
243
243
243
243
243
243
243
243
243
243
243
243
243
246
239
224
94
97
116
244
247
243
243
243
243
243
243
243
243
243
244
248
242
235
230
225
149
142
147
149
134
144
215
244
236
246
243
241
240
235
246
243
243
246
239
224
94
97
116
244
247
243
243
243
243
243
244
246
247
246
244
243
243
243
98
228
239
246
243
243
243
243
243
243
243
244
246
248
248
246
244
243
243
243
243
243
243
243
243
243
243
243
243
243
244
246
247
250
236
147
130
127
123
145
231
252
243
243
243
243
243
243
243
243
243
243
243
243
251
229
144
118
130
159
241
251
246
247
246
244
243
247
244
116
97
94
224
239
246
243
243
243
243
243
243
243
243
243
243
243
243
243
243
247
244
116
97
94
224
239
246
243
243
243
243
243
243
243
243
243
243
244
246
248
252
246
237
228
230
233
223
173
242
254
249
247
246
246
246
245
244
243
243
247
244
116
97
94
224
239
246
243
243
243
243
243
243
243
243
243
243
243
243
243
243
245
249
244
243
243
243
243
243
243
243
243
243
243
243
243
243
243
243
243
243
243
243
243
243
243
243
243
243
244
249
239
244
243
251
226
137
122
129
149
237
249
243
243
243
243
243
243
243
243
243
243
243
243
250
227
138
121
145
234
242
246
243
243
243
243
243
246
239
218
116
224
246
249
244
243
243
243
243
243
243
243
243
243
243
243
243
243
243
246
239
218
116
224
246
249
244
243
243
243
243
243
243
243
243
243
243
243
243
243
244
246
249
250
251
254
249
238
238
242
249
244
243
243
243
243
243
243
243
246
239
218
116
224
246
249
244
243
243
243
243
243
243
243
243
243
243
243
243
243
243
244
244
243
243
243
243
243
243
243
243
243
243
243
243
243
243
243
243
243
243
243
243
243
243
243
243
243
244
249
246
224
116
219
249
231
152
119
142
220
245
246
243
243
243
243
243
243
243
243
243
243
243
243
249
234
151
143
232
245
247
243
243
243
243
243
243
244
249
239
244
239
249
244
243
243
243
243
243
243
243
243
243
243
243
243
243
243
243
244
249
239
244
239
249
244
243
243
243
243
243
243
243
243
243
243
243
243
243
243
243
243
243
243
244
250
248
227
118
219
239
246
243
243
243
243
243
243
243
244
249
239
244
239
249
244
243
243
243
243
243
243
243
243
243
243
243
243
243
243
243
243
243
243
243
243
243
243
243
243
243
243
243
243
243
243
243
243
243
243
243
243
243
243
243
243
243
243
244
245
234
109
101
114
244
231
159
206
159
232
249
244
243
243
243
243
243
243
243
243
243
243
243
243
246
239
232
233
242
248
244
243
243
243
243
243
243
243
244
246
247
246
244
243
243
243
243
243
243
243
243
243
243
243
243
243
243
243
243
243
244
246
247
246
244
243
243
243
243
243
243
243
243
243
243
243
243
243
243
243
243
243
243
243
244
245
234
109
101
114
238
246
243
243
243
243
243
243
243
243
244
246
247
246
244
243
243
243
243
243
243
243
243
243
243
243
243
243
243
243
243
243
243
243
243
243
243
243
243
243
243
243
243
243
243
243
243
243
243
243
243
243
243
243
243
243
243
243
243
243
98
98
98
243
243
243
243
243
243
243
243
243
243
243
243
243
243
243
243
243
243
243
243
243
243
243
243
243
243
243
243
243
243
243
243
243
243
243
243
243
243
243
243
243
243
243
243
243
243
243
243
243
243
243
243
243
243
243
243
243
243
243
243
243
243
243
243
243
243
243
243
243
243
243
243
243
243
243
243
243
243
243
243
243
243
243
98
98
98
243
243
243
243
243
243
243
243
243
243
243
243
243
243
243
243
243
243
243
243
243
243
243
243
243
243
243
243
243
243
243
