245
245
245
245
245
245
245
245
245
245
245
245
245
245
245
70
70
70
245
245
245
245
245
245
245
245
245
245
245
245
245
245
245
245
245
245
245
245
245
245
245
245
245
245
70
70
70
245
245
245
245
245
245
245
245
245
245
245
245
245
245
245
245
245
245
245
245
245
245
245
245
245
245
245
245
245
245
245
245
245
245
245
245
245
245
245
245
245
245
245
245
245
245
245
245
245
245
70
70
70
245
245
245
245
245
245
245
245
245
245
245
245
245
245
245
245
245
245
245
245
245
245
245
245
245
245
245
245
245
245
245
245
245
245
245
245
245
245
245
245
245
245
245
245
245
245
245
245
245
245
245
245
245
245
245
245
245
245
245
245
245
245
249
238
90
74
85
233
246
247
245
245
245
245
245
245
245
245
245
245
245
245
245
245
245
245
245
245
245
245
245
245
247
246
227
111
227
246
247
245
245
245
245
245
245
245
245
245
245
245
245
245
245
245
245
245
245
245
245
245
245
245
245
245
245
245
245
245
245
245
245
245
245
245
245
245
245
245
245
245
245
245
245
245
249
238
90
74
85
233
247
249
247
244
243
244
246
245
245
245
245
245
245
245
245
245
245
245
245
245
245
245
245
245
245
245
245
245
245
245
245
245
245
245
245
245
245
245
245
245
245
245
245
245
245
245
245
245
245
245
245
245
245
245
245
245
245
245
245
245
245
245
249
240
214
92
221
248
252
247
245
245
245
245
245
245
245
245
245
245
245
245
245
245
245
245
245
245
245
245
245
245
247
252
240
245
240
252
247
245
245
245
245
245
245
245
245
245
245
245
245
245
245
245
245
245
245
245
245
245
245
245
245
245
245
245
245
245
245
245
245
245
245
245
245
245
245
245
245
245
245
245
245
245
249
240
214
92
221
248
253
250
241
212
204
250
251
247
245
245
245
245
245
245
245
245
245
245
245
245
245
245
245
245
245
245
245
245
245
245
245
245
245
245
245
245
245
245
245
245
245
245
245
245
245
245
245
245
245
245
245
245
245
245
245
245
245
245
245
245
245
245
247
252
240
245
240
252
247
245
245
245
245
245
245
245
245
245
245
245
245
245
245
245
245
245
245
245
245
245
245
245
245
247
250
253
253
253
252
252
252
252
251
249
247
246
245
245
245
245
245
245
245
245
245
245
245
245
245
245
245
245
245
245
245
245
245
245
245
245
245
245
245
245
245
245
245
245
245
245
245
245
245
245
247
252
240
245
240
252
248
250
218
152
184
237
245
248
247
245
245
245
245
245
245
245
245
245
245
245
245
245
245
245
245
245
245
245
245
245
245
245
245
245
245
245
245
245
245
245
245
245
245
245
245
245
245
245
245
245
245
245
245
245
245
245
245
245
245
245
245
245
245
247
249
250
249
247
245
245
245
245
245
245
245
245
245
245
245
245
245
245
245
245
245
245
245
245
245
245
245
245
245
246
246
240
235
233
236
236
234
233
233
239
245
247
245
245
245
245
245
245
245
245
246
247
249
251
251
252
252
252
252
252
252
251
251
248
247
245
245
245
245
245
245
245
245
245
245
245
245
245
245
245
245
247
249
250
249
247
248
250
213
151
147
157
214
246
250
247
245
245
245
245
245
245
245
245
245
245
245
245
245
245
245
245
245
245
245
245
245
245
245
245
245
245
245
245
245
247
249
250
249
247
245
245
245
245
245
245
245
245
245
245
245
245
245
245
245
245
245
245
245
245
245
245
245
245
245
245
245
245
245
245
245
245
245
245
245
245
245
245
245
245
247
249
250
249
247
245
245
245
245
250
250
203
159
161
164
164
164
161
159
195
249
251
246
245
245
245
245
245
245
245
247
245
240
235
233
236
235
236
236
234
234
233
238
245
251
248
246
245
245
245
245
245
245
245
245
245
245
245
245
245
245
245
245
245
245
245
248
250
215
150
136
145
147
215
245
248
245
245
245
245
245
245
245
245
245
245
245
245
245
245
245
245
245
245
245
245
245
245
245
245
245
245
245
245
247
252
240
245
240
252
247
245
245
245
245
245
245
245
245
245
245
245
245
245
247
249
250
249
247
245
245
245
245
245
245
245
245
245
245
245
247
249
250
249
247
245
245
245
245
247
252
240
245
240
252
247
245
246
248
251
245
187
140
141
146
146
144
143
139
177
238
249
246
245
245
245
245
245
245
245
249
247
192
158
161
164
163
163
163
163
162
160
160
214
243
247
253
250
247
246
245
245
245
245
245
245
245
245
245
245
245
245
245
245
245
245
246
249
224
165
151
148
143
155
231
253
248
246
245
245
245
245
245
245
245
245
245
245
245
245
245
245
245
245
245
245
245
245
245
245
245
245
245
247
252
248
221
92
214
240
249
245
245
245
245
245
245
245
245
245
245
245
245
247
252
240
245
240
252
247
245
245
245
245
245
246
247
248
247
248
252
240
245
240
252
247
245
245
247
253
249
222
92
214
240
248
245
248
242
242
200
155
150
150
153
154
153
152
149
154
202
252
250
245
245
245
245
245
245
245
250
244
182
141
141
145
144
145
143
142
138
137
146
151
166
226
237
239
243
247
245
245
245
245
245
245
245
245
245
245
245
245
245
245
245
245
245
248
243
242
199
154
141
149
213
242
244
248
245
245
245
245
245
245
245
245
245
245
245
245
245
245
245
245
245
245
245
245
245
245
245
245
245
249
240
221
66
69
92
245
250
245
245
245
245
245
245
245
245
245
245
245
247
252
248
221
92
214
240
249
245
245
246
248
250
251
247
248
248
255
251
222
92
214
240
249
245
246
248
242
222
69
71
94
246
250
247
251
228
167
152
151
149
153
152
151
151
149
146
144
188
242
248
246
245
245
245
245
245
245
251
246
187
148
147
149
145
147
159
167
163
152
145
142
149
157
163
187
248
253
248
246
245
245
245
245
245
245
245
245
245
245
245
245
245
245
245
246
248
251
244
190
141
150
153
176
243
254
250
247
246
245
245
245
245
245
245
245
245
245
247
249
250
249
247
245
245
245
245
245
245
245
245
250
245
92
69
66
221
240
249
245
245
245
245
245
245
245
245
245
245
245
249
240
221
66
69
92
245
250
247
249
251
248
243
236
222
178
232
236
220
70
70
92
245
250
245
248
251
220
89
67
74
228
245
249
250
245
212
146
145
151
151
148
146
142
149
151
151
142
152
205
250
248
245
245
245
245
245
245
251
246
187
145
147
154
159
161
181
240
240
196
156
153
147
145
144
167
229
245
245
248
245
245
245
245
245
245
245
245
245
245
245
245
245
245
245
245
245
250
250
208
164
151
141
154
221
236
237
243
246
245
245
245
245
245
245
245
245
247
252
240
245
240
252
247
245
245
245
245
245
245
245
249
240
214
92
221
248
252
247
245
245
245
245
245
245
245
245
245
245
245
250
245
92
69
66
221
240
250
247
243
238
234
175
162
155
157
154
167
85
75
70
222
240
249
245
248
249
202
130
70
189
240
250
249
252
231
161
150
150
149
151
158
163
164
173
222
169
147
154
202
250
248
245
245
245
245
245
245
251
246
188
147
144
163
226
239
242
249
251
246
240
180
154
151
150
155
152
186
244
249
248
245
245
247
249
250
249
247
245
245
245
245
245
245
245
245
245
247
244
243
238
180
150
151
155
166
190
249
247
245
245
245
245
245
245
245
247
252
248
221
92
214
240
249
245
245
245
245
245
245
245
247
252
240
245
240
252
247
245
245
245
245
245
245
245
245
245
245
245
245
249
240
214
92
221
248
253
251
246
201
166
156
147
139
141
143
145
141
157
86
220
250
252
247
245
248
251
213
143
147
149
168
232
253
247
218
151
144
149
149
156
216
239
234
242
244
244
200
188
242
248
246
245
245
245
245
245
245
251
246
188
146
142
167
237
255
250
248
248
250
251
236
168
143
151
146
144
148
192
243
247
246
247
252
240
245
240
252
247
245
245
245
245
245
245
245
245
246
247
249
250
245
178
147
136
163
234
249
247
245
245
245
245
245
245
245
249
240
221
66
69
92
245
250
245
245
245
245
245
245
245
247
250
252
252
250
247
245
245
245
245
245
245
245
245
245
245
245
245
245
247
252
240
245
240
253
249
247
212
157
139
144
153
157
160
150
153
157
146
172
219
255
249
245
245
246
248
242
207
157
148
146
216
250
240
169
151
149
150
158
217
249
253
251
251
251
249
244
244
245
249
245
245
245
245
245
245
245
251
246
188
147
149
168
241
251
245
245
245
246
252
244
172
162
154
148
148
148
151
204
252
251
252
248
221
92
214
240
249
245
245
245
245
245
245
245
245
245
245
246
248
249
241
166
148
169
240
251
248
246
245
245
245
245
245
245
250
245
92
69
66
221
240
249
245
245
245
245
245
245
247
252
240
245
240
252
247
245
245
245
245
245
245
245
245
245
245
245
245
245
245
247
249
250
249
249
247
214
152
151
153
163
225
232
185
217
157
149
143
157
215
252
249
245
245
246
248
247
247
237
177
142
161
245
241
172
145
147
151
203
247
251
247
245
245
245
246
247
248
247
246
245
245
245
245
245
245
245
251
246
188
143
146
222
242
249
245
245
245
245
248
241
242
228
166
151
147
147
145
197
245
253
242
221
66
69
92
245
250
245
245
245
245
245
245
245
245
245
245
245
246
249
249
231
156
147
180
244
248
247
245
245
245
245
245
245
249
240
214
92
221
248
252
247
245
245
245
245
245
247
252
248
221
92
214
240
249
245
245
245
245
245
245
245
245
245
245
245
245
245
245
245
245
245
247
251
231
175
143
149
205
246
250
247
250
244
222
153
146
143
203
242
248
245
245
245
245
247
252
251
199
151
157
221
227
158
151
147
149
204
251
250
245
245
245
245
245
245
245
245
245
245
245
245
245
245
245
245
251
246
188
141
156
194
248
248
245
245
245
245
246
248
251
250
235
160
154
149
150
155
212
251
248
92
69
66
221
240
249
245
245
245
247
248
249
249
248
246
245
245
245
246
253
236
165
139
154
200
249
249
245
245
245
245
245
245
247
252
240
245
240
252
247
245
245
245
245
245
245
249
240
221
66
69
92
245
250
245
245
245
245
245
245
245
245
245
245
245
245
245
245
245
245
245
249
246
215
153
148
147
214
251
255
249
249
251
248
208
145
147
155
226
251
245
245
245
245
245
247
244
244
228
172
149
127
149
150
147
143
195
247
249
245
245
245
245
245
245
245
245
245
245
245
245
245
245
245
245
251
246
187
141
152
229
249
248
245
245
245
245
245
245
246
250
248
221
152
146
149
147
161
229
249
218
92
221
248
252
247
245
245
245
248
240
237
237
247
249
246
245
245
245
252
234
165
140
143
184
244
249
245
245
245
245
245
245
245
247
249
250
249
247
245
245
245
245
245
245
245
250
245
92
69
66
221
240
249
245
245
245
245
245
245
245
245
245
245
245
245
245
245
245
245
246
251
229
162
151
149
137
86
221
242
248
247
252
254
215
150
140
202
241
248
245
247
249
250
249
248
247
253
250
182
144
106
117
151
151
154
204
250
249
245
245
245
245
245
245
245
245
245
245
245
245
245
245
245
245
251
246
188
142
155
230
251
252
248
246
245
245
245
245
245
246
251
233
165
150
149
147
145
211
251
244
246
240
252
247
245
245
245
245
250
236
159
171
242
249
250
247
246
245
252
233
162
139
152
191
249
249
245
245
245
245
245
245
245
245
245
245
245
245
245
245
245
245
245
245
245
249
240
214
92
221
248
252
247
245
245
245
245
247
247
245
245
245
245
245
245
245
245
245
245
246
251
221
152
143
143
66
78
103
250
251
248
242
241
199
149
163
225
253
249
247
252
240
245
240
252
247
247
248
236
161
133
115
144
150
191
242
249
246
245
245
245
245
245
245
245
245
245
245
245
245
245
245
245
245
251
245
187
145
148
163
231
245
248
252
249
247
246
245
245
245
249
246
213
149
147
150
150
151
230
254
251
248
247
245
245
245
245
245
251
230
156
140
174
240
245
248
248
246
253
235
163
139
175
239
249
247
245
245
245
245
245
245
245
245
245
245
245
245
245
245
245
245
245
245
245
247
252
240
245
240
252
247
245
245
245
245
247
252
246
245
245
245
245
245
245
245
245
245
245
246
250
228
175
142
81
57
63
208
238
251
252
227
156
154
146
192
239
248
248
252
248
221
92
214
240
249
246
251
248
188
145
110
118
152
202
251
251
246
245
245
245
245
245
245
245
245
245
245
245
245
245
245
245
245
251
246
188
146
144
152
154
178
234
238
243
250
251
250
250
250
253
254
220
154
145
152
144
147
216
246
249
245
245
245
245
245
245
245
251
231
160
137
151
154
201
247
252
254
252
233
156
141
181
245
252
245
245
245
245
245
245
245
245
245
245
245
245
245
245
245
245
245
245
245
245
245
247
249
250
249
247
245
245
245
245
247
252
248
233
70
245
245
245
245
247
249
250
249
247
246
249
238
174
136
64
58
85
168
245
255
250
216
146
137
149
167
225
251
249
240
221
66
69
92
245
250
245
247
249
235
150
104
114
146
193
242
248
245
245
245
245
245
245
245
245
245
245
245
245
245
245
245
245
245
251
246
187
147
147
149
145
153
156
159
194
236
242
241
248
239
240
246
225
167
151
151
150
149
165
236
251
245
245
245
245
245
245
245
250
237
172
154
150
144
151
200
240
240
235
166
150
145
182
243
251
245
245
245
245
245
245
245
245
245
245
245
245
245
245
245
245
245
245
245
245
245
245
245
245
245
245
245
245
245
245
249
240
221
85
70
245
245
245
247
252
240
245
240
252
247
247
249
233
87
68
70
136
178
230
249
228
160
151
146
152
203
244
247
250
245
92
69
66
221
240
249
245
247
254
243
159
105
112
148
163
215
252
246
245
245
245
245
245
245
245
245
245
245
245
245
245
245
245
245
251
246
187
147
148
153
151
149
146
145
152
158
164
213
194
205
157
175
233
203
149
150
152
143
157
227
251
245
245
245
245
245
245
245
248
243
242
213
152
141
149
155
162
169
161
152
143
155
200
249
249
245
245
245
245
245
245
245
245
245
245
245
245
245
245
245
245
245
245
245
245
245
245
245
245
245
245
245
245
245
245
250
245
92
74
70
245
245
247
252
248
221
92
214
240
248
249
254
218
146
73
141
151
164
219
178
156
152
144
146
191
244
249
247
249
240
214
92
221
248
252
247
245
248
246
233
149
106
101
120
191
243
248
245
245
245
245
245
245
245
245
245
245
245
245
245
245
245
245
245
251
246
189
147
148
152
153
152
152
149
148
142
149
150
159
149
148
151
158
159
152
151
152
143
159
228
252
245
245
245
245
245
245
245
246
248
253
233
163
148
147
147
146
146
147
145
141
168
236
249
246
245
245
245
245
245
245
245
245
245
245
245
245
245
245
245
245
245
245
245
245
245
245
245
245
245
245
245
245
245
245
249
240
214
90
245
245
245
249
240
221
66
69
93
247
253
253
255
219
145
151
150
150
153
149
153
146
148
148
158
205
251
250
245
247
252
240
245
240
252
247
245
246
251
245
164
145
107
100
124
198
251
251
245
245
245
245
245
245
245
245
247
249
250
249
247
245
245
245
245
250
244
185
145
147
152
152
152
150
151
152
151
150
148
148
148
151
148
146
147
149
150
152
144
160
229
252
245
245
245
245
245
245
245
245
245
247
246
223
162
149
149
150
148
144
150
153
184
245
251
245
245
245
245
245
245
245
245
245
245
245
245
245
245
245
245
245
245
245
245
245
245
245
245
245
245
245
245
245
245
245
247
252
240
238
245
245
245
250
245
92
69
67
226
243
247
239
240
210
153
145
155
159
159
154
149
151
153
160
187
246
247
247
245
245
247
249
250
249
247
245
245
247
248
232
174
137
108
110
146
199
249
250
246
245
245
245
245
245
245
247
252
240
245
240
252
247
245
245
245
249
249
191
151
148
149
153
148
145
148
149
149
149
145
144
146
150
152
152
152
151
152
152
144
161
228
252
245
245
245
245
245
245
245
245
245
246
250
247
209
148
142
153
162
166
169
228
242
243
247
245
245
245
245
245
245
245
245
245
245
245
245
245
245
245
245
245
245
245
245
245
247
249
250
249
247
245
245
245
245
245
245
247
249
249
245
245
245
249
240
214
93
226
250
248
196
171
165
156
148
143
149
210
234
168
145
149
148
174
240
250
251
246
245
245
245
245
245
247
249
251
251
255
250
181
156
141
110
117
147
194
242
249
246
245
245
245
245
245
247
252
248
221
92
214
240
249
245
245
245
247
249
239
175
145
149
164
175
166
145
148
158
168
167
163
156
149
143
146
148
150
152
152
145
161
230
252
245
245
245
245
245
245
245
245
245
245
249
250
231
178
152
149
208
236
246
247
251
248
246
245
245
247
249
250
249
247
245
245
245
245
245
245
245
245
245
245
245
245
245
247
252
240
245
240
252
247
245
245
245
245
245
245
245
245
245
245
245
247
252
240
248
241
248
173
150
145
145
152
161
158
199
251
252
178
151
147
150
155
194
248
249
248
246
248
250
251
251
251
242
235
231
240
231
166
146
139
118
143
149
155
207
249
247
245
245
245
245
245
249
240
221
66
69
92
245
250
245
245
245
245
252
245
184
146
146
162
231
239
203
144
200
240
237
236
230
167
160
164
155
147
143
145
139
156
227
251
245
245
245
245
245
245
245
245
245
245
245
248
244
234
180
146
158
232
249
251
246
245
245
245
247
252
240
245
240
252
247
245
245
245
245
245
245
245
245
245
245
245
247
252
248
221
92
214
240
249
245
245
245
245
245
245
245
245
245
245
245
245
247
248
253
249
185
149
145
147
141
173
230
240
242
249
250
232
160
144
149
147
150
194
247
250
251
245
240
233
237
246
212
159
156
163
161
156
148
152
152
152
145
151
205
249
249
245
245
245
245
245
250
245
92
69
66
221
240
249
245
245
245
245
251
241
179
144
147
157
189
253
248
238
241
251
252
253
247
240
235
238
209
163
162
165
152
161
226
251
245
245
245
245
245
247
249
250
249
247
245
248
254
213
160
147
145
160
234
251
245
245
245
247
252
248
221
92
214
240
249
245
245
245
245
245
245
245
245
245
245
245
249
240
221
66
69
92
245
250
245
245
245
245
245
245
245
245
245
245
245
245
245
245
251
242
179
144
146
153
153
190
250
254
249
248
251
244
183
158
154
146
147
151
205
251
249
240
171
159
163
185
201
145
139
144
145
145
152
178
224
161
148
146
199
244
249
246
245
245
245
245
249
240
214
92
221
248
252
247
245
245
245
245
250
248
184
154
146
144
168
241
254
254
251
249
246
246
248
250
251
251
246
238
233
237
229
183
231
249
245
245
245
245
247
252
240
245
240
252
247
247
246
238
186
141
138
160
227
251
245
245
245
249
240
221
66
69
92
245
250
245
245
245
245
245
245
245
245
245
245
245
250
245
92
69
66
221
240
249
245
245
245
245
245
245
245
245
245
245
245
245
245
245
251
243
179
145
149
165
232
242
244
250
250
249
249
243
243
225
160
150
146
147
151
216
244
178
147
141
145
152
154
155
148
148
145
148
164
242
249
218
148
143
156
217
251
249
245
245
245
245
247
252
240
245
240
252
247
245
245
245
245
245
247
249
237
167
146
149
155
187
237
246
241
252
247
245
245
245
245
247
249
251
251
253
246
246
242
246
245
245
245
247
252
248
221
92
214
240
248
247
253
255
207
157
141
159
230
251
245
245
245
250
245
92
69
66
221
240
249
245
245
245
245
245
245
245
245
245
245
245
249
240
214
92
221
248
252
247
245
245
245
245
245
245
245
245
245
245
245
245
245
245
251
243
181
144
156
220
251
251
250
233
238
238
254
251
253
250
227
156
149
146
146
163
214
175
144
149
150
149
150
146
148
156
162
169
233
250
254
220
155
139
145
204
244
249
245
245
245
245
245
247
249
250
249
247
245
245
245
245
245
245
245
253
243
175
148
152
152
162
174
95
216
240
248
245
245
245
245
245
245
245
245
246
247
248
247
246
245
245
245
249
240
221
66
69
92
245
251
252
243
250
237
190
140
156
230
251
245
245
245
249
240
214
92
221
248
252
247
245
245
245
245
245
245
245
245
245
245
245
247
252
240
245
240
252
247
245
245
245
245
245
245
245
245
245
245
245
245
245
245
245
251
243
181
143
158
235
251
252
251
237
112
208
229
243
255
255
255
225
155
152
142
156
214
181
150
149
151
157
164
164
154
204
238
241
244
250
251
212
146
142
149
160
226
253
247
245
245
245
245
245
245
245
245
245
245
245
245
245
245
245
245
253
245
171
145
150
152
139
59
72
95
247
250
245
245
245
245
245
245
245
245
245
245
245
245
245
245
245
245
250
245
92
69
66
221
242
254
248
221
100
216
182
143
161
230
251
245
245
245
247
252
242
250
250
255
255
253
250
247
245
245
245
245
245
245
245
245
245
245
247
249
250
249
247
245
245
245
245
245
245
245
245
245
245
245
245
245
245
245
245
251
242
177
141
151
169
233
241
246
239
227
101
104
214
211
210
232
245
220
158
148
162
220
245
166
149
146
155
189
194
201
246
252
250
248
248
251
220
155
147
144
148
215
249
253
249
247
245
245
245
245
245
245
245
245
245
245
245
245
245
247
255
243
163
75
139
149
81
65
75
226
243
249
245
245
245
245
245
245
245
245
245
245
245
245
245
245
245
245
249
240
214
92
221
248
254
242
221
66
76
92
186
151
170
238
251
247
250
253
255
255
255
248
230
210
206
222
234
249
245
245
245
245
245
245
245
245
245
245
245
245
245
245
245
245
245
245
245
245
245
247
249
250
249
245
245
245
245
245
245
250
248
181
147
142
151
150
185
251
255
244
231
214
106
110
111
112
227
191
137
125
148
226
255
252
166
160
160
163
173
221
252
252
247
245
246
248
245
217
160
149
150
163
219
245
243
252
247
245
245
245
245
245
245
245
245
245
245
245
245
248
243
218
70
62
80
149
139
78
183
246
254
249
246
245
245
245
245
245
245
245
245
245
245
245
245
247
248
249
250
253
241
245
240
252
251
245
92
71
72
223
179
161
231
255
255
255
243
227
208
210
211
214
106
110
106
117
238
250
245
245
245
245
245
245
245
245
245
245
245
245
245
245
245
245
245
245
245
245
247
252
240
245
238
245
245
245
245
245
245
247
247
242
166
146
141
138
169
232
239
243
253
249
233
213
217
218
100
93
91
81
88
192
221
213
195
127
127
129
142
196
250
253
255
255
255
255
255
255
212
157
153
156
148
92
219
240
249
245
245
245
245
245
245
245
245
245
245
245
245
250
246
94
76
64
146
151
150
151
153
211
251
252
249
247
245
247
249
250
249
247
245
245
245
247
250
254
249
247
249
255
255
255
255
255
255
253
229
112
228
196
138
136
196
218
212
211
214
106
110
112
110
106
214
211
206
222
234
249
245
245
245
245
245
245
245
245
245
245
245
245
245
245
245
245
245
245
245
247
252
248
221
92
211
245
245
245
245
245
245
246
249
247
239
174
153
148
150
158
163
158
207
250
249
255
255
231
156
129
134
131
138
100
114
117
110
104
91
84
81
140
146
201
219
214
210
210
214
216
177
131
134
135
65
78
107
255
255
255
255
255
255
255
255
255
255
255
255
255
255
255
253
230
113
225
182
165
160
159
157
161
205
247
248
255
255
255
245
248
245
255
255
255
255
255
247
234
194
136
170
221
220
215
213
211
211
218
208
219
212
102
79
89
100
114
112
110
106
214
211
210
208
227
243
255
255
253
250
247
245
245
245
245
245
245
245
245
245
245
245
245
245
245
245
245
245
245
245
249
240
221
66
69
87
245
245
245
245
245
245
245
246
249
245
243
226
165
149
143
135
142
149
165
218
184
223
172
162
158
158
155
150
198
218
214
214
219
199
143
137
79
83
91
105
110
115
112
112
112
104
94
89
76
63
56
191
210
215
210
210
210
210
210
212
213
214
214
213
211
210
211
218
206
213
201
172
131
132
136
135
142
144
98
212
221
215
225
211
99
204
217
211
212
211
213
218
101
92
84
88
97
100
104
111
119
119
121
122
117
100
140
132
140
201
215
211
208
227
243
255
255
255
253
250
247
245
245
245
245
245
245
245
245
245
245
245
245
245
245
245
245
245
245
245
245
245
245
245
250
245
92
69
66
218
245
245
245
245
245
245
245
245
246
248
251
247
243
214
163
159
153
140
144
146
159
150
156
149
152
154
148
153
222
255
255
255
255
253
251
198
142
126
124
129
195
210
212
210
214
219
176
139
131
75
87
97
115
115
120
117
115
113
115
109
105
106
104
111
107
114
111
113
115
118
114
109
97
91
88
84
81
60
74
87
121
109
100
64
86
93
127
113
113
111
116
112
197
129
125
130
129
125
131
189
204
202
201
202
174
136
141
159
223
254
255
255
255
253
250
247
245
245
245
245
245
245
245
245
245
245
245
245
245
245
245
245
245
245
245
245
245
245
245
245
245
245
245
245
249
240
214
92
221
246
245
245
245
245
245
245
245
245
245
245
246
248
251
245
241
236
196
161
155
147
140
142
148
150
152
152
145
143
160
231
249
246
247
249
251
249
203
159
157
152
174
251
255
255
255
255
254
201
156
146
135
130
143
199
200
202
209
218
218
207
139
137
180
152
207
215
209
210
210
210
213
217
200
143
132
132
69
63
66
133
200
198
68
52
67
197
209
200
149
181
204
228
228
179
160
161
157
157
164
179
195
182
180
177
169
158
144
153
218
251
249
245
245
245
245
245
245
245
245
245
245
245
245
245
245
245
245
245
245
245
245
245
245
245
245
245
245
245
245
245
245
245
245
245
247
252
240
245
240
252
245
245
245
245
245
245
245
245
245
245
245
245
247
248
251
250
243
240
233
177
160
155
150
141
142
148
156
158
183
233
249
245
245
245
248
247
245
238
180
153
170
236
249
245
245
248
251
239
180
149
157
158
167
174
178
175
218
253
252
202
169
164
160
198
252
255
255
255
255
255
255
255
243
179
157
150
140
83
143
164
178
171
162
80
134
160
193
177
171
164
186
249
253
241
196
145
145
149
150
151
147
145
145
144
142
148
153
172
227
249
246
245
245
245
245
245
245
245
245
245
245
245
245
245
245
245
245
245
245
245
245
245
245
245
245
245
245
245
245
245
245
245
245
245
245
247
249
250
249
247
245
245
245
245
245
245
245
245
245
245
245
245
245
245
246
247
249
251
249
243
236
227
164
158
159
162
216
238
241
244
247
245
245
245
246
247
250
248
242
232
238
242
248
245
245
246
251
249
173
149
147
149
148
147
144
146
154
163
161
157
151
146
143
178
243
251
245
245
245
245
245
247
246
224
168
156
148
151
146
154
147
156
148
150
145
148
147
148
147
139
159
232
254
253
212
156
157
147
146
148
149
150
149
148
154
161
206
241
244
247
245
245
245
245
245
245
245
245
245
245
245
245
245
245
245
245
245
245
245
245
245
245
245
245
245
245
245
245
245
245
245
245
245
245
245
245
245
245
245
245
245
245
245
245
245
245
245
245
245
245
245
245
245
245
245
245
245
246
248
250
253
246
239
232
233
238
246
251
250
248
246
245
245
245
245
245
246
248
250
251
250
248
246
245
245
245
249
244
239
184
155
149
145
150
151
151
148
147
146
148
150
148
145
179
243
251
245
245
245
245
245
246
248
247
241
207
166
160
143
81
137
150
155
154
154
153
152
153
151
141
159
231
252
246
242
238
197
162
161
155
153
144
148
149
186
237
248
250
248
246
245
245
245
245
245
245
245
245
245
245
245
245
245
245
245
245
245
245
245
245
245
245
245
245
245
245
245
245
245
245
245
245
245
245
245
245
245
245
245
245
245
245
245
245
245
245
245
245
245
245
245
245
245
245
245
245
245
245
245
245
246
248
250
251
251
250
249
247
245
245
245
245
245
245
245
245
245
245
245
245
245
245
245
245
245
245
246
249
247
245
231
167
153
151
147
151
152
148
149
149
150
148
142
176
241
251
245
245
245
245
245
245
246
249
249
250
231
162
60
63
74
144
147
144
144
144
144
142
151
152
176
241
251
247
249
250
246
236
191
219
188
160
169
221
215
248
251
247
245
245
245
245
245
245
245
245
245
245
245
245
245
245
245
245
245
245
245
245
245
245
245
245
245
245
245
245
245
245
245
245
245
245
245
245
245
245
245
245
245
245
245
245
245
245
245
245
245
245
245
245
245
245
245
245
245
245
245
245
245
245
245
245
245
245
245
245
245
245
245
245
245
245
245
245
245
245
245
245
245
245
245
245
245
245
245
245
245
246
247
251
246
244
221
157
149
146
154
160
159
152
143
149
153
190
245
250
245
245
245
245
245
245
245
245
247
253
247
95
73
70
150
162
165
164
162
162
163
162
171
214
241
237
254
247
246
247
250
246
248
243
243
235
241
242
248
244
246
245
245
245
245
245
245
245
245
245
245
245
245
245
245
245
245
245
245
245
245
245
245
245
245
245
245
245
245
245
245
245
245
245
245
245
245
245
245
245
245
245
245
245
245
245
245
245
245
245
245
245
245
245
245
245
245
245
245
245
245
245
245
245
245
245
245
245
245
245
245
245
245
245
245
245
245
245
245
245
245
245
245
245
245
245
245
245
245
245
245
245
245
246
248
252
248
213
149
143
148
202
236
177
158
171
231
242
244
247
245
245
245
245
245
245
245
245
245
249
241
216
96
216
239
238
236
236
234
234
236
241
242
221
98
219
241
249
245
245
246
246
248
249
250
251
250
249
247
246
245
245
245
245
245
245
245
245
245
245
245
245
245
245
245
245
245
245
245
245
245
245
245
245
245
245
245
245
245
245
245
245
245
245
245
245
245
245
245
247
249
250
249
247
245
245
245
245
245
245
245
245
245
245
245
245
245
245
245
245
245
245
245
245
245
245
245
245
245
245
245
245
245
245
245
245
245
245
245
245
245
245
245
245
245
245
245
245
245
245
245
245
245
245
245
247
251
224
180
183
169
219
251
244
233
241
247
251
247
246
245
245
245
245
245
245
245
245
245
247
252
240
246
243
255
253
252
252
252
252
254
247
227
69
70
92
245
250
245
245
245
245
245
245
245
245
245
245
245
245
245
245
245
245
245
245
245
245
245
245
245
245
245
245
245
245
245
245
245
245
245
245
245
245
245
245
245
245
245
245
245
245
245
245
245
245
245
245
247
252
240
245
240
252
245
245
245
245
245
245
245
245
245
245
245
245
245
245
245
245
245
245
245
245
245
245
245
245
245
245
245
245
245
245
245
245
245
245
245
245
245
245
245
245
245
245
245
245
245
245
245
245
245
245
245
246
247
241
242
234
239
241
248
250
251
250
248
246
245
245
245
245
245
245
245
245
245
245
245
245
247
249
250
249
247
245
245
245
245
245
250
245
92
69
66
221
240
249
245
245
245
245
245
245
245
245
245
245
245
245
245
245
245
245
245
245
245
245
245
245
245
245
245
245
245
245
245
245
245
245
245
245
245
245
245
245
245
245
245
245
245
245
245
245
245
245
245
247
252
248
221
92
214
240
245
245
245
245
245
245
245
245
245
245
245
245
245
245
245
245
245
245
245
245
245
245
245
245
245
245
245
245
245
245
245
245
245
245
245
245
245
245
245
245
245
245
245
245
245
245
245
245
245
245
245
245
246
248
250
250
250
248
247
245
245
245
245
245
245
245
245
245
245
245
245
245
245
245
245
245
245
245
245
245
245
245
245
245
245
245
249
240
214
92
221
248
252
247
245
245
245
245
245
245
245
245
245
245
245
245
245
245
245
245
245
245
245
245
245
245
245
245
245
247
249
250
249
247
245
245
245
245
245
245
245
245
245
245
245
245
245
245
245
245
245
245
245
249
240
221
66
69
92
245
245
245
245
245
245
245
245
245
245
245
245
245
245
245
245
245
245
245
245
245
245
245
245
245
245
245
245
245
245
245
245
245
245
245
245
245
245
245
245
245
245
245
245
245
245
245
245
245
245
245
245
245
245
245
245
245
245
245
245
245
245
245
245
245
245
245
245
245
245
245
245
245
245
245
245
245
245
245
245
245
245
245
245
245
245
245
247
252
240
245
240
252
247
245
245
245
245
245
245
245
245
245
245
245
245
245
245
245
245
245
245
245
245
245
245
245
245
245
247
252
240
245
240
252
247
245
245
245
245
245
245
245
245
245
245
245
245
245
245
245
245
245
245
250
245
92
69
66
221
240
245
245
245
245
245
245
245
245
245
245
245
245
245
245
245
245
245
245
245
245
245
245
245
245
245
245
245
245
245
245
245
245
245
245
245
245
245
245
245
245
245
245
245
245
245
245
245
245
245
245
245
245
245
245
245
245
245
245
245
245
245
245
245
245
245
245
245
245
245
245
245
245
245
245
245
245
245
245
245
245
245
245
245
245
245
245
245
247
249
250
249
247
245
245
245
245
245
245
245
245
245
245
245
245
245
245
245
245
245
245
245
245
245
245
245
245
245
245
247
246
227
111
227
246
247
245
245
245
245
245
245
245
245
245
245
245
245
245
245
245
245
245
245
249
238
211
87
218
246
252
245
245
245
245
245
245
245
245
245
245
245
245
245
245
245
245
245
245
245
245
245
245
245
245
245
245
245
245
245
245
245
245
245
245
245
245
245
245
245
245
245
245
245
245
245
245
245
245
245
245
245
245
245
245
245
245
245
245
245
245
245
245
245
245
245
245
245
245
245
245
245
245
245
245
245
245
245
245
245
245
245
245
245
245
245
245
245
245
245
245
245
245
245
245
245
245
245
245
245
245
245
245
245
245
245
245
245
245
245
245
245
245
245
245
245
245
245
245
245
245
70
70
70
245
245
245
245
245
245
245
245
245
245
245
245
245
245
245
245
245
245
245
245
245
245
245
245
245
245
245
245
