252
252
252
252
252
252
252
252
252
252
252
252
252
252
252
252
252
252
252
252
252
252
252
252
252
252
252
252
252
252
252
252
252
252
252
252
140
168
252
252
252
252
252
252
252
252
252
252
252
62
62
62
252
252
252
252
252
252
252
252
252
252
252
252
252
252
252
252
252
252
252
252
252
252
252
252
252
62
62
62
252
252
252
252
252
252
252
252
252
252
252
252
252
252
252
252
252
252
252
252
252
252
252
252
252
252
252
252
252
252
252
252
252
252
252
252
252
252
252
252
252
252
252
252
252
252
252
252
252
252
252
252
252
252
252
252
252
252
252
252
252
252
252
252
252
252
252
252
252
252
252
252
252
252
252
252
252
252
252
252
252
252
252
252
252
252
252
252
252
252
252
252
252
252
252
252
252
252
252
252
252
252
252
253
250
237
169
163
165
164
173
236
242
247
253
255
254
255
253
220
71
212
243
254
252
252
252
252
252
252
252
252
252
252
252
252
252
252
252
252
252
252
252
252
254
244
84
65
76
240
253
253
252
252
252
252
254
243
182
159
169
242
255
250
252
246
255
253
252
252
252
252
252
252
252
252
252
252
253
253
254
251
251
247
253
252
253
253
254
254
255
255
254
254
253
253
252
252
252
252
252
252
252
252
252
252
252
252
252
252
252
252
252
252
252
252
252
252
252
252
252
252
252
252
252
252
252
252
252
252
252
252
252
252
252
252
252
252
252
252
252
252
252
252
252
252
252
252
252
252
252
252
252
254
246
161
161
159
157
155
162
167
171
176
237
243
251
249
239
70
73
96
254
255
252
252
252
252
252
252
252
252
252
252
252
252
252
252
252
252
252
252
252
252
254
246
220
85
227
253
255
253
252
253
253
253
255
243
170
148
159
177
245
226
87
220
246
254
252
252
252
252
252
252
252
252
252
252
253
249
248
232
192
249
255
254
255
251
246
238
241
241
242
246
252
253
252
252
252
252
252
252
252
252
252
252
252
252
252
252
252
252
252
252
252
252
252
252
252
252
252
252
252
252
252
252
252
252
252
252
252
252
252
252
252
252
252
253
253
254
254
253
253
252
252
252
252
252
252
252
252
252
252
254
237
164
149
159
158
160
160
157
153
159
166
173
181
236
83
59
60
228
246
254
252
252
252
252
252
252
252
252
252
252
252
252
252
252
252
252
252
252
252
252
253
255
246
252
246
255
253
253
254
255
252
253
251
242
170
156
160
161
168
59
61
85
252
254
252
252
252
252
252
252
252
252
253
253
255
250
190
159
170
232
245
242
253
245
183
168
174
173
169
201
247
254
252
252
252
252
252
252
252
252
252
252
252
252
252
252
252
252
252
252
252
252
252
252
252
252
252
252
252
252
252
252
252
252
252
252
252
252
253
253
254
254
255
255
253
247
247
250
254
253
252
252
252
252
252
252
252
252
252
254
248
178
166
169
174
164
156
157
160
160
158
156
164
158
143
77
229
255
255
253
252
252
252
252
252
252
252
252
252
252
252
252
252
252
252
252
252
252
252
252
252
253
254
254
254
253
254
250
247
243
237
179
245
204
173
156
159
164
68
61
57
227
246
254
252
252
252
252
252
252
253
253
254
253
253
231
165
152
164
169
176
172
194
232
170
150
155
155
152
170
243
254
252
252
252
252
252
252
252
252
252
252
252
252
252
252
252
252
252
252
252
252
252
252
252
252
252
252
252
252
252
252
252
252
252
252
252
253
253
253
251
242
240
243
239
180
172
244
254
255
254
254
253
253
252
252
252
252
252
253
252
247
153
236
236
192
176
169
164
158
161
162
162
164
155
176
241
255
254
253
252
252
252
252
252
252
252
252
252
252
252
252
252
252
252
252
252
252
252
252
252
252
252
252
252
253
253
242
174
183
168
166
167
229
165
161
168
182
215
91
227
253
255
253
252
252
252
252
252
252
253
249
248
236
180
167
165
159
158
157
155
154
168
177
167
158
160
158
152
175
239
254
252
252
252
252
252
252
252
252
252
252
252
252
252
252
252
252
252
252
252
252
252
252
252
252
252
252
252
252
252
252
252
252
252
252
252
253
251
245
205
170
162
177
167
161
157
169
240
244
240
247
252
254
253
253
252
252
252
253
255
251
225
85
224
244
247
239
168
160
156
157
158
162
162
168
177
245
251
253
252
252
252
252
252
252
252
252
252
252
252
252
252
252
252
252
252
252
252
252
252
252
252
252
252
254
248
187
159
155
158
155
165
166
165
169
237
255
245
253
246
255
253
252
252
252
252
252
252
253
254
249
193
168
164
155
153
160
162
166
157
161
162
160
163
170
163
168
160
189
246
254
252
252
252
252
252
252
252
252
252
252
252
252
252
252
252
252
252
252
252
252
252
252
252
252
252
252
252
252
252
252
252
252
252
252
253
254
249
186
160
156
154
155
157
157
155
160
165
172
170
175
237
251
253
254
253
253
252
254
247
229
59
63
89
254
255
253
244
183
172
171
163
165
158
159
161
177
249
254
253
252
252
252
252
252
252
252
252
252
252
252
252
253
253
253
253
253
252
252
252
252
252
252
253
255
244
178
156
160
162
160
158
157
156
170
245
255
255
254
254
253
252
252
252
252
252
252
252
253
253
243
166
153
155
171
167
179
236
173
162
159
162
162
159
191
230
175
232
248
249
253
252
252
252
252
252
252
252
252
252
252
252
252
252
252
252
252
252
252
252
252
252
252
252
252
252
252
252
252
252
252
252
252
252
253
254
253
238
166
156
162
161
162
162
160
166
171
168
158
150
161
165
180
237
249
251
254
253
254
252
85
60
56
227
246
254
254
251
249
238
205
236
174
163
160
157
168
237
253
253
252
252
252
252
252
252
252
253
253
254
254
255
255
251
253
251
255
254
253
253
252
252
252
253
253
240
171
157
159
165
186
170
162
154
162
169
244
251
253
252
252
252
252
252
252
252
252
253
254
253
193
148
67
146
185
242
251
250
248
172
163
159
162
158
180
241
254
250
254
253
253
252
252
252
252
252
252
252
252
252
252
252
252
252
252
252
252
252
252
252
252
252
252
252
252
252
252
252
252
252
252
252
252
253
254
253
245
170
162
160
160
159
168
202
166
176
235
251
173
159
154
154
161
166
180
244
253
254
254
246
220
85
227
253
255
253
253
253
254
253
254
253
242
169
158
159
162
182
246
254
252
252
252
252
252
252
253
254
251
248
240
241
245
236
176
236
246
249
251
253
252
252
252
254
248
193
161
155
160
170
244
243
181
166
162
158
180
250
254
253
252
252
252
252
252
252
252
253
254
239
156
50
60
85
248
255
254
254
253
247
178
164
159
157
176
244
255
253
253
252
252
252
252
252
252
252
252
252
252
252
252
252
252
252
252
252
252
252
252
252
252
252
252
252
252
252
252
252
252
252
252
252
252
253
253
247
176
162
159
160
166
172
218
247
218
81
223
253
248
176
165
162
154
154
160
172
246
253
254
255
246
252
246
255
253
252
252
252
253
253
253
255
245
179
156
160
162
181
246
254
252
252
252
252
253
253
254
253
244
175
171
175
177
166
168
167
185
205
250
254
253
252
252
254
243
171
153
163
169
246
254
253
253
232
166
150
164
237
253
253
252
252
252
252
252
252
252
254
253
207
77
54
66
228
253
254
253
253
254
254
240
168
159
156
176
243
255
252
252
252
252
252
252
252
252
252
252
252
252
252
252
252
252
252
252
252
252
252
252
252
252
252
252
252
252
252
252
252
252
252
252
252
252
254
248
202
165
159
162
156
168
239
249
231
63
65
88
254
254
249
237
178
167
166
156
161
169
244
251
254
254
254
254
253
252
252
252
252
252
252
252
255
242
175
155
157
169
240
254
253
252
252
252
253
254
252
250
240
169
157
153
158
151
156
155
163
159
169
239
252
253
252
252
255
241
176
150
169
240
254
254
254
255
252
178
160
157
174
247
254
252
252
252
252
252
252
253
255
248
180
146
64
165
247
255
254
252
252
253
255
253
191
166
154
174
241
255
252
252
252
252
252
252
252
252
252
252
252
252
252
252
252
252
252
252
252
252
252
252
252
252
252
252
252
252
252
252
252
252
252
252
252
252
254
241
169
155
161
162
164
182
254
255
87
60
56
227
247
254
254
253
252
233
170
157
159
158
177
247
254
252
252
252
252
252
252
252
252
252
252
252
255
243
175
156
158
168
239
253
253
252
252
252
253
253
247
196
167
162
157
173
169
155
71
142
158
161
164
183
249
254
252
252
255
241
173
148
177
245
255
253
252
253
253
238
166
150
172
242
255
253
252
252
252
252
252
253
253
240
178
156
144
75
224
249
254
252
252
252
254
249
235
161
151
170
240
254
252
252
252
252
252
252
252
252
252
252
252
252
252
252
252
252
252
252
252
252
252
252
252
252
252
252
252
252
252
252
252
252
252
252
252
252
254
249
178
163
161
161
162
235
252
251
220
85
227
253
255
253
253
253
255
248
178
157
163
154
172
241
254
252
252
252
252
252
252
252
252
252
252
252
255
241
174
154
158
170
187
254
254
254
254
253
254
251
204
162
157
157
166
172
214
55
62
76
168
161
157
182
243
254
252
252
255
241
172
148
172
241
255
252
252
253
255
244
175
152
170
239
253
253
252
252
252
252
252
254
249
185
161
148
56
64
90
253
254
252
252
252
254
249
179
160
160
177
247
254
252
252
252
252
252
252
252
252
252
252
252
252
252
252
252
252
252
252
252
252
252
252
252
252
252
252
252
252
252
252
252
252
252
252
252
252
254
246
232
159
159
161
164
182
253
255
247
252
246
255
253
252
252
253
255
245
186
158
163
156
174
242
255
253
253
253
254
254
254
253
253
252
252
253
255
244
175
154
155
164
237
255
248
252
246
255
254
241
167
157
157
163
183
247
90
67
67
218
164
158
157
179
243
254
252
252
255
242
174
148
174
244
255
253
252
252
254
241
173
152
160
183
248
254
252
252
252
252
252
254
243
181
156
71
62
66
230
247
254
252
252
252
254
240
169
148
168
239
253
253
252
252
252
252
252
252
252
252
252
252
252
252
252
252
252
252
252
252
252
252
253
254
254
254
253
252
252
252
252
252
252
252
252
252
252
252
254
253
182
169
158
161
155
169
239
254
254
254
254
253
252
252
252
253
253
240
168
159
162
155
169
241
255
254
249
253
246
248
246
253
255
255
255
255
255
241
169
155
161
179
254
255
227
85
220
249
254
200
164
156
165
180
252
249
223
86
233
253
185
165
154
173
242
255
252
252
254
242
176
150
165
238
253
253
252
252
254
248
183
162
151
166
241
254
252
252
252
252
252
254
240
175
151
143
75
224
253
255
253
252
252
253
255
244
177
148
175
244
255
253
252
252
252
252
252
252
252
252
252
252
252
252
252
252
252
252
252
252
252
253
255
246
252
246
255
253
252
252
252
252
252
252
252
252
252
252
253
251
236
166
158
163
160
164
202
253
255
253
253
252
252
252
253
254
252
184
162
158
161
156
171
241
255
251
240
183
234
183
183
239
244
242
242
244
241
173
163
156
168
242
248
229
56
60
85
254
249
188
156
159
162
236
252
255
247
252
251
254
236
160
154
176
241
255
252
252
254
249
183
158
159
183
250
254
252
252
253
254
241
170
150
173
241
255
252
252
252
252
252
254
247
174
167
158
169
192
254
254
252
253
253
254
254
241
168
152
173
242
255
252
252
252
252
252
252
252
252
252
252
252
252
252
252
252
252
252
252
252
253
255
253
227
85
220
246
254
252
252
252
252
252
252
252
252
252
252
253
255
244
178
156
162
162
159
178
235
250
249
253
253
254
254
255
254
240
169
157
161
158
160
190
248
255
246
175
165
161
163
163
170
174
173
179
175
167
162
158
149
169
245
254
86
60
56
227
253
248
172
157
161
164
176
251
255
254
254
255
253
177
165
154
173
243
255
252
252
253
253
238
165
150
179
244
255
253
252
253
254
242
170
150
173
240
254
252
252
252
252
252
253
253
238
172
157
161
179
250
255
254
254
252
250
241
173
162
153
176
241
254
252
252
252
252
252
252
252
252
252
252
252
252
252
252
252
252
252
252
252
254
246
227
56
60
85
252
254
252
252
252
252
252
252
252
252
252
252
252
254
248
179
161
161
162
161
166
169
189
246
255
253
250
242
244
241
172
163
158
156
159
172
245
252
255
238
166
150
160
163
161
159
157
155
155
156
157
157
166
165
163
247
251
220
85
227
253
255
241
186
152
158
154
166
237
253
254
254
254
239
167
154
154
170
242
254
252
252
253
255
244
173
151
167
240
254
254
253
254
249
189
160
160
176
248
254
252
252
252
252
252
253
255
249
176
142
68
158
239
254
250
252
244
183
168
162
155
160
182
249
254
252
252
252
252
252
252
252
252
252
252
252
252
252
252
252
252
252
252
252
254
252
85
60
56
227
246
254
252
252
252
252
252
252
252
252
252
252
252
253
253
236
165
157
163
163
160
153
172
247
255
246
192
177
171
167
163
156
166
166
178
243
253
254
254
247
174
163
156
163
160
166
164
163
163
163
161
155
168
228
247
247
255
246
253
249
255
255
250
190
166
166
158
163
176
249
251
253
242
177
165
154
157
180
248
254
252
252
252
254
249
191
160
160
171
248
255
255
255
246
172
150
164
237
253
253
252
252
252
252
252
252
255
238
157
50
54
83
231
196
212
246
187
158
155
156
162
174
244
251
253
252
252
252
252
252
252
252
252
252
252
252
252
252
252
252
252
252
252
252
254
246
220
85
227
253
255
253
252
252
252
252
252
252
252
252
252
252
253
253
255
253
184
166
163
165
163
158
172
237
245
174
163
154
154
153
153
156
168
234
251
251
254
253
253
252
251
179
152
72
145
160
164
164
162
164
163
165
185
251
254
253
253
254
255
249
253
248
254
251
231
166
155
159
163
196
246
209
173
165
156
158
159
243
252
253
252
252
252
253
253
238
166
151
162
193
243
245
247
234
165
154
176
249
254
253
252
252
252
252
252
252
255
249
91
61
54
153
162
169
174
228
172
155
160
156
167
240
253
254
253
252
252
252
252
252
252
252
252
252
252
252
252
252
252
252
252
252
252
253
254
255
249
253
246
255
253
252
252
252
252
252
252
252
252
252
252
252
253
249
250
240
234
170
161
163
163
161
168
173
172
165
157
156
162
168
175
175
210
251
255
253
253
252
253
255
246
221
54
54
71
160
166
161
162
161
179
196
248
251
253
252
253
255
253
227
87
225
253
255
254
189
165
161
158
173
229
173
155
156
160
169
244
252
254
253
252
252
252
253
254
250
181
162
160
166
179
180
176
168
168
169
244
252
253
252
252
252
252
252
252
252
255
245
217
72
146
163
165
159
167
166
165
155
154
161
191
250
254
253
252
252
252
252
252
252
252
252
253
254
254
254
253
252
252
252
252
252
253
255
246
253
249
255
254
253
252
252
252
252
252
252
252
252
252
252
253
253
255
250
191
180
175
170
163
163
163
161
161
159
160
162
161
166
176
242
245
243
248
253
253
252
252
252
252
254
253
89
67
61
165
165
159
155
160
160
171
242
254
255
253
252
254
246
227
58
58
80
241
250
241
233
164
160
160
168
166
167
157
162
169
245
253
254
253
252
252
252
252
252
253
253
236
166
155
159
159
157
155
151
164
237
254
254
253
252
252
252
252
252
252
252
255
253
172
161
156
166
160
157
157
154
162
167
179
196
245
251
253
252
252
252
252
252
252
252
252
253
255
246
252
246
255
253
252
252
252
253
255
253
227
85
220
246
254
252
252
252
252
252
252
252
252
252
253
253
254
253
253
231
167
153
158
158
158
157
156
158
159
162
163
163
163
170
241
254
255
255
254
253
253
252
252
252
252
254
246
220
87
223
246
204
173
169
167
158
166
177
245
252
253
252
254
253
88
70
54
165
168
179
178
172
167
161
163
162
160
159
163
195
249
253
254
253
252
252
252
252
252
252
253
254
249
175
159
158
161
161
157
160
177
250
254
253
252
252
252
252
252
252
252
253
255
243
170
162
166
164
161
168
178
165
173
230
247
249
253
253
253
252
252
252
252
252
252
252
253
255
253
227
85
220
246
254
252
252
252
254
246
227
56
60
85
252
254
252
252
252
252
252
252
252
252
253
254
252
249
236
179
167
166
159
160
165
170
176
176
168
166
161
162
163
161
167
193
249
253
254
253
252
252
252
252
252
252
253
255
246
253
249
255
250
246
232
166
154
159
159
175
249
254
253
254
249
212
80
201
170
161
156
152
153
154
159
172
163
161
161
173
243
254
254
253
252
252
252
252
252
252
252
252
253
252
245
167
164
157
156
157
170
243
253
254
254
254
254
253
253
252
252
252
253
253
240
161
166
231
192
178
238
248
234
185
248
255
254
253
253
252
252
252
252
252
252
252
252
254
246
227
56
60
85
252
254
252
252
252
254
252
85
60
56
227
246
254
252
252
252
252
252
252
252
253
254
253
243
177
164
161
153
157
154
162
177
241
244
243
241
187
162
159
161
162
162
166
170
243
251
253
252
252
252
253
254
254
254
254
254
254
254
254
254
255
252
180
162
160
156
165
237
253
253
253
255
239
162
155
174
158
165
170
177
178
184
181
164
154
160
168
192
248
252
253
253
254
254
254
253
252
252
252
253
254
247
233
157
162
157
184
247
255
255
253
248
237
247
253
254
253
253
253
254
250
186
154
163
241
254
250
253
255
251
252
248
254
253
253
252
252
252
252
252
252
252
252
252
254
252
85
60
56
227
246
254
252
252
252
254
246
220
85
227
253
255
253
252
252
252
252
252
252
253
254
252
243
163
161
156
157
163
171
186
158
244
253
255
255
254
248
176
164
163
161
163
157
159
172
249
254
253
252
253
255
246
252
246
255
253
252
252
252
252
253
253
239
171
159
161
163
184
249
254
253
255
244
177
153
157
160
175
241
246
243
247
239
179
167
168
159
164
190
249
255
255
246
252
246
255
253
252
252
252
254
254
181
167
169
236
254
252
252
244
238
172
167
176
237
250
252
254
253
253
238
166
149
164
248
255
254
253
255
255
255
254
253
251
253
252
252
252
252
252
252
252
252
252
254
246
220
85
227
253
255
253
252
252
252
253
255
246
252
246
255
253
252
252
252
252
252
252
252
254
254
247
167
160
158
159
161
172
242
241
247
247
253
253
253
254
252
246
190
161
154
160
161
154
164
236
253
253
253
255
253
227
85
220
246
254
252
252
252
252
253
254
240
168
153
161
156
172
240
254
253
252
239
175
157
167
175
249
254
255
254
255
252
252
228
167
151
156
163
240
255
254
227
85
220
246
254
252
252
252
254
255
235
163
173
250
255
241
180
175
166
160
152
159
165
192
244
252
254
247
177
160
153
167
237
243
186
244
251
249
240
236
212
250
255
253
253
252
252
252
252
252
252
252
253
255
246
252
246
255
253
252
252
252
252
252
253
254
254
254
253
252
252
252
252
252
252
252
252
249
244
207
163
157
160
164
170
246
253
254
253
253
253
252
252
253
254
254
245
177
166
166
162
161
163
183
250
254
254
246
227
56
60
85
252
254
252
252
252
252
252
253
247
160
163
164
155
174
241
255
254
249
178
163
157
157
233
247
254
253
252
253
253
254
251
159
160
158
162
188
246
233
57
60
85
252
254
252
252
253
255
255
230
76
150
228
189
173
163
154
157
160
161
161
157
159
186
248
255
240
170
153
159
167
171
171
167
174
237
180
169
163
176
232
249
251
254
253
252
252
252
252
252
252
252
253
254
254
254
253
252
252
252
252
252
252
252
252
252
252
252
252
252
252
252
252
252
252
252
91
214
171
161
161
157
166
238
253
254
253
252
252
252
252
252
252
253
254
251
253
236
172
160
164
154
175
243
255
254
252
85
60
56
227
246
254
252
252
252
252
252
253
242
232
158
164
154
174
242
255
254
241
182
153
158
169
175
254
253
252
252
252
252
253
250
236
165
158
157
173
238
87
62
56
227
246
254
252
252
254
246
230
66
61
80
165
169
157
161
161
160
159
159
161
161
157
173
244
255
246
174
157
162
161
161
159
157
163
162
162
154
154
162
164
181
245
253
254
253
252
252
252
252
252
252
252
252
252
252
252
252
252
252
252
252
252
252
252
252
252
252
252
252
252
252
252
252
252
62
67
71
166
162
159
162
184
250
254
253
252
252
252
252
252
252
252
252
253
253
252
238
168
160
163
158
167
239
253
254
246
220
85
227
253
255
253
252
252
252
252
252
253
244
158
159
161
153
170
240
254
254
251
187
165
156
172
237
252
253
252
252
252
252
253
255
245
173
157
160
166
175
214
89
227
253
255
253
252
252
254
253
94
60
51
144
162
161
158
155
162
159
174
163
166
158
157
168
242
254
241
167
158
162
162
161
161
160
158
155
160
163
163
160
156
160
180
244
249
253
252
252
252
252
252
252
252
252
252
252
252
252
252
252
252
252
252
252
252
252
252
252
252
252
252
252
252
252
252
62
72
149
155
162
163
176
245
251
253
252
252
252
252
252
252
252
252
252
252
253
251
160
168
159
163
159
164
182
254
255
255
248
252
246
255
253
252
252
252
252
252
252
253
237
150
150
161
160
176
247
254
254
248
234
163
156
168
242
253
253
252
252
252
252
252
255
241
171
155
159
164
190
243
253
246
255
253
252
252
252
254
253
223
65
56
149
162
168
170
178
176
233
201
235
193
173
160
159
176
243
175
164
158
155
164
161
161
162
160
164
157
160
161
163
162
161
160
168
246
254
252
253
254
255
255
254
253
252
252
252
252
252
252
252
252
252
252
252
252
252
252
252
252
252
252
252
252
252
252
62
227
176
163
158
169
241
254
254
253
252
252
252
252
252
252
252
252
252
252
253
249
234
164
157
161
169
151
154
199
236
251
255
255
255
255
255
255
254
253
252
252
252
254
241
188
156
159
168
238
253
253
253
254
193
168
153
159
182
253
255
254
253
253
252
253
255
245
177
156
158
167
241
254
255
254
253
252
252
252
252
254
253
221
61
50
76
164
176
242
243
249
247
254
249
253
242
174
161
162
175
162
155
165
167
181
235
178
176
234
180
170
170
164
163
165
165
159
183
253
255
255
255
249
228
225
239
254
252
252
252
252
252
252
252
252
252
252
252
252
252
252
252
252
252
252
252
252
252
252
252
244
183
157
155
175
245
255
253
252
252
252
252
252
252
252
252
252
252
252
253
255
245
177
156
157
172
222
111
96
103
219
216
214
214
214
212
232
249
255
255
255
255
255
254
193
167
167
189
255
255
255
255
255
248
171
158
152
166
234
244
248
253
255
255
255
254
242
170
157
155
176
244
255
253
252
252
252
252
252
252
254
253
89
71
57
150
167
247
255
255
255
254
254
254
254
254
242
168
154
131
163
176
190
254
255
255
255
255
255
255
254
191
174
164
176
162
146
145
208
219
214
216
219
94
111
244
254
252
252
252
252
252
252
252
252
252
252
252
252
252
252
252
252
252
252
252
252
252
252
252
243
176
156
155
176
242
255
252
252
252
252
252
252
252
252
252
252
252
253
253
255
246
175
154
163
182
239
236
215
220
100
104
106
106
106
104
100
219
216
214
214
214
220
209
147
136
136
146
208
219
214
212
236
251
255
188
173
174
179
183
186
247
253
251
253
250
185
174
169
165
188
253
255
255
255
255
255
255
255
255
255
255
236
107
228
180
195
245
255
253
255
255
255
255
255
255
254
179
127
128
140
140
206
217
221
219
219
219
221
227
232
212
81
146
149
143
83
95
105
108
106
104
100
216
228
239
254
252
252
252
252
252
252
252
252
252
252
252
252
252
252
252
252
252
252
252
252
252
252
252
241
173
156
155
169
242
255
252
252
252
252
252
252
252
252
252
252
253
254
249
251
232
170
152
164
239
254
255
255
249
232
212
214
214
214
216
219
100
104
106
106
106
112
102
93
78
86
96
105
108
106
104
101
224
218
205
135
129
132
129
140
148
156
154
155
145
143
139
138
133
147
208
218
214
214
214
214
214
214
214
216
223
209
221
208
156
163
208
98
206
221
214
214
214
215
222
213
125
99
118
83
99
107
110
106
106
106
106
109
95
90
55
75
72
95
75
152
213
221
215
214
212
232
248
255
254
253
252
252
252
252
252
252
252
252
252
252
252
252
252
252
252
252
252
252
252
252
252
252
252
241
174
155
154
168
240
254
252
252
252
252
252
252
252
252
252
253
254
254
244
174
165
164
157
177
250
254
253
253
254
255
255
255
255
255
255
249
232
212
214
215
218
216
207
142
135
148
211
221
215
214
216
219
101
108
105
100
94
97
89
81
72
73
76
78
79
79
79
87
89
101
103
108
106
106
106
106
106
106
106
106
107
112
111
100
80
77
51
74
79
113
106
106
106
108
108
93
78
66
70
151
215
221
215
214
214
214
214
220
210
60
48
71
212
155
140
175
254
255
255
255
255
255
254
253
252
252
252
252
252
252
252
252
252
252
252
252
252
252
252
252
252
252
252
252
252
252
252
252
252
241
172
154
163
185
250
254
252
252
252
252
252
252
252
253
253
254
254
248
183
160
151
159
169
243
251
253
252
252
252
252
252
252
252
252
253
254
255
255
255
255
255
255
188
176
162
184
253
255
255
255
255
249
232
213
216
219
221
224
218
156
151
145
141
133
135
143
137
154
211
222
216
215
214
214
214
214
214
214
214
214
214
219
208
147
133
54
48
66
213
221
214
214
215
220
213
149
96
101
130
182
255
255
255
255
255
255
255
255
255
231
92
239
250
189
155
176
243
255
252
252
252
252
252
252
252
252
252
252
252
252
252
252
252
252
252
252
252
252
252
252
252
252
252
252
252
252
252
252
252
241
174
153
162
236
251
254
253
252
252
252
252
253
253
254
254
252
241
185
163
158
163
172
245
253
254
253
252
252
252
252
252
252
252
252
252
252
253
254
251
248
238
175
160
155
158
181
247
254
252
252
253
254
255
255
255
255
255
255
255
254
251
247
178
179
181
191
241
210
254
255
255
255
255
255
255
255
255
255
255
255
255
255
253
184
158
155
88
237
255
255
255
255
255
255
254
174
120
123
152
194
244
255
253
252
252
252
252
253
255
247
253
252
250
168
151
176
243
254
252
252
252
252
252
252
252
252
252
252
252
252
252
252
252
252
252
252
253
254
254
254
253
252
252
252
252
252
252
252
252
241
174
154
166
174
248
254
255
254
253
253
253
254
251
249
238
193
169
163
156
158
169
243
253
254
253
252
252
253
253
254
254
254
254
254
254
254
255
254
244
176
163
163
157
160
172
245
251
253
252
252
252
252
252
252
252
252
252
253
253
254
255
253
247
239
241
249
247
253
248
253
252
253
255
246
252
246
255
253
252
252
252
254
248
177
164
156
237
249
255
254
253
254
255
253
183
156
117
117
137
82
220
248
254
252
252
252
252
252
253
254
254
250
179
161
160
194
249
254
252
252
252
252
252
252
252
252
252
252
252
252
252
252
252
252
252
253
255
246
252
246
255
253
252
252
252
252
252
252
252
241
174
154
158
163
176
243
248
253
253
255
255
254
244
177
168
161
156
154
160
167
228
252
254
253
252
253
253
254
253
247
239
245
246
246
252
249
252
238
170
159
156
159
158
168
240
253
254
253
252
252
252
252
252
252
252
252
252
252
252
252
253
253
254
254
254
254
254
253
253
253
253
255
253
227
85
220
246
254
252
252
252
253
253
238
166
161
167
250
254
255
253
249
246
232
172
151
113
92
48
66
89
252
254
252
252
252
252
252
253
254
250
184
161
155
170
241
253
253
252
252
252
252
252
252
252
252
252
252
252
252
252
252
252
252
253
255
253
227
85
220
246
254
252
252
252
252
252
252
252
241
173
156
162
160
167
174
201
203
239
243
244
241
170
159
154
155
164
165
182
241
251
253
253
252
252
253
250
249
238
178
172
180
199
192
189
235
181
170
163
157
160
157
162
200
251
254
253
252
252
252
252
252
252
252
252
252
252
252
252
252
252
252
252
252
252
252
252
252
252
252
254
246
227
56
60
85
252
254
252
252
252
253
255
242
171
150
159
168
241
246
240
190
173
168
166
157
123
63
62
72
232
248
254
252
252
252
253
253
254
254
241
166
151
160
191
251
254
253
252
252
252
252
252
252
252
252
252
252
252
252
252
252
252
252
254
246
227
56
60
85
252
254
252
252
252
252
252
252
252
242
172
155
162
164
163
161
160
167
171
173
176
169
163
156
155
160
169
239
250
252
254
253
252
252
252
254
246
196
170
157
153
154
168
161
166
161
164
157
160
162
161
165
181
246
253
253
252
252
252
252
252
252
252
252
252
252
252
252
252
252
252
252
252
252
252
252
252
252
252
252
254
252
85
60
56
227
246
254
252
252
252
252
254
247
176
161
156
164
168
177
168
161
154
152
163
160
166
144
74
226
253
255
254
253
253
254
254
252
250
240
172
165
162
171
245
252
253
252
252
252
252
252
252
252
252
252
252
252
252
252
252
252
252
252
254
252
85
60
56
227
246
254
252
252
252
252
252
252
252
239
167
148
156
156
155
153
154
152
149
148
150
151
152
159
165
176
245
253
254
253
253
252
252
252
252
254
238
172
152
147
74
143
159
164
160
158
159
157
153
168
188
199
245
253
253
253
252
252
252
253
254
254
254
253
252
252
252
252
252
252
252
252
252
252
252
252
252
252
252
252
254
246
220
85
227
253
255
253
252
252
252
252
253
253
235
160
153
158
158
158
158
157
166
167
186
234
184
157
152
84
229
249
254
255
253
254
249
247
179
163
160
149
169
236
253
254
253
252
252
252
252
252
252
252
252
252
252
252
252
252
252
252
252
252
254
246
220
85
227
253
255
253
252
252
252
252
252
252
252
245
180
170
174
173
174
174
173
172
173
173
174
175
171
179
236
249
252
254
253
252
252
252
252
252
252
254
249
165
150
60
64
76
165
168
164
159
165
167
173
173
242
253
252
253
253
252
252
252
253
255
246
252
246
255
253
252
252
252
252
252
252
252
252
252
252
252
252
252
252
252
253
255
246
252
246
255
253
252
252
252
252
252
253
254
246
175
164
167
158
161
160
154
164
231
255
243
176
143
58
63
78
180
242
246
236
183
234
174
161
154
164
164
178
248
254
253
252
252
252
252
252
252
252
252
252
252
252
252
252
252
252
252
252
252
253
255
246
252
246
255
253
252
252
252
252
252
252
252
252
249
246
239
241
241
241
242
242
241
241
241
241
242
241
248
253
254
253
253
252
252
252
252
252
252
252
254
255
238
80
42
54
134
154
154
155
162
172
240
241
246
250
254
253
253
252
252
252
253
255
253
227
85
220
246
254
252
252
252
252
252
252
252
252
252
252
252
252
252
252
252
252
253
254
254
254
253
252
252
252
252
252
252
252
253
248
248
229
170
157
161
164
162
184
249
255
246
173
65
59
56
142
160
170
176
164
170
161
164
154
152
169
230
248
248
253
252
252
252
252
252
252
252
252
252
252
252
252
252
252
252
252
252
252
252
252
253
254
254
254
253
252
252
252
252
252
252
252
252
252
253
254
254
255
255
255
255
255
255
255
255
255
255
254
254
253
253
252
252
252
252
252
252
252
252
252
254
253
217
57
45
83
185
166
162
172
187
245
254
255
254
253
253
252
252
252
252
252
254
246
227
56
60
85
252
254
252
252
252
252
252
252
252
252
252
252
252
252
252
252
252
252
252
252
252
252
252
252
252
252
252
252
252
252
253
253
255
249
190
201
196
184
235
247
249
255
247
171
139
69
146
162
165
160
156
156
157
154
161
167
175
190
250
255
253
253
252
252
252
252
252
252
252
252
252
252
252
252
252
252
252
252
252
252
252
252
252
252
252
252
252
252
252
252
252
252
252
252
252
252
252
252
252
252
252
252
252
252
252
252
252
252
252
252
252
252
252
252
252
252
252
252
252
252
252
252
254
253
89
67
66
233
243
243
238
240
249
252
254
253
252
252
252
252
252
252
252
252
254
252
85
60
56
227
246
254
252
252
252
252
252
252
252
252
252
252
252
252
252
252
252
252
252
252
252
252
252
252
252
252
252
252
252
252
252
252
253
248
249
245
247
250
253
254
253
254
250
236
162
169
158
168
156
155
154
152
162
166
181
239
242
246
249
253
252
252
252
252
252
252
252
252
252
252
252
252
252
252
252
252
252
252
252
252
252
252
252
252
252
252
252
252
252
252
252
252
252
252
252
252
252
252
252
252
252
252
252
252
252
252
252
252
252
252
252
252
252
252
252
252
252
252
252
252
252
252
254
244
216
79
224
254
255
255
255
254
254
253
253
252
252
252
252
252
252
252
252
252
254
244
216
79
223
253
255
253
252
252
252
252
252
252
252
252
252
252
252
252
252
252
252
252
252
252
252
252
252
252
252
252
252
252
252
252
252
252
253
253
254
254
254
254
253
253
252
253
253
253
240
186
231
174
164
162
162
162
171
234
249
253
255
254
253
253
252
252
252
252
252
252
252
252
252
252
252
252
252
252
252
252
252
252
252
252
252
252
252
252
252
252
252
252
252
252
252
252
252
252
252
252
252
252
252
252
252
252
252
252
252
252
252
252
252
252
252
252
252
252
252
252
252
252
252
252
252
252
252
252
252
252
252
252
252
252
252
252
252
252
252
252
252
252
252
252
252
252
252
252
252
252
252
252
252
252
252
252
252
252
252
252
252
252
252
252
252
252
252
252
252
252
252
252
252
252
252
252
252
252
252
252
252
252
252
252
252
252
252
252
252
252
252
252
252
252
252
252
252
252
252
252
252
252
252
252
252
252
252
252
252
252
252
252
252
252
252
252
252
252
252
252
252
252
252
252
252
252
252
252
252
252
252
252
252
252
252
252
252
252
252
252
252
252
252
252
252
252
252
252
252
