244
244
244
244
244
244
244
244
244
244
244
244
244
244
244
244
244
244
244
244
244
244
244
244
244
244
244
244
244
244
244
244
244
244
244
244
244
244
244
244
244
244
244
244
244
244
244
244
244
244
244
244
244
244
244
244
244
244
244
244
244
244
244
244
244
244
244
244
244
244
244
244
244
244
244
244
244
244
244
244
244
244
244
244
244
244
244
244
244
244
244
244
244
244
244
244
244
244
244
244
244
244
244
244
244
244
244
244
244
244
244
244
244
244
244
244
244
244
153
149
149
150
150
185
244
244
244
244
244
244
244
244
244
244
244
244
244
244
244
244
244
244
244
244
244
244
244
244
244
244
244
244
244
244
244
244
244
244
244
244
244
244
244
244
244
244
244
244
244
244
244
244
244
246
248
249
248
246
244
244
244
244
244
244
244
244
244
244
244
244
244
244
244
244
244
244
244
244
244
244
244
244
244
244
244
244
244
244
244
244
244
244
244
244
244
244
244
244
244
244
244
244
244
244
244
244
244
244
244
244
244
244
244
244
244
244
244
244
244
244
244
244
244
244
244
244
244
244
244
244
244
244
244
244
244
244
244
244
244
244
244
244
244
244
245
250
237
158
146
148
147
144
153
228
243
246
244
244
244
244
244
244
244
244
244
244
244
244
246
251
247
218
90
211
238
248
244
244
244
244
244
244
244
244
244
244
244
244
244
244
244
244
244
244
244
244
244
244
244
244
244
244
246
251
240
245
240
251
247
246
246
245
244
244
244
244
244
244
244
244
244
244
244
244
244
244
244
244
244
244
244
244
244
244
244
244
244
244
244
244
244
244
244
244
244
244
244
244
244
244
244
244
244
244
244
244
244
244
244
244
244
244
244
244
244
244
244
244
244
244
244
244
244
244
244
244
244
244
244
244
244
244
244
244
244
244
244
244
244
244
244
244
244
244
247
245
226
150
140
148
147
142
154
193
248
247
244
244
244
244
244
244
244
244
244
244
244
244
248
240
221
68
71
95
245
249
244
244
244
244
244
244
244
244
244
244
244
244
244
244
244
244
244
244
244
244
244
244
244
244
244
246
251
248
221
95
214
242
246
247
247
251
249
247
245
244
244
244
244
244
244
244
244
244
244
244
244
244
244
244
244
244
244
246
248
249
248
246
244
244
244
244
244
244
244
244
244
244
244
244
244
244
244
244
244
244
244
244
244
244
244
244
244
244
244
244
244
244
244
244
244
244
244
244
244
244
244
244
244
244
244
244
244
244
244
244
244
244
244
244
244
244
245
247
251
250
173
153
145
146
146
148
173
235
244
246
244
244
244
244
244
244
244
244
244
244
244
246
251
249
98
73
68
221
240
248
244
244
244
244
244
244
244
244
244
244
244
244
244
244
244
244
244
244
244
244
244
244
244
244
244
248
240
221
68
71
95
249
242
195
225
232
237
241
247
244
244
244
244
244
244
244
244
244
244
244
244
244
244
244
244
244
246
251
240
245
240
251
246
244
244
244
244
244
244
244
244
244
244
244
244
244
244
244
244
244
244
244
244
244
244
244
244
244
244
244
244
244
244
244
244
244
244
244
244
244
244
244
244
244
244
244
244
244
244
244
244
244
244
245
247
250
253
249
245
228
192
147
144
151
154
203
239
246
248
245
244
244
244
244
244
244
244
246
248
249
249
252
244
238
210
103
223
248
251
246
244
244
244
244
244
244
244
244
244
244
244
244
244
244
244
244
244
244
244
244
244
244
244
244
244
249
245
95
71
68
221
247
235
160
144
151
170
238
249
244
244
244
244
244
244
244
244
244
244
244
244
244
244
244
244
246
251
248
221
95
214
240
248
244
244
244
244
244
244
244
244
244
244
244
244
244
244
244
244
244
244
244
246
248
249
248
246
244
244
244
244
244
244
244
244
244
244
244
244
244
246
248
249
248
246
244
244
244
244
244
245
247
249
251
247
244
233
229
165
164
159
152
144
153
229
248
247
248
245
244
244
244
244
244
244
244
246
251
240
246
248
254
224
103
210
238
244
251
246
244
244
244
244
244
244
244
244
244
244
244
244
244
244
244
244
244
244
244
244
244
244
244
244
244
244
248
240
214
95
221
248
255
233
155
135
136
157
235
252
245
244
244
244
244
244
244
244
244
244
244
244
244
244
244
244
248
240
221
68
71
95
245
249
244
244
244
244
244
244
244
244
244
244
244
244
244
244
244
244
244
244
246
251
240
245
240
251
246
244
244
244
244
244
244
244
244
244
244
244
246
251
240
245
240
251
246
244
244
244
244
247
244
239
237
233
169
150
87
135
139
147
147
143
168
240
255
247
245
244
244
244
244
244
244
244
246
251
248
221
98
210
217
71
73
98
249
251
246
244
244
244
244
244
244
244
244
244
244
244
244
244
244
244
244
244
244
244
244
244
244
244
244
244
244
244
246
251
240
245
240
251
251
232
159
140
145
157
229
245
248
244
244
244
244
244
244
244
244
244
244
244
244
244
244
244
249
245
95
71
68
221
240
248
244
244
244
244
244
244
244
244
244
244
244
244
244
244
244
245
247
250
254
250
223
98
220
247
253
251
250
247
245
244
244
244
244
244
244
246
251
248
221
95
214
240
248
244
244
244
245
250
242
188
162
152
137
59
62
76
148
151
151
145
155
231
244
248
244
244
244
244
244
244
244
244
248
240
221
68
76
93
93
76
68
221
240
248
244
244
244
244
244
244
244
244
244
244
245
247
249
250
251
251
251
251
251
251
251
251
251
251
251
251
250
249
247
247
248
249
248
246
250
242
167
150
146
148
154
239
250
244
244
244
244
244
244
244
244
244
244
244
244
244
244
244
248
240
214
95
221
248
251
246
244
244
244
244
244
244
244
244
245
247
249
249
247
246
246
250
245
241
232
222
77
70
89
231
239
230
238
240
247
244
244
244
244
244
244
249
242
225
72
74
97
246
249
244
244
245
249
248
230
152
141
141
72
72
71
143
143
145
146
147
149
162
240
250
244
244
244
244
244
244
244
244
249
245
95
71
71
217
210
98
221
248
251
246
244
244
244
244
244
244
244
244
244
245
248
243
240
231
234
233
234
234
234
234
234
235
236
236
236
235
232
240
246
250
247
245
244
244
249
239
226
149
147
138
157
229
250
244
244
244
244
244
244
244
244
244
244
244
244
244
244
244
246
251
240
245
240
251
246
244
244
244
244
244
245
247
249
250
253
246
238
239
246
252
247
243
230
166
159
88
72
62
139
154
164
154
167
237
249
244
244
244
244
244
244
251
238
95
62
69
219
244
249
244
244
248
242
236
158
148
146
151
141
101
218
194
174
157
150
146
139
162
234
252
245
244
244
244
244
244
244
244
248
240
214
95
223
254
248
246
240
251
246
244
244
244
244
244
244
244
244
244
246
249
250
237
173
157
160
161
162
160
161
161
161
164
159
160
159
165
159
166
229
243
243
249
245
244
250
242
170
149
146
151
169
242
250
244
244
244
244
244
244
244
244
244
244
244
244
244
244
246
248
250
250
250
248
246
244
245
246
247
247
248
250
246
239
232
236
230
159
160
228
246
240
199
153
148
136
125
72
130
144
146
143
134
157
231
250
244
244
244
244
244
244
251
228
141
65
146
236
254
251
247
245
250
240
160
146
144
144
159
221
245
240
249
240
236
167
153
143
156
231
247
247
244
244
244
244
244
244
244
246
251
240
245
240
252
249
249
248
246
244
244
244
244
244
244
244
244
244
244
247
240
238
180
145
140
143
145
144
138
135
135
140
140
130
74
127
139
143
147
153
168
235
247
249
245
250
230
155
137
144
150
227
241
249
244
244
244
244
244
244
244
244
244
244
244
244
244
246
251
240
245
240
251
246
245
247
251
245
247
247
249
242
229
166
158
163
153
144
146
153
168
223
162
141
143
154
152
165
163
159
152
146
141
162
234
251
244
244
244
244
244
244
250
244
162
144
145
165
232
243
245
251
253
233
164
139
145
147
168
246
254
250
250
253
245
228
148
144
149
169
240
249
244
244
244
244
244
244
244
244
246
248
249
248
246
244
244
244
244
244
244
244
244
244
244
244
244
244
244
251
241
159
151
149
148
155
147
152
154
163
167
151
140
63
65
76
144
148
146
142
146
158
236
244
247
249
240
163
148
145
151
174
243
250
244
244
244
244
244
244
244
244
244
244
244
244
246
251
248
221
95
214
240
248
247
240
240
224
168
229
231
167
152
148
140
143
143
146
147
143
150
144
155
145
150
162
235
238
238
234
162
151
139
161
234
251
244
244
244
244
244
244
247
244
231
154
141
149
152
166
226
238
246
237
163
139
150
161
236
244
247
244
244
250
239
159
145
146
140
160
233
250
244
244
244
244
244
244
244
244
244
244
244
244
244
244
244
244
244
244
244
244
244
244
244
244
244
244
244
245
227
152
142
150
154
151
137
77
165
225
244
233
89
75
73
149
155
152
145
147
146
145
163
239
249
247
245
229
153
144
141
163
233
250
244
244
244
244
244
244
244
244
244
244
244
244
248
240
221
68
71
95
245
249
249
237
169
148
155
148
156
148
137
141
141
143
144
148
150
151
147
144
145
142
153
231
250
252
252
251
233
157
138
163
236
253
245
244
244
244
244
244
245
250
242
196
151
144
135
144
157
178
254
242
165
140
156
233
249
249
245
244
244
249
237
159
145
148
143
160
234
251
244
244
244
244
244
244
244
244
244
244
244
244
244
244
244
244
244
244
244
244
244
244
244
244
244
244
244
237
157
147
146
152
149
138
65
71
100
247
255
247
220
99
216
240
236
164
152
148
149
140
154
231
251
245
253
236
159
141
144
164
234
251
245
246
246
246
245
244
244
244
244
244
246
248
252
248
97
71
68
221
240
249
251
234
158
138
144
147
141
151
156
165
161
163
155
149
144
148
148
147
143
145
163
242
251
245
245
252
236
164
137
154
230
247
247
244
244
244
244
244
244
246
244
242
230
165
152
146
140
217
239
235
157
137
161
240
253
245
244
244
244
248
244
230
156
145
139
157
232
250
244
244
244
244
244
244
244
244
244
244
244
244
244
244
244
244
244
244
244
244
244
244
244
244
244
244
244
236
157
143
145
152
150
81
74
80
226
242
249
251
240
246
243
255
251
234
157
146
150
141
161
233
251
244
251
233
161
139
143
164
238
255
251
248
248
248
252
251
251
250
249
249
252
240
248
234
223
97
221
248
251
249
247
231
156
146
149
147
140
153
224
238
234
236
231
171
160
156
145
156
156
166
234
243
247
244
244
250
232
161
137
147
164
239
249
244
244
244
244
244
244
245
246
250
244
243
232
161
158
160
171
176
141
69
144
230
251
244
244
244
244
245
253
237
164
139
149
163
240
249
244
244
244
244
244
244
244
244
244
244
244
244
244
244
244
244
244
244
244
244
244
244
244
244
244
244
244
243
230
150
146
151
148
134
85
221
247
254
247
246
248
249
248
248
253
240
167
144
150
142
161
233
251
244
251
234
160
142
144
156
227
241
237
229
192
229
234
234
234
232
241
250
251
222
97
223
234
248
240
251
246
249
239
165
150
147
146
151
151
172
243
254
251
253
249
236
219
148
142
160
227
247
245
249
245
244
244
249
241
167
149
141
162
236
251
245
244
244
244
244
244
244
244
245
247
251
247
229
149
143
142
110
66
72
100
241
251
244
244
244
244
245
252
236
161
136
154
229
245
247
244
244
244
244
244
244
244
244
244
244
244
244
244
244
244
244
244
244
244
244
244
244
244
244
244
244
244
250
244
190
150
147
153
145
155
180
247
250
248
245
244
245
247
251
250
233
157
145
149
139
156
231
251
244
250
232
159
140
148
153
155
176
173
154
157
156
161
159
164
160
162
230
224
73
72
97
248
252
248
246
244
250
232
159
140
145
151
162
231
240
240
247
244
245
251
246
158
151
143
157
235
249
249
245
244
244
244
247
247
234
153
141
152
234
247
247
244
244
244
244
244
244
244
244
244
247
250
208
159
147
141
76
62
70
216
238
251
244
244
244
244
246
249
233
158
139
163
238
252
245
244
244
244
244
244
244
244
244
244
244
244
244
244
244
244
244
244
244
244
244
244
244
244
244
244
244
244
246
248
231
157
141
149
150
150
155
186
241
247
251
250
253
247
245
231
163
151
147
145
139
154
234
250
244
250
242
170
150
147
152
144
144
143
144
142
142
142
142
142
141
149
156
88
75
77
227
243
249
244
244
244
251
233
163
142
144
154
232
250
250
247
245
244
246
251
239
186
146
144
146
169
241
249
244
244
244
244
247
255
241
155
74
136
165
242
249
244
244
244
244
244
244
244
244
244
245
248
233
163
147
144
105
77
142
166
244
251
244
244
244
245
250
245
190
151
141
174
237
250
244
244
244
244
244
244
244
244
244
244
244
244
244
244
244
244
244
244
244
244
244
244
244
244
244
244
244
244
245
250
242
173
146
143
146
147
149
151
167
227
245
241
242
229
165
161
153
145
144
149
153
194
239
249
244
249
238
224
145
145
149
148
145
143
143
143
144
145
146
146
146
147
144
130
82
211
241
246
249
244
244
245
252
236
166
144
143
158
236
253
245
244
244
246
251
245
241
182
157
146
144
166
236
250
244
244
244
244
248
243
217
73
65
72
158
234
250
244
244
244
244
244
244
244
244
244
245
251
236
173
142
156
148
151
136
164
236
252
245
244
244
247
245
232
157
142
150
190
244
249
244
244
244
244
244
244
244
244
244
244
244
244
244
244
244
244
244
244
244
244
244
244
244
244
244
244
244
244
244
247
244
235
176
154
150
145
146
144
152
155
161
226
159
88
133
139
145
148
149
159
233
242
244
247
244
249
249
168
157
146
149
146
150
156
165
166
157
160
164
155
147
141
149
143
156
156
176
241
251
245
244
247
247
230
156
145
139
159
232
250
244
244
246
251
248
225
96
163
150
147
148
189
239
250
244
244
244
244
249
247
101
77
66
131
153
234
251
244
244
244
244
244
244
244
244
245
248
255
240
162
138
162
223
166
142
159
233
250
250
248
249
253
245
171
148
138
154
230
248
246
244
244
244
244
244
244
244
244
244
244
244
244
244
244
244
244
244
244
244
244
244
244
244
244
244
244
244
244
244
245
248
246
245
238
167
154
147
149
147
143
147
137
75
66
69
79
138
150
165
237
248
250
246
245
244
249
233
219
141
145
147
150
160
233
236
235
230
193
233
232
163
164
158
152
146
141
155
228
246
247
244
249
241
165
149
145
148
166
240
249
244
244
248
240
221
72
70
77
150
147
150
191
242
249
244
244
244
244
248
243
214
85
134
142
161
233
251
244
244
244
244
244
244
244
244
248
240
242
223
157
145
164
226
160
143
151
161
241
241
250
239
245
224
154
138
146
167
241
250
245
244
244
244
244
244
244
244
244
244
244
244
244
244
244
244
244
244
244
244
244
244
244
244
244
244
244
244
244
244
244
246
251
248
242
223
147
147
150
149
149
147
81
68
59
60
68
90
194
243
245
249
245
244
244
244
249
249
161
157
144
146
157
236
253
255
254
249
248
249
246
239
236
228
156
145
145
150
168
243
250
245
250
233
165
143
143
154
230
247
247
244
244
249
245
95
78
67
150
147
148
150
190
241
249
244
244
244
244
246
255
235
161
141
147
160
233
251
244
244
244
244
244
244
244
244
250
237
167
153
146
153
229
171
155
141
145
148
163
227
186
225
170
154
149
145
160
236
244
247
244
244
244
244
244
244
244
244
244
244
244
244
244
244
244
244
244
244
244
244
244
244
244
244
244
244
244
244
244
244
245
248
246
235
165
154
155
146
148
152
151
149
136
81
72
74
70
169
238
255
250
246
244
244
244
244
249
235
222
143
143
147
182
250
248
246
240
252
248
246
248
249
253
245
194
151
145
142
153
228
246
247
251
236
168
144
142
161
236
253
245
244
244
248
240
216
97
207
162
151
147
150
190
241
249
244
244
246
248
249
254
236
160
145
144
163
233
251
244
244
244
244
244
244
244
245
252
234
161
135
146
166
240
241
158
150
147
146
153
149
159
148
150
138
145
155
237
247
249
245
244
244
244
244
244
244
244
244
244
244
244
244
244
244
244
244
244
244
244
244
244
244
244
244
244
244
244
244
244
245
249
250
241
163
148
143
146
146
138
150
192
174
147
139
132
84
138
161
233
248
244
249
245
244
244
244
250
238
152
147
145
148
198
242
227
95
214
240
248
244
244
244
246
246
240
178
152
143
147
169
242
251
253
238
166
145
142
159
233
251
244
244
244
246
251
244
244
185
160
146
145
148
189
240
248
244
246
251
240
245
249
241
158
141
142
156
233
251
244
244
244
244
244
244
245
249
249
232
155
138
152
230
250
250
230
152
142
148
149
145
145
145
143
147
156
236
245
249
245
244
245
246
247
246
245
244
244
244
244
244
244
244
244
244
244
244
244
244
244
244
244
244
244
244
244
244
244
244
244
248
241
237
191
154
145
149
145
151
148
165
237
240
173
161
151
146
146
150
152
161
239
247
249
245
244
244
249
235
155
144
145
148
160
214
75
71
95
245
249
244
244
244
245
248
249
233
159
143
141
152
229
249
248
230
155
146
142
159
233
251
244
244
244
244
246
251
244
188
148
145
145
155
194
244
248
246
251
248
221
95
223
228
161
139
143
164
234
251
244
244
244
244
244
245
249
247
238
158
149
141
162
238
252
251
241
163
148
146
150
150
148
143
145
156
237
247
249
246
247
249
251
244
245
242
249
245
246
248
249
248
246
244
244
244
244
244
244
244
244
244
244
244
244
244
244
244
244
244
244
249
234
151
147
150
148
145
148
154
228
241
245
247
244
226
156
144
150
135
86
135
160
235
242
248
244
244
248
246
229
151
144
146
155
82
79
68
221
240
248
244
244
244
244
245
251
235
162
141
142
146
169
245
244
162
148
147
140
157
231
251
244
244
244
244
244
249
240
188
151
147
144
160
233
249
246
248
240
221
68
71
103
233
165
141
143
170
238
252
245
244
245
247
249
252
248
238
155
143
139
147
189
241
249
247
243
237
166
154
144
145
149
150
163
236
247
249
248
251
246
241
235
228
170
231
244
249
250
235
237
232
248
244
244
244
244
244
244
244
244
244
244
244
244
244
244
244
244
244
244
249
235
160
143
145
145
149
157
238
248
251
248
248
252
243
197
156
155
135
83
131
146
157
243
251
245
244
246
254
238
161
140
145
157
206
106
222
248
251
246
244
244
244
244
244
249
240
171
148
142
149
166
248
236
155
140
148
150
164
240
250
244
244
244
244
244
249
240
188
150
148
144
163
235
252
245
249
245
95
71
68
229
229
167
142
146
156
232
247
247
245
249
244
239
235
232
157
143
145
152
190
239
246
246
245
249
251
236
156
148
157
171
228
241
246
252
252
245
243
228
168
161
153
151
164
246
255
246
229
117
240
250
244
244
244
244
244
244
244
244
244
244
244
244
244
244
244
244
244
244
248
246
231
155
141
151
163
239
246
249
245
244
244
246
244
243
235
169
148
140
85
127
148
227
251
250
246
246
248
229
155
142
144
161
223
244
242
251
246
244
244
244
244
244
244
247
247
228
152
140
147
226
248
239
159
142
147
155
230
245
247
244
244
244
244
244
249
240
187
148
147
144
162
234
251
244
248
240
214
95
221
254
242
164
141
147
148
167
239
249
247
244
234
164
160
154
146
144
159
232
243
246
248
245
244
248
249
232
149
155
229
251
251
255
249
241
235
230
163
152
149
141
145
141
158
220
228
221
95
225
229
253
246
244
244
244
244
244
244
244
244
244
244
244
244
244
244
244
244
244
246
254
240
164
137
155
231
249
249
245
244
244
244
245
246
250
251
233
156
141
143
85
88
143
229
247
255
254
253
194
157
144
145
156
172
251
250
246
244
244
244
244
244
244
244
245
250
242
168
149
149
170
253
243
159
141
143
161
236
253
245
244
244
244
244
244
249
243
189
150
146
142
168
234
251
244
246
251
240
245
240
255
235
158
140
149
139
154
233
253
253
244
167
145
140
140
147
160
239
248
250
246
245
244
244
249
240
164
142
165
238
250
235
238
231
166
159
156
149
143
149
153
157
147
143
150
116
112
205
89
221
242
248
244
244
244
244
244
244
244
244
244
244
244
244
244
244
244
244
244
247
247
230
154
138
165
240
253
246
244
244
244
244
244
244
245
253
236
165
147
146
140
128
91
98
219
210
227
245
241
164
144
143
153
229
246
247
244
244
244
244
244
244
244
244
244
248
248
233
157
142
150
238
235
167
144
141
158
233
251
244
244
244
244
244
244
249
242
199
147
146
144
167
236
251
244
244
246
248
249
248
252
234
161
141
149
142
163
237
248
242
222
155
141
143
149
167
238
246
249
245
244
244
244
244
251
232
158
135
158
224
176
157
166
156
149
142
147
152
155
145
137
129
132
79
94
202
209
63
78
97
245
249
244
244
244
244
244
244
244
244
244
244
244
244
244
244
244
244
244
249
238
162
147
141
158
233
250
249
245
244
244
244
244
244
244
251
232
164
146
153
153
142
146
209
113
110
108
222
205
132
139
150
164
239
251
249
244
244
244
244
244
244
244
244
244
248
248
233
159
146
139
97
210
155
145
140
155
231
251
244
244
244
244
244
244
249
241
183
150
146
144
167
235
251
244
244
244
244
244
244
251
234
161
141
150
142
166
241
245
170
151
153
141
146
162
238
246
249
245
244
244
244
244
244
251
233
160
139
155
153
153
142
144
150
152
156
147
136
125
137
95
98
92
129
154
233
106
79
69
221
240
248
244
244
244
244
244
244
244
244
244
244
244
244
244
244
244
244
244
249
238
162
145
143
152
166
237
244
247
244
244
244
244
244
244
251
233
150
142
151
148
152
176
235
230
210
214
111
107
98
136
129
134
176
246
255
255
254
253
249
246
244
244
244
244
249
240
166
146
136
62
79
86
163
145
149
164
239
250
244
246
248
249
248
246
250
236
180
145
147
144
167
235
251
244
244
244
244
244
244
250
233
160
141
149
142
165
241
239
155
138
145
153
159
243
251
250
246
244
244
244
244
244
244
251
234
161
142
153
153
155
157
148
139
128
127
137
94
99
103
222
215
152
141
157
163
212
100
221
248
251
246
244
244
244
244
244
244
244
244
244
244
244
244
244
244
244
244
244
247
245
232
154
145
144
148
168
245
253
249
247
245
244
245
247
254
237
163
141
150
144
154
232
251
254
255
244
227
219
214
97
84
84
92
208
215
210
208
225
244
255
255
255
255
255
255
240
166
140
79
72
85
212
155
140
157
230
245
247
246
251
240
245
240
252
253
239
167
145
148
143
167
235
251
244
244
244
244
244
244
249
241
167
149
148
141
161
243
242
161
143
148
151
224
233
244
243
249
245
246
249
253
254
255
255
246
171
142
142
132
133
132
132
89
95
100
103
217
219
231
251
249
176
146
142
169
227
251
240
251
246
244
244
244
244
244
244
244
244
244
244
244
244
244
244
244
244
244
244
245
250
244
189
149
142
142
156
226
236
240
245
253
251
253
247
246
226
160
145
149
138
156
233
252
245
246
249
254
255
234
149
127
130
146
102
117
112
111
108
214
212
210
210
210
210
224
222
165
150
136
97
241
250
178
144
172
247
255
251
252
248
221
95
214
243
249
230
156
145
148
144
168
236
251
244
244
244
244
244
244
247
247
229
154
144
141
162
243
244
166
149
154
161
165
170
169
242
253
255
255
244
225
208
210
215
202
137
126
84
86
85
81
84
147
217
218
231
246
255
253
254
236
165
143
140
163
235
254
248
246
244
244
244
244
244
244
244
244
244
244
244
244
244
244
244
244
244
244
244
244
246
247
238
160
148
145
152
159
171
161
229
236
234
237
229
171
156
152
144
148
147
153
237
250
244
244
244
249
239
166
150
152
152
155
216
216
210
212
214
108
111
112
112
112
115
108
134
136
135
124
139
211
216
140
119
137
201
231
247
253
233
78
83
108
255
255
178
157
154
156
150
175
245
255
255
255
255
255
255
255
255
255
248
171
149
151
173
252
242
150
119
126
125
125
124
126
139
213
215
213
214
108
111
112
116
109
109
95
138
135
141
145
160
236
254
255
254
252
249
246
251
235
167
140
148
164
240
249
244
244
244
244
244
244
244
244
244
244
244
244
244
244
244
244
244
244
244
244
244
248
249
251
247
238
157
144
138
144
140
150
157
165
160
162
155
149
142
143
148
158
198
236
240
248
244
244
244
249
238
160
145
146
146
164
241
255
255
255
244
225
208
210
210
211
218
205
89
79
88
93
106
124
107
105
91
113
109
111
219
208
74
48
48
183
210
207
145
127
132
136
127
127
204
217
210
210
210
210
210
210
210
216
205
138
127
129
138
211
217
100
97
102
95
87
89
85
92
95
109
113
108
214
212
210
211
215
213
212
147
162
236
242
244
246
250
252
240
245
240
251
252
234
163
136
151
228
244
247
244
244
244
244
244
244
244
244
244
244
244
244
244
244
244
244
244
244
244
244
244
253
248
248
244
253
237
160
150
148
138
139
136
135
132
134
136
138
140
147
160
235
245
248
249
245
244
244
244
247
246
230
153
146
149
152
192
245
251
249
251
253
254
255
255
255
255
236
139
128
130
142
216
223
190
66
186
211
218
216
111
102
93
81
100
112
125
105
92
78
82
83
75
90
100
118
112
112
112
112
112
112
112
118
106
98
85
85
97
105
116
220
219
220
215
147
149
202
141
131
209
211
225
244
255
255
255
255
254
171
156
203
249
253
249
249
252
248
221
95
214
241
254
236
162
142
166
243
251
245
244
244
244
244
244
244
244
244
244
244
244
244
244
244
244
244
244
244
244
244
73
228
217
98
215
244
246
241
228
164
158
160
161
159
161
162
162
161
159
174
237
247
250
246
245
244
244
244
244
245
253
237
164
147
147
144
152
241
242
245
240
250
249
250
252
249
241
162
154
151
150
173
241
243
83
86
110
255
255
244
227
213
219
221
219
214
215
208
143
142
145
145
141
140
208
214
210
210
212
213
214
213
212
215
203
133
121
121
133
201
231
244
255
255
252
245
249
241
180
238
253
255
253
249
246
244
248
243
228
145
153
232
250
246
244
248
240
221
68
71
96
249
252
232
149
149
232
249
250
246
244
244
244
244
244
244
244
244
244
244
244
244
244
244
244
244
244
244
244
244
73
87
68
76
95
246
251
251
246
240
232
234
234
234
234
234
234
234
233
240
244
249
245
244
244
244
244
244
244
244
251
234
167
144
139
78
139
173
228
169
236
250
245
236
234
231
161
149
145
147
141
167
234
101
71
68
221
240
249
249
253
254
255
255
255
255
255
250
246
238
241
241
237
246
251
255
255
255
255
253
255
253
255
255
249
180
163
164
176
248
255
249
246
245
247
249
251
241
243
240
249
245
244
244
244
244
250
239
153
139
159
235
251
245
244
249
245
95
71
69
225
243
243
159
151
174
238
251
241
251
246
244
244
244
244
244
244
244
244
244
244
244
244
244
244
244
244
244
244
244
73
72
67
71
221
240
248
245
247
249
250
251
251
251
251
251
251
251
250
249
247
245
244
244
244
244
244
244
244
244
250
234
153
127
68
70
80
153
151
157
178
234
202
161
159
155
150
143
143
150
151
197
235
219
95
221
248
251
246
244
244
244
244
244
244
244
245
248
250
251
251
251
250
249
247
245
246
251
248
221
95
214
240
250
242
237
231
231
237
240
247
244
244
244
244
244
245
246
247
246
245
244
244
244
244
244
251
231
154
130
161
235
251
244
244
248
240
215
98
228
250
247
169
143
155
230
223
98
214
240
248
244
244
244
244
244
244
244
244
244
244
244
244
244
244
244
244
244
244
244
244
214
103
223
248
251
246
244
244
244
244
244
244
244
244
244
244
244
244
244
244
244
244
244
244
244
244
244
244
244
249
240
172
82
70
61
132
141
143
143
150
153
149
142
139
144
146
148
151
163
231
244
251
242
245
240
251
246
244
244
244
244
244
244
244
244
244
244
244
244
244
244
244
244
244
244
248
240
221
68
71
95
245
250
247
249
250
250
249
247
245
244
244
244
244
244
244
244
244
244
244
244
244
244
244
245
253
237
163
135
167
235
251
244
244
246
251
243
241
235
237
160
145
146
153
219
75
72
95
245
249
244
244
244
244
244
244
244
244
244
244
244
244
244
244
244
244
244
244
244
244
240
246
240
251
246
244
244
244
244
244
244
244
244
244
244
244
244
244
244
244
244
244
244
244
244
244
244
244
244
247
242
238
214
96
148
170
158
147
145
144
140
144
146
150
139
138
151
188
241
247
250
248
248
249
248
246
244
244
244
244
244
244
244
244
244
244
244
244
244
244
244
244
244
244
244
249
245
95
71
68
221
240
248
244
244
244
244
244
244
244
244
244
244
244
244
244
244
244
244
244
244
244
244
244
247
246
230
154
137
165
236
252
245
244
244
247
253
245
173
151
147
145
160
236
93
74
68
221
240
248
244
244
244
244
244
244
244
244
244
244
244
244
244
244
244
244
244
244
244
244
248
249
248
246
244
244
244
244
244
244
244
244
244
244
244
244
244
244
244
244
244
244
244
244
244
244
244
244
244
245
248
253
244
239
230
241
231
160
163
226
164
164
227
167
157
154
169
240
250
248
245
244
244
244
244
244
244
244
244
244
244
244
244
244
244
244
244
244
244
244
244
244
244
244
244
248
240
214
95
221
248
251
246
244
244
244
244
244
244
246
248
249
248
246
244
244
244
244
244
244
244
244
244
244
248
241
168
149
139
154
231
246
248
247
249
252
249
230
150
135
137
152
232
243
219
96
221
248
251
246
244
244
244
244
244
244
244
244
244
244
244
244
244
244
244
244
244
244
244
244
244
244
244
244
244
244
244
244
244
244
244
244
244
244
244
244
244
244
244
244
244
244
244
244
244
244
244
244
244
244
244
246
249
251
251
253
245
238
240
240
240
240
240
242
232
231
239
243
248
245
244
244
244
244
244
244
244
244
244
244
244
244
244
244
244
244
244
244
244
244
244
244
244
244
244
246
251
240
245
240
251
246
244
244
244
244
244
244
246
251
240
245
240
251
246
244
244
244
244
244
244
244
244
244
248
241
186
149
142
149
172
246
255
245
239
235
233
160
148
151
154
175
241
255
241
245
240
251
246
244
244
244
244
244
244
244
244
244
244
244
244
244
244
244
244
244
244
244
244
244
244
244
244
244
244
244
244
244
244
244
244
244
244
244
244
244
244
244
244
244
244
244
244
244
244
244
244
244
244
244
244
244
244
244
244
245
247
249
249
249
249
249
249
250
251
251
249
247
245
244
244
244
244
244
244
244
244
244
244
244
244
244
244
244
244
244
244
244
244
244
244
244
244
244
244
244
246
248
249
248
246
244
244
244
244
244
244
246
251
248
221
95
214
240
248
244
244
244
244
244
244
244
244
244
246
249
232
157
142
144
155
226
242
231
164
161
157
150
139
153
222
241
242
249
248
249
248
246
244
244
244
244
244
244
244
244
244
244
244
244
244
244
244
244
244
244
244
244
244
244
244
244
244
244
244
244
244
244
244
244
244
244
244
244
244
244
244
244
244
244
244
244
244
244
244
244
244
244
244
244
244
244
244
244
244
244
244
244
244
244
244
244
244
244
244
244
244
244
244
244
244
244
244
244
244
244
244
244
244
244
244
244
244
244
244
244
244
244
244
244
244
244
244
244
244
244
244
244
244
244
244
244
244
244
244
244
244
248
240
221
68
71
95
245
249
244
244
244
244
244
244
244
244
244
245
251
233
160
142
148
155
160
168
156
149
140
145
143
145
165
244
253
247
245
244
244
244
244
244
244
244
244
244
244
244
244
244
244
244
244
244
244
244
244
244
244
244
244
244
244
244
244
244
244
244
244
244
244
244
244
244
244
244
244
244
244
244
244
244
244
244
244
244
244
244
244
244
244
244
244
244
244
244
244
244
244
244
244
244
244
244
244
244
244
244
244
244
244
244
244
244
244
244
244
244
244
244
244
244
244
244
244
244
244
244
244
244
244
244
244
244
244
244
244
244
244
244
244
244
244
244
244
244
244
244
244
244
249
245
95
71
68
221
240
248
244
244
244
244
244
244
244
244
244
244
250
239
161
144
143
147
145
144
144
143
144
137
144
153
235
244
247
244
244
244
244
244
244
244
244
244
244
244
244
244
244
244
244
244
244
244
244
244
244
244
244
244
244
244
244
244
244
244
244
244
244
244
244
244
244
244
244
244
244
244
244
244
244
244
244
244
244
244
244
244
244
244
244
244
244
244
244
244
244
244
244
244
244
244
244
244
244
244
244
244
244
244
244
244
244
244
244
244
244
244
244
244
244
244
244
244
244
244
244
244
244
244
244
244
244
244
244
244
244
244
244
244
244
244
244
244
244
244
244
244
244
244
248
238
211
90
218
247
251
246
244
244
244
244
244
244
244
244
244
244
247
243
230
141
148
151
151
149
148
151
151
151
151
232
245
249
245
244
244
244
244
244
244
244
244
244
244
244
244
244
244
244
244
244
244
244
244
244
244
244
244
244
244
244
244
244
244
244
244
244
244
244
244
244
244
244
244
244
244
244
244
244
244
244
244
244
244
244
244
244
244
244
244
244
244
244
244
244
244
244
244
244
244
244
244
244
244
244
244
244
244
244
244
244
244
244
244
244
244
244
244
244
244
244
244
244
244
244
244
244
244
244
244
244
244
244
244
244
244
244
244
244
244
244
244
244
244
244
244
244
244
244
244
244
244
244
244
244
244
244
244
244
244
244
244
244
244
244
244
244
244
244
244
244
150
151
151
150
150
149
244
244
244
244
244
244
244
244
244
244
244
244
244
244
244
244
244
244
244
244
244
244
244
244
244
244
244
244
244
244
244
244
244
244
