244
244
244
244
244
244
244
244
244
244
244
244
244
244
244
244
244
244
244
244
244
244
244
244
244
244
244
244
244
244
244
244
244
244
244
244
244
244
244
244
244
244
244
244
244
244
244
244
244
244
244
244
244
244
244
244
244
244
244
244
244
244
244
244
244
244
244
244
244
244
244
244
244
244
244
244
244
244
244
244
244
244
244
244
31
31
31
244
244
244
244
244
244
244
244
244
244
244
244
244
244
244
244
244
244
244
244
244
244
244
244
244
244
244
244
244
244
244
244
244
244
244
244
244
244
244
244
244
244
244
244
244
244
244
244
244
244
244
244
244
244
244
244
244
244
244
244
244
244
244
244
244
244
244
244
244
244
244
244
244
244
244
244
244
244
244
244
244
244
244
244
244
244
244
244
244
244
244
244
244
244
244
244
244
244
244
244
244
244
244
244
244
244
244
244
244
244
244
244
244
244
244
244
244
244
244
246
252
246
211
52
203
237
250
247
246
245
244
244
244
244
244
244
244
244
244
244
244
244
244
244
248
236
62
29
7
29
62
236
248
244
244
244
244
244
244
244
244
244
244
244
244
244
244
244
244
244
244
244
244
244
244
244
244
244
244
244
244
244
244
244
244
244
244
244
244
244
244
246
252
246
211
52
203
236
248
244
244
244
244
244
244
244
244
244
244
244
244
244
244
244
244
244
244
244
244
244
244
244
244
244
244
244
244
244
244
244
244
244
244
244
244
244
244
244
244
244
244
244
244
244
244
244
244
244
244
244
244
244
244
244
244
244
244
244
244
244
244
244
244
244
244
244
244
244
244
248
238
215
26
30
59
243
245
236
240
244
245
244
244
244
244
244
244
244
244
244
244
244
244
244
248
238
218
36
25
36
218
238
248
244
244
244
244
244
244
244
244
244
244
244
244
244
244
244
244
244
244
244
244
244
244
244
244
244
244
244
244
244
245
245
245
245
244
244
244
244
244
249
242
224
34
38
62
246
249
244
244
244
244
244
244
244
244
244
244
244
244
244
244
244
244
244
244
244
244
244
244
244
244
244
244
244
244
244
244
244
244
244
244
244
244
244
244
244
244
244
244
244
244
244
244
244
244
244
244
244
244
244
244
244
244
244
244
244
244
244
244
244
244
244
244
244
244
244
244
249
244
58
30
25
219
236
209
198
221
247
245
244
244
244
244
244
244
244
244
244
244
244
244
244
246
252
247
218
64
218
247
252
246
244
244
244
244
244
244
244
244
244
244
244
244
244
244
244
244
244
244
244
244
244
244
244
244
244
244
244
244
244
244
243
244
245
247
245
244
244
246
255
238
62
6
21
199
242
248
244
244
244
244
244
244
244
244
244
244
244
244
244
244
244
244
244
244
244
244
244
244
244
244
244
244
244
244
245
246
247
248
248
248
247
246
245
244
244
244
244
244
244
244
244
244
244
244
244
244
244
244
244
244
244
244
244
244
244
244
244
244
244
244
244
244
244
244
244
244
248
238
207
58
215
251
249
201
190
233
243
246
244
244
244
246
248
249
248
246
244
244
244
244
244
244
246
252
238
244
238
252
246
245
245
245
245
244
244
244
244
244
244
244
244
244
244
244
244
244
244
244
244
244
244
244
244
244
244
244
244
244
245
246
233
218
239
244
246
246
245
248
242
199
21
6
62
238
255
246
244
244
244
244
244
244
244
246
248
249
248
246
244
244
244
244
244
244
244
244
244
244
244
244
244
244
245
246
247
243
239
237
237
238
241
245
249
247
245
244
244
244
244
244
244
244
244
244
244
244
244
244
244
244
244
244
244
244
244
244
244
244
244
244
244
244
244
244
244
244
246
252
238
244
238
254
242
203
192
209
245
247
244
244
246
252
238
244
238
252
246
244
244
244
244
244
244
247
249
251
250
249
249
246
244
243
244
245
244
244
244
244
244
244
244
244
244
244
244
244
244
244
244
244
244
244
244
244
244
244
244
244
246
248
231
200
195
219
241
242
245
250
246
62
38
34
224
242
249
244
244
244
244
244
244
244
246
252
238
244
238
252
246
244
244
244
244
244
244
244
244
244
244
244
244
244
244
242
243
223
200
198
202
200
202
235
239
242
246
248
246
245
244
244
244
244
244
244
244
244
244
244
244
244
244
244
244
244
244
244
244
244
244
244
244
244
244
244
244
244
244
246
248
249
248
249
240
203
188
205
240
247
245
246
252
247
215
58
207
238
248
244
244
244
245
246
248
249
245
241
238
237
240
240
219
220
244
246
245
244
244
244
244
244
244
244
244
244
244
244
244
244
244
244
244
244
244
244
244
244
244
245
245
243
226
193
189
192
198
230
247
249
238
207
58
215
247
252
246
244
244
244
244
244
244
246
252
247
215
58
207
238
248
244
244
244
244
244
244
244
244
244
244
244
244
245
246
232
209
210
191
189
190
188
192
196
199
211
240
241
242
245
245
244
244
244
244
244
244
244
244
244
244
244
244
244
244
244
244
244
244
244
244
244
244
244
244
244
244
244
244
244
244
244
244
247
239
203
188
197
224
245
245
248
238
215
26
30
58
244
249
244
245
246
246
243
239
239
237
203
196
200
201
199
196
198
228
247
246
245
244
244
244
244
244
244
244
244
244
244
244
244
244
244
244
244
244
244
244
244
245
248
243
219
196
196
193
190
194
225
247
247
252
238
244
238
252
246
244
244
244
244
244
244
244
248
238
215
26
30
58
244
249
244
244
244
244
244
244
244
244
244
244
244
244
245
247
234
212
196
195
192
196
194
196
192
190
191
196
197
220
246
249
247
245
244
244
244
244
244
244
245
247
248
248
247
246
245
244
244
244
244
244
244
244
244
244
244
244
244
244
244
244
244
244
247
242
205
192
190
207
243
248
249
244
58
30
26
215
238
248
244
245
244
243
214
198
199
194
194
190
192
189
190
191
192
200
232
243
245
244
244
244
244
244
244
244
244
244
244
244
244
244
244
244
244
244
244
244
244
246
245
234
196
192
193
196
192
196
228
248
245
246
248
249
248
246
244
244
244
244
244
244
244
244
249
244
58
30
26
215
238
248
244
244
244
244
244
244
244
244
244
244
244
244
246
246
233
201
191
194
196
208
225
219
232
201
196
196
192
192
220
242
243
244
246
247
248
249
248
247
244
242
239
236
240
242
246
244
244
244
244
244
244
244
244
244
244
244
244
244
244
244
244
244
245
245
237
197
187
202
242
249
248
238
207
58
215
247
252
246
245
246
233
205
192
187
189
195
205
230
214
201
196
194
192
194
200
235
248
245
244
244
244
244
244
244
244
244
244
244
244
244
244
244
244
244
244
244
245
246
241
202
194
193
195
195
191
198
230
248
245
244
244
244
244
244
244
244
244
244
244
244
244
244
248
238
207
58
215
247
252
246
244
244
244
244
244
244
244
244
244
244
244
244
246
241
219
194
191
198
227
245
243
247
243
243
239
229
201
193
193
197
215
240
246
253
238
244
239
253
247
214
197
198
200
236
247
244
244
244
244
244
244
244
244
244
244
244
244
244
244
244
244
244
245
249
240
200
188
214
242
249
246
252
238
244
238
252
246
244
245
244
220
191
191
195
206
234
244
244
244
241
227
200
196
194
192
227
243
246
244
244
244
244
244
244
244
244
244
244
244
244
244
244
244
244
244
245
246
243
220
195
193
200
201
198
188
195
228
247
245
244
244
244
244
244
244
244
244
244
244
244
244
244
246
252
238
244
238
252
246
244
244
244
244
244
244
244
244
244
244
244
244
245
247
235
200
192
193
221
246
248
246
246
246
248
248
247
226
196
192
190
193
217
250
249
215
58
207
242
242
208
188
189
199
237
247
244
244
244
244
244
244
244
244
244
244
244
244
244
244
244
244
244
244
247
240
202
191
210
243
248
244
246
248
249
248
246
244
245
249
231
199
190
192
222
244
245
248
247
247
247
245
241
214
191
191
194
236
248
244
244
244
244
244
244
244
244
244
244
244
244
244
244
244
244
244
247
246
227
199
194
192
211
222
196
191
195
230
248
245
244
244
244
244
244
244
244
244
244
246
248
249
248
246
246
248
249
248
246
244
244
244
244
244
244
244
244
244
244
244
244
244
245
247
231
200
190
199
226
249
249
244
244
244
244
245
246
245
226
200
192
190
206
232
219
26
30
59
248
249
212
189
192
232
244
246
244
244
244
244
244
244
244
244
244
244
244
244
244
244
244
244
244
244
246
244
227
194
207
243
248
244
244
244
244
244
244
244
247
244
224
193
192
199
232
249
246
245
244
244
245
249
247
220
191
191
202
238
246
244
244
244
244
244
244
244
244
244
244
244
244
244
244
244
244
246
245
237
206
193
192
197
215
229
196
190
222
244
246
244
244
244
244
244
244
244
244
244
246
252
238
244
238
252
246
244
244
244
244
244
244
244
244
244
244
244
244
244
244
244
244
244
245
248
235
204
186
190
215
250
247
244
244
244
244
244
245
246
247
220
196
190
202
235
58
31
26
217
239
224
195
191
199
236
248
245
244
244
244
244
244
244
244
244
244
244
244
244
244
244
244
244
244
244
245
247
236
197
206
244
249
244
244
244
244
244
244
245
247
234
200
192
193
222
243
245
244
244
244
244
244
248
247
221
193
190
230
242
247
244
244
244
244
244
244
244
244
244
244
244
244
244
244
244
246
246
244
209
195
193
189
204
234
215
193
194
225
248
246
244
244
244
244
244
244
244
244
246
252
247
215
58
207
238
248
244
244
244
244
244
244
244
244
244
244
244
244
244
244
244
244
244
244
248
248
228
168
49
172
225
250
245
244
244
244
244
244
245
248
243
211
191
199
205
205
61
218
251
237
198
191
193
218
243
247
244
244
244
244
244
244
244
244
244
244
244
245
246
246
246
245
244
244
244
245
248
235
196
206
243
249
244
244
244
244
244
244
245
246
230
195
190
198
229
248
245
244
244
244
244
244
246
244
217
192
191
197
235
247
244
244
244
244
244
244
244
244
244
244
244
244
244
244
245
246
244
214
195
191
196
200
214
234
206
189
194
223
247
245
244
244
244
244
244
244
244
244
248
238
215
26
30
58
244
249
244
244
244
244
244
244
244
244
244
244
244
244
244
244
244
244
244
244
250
234
187
25
26
52
224
249
247
245
244
244
244
244
244
249
245
215
192
192
212
231
247
240
251
221
190
188
194
230
247
246
244
244
244
244
244
244
244
244
244
244
244
245
241
240
242
246
247
245
244
244
247
236
196
204
244
249
244
244
244
244
244
244
247
244
223
193
190
220
244
247
245
244
244
244
244
245
248
227
199
194
191
175
231
247
244
244
244
244
244
244
244
244
244
244
244
244
244
244
246
245
213
192
193
192
198
233
247
230
200
189
195
224
247
245
244
244
244
244
244
244
244
244
249
244
58
30
26
215
238
248
244
244
244
244
244
244
244
244
244
244
244
244
244
244
244
244
244
244
250
242
57
28
23
171
198
237
246
247
245
244
244
244
244
249
245
213
193
189
203
241
253
251
233
197
193
194
200
234
247
245
244
244
244
244
244
244
244
244
244
244
244
246
235
203
211
240
243
244
245
244
247
236
198
207
243
249
244
244
244
244
244
244
248
237
202
193
193
220
246
249
246
245
244
244
245
248
246
220
192
192
192
228
242
247
244
244
244
244
244
244
244
244
244
244
244
244
245
247
249
227
198
190
192
194
203
244
250
232
198
187
195
225
247
245
244
244
244
244
244
244
244
244
248
238
207
58
215
247
252
246
244
244
244
244
244
244
244
244
244
244
244
244
244
244
244
244
244
244
249
241
202
54
172
195
203
202
234
246
247
245
244
244
245
247
243
211
192
189
200
237
249
245
223
191
196
224
245
244
245
244
244
244
244
244
244
244
244
244
244
244
244
248
230
197
191
198
229
250
250
249
249
237
198
202
241
246
245
244
244
244
244
244
247
234
201
193
196
196
221
243
242
245
244
244
245
245
231
201
192
189
198
234
249
245
244
244
244
244
244
244
244
244
244
244
244
244
245
243
241
216
194
192
193
199
235
245
249
231
197
188
197
226
247
245
244
244
244
244
244
244
244
244
246
252
238
244
240
254
251
248
246
244
244
244
244
244
244
244
244
244
244
244
244
244
244
244
244
244
246
251
241
226
191
199
192
193
197
237
246
248
246
246
248
248
225
197
192
194
201
242
250
234
196
191
216
240
245
249
250
249
246
244
244
244
244
244
244
244
244
244
244
248
231
196
188
193
227
235
245
239
254
240
201
192
212
246
246
244
244
244
244
244
248
235
200
193
193
196
195
198
235
250
249
248
248
234
201
192
192
196
206
237
246
244
244
244
244
244
244
244
244
244
244
244
244
245
248
231
198
195
196
191
195
219
243
248
248
230
197
189
196
225
247
245
244
244
244
244
244
244
244
244
244
246
248
251
254
240
244
238
252
246
244
244
244
244
244
244
244
244
244
244
244
244
244
244
244
244
244
247
249
250
224
192
189
190
193
195
236
244
246
246
243
233
206
192
194
205
238
246
241
216
191
194
203
206
207
223
243
239
252
246
244
244
244
244
244
244
244
244
244
246
235
199
194
202
203
190
61
212
243
246
212
189
210
244
249
244
244
244
244
244
248
233
198
191
195
196
189
193
226
241
238
243
243
223
190
191
197
224
244
243
246
244
244
244
244
244
244
244
244
244
244
244
244
247
244
222
189
190
194
198
200
235
246
246
247
229
197
189
195
224
247
245
244
244
244
244
244
244
244
244
244
244
246
252
247
215
58
207
238
248
244
244
244
244
244
244
244
244
244
244
244
244
244
244
244
244
244
244
245
247
245
214
194
197
194
195
195
207
239
231
204
198
194
193
204
237
247
250
234
189
191
195
197
198
195
173
59
208
239
249
245
244
244
244
244
244
244
244
244
246
245
227
195
187
172
23
30
56
243
245
210
189
209
242
245
245
244
244
244
244
247
235
196
195
193
194
194
196
200
204
196
207
231
198
192
190
219
245
250
249
247
245
244
244
244
244
244
244
244
244
244
244
245
248
235
201
193
193
193
203
235
245
246
245
247
230
199
188
194
224
247
246
244
244
244
244
244
244
244
244
244
244
248
238
215
26
30
58
244
249
244
244
244
244
244
244
244
244
244
244
244
244
244
244
244
244
244
244
245
247
249
245
238
206
192
193
192
196
199
197
194
190
191
196
231
245
248
246
228
190
192
214
222
193
172
21
28
54
230
249
246
244
244
244
244
244
244
244
244
245
247
237
211
190
47
27
25
177
198
239
205
194
193
217
246
245
244
244
244
244
246
243
232
195
192
194
193
195
194
190
190
194
195
196
193
195
199
227
242
239
242
246
248
246
245
244
244
244
244
244
244
244
246
244
229
194
190
193
194
228
246
247
245
245
247
231
199
188
193
223
247
246
244
244
244
244
244
244
244
244
244
244
249
244
58
30
26
215
238
248
244
244
244
244
244
244
244
244
244
244
244
244
244
244
244
244
244
245
246
243
242
242
217
198
193
192
192
192
192
192
195
198
202
230
245
246
249
243
209
192
207
243
249
240
56
28
21
170
199
244
246
245
244
244
244
244
244
244
244
244
246
245
231
188
163
51
172
195
205
217
232
196
190
215
245
248
244
244
244
244
245
246
245
231
202
195
196
193
195
194
194
196
194
194
194
194
196
198
204
202
211
237
241
242
245
245
244
244
244
244
244
245
249
238
203
193
191
193
224
246
246
245
244
245
247
230
198
189
193
225
246
246
244
244
244
244
244
244
244
244
244
244
248
238
207
58
215
247
252
246
244
244
244
244
244
244
244
244
244
244
244
244
244
244
244
244
245
246
245
226
199
197
196
191
196
200
200
194
191
193
194
212
238
246
247
247
245
234
193
190
214
247
252
241
211
61
181
198
201
217
244
246
244
244
244
244
244
244
244
244
245
246
243
248
222
203
187
199
196
204
229
198
192
216
245
248
244
244
244
244
244
245
245
245
243
222
196
192
195
195
195
196
193
191
192
192
192
193
192
192
196
201
204
218
244
246
245
244
244
244
245
247
245
232
194
191
196
222
247
247
245
244
244
245
247
231
198
191
204
233
249
245
244
244
244
244
244
244
244
244
244
244
246
252
238
244
238
252
246
244
244
244
244
244
244
244
244
244
244
244
244
244
244
244
245
245
249
245
230
195
192
189
195
197
203
237
236
200
194
190
192
196
226
247
248
249
243
202
191
197
227
246
247
251
239
245
232
211
193
206
241
247
244
244
244
244
244
244
244
244
244
245
246
249
249
235
208
198
192
198
197
196
191
215
245
248
244
244
244
244
244
244
245
246
248
247
221
204
199
194
194
197
201
202
198
195
194
195
193
191
193
192
193
196
213
244
245
245
244
244
246
244
237
199
194
192
210
240
245
248
246
244
244
246
248
232
197
189
213
239
247
245
244
244
244
244
244
244
244
244
244
244
244
246
248
249
248
246
244
244
244
244
244
244
244
244
244
244
244
244
244
244
244
244
246
242
243
230
197
192
193
211
211
227
243
246
248
237
197
193
190
190
196
226
245
245
238
197
192
215
245
246
245
246
249
251
247
216
190
207
242
247
244
244
244
244
244
244
244
244
244
244
244
245
246
246
239
203
191
193
193
193
192
216
244
248
244
244
244
244
244
244
244
245
247
246
243
230
199
193
198
208
238
242
230
204
222
216
201
198
197
193
193
192
194
217
248
248
244
244
247
241
201
195
192
195
199
200
226
244
246
247
245
247
245
226
193
192
198
227
247
245
244
244
244
244
244
244
244
244
244
244
244
244
244
244
244
244
244
244
244
244
244
244
244
244
244
244
244
244
244
244
244
245
248
241
208
198
193
192
200
228
249
249
246
246
248
244
234
202
195
192
194
199
204
233
202
195
204
240
247
245
244
244
244
248
242
208
190
206
241
247
244
244
244
244
244
244
244
244
244
244
244
244
245
247
246
211
195
194
196
194
193
215
244
248
248
249
248
246
244
244
244
245
244
243
223
201
197
200
230
243
246
249
244
243
243
243
234
231
199
190
194
193
190
209
242
247
244
244
248
236
199
191
195
194
193
194
196
212
235
245
246
250
237
196
194
191
196
224
246
245
244
244
244
244
244
244
244
244
244
244
244
244
244
244
244
244
244
244
244
244
244
244
244
244
244
244
244
244
244
244
245
246
246
236
197
189
195
205
213
245
240
253
247
244
245
246
244
244
225
199
192
193
195
171
189
190
208
242
248
244
244
244
245
249
242
206
189
207
242
248
244
244
244
244
244
244
244
244
244
244
244
244
244
245
245
240
201
195
195
194
192
201
233
253
240
244
238
252
246
244
245
247
229
203
194
193
198
235
247
246
246
245
246
246
247
246
249
244
204
194
198
196
193
196
221
248
245
244
248
238
201
191
194
195
195
195
192
195
206
211
236
242
227
194
193
193
195
227
249
248
245
245
244
244
244
244
244
244
244
244
244
244
244
244
244
244
244
244
244
244
244
244
244
244
248
248
246
244
244
244
245
243
240
201
196
195
204
218
214
61
210
238
248
244
244
245
246
247
247
220
192
191
189
162
156
191
211
246
246
244
244
244
245
246
237
202
190
204
239
247
244
244
244
244
244
244
244
244
244
244
244
244
244
244
246
246
240
202
198
192
191
193
227
249
218
58
207
238
248
244
247
244
219
192
186
193
228
246
247
245
244
244
244
244
244
244
246
244
238
205
195
195
192
193
218
246
247
244
247
242
217
197
196
193
195
196
194
194
193
197
200
204
200
197
196
195
196
222
241
243
244
247
245
244
244
244
244
244
244
244
244
244
244
244
244
244
244
244
244
244
244
244
244
244
236
238
252
246
244
244
246
244
203
192
189
200
200
193
25
32
58
244
249
246
248
249
248
247
246
244
216
193
168
153
151
170
240
249
246
244
244
244
247
245
204
195
192
201
225
247
244
244
244
244
244
244
244
244
244
244
244
244
244
244
244
246
244
239
205
200
194
193
209
216
28
30
58
244
250
245
248
234
203
192
190
196
233
248
245
244
244
244
244
244
244
244
245
247
246
220
200
193
190
191
216
244
247
244
245
244
244
232
194
190
189
191
191
191
190
190
189
190
192
194
196
195
196
202
206
202
234
244
245
245
244
244
244
244
244
244
244
244
244
244
244
244
244
244
244
244
244
244
244
244
56
207
238
248
244
244
247
241
205
189
190
199
214
54
31
26
215
238
249
252
238
244
238
252
248
246
246
218
171
154
147
163
231
247
246
246
245
245
247
240
201
189
191
205
239
247
244
244
244
244
244
244
244
244
244
244
244
244
244
244
244
245
247
244
243
228
194
197
219
59
33
26
215
238
249
245
244
225
192
192
194
227
244
245
244
244
244
244
244
244
244
244
244
245
246
237
204
192
192
192
215
247
247
244
244
245
248
245
230
195
198
200
200
200
201
201
203
199
197
195
196
196
195
195
193
194
199
227
244
245
246
248
249
248
246
244
244
244
244
244
244
244
244
244
244
244
244
244
244
31
36
58
244
249
244
244
247
243
209
192
192
196
201
209
62
216
247
253
253
247
215
58
207
238
249
245
249
244
211
165
152
158
168
219
245
246
246
245
244
218
198
193
190
204
241
249
244
244
244
244
244
244
244
244
244
244
244
244
244
244
244
244
245
246
248
239
204
193
208
206
59
217
247
252
247
247
231
195
193
194
225
245
246
245
244
244
244
244
244
244
244
244
244
245
249
238
201
190
191
212
241
245
245
244
244
244
245
246
243
240
237
238
238
238
237
239
241
233
199
193
196
196
195
194
192
188
193
221
245
247
252
238
244
238
252
246
244
244
244
244
244
244
244
244
244
244
244
244
244
31
48
215
238
248
244
244
247
240
208
193
196
198
224
239
249
238
252
249
238
215
26
30
58
244
249
244
249
248
215
194
187
155
160
187
215
246
250
248
217
197
195
194
195
207
243
246
244
244
244
244
244
244
244
244
244
244
244
244
244
244
244
244
244
244
247
245
226
194
203
219
248
240
251
246
245
247
228
195
188
210
237
247
245
244
244
244
244
244
244
244
244
244
244
246
246
231
197
190
196
218
248
246
244
244
244
244
244
245
246
247
248
249
249
249
248
249
250
238
201
189
195
195
196
199
202
199
204
238
247
252
247
215
58
207
238
248
244
244
244
244
244
244
244
244
244
246
248
248
244
31
230
247
252
246
244
244
246
245
211
190
192
188
220
247
250
249
246
249
244
58
30
28
222
249
255
255
255
255
234
214
209
204
182
204
212
229
253
250
217
196
194
195
204
241
244
245
244
244
244
244
244
244
244
244
244
244
244
244
244
244
244
244
244
244
245
247
230
192
194
228
250
250
246
245
247
250
233
196
191
213
240
248
244
244
244
244
244
244
244
244
244
244
246
246
241
205
195
195
211
244
245
245
244
244
244
244
244
244
244
244
244
244
244
246
249
253
255
250
210
204
209
209
211
240
254
253
254
255
255
251
230
36
38
62
246
249
244
244
244
244
244
244
244
244
246
252
238
236
244
244
246
252
246
244
244
244
247
251
242
178
50
166
187
213
247
248
244
248
238
207
58
220
234
228
205
213
218
216
182
163
162
160
161
156
159
161
165
164
178
195
211
218
251
255
255
255
255
255
255
255
255
255
255
255
255
255
255
255
255
255
255
255
255
255
255
255
250
221
209
239
255
255
255
255
253
252
237
209
205
235
255
255
255
255
255
255
255
255
255
255
255
255
255
254
218
208
209
226
255
255
255
255
255
255
255
255
255
255
255
255
255
255
255
255
242
222
202
197
169
155
162
162
165
192
208
207
204
203
208
197
34
3
15
197
242
248
244
244
244
244
244
244
244
246
252
247
215
60
244
244
246
246
244
244
244
244
249
240
215
29
27
50
188
213
241
247
245
246
252
238
244
244
247
101
73
67
45
57
63
71
68
72
74
77
74
68
66
64
60
164
186
171
198
204
201
201
201
201
201
201
201
201
201
201
201
201
201
201
201
201
201
201
201
201
201
203
201
179
159
186
206
204
201
204
194
144
164
165
163
193
219
215
207
203
201
201
201
201
201
201
202
206
206
176
161
158
165
189
203
204
201
201
201
201
201
201
201
201
201
201
201
201
201
203
207
74
81
80
76
69
69
68
71
75
80
82
80
81
85
68
58
36
75
234
255
246
244
244
244
244
244
244
244
248
238
215
26
28
31
244
244
244
244
244
244
244
249
245
61
33
24
173
188
202
224
249
247
245
246
248
249
251
237
211
167
6
6
30
156
165
160
169
203
209
208
191
170
190
183
74
76
80
78
82
81
81
81
81
81
81
81
81
81
81
81
81
81
81
81
81
81
81
81
80
80
82
82
76
70
71
77
82
81
82
75
71
66
74
67
61
43
58
68
85
81
80
81
81
82
84
83
80
75
73
70
68
72
76
82
81
80
81
81
81
81
81
81
81
81
81
81
81
81
78
74
207
207
195
170
158
161
161
168
193
204
203
201
201
203
207
213
211
228
236
249
244
244
244
244
244
244
244
244
249
244
58
30
28
244
244
244
244
244
244
244
244
248
239
206
53
171
199
201
194
213
242
246
246
245
244
244
247
254
251
73
42
35
184
203
208
208
231
255
255
255
254
253
253
240
221
202
203
202
201
201
201
201
201
201
201
201
201
201
201
201
201
201
201
201
201
201
201
201
201
203
203
199
181
156
163
193
204
203
204
207
196
167
154
136
7
7
36
199
207
201
202
204
203
200
199
196
174
165
155
164
160
179
204
205
201
201
201
201
201
201
201
201
201
201
201
201
201
201
199
222
243
255
249
198
206
208
209
236
255
255
255
255
255
255
255
255
255
253
249
246
244
244
244
244
244
244
244
244
248
238
207
58
207
244
244
244
244
244
244
244
244
246
253
238
206
189
200
195
194
201
203
227
245
249
248
248
249
250
221
166
47
170
196
203
197
212
241
245
245
245
246
247
249
250
253
255
255
255
255
255
255
255
255
255
255
255
255
255
255
255
255
255
255
255
255
255
255
255
255
255
255
249
210
209
235
255
255
255
255
255
249
218
205
65
39
37
227
253
255
255
255
255
255
247
218
216
223
213
188
65
216
249
255
255
255
255
255
255
255
255
255
255
255
255
255
255
255
255
255
253
250
249
231
192
189
195
195
222
246
248
244
244
244
244
244
244
244
244
244
244
244
244
244
244
244
244
244
244
246
252
238
244
236
244
244
244
244
244
244
244
244
244
247
248
244
203
194
191
194
193
193
195
227
241
239
239
241
236
216
188
189
189
204
203
232
243
244
246
244
244
244
244
244
244
244
244
244
244
244
244
244
244
244
244
244
244
244
244
244
244
244
244
244
244
244
244
244
244
244
244
246
243
219
191
222
248
247
244
244
248
235
206
192
170
52
173
218
248
247
239
233
217
228
195
190
195
191
198
24
31
63
246
250
245
244
244
244
244
244
244
244
244
244
244
244
244
244
244
244
244
244
248
235
197
192
192
193
220
246
247
244
244
244
244
244
244
244
244
244
244
244
244
244
244
244
244
244
244
244
246
248
249
248
244
244
246
248
249
248
246
244
244
245
246
246
237
198
194
192
191
190
191
193
197
197
197
198
194
193
194
198
201
228
242
245
248
245
244
244
244
244
244
244
244
244
244
244
244
244
244
244
244
244
244
244
244
244
244
244
244
244
244
244
244
244
244
244
244
244
244
248
247
221
193
222
247
247
244
245
250
242
195
201
188
203
191
205
229
211
200
195
197
191
189
190
224
243
58
32
27
216
238
248
244
244
244
244
244
244
244
244
244
244
244
244
244
244
244
244
244
245
247
238
206
192
193
193
220
246
247
244
244
244
244
244
244
244
244
244
244
244
244
244
244
244
244
244
244
244
244
244
244
244
244
244
252
238
244
238
252
246
244
244
245
247
244
242
228
198
195
197
198
199
198
197
197
197
198
199
198
216
242
245
247
246
245
244
244
244
244
244
244
244
244
244
244
244
244
244
244
244
244
244
244
244
244
244
244
244
244
244
244
244
244
244
244
244
244
244
245
248
235
202
191
221
247
247
244
248
251
233
169
51
170
196
200
198
195
197
191
189
193
195
198
218
249
241
211
59
216
247
252
246
244
244
244
244
244
244
244
244
244
244
244
244
244
244
244
244
244
245
247
236
203
192
193
194
221
246
247
244
244
244
244
244
244
244
244
244
244
244
244
244
244
244
244
244
244
244
244
244
244
244
244
244
246
215
58
207
238
248
244
244
244
245
246
247
245
241
217
218
240
240
239
239
239
237
239
237
239
243
246
246
245
244
244
244
244
244
244
244
244
244
244
244
244
244
244
244
244
244
244
244
244
244
244
244
244
244
244
244
244
244
244
244
244
244
244
244
247
243
225
187
194
224
246
247
244
249
233
173
22
26
50
193
196
191
191
189
194
194
210
238
240
242
247
253
238
244
238
252
246
244
244
244
244
244
244
244
244
244
244
244
244
246
248
249
248
246
244
246
246
222
200
193
193
196
223
246
247
244
244
244
244
244
244
244
244
244
244
244
244
244
244
244
244
244
244
244
244
244
244
244
244
244
211
26
30
58
244
249
244
244
244
244
244
245
246
245
244
244
247
249
248
248
248
248
248
248
249
250
250
249
246
244
244
244
244
244
244
244
244
244
244
244
244
244
244
244
244
244
244
244
244
244
244
244
244
244
244
244
244
244
244
244
244
244
244
244
247
234
198
190
198
228
247
245
244
250
240
55
30
26
178
192
200
197
201
199
195
235
244
246
248
246
245
246
248
249
248
246
244
244
244
244
244
244
244
244
244
244
244
244
246
252
238
244
238
252
246
247
242
226
196
195
193
194
221
246
247
244
244
244
244
244
244
244
244
244
244
244
244
244
244
244
244
244
244
244
244
244
244
244
244
244
52
30
26
215
238
248
244
244
244
244
244
244
244
245
245
245
245
244
244
244
244
244
244
246
252
238
244
238
252
246
244
244
244
244
244
244
244
244
244
244
244
244
244
244
244
244
244
244
244
244
244
244
244
244
244
244
244
244
244
244
244
244
244
245
246
230
193
185
215
242
246
244
244
249
239
209
61
215
228
228
219
226
240
238
242
243
248
245
244
244
244
244
244
244
244
244
244
244
244
244
244
244
244
244
244
244
244
246
252
247
215
58
207
238
248
247
238
202
189
192
187
190
218
245
247
244
244
244
244
244
244
244
244
244
244
244
244
244
244
244
244
244
244
244
244
244
244
244
244
244
203
58
215
247
252
246
244
244
244
244
244
244
244
244
244
244
244
244
244
244
244
244
246
252
247
215
58
207
238
248
244
244
244
244
244
244
244
244
244
244
244
244
244
244
244
244
244
244
244
244
244
244
244
244
244
244
244
244
244
244
244
244
244
245
246
230
196
192
221
248
248
244
244
246
252
238
246
238
252
244
244
246
248
248
247
246
245
244
244
244
244
246
248
249
248
246
244
244
244
244
244
244
244
244
244
244
244
248
238
215
26
30
58
244
249
247
238
194
197
202
199
199
224
247
245
244
244
244
244
244
244
244
244
244
244
244
244
244
244
244
244
244
244
244
244
244
244
244
244
244
236
244
238
252
246
244
244
244
244
244
244
244
244
244
244
244
244
244
244
244
244
244
248
238
215
26
30
58
244
249
244
244
244
244
244
244
244
244
244
244
244
244
244
244
244
244
244
244
244
244
244
244
244
244
244
244
244
244
244
244
244
244
244
245
246
231
213
237
242
244
245
244
244
244
246
248
249
249
247
246
246
245
245
244
244
244
244
244
244
244
246
252
238
244
240
254
250
248
246
244
244
244
244
244
244
244
244
249
244
58
30
26
215
238
248
246
241
239
237
238
237
238
241
244
245
244
244
244
244
244
244
244
244
244
244
244
244
244
244
244
244
244
244
244
244
244
244
244
244
244
248
249
248
246
244
244
244
244
244
244
244
244
244
244
244
244
244
244
244
244
244
244
249
244
58
30
26
215
238
248
244
244
244
244
244
244
244
244
244
244
244
244
244
244
244
244
244
244
244
244
244
244
244
244
244
244
244
244
244
244
244
244
244
244
244
242
245
244
247
245
244
244
244
244
244
244
244
244
244
244
244
244
244
244
244
244
244
244
244
246
252
247
218
64
224
236
249
238
252
246
244
244
244
244
244
244
244
248
238
207
58
215
247
252
246
245
246
247
248
249
248
248
246
245
244
244
244
244
244
244
244
244
244
244
244
244
244
244
244
244
244
244
244
244
244
244
244
244
244
244
244
244
244
244
244
244
244
244
244
244
244
244
244
244
244
244
244
244
244
244
244
244
248
236
203
52
211
246
252
246
244
244
244
244
244
244
244
244
244
244
244
244
244
244
244
244
244
244
244
244
244
244
244
244
244
244
244
244
244
244
244
244
244
244
245
245
245
245
244
244
244
244
244
244
244
244
244
244
244
244
244
244
244
244
244
244
244
244
244
246
246
230
50
33
56
209
87
222
246
246
244
244
244
244
244
244
244
246
252
238
244
238
252
246
244
244
244
244
244
244
244
244
244
244
244
244
244
244
244
244
244
244
244
244
244
244
244
244
244
244
244
244
244
244
244
244
244
244
244
244
244
244
244
244
244
244
244
244
244
244
244
244
244
244
244
244
244
244
244
244
244
244
244
244
244
244
244
244
244
244
244
244
244
244
244
244
244
244
244
244
244
244
244
244
244
244
244
244
244
244
244
244
244
244
244
244
244
244
244
244
244
244
244
244
244
244
244
244
244
244
244
244
244
244
244
244
244
244
244
244
244
244
244
244
244
244
244
244
244
244
244
31
31
31
31
31
31
31
244
244
244
244
244
244
244
244
244
244
244
244
244
244
244
244
244
244
244
244
244
244
244
244
244
244
244
244
244
244
244
244
244
244
244
244
244
244
244
244
244
244
244
244
244
244
244
244
244
244
244
