240
240
240
240
240
240
240
240
240
240
240
240
240
240
240
240
240
240
240
240
240
240
240
240
240
240
240
240
240
240
240
240
240
240
240
240
240
240
240
240
240
240
240
240
240
240
240
240
240
240
240
240
240
240
240
240
240
240
240
240
240
240
240
107
240
240
240
240
240
240
240
240
240
240
240
240
240
240
240
240
240
240
240
240
240
240
240
240
240
240
240
240
240
240
240
240
240
240
240
240
240
240
240
240
240
240
240
240
240
240
240
240
240
240
240
240
240
240
240
240
240
240
240
240
240
240
240
240
240
240
240
240
240
240
240
240
240
240
240
240
240
240
107
107
107
240
240
240
240
240
240
240
240
240
240
240
240
240
240
240
240
240
240
240
240
240
240
240
240
241
242
244
242
241
240
240
240
240
241
246
235
240
235
246
241
240
240
240
240
240
240
240
240
240
240
240
240
240
240
240
240
240
240
240
240
240
240
240
240
242
234
217
105
105
125
234
242
240
240
240
240
240
240
240
240
240
240
240
240
240
240
240
240
240
240
240
240
240
240
240
240
240
240
240
240
240
240
240
240
240
240
240
240
240
240
240
240
240
240
240
240
240
240
240
240
240
240
240
240
243
235
231
224
227
226
227
227
227
227
229
229
190
132
131
131
133
191
243
243
240
241
241
225
137
225
241
241
240
240
240
240
240
240
240
240
240
240
240
240
240
240
240
240
240
240
240
240
240
241
246
235
240
235
246
241
240
240
241
246
242
222
123
217
235
242
240
240
240
240
240
240
240
240
240
240
240
240
240
240
240
240
240
240
240
240
240
240
240
240
244
240
123
106
104
222
235
242
240
240
240
240
240
240
240
240
240
240
240
240
240
240
240
240
240
240
240
240
240
240
240
240
240
240
240
240
240
240
240
240
240
240
240
240
240
240
240
240
240
240
240
240
240
240
241
242
246
247
248
248
253
234
154
138
142
143
143
144
144
143
145
143
133
124
120
117
121
186
243
245
239
241
246
235
240
235
246
241
240
240
240
240
240
240
240
240
240
240
240
240
240
240
240
240
240
240
240
240
241
246
242
222
123
217
235
242
240
240
242
235
222
104
106
123
240
244
240
240
240
240
240
240
240
240
240
240
240
240
240
240
240
240
240
240
240
240
240
240
240
240
242
235
217
123
222
242
246
241
240
240
240
240
240
240
240
240
240
240
240
240
240
240
240
240
240
240
240
240
240
240
240
240
240
240
240
240
240
240
240
240
240
240
240
240
240
240
240
240
240
240
240
240
240
240
242
236
231
224
227
227
233
214
131
116
122
121
121
120
120
121
121
122
125
129
132
124
129
191
246
246
239
240
241
242
244
242
241
240
240
240
240
240
240
240
240
240
240
240
240
240
240
240
240
240
240
240
240
240
242
235
222
104
106
123
240
244
240
240
244
240
123
106
104
222
235
242
240
240
240
240
240
240
240
240
240
240
240
240
240
240
240
240
240
240
240
240
240
240
240
240
241
246
235
240
235
246
241
240
240
240
240
240
240
241
244
247
248
247
244
241
240
240
240
240
240
241
242
246
247
248
246
243
241
240
240
240
240
240
240
240
240
240
240
240
240
240
240
240
240
240
240
240
240
240
246
237
162
137
142
144
145
139
135
128
131
129
127
124
122
121
121
121
123
126
129
122
106
181
237
246
239
240
240
240
240
240
240
240
240
240
240
240
240
240
240
240
240
240
240
240
240
240
240
240
240
240
240
240
244
240
123
106
104
222
235
242
240
240
242
235
217
123
222
242
246
241
240
240
240
240
240
240
240
240
240
240
240
242
245
246
246
244
241
240
240
240
240
240
240
240
240
241
242
244
242
241
240
240
240
240
240
240
243
242
237
229
223
227
234
241
242
240
240
240
240
242
236
232
225
225
234
238
245
241
241
242
241
241
240
240
240
240
240
240
240
240
240
240
240
240
240
240
240
240
247
232
148
114
118
119
116
117
118
122
121
121
130
138
147
143
144
143
149
137
127
95
105
128
242
245
240
240
240
240
240
240
240
240
240
240
240
240
240
240
240
240
240
240
240
240
240
240
240
240
240
240
240
240
242
235
217
123
222
242
246
241
240
240
241
246
235
240
235
246
241
240
240
240
240
240
240
240
240
240
240
240
242
239
233
223
227
233
242
240
240
240
240
240
240
240
240
240
240
240
240
240
240
240
240
240
240
241
241
237
190
137
137
139
198
244
243
240
240
240
240
246
236
159
138
140
146
230
245
252
241
241
238
244
241
240
240
240
240
240
240
240
240
240
240
240
240
240
240
240
248
234
154
123
127
137
142
148
145
143
142
138
160
228
231
227
227
228
231
225
118
105
109
225
237
243
240
240
240
240
240
240
240
240
240
240
240
240
240
240
240
240
240
240
240
240
240
240
240
240
240
240
240
240
241
246
235
240
235
246
241
240
240
240
240
241
242
244
242
241
240
240
240
240
240
240
240
240
240
240
240
240
244
244
184
132
139
208
246
242
240
240
240
240
240
240
241
242
244
242
241
240
240
240
240
240
240
244
248
201
131
120
114
121
188
244
244
240
240
240
240
248
230
147
114
118
125
143
226
234
222
156
233
247
251
247
245
242
241
240
240
240
240
240
240
240
240
240
240
240
248
234
154
122
126
134
214
228
231
227
226
226
236
243
251
248
249
249
251
243
223
127
223
242
246
241
240
240
240
240
240
240
240
240
240
240
240
240
240
240
240
240
240
240
241
242
244
246
247
246
245
242
240
240
240
241
242
244
242
241
240
240
240
240
240
240
240
240
240
240
240
240
240
240
240
240
240
240
240
240
240
239
246
241
172
111
122
201
247
244
240
240
240
240
240
241
246
235
240
235
246
241
240
240
240
240
241
246
240
186
123
125
124
129
193
245
244
240
240
240
240
250
236
155
123
129
127
133
138
148
134
134
150
230
229
227
236
241
244
240
240
240
240
240
240
240
240
240
240
240
248
234
155
122
127
134
160
243
247
251
248
247
246
242
241
240
240
240
241
246
235
240
235
246
241
240
240
240
240
240
240
240
240
240
240
240
240
240
240
240
240
240
240
241
243
237
240
233
231
226
238
246
250
246
244
241
240
240
240
240
240
240
240
240
240
240
240
240
240
240
240
240
240
240
240
240
240
240
240
240
240
239
246
241
174
117
120
197
240
244
240
240
240
240
241
246
242
222
123
217
235
242
240
240
240
240
243
241
197
131
129
129
124
128
193
245
244
240
240
240
241
243
229
145
124
130
130
128
125
123
123
123
132
138
144
138
170
238
244
244
240
240
240
240
240
240
240
240
240
240
248
235
154
123
128
126
132
182
237
244
240
240
240
240
240
240
240
240
240
241
242
244
242
241
240
240
240
240
240
240
240
240
240
240
240
240
240
240
240
240
240
240
241
244
240
205
169
199
141
136
181
232
228
228
236
243
242
240
240
240
240
240
240
240
240
240
240
240
240
240
240
240
240
240
240
240
240
240
240
240
240
240
244
245
180
127
120
135
212
246
242
240
240
240
242
235
222
104
106
123
240
244
240
240
240
244
248
209
135
125
127
131
124
128
193
246
244
240
240
240
246
240
159
129
128
130
128
126
125
126
126
123
121
118
119
119
125
168
242
243
243
240
240
240
240
240
240
240
240
240
248
234
155
122
130
129
124
145
230
246
240
240
240
240
240
240
240
240
240
240
240
240
240
240
240
240
240
240
240
240
240
240
240
240
240
240
240
240
240
240
240
241
245
242
210
132
132
127
124
117
127
137
141
138
196
241
245
241
240
240
240
240
240
240
240
240
240
240
240
240
240
240
240
240
240
240
240
240
240
240
240
240
242
242
239
173
121
127
205
248
244
240
240
240
244
240
123
106
104
222
235
242
240
240
241
245
241
194
122
121
128
130
123
128
193
246
244
240
240
240
247
232
152
120
128
127
135
141
138
127
128
138
148
137
131
126
125
127
173
242
244
244
242
244
247
248
246
244
241
240
248
235
155
123
128
129
120
144
227
248
240
240
240
240
240
240
240
240
240
240
240
240
240
240
240
240
240
240
240
240
240
240
240
240
240
240
240
240
240
240
240
243
239
214
130
124
121
120
124
134
135
129
117
118
131
201
241
244
241
240
240
240
240
240
240
240
240
240
240
240
240
240
240
240
240
240
240
240
240
240
240
240
240
243
246
238
160
121
199
243
246
241
240
240
242
235
217
123
222
242
246
241
240
240
242
240
205
130
130
134
136
134
121
127
193
246
244
240
240
240
250
237
157
122
127
120
136
218
224
145
152
228
235
202
130
125
127
126
129
177
244
250
249
238
229
223
231
239
249
248
254
238
155
122
130
131
122
145
228
248
240
240
240
240
240
240
240
240
240
240
240
240
240
240
240
240
240
240
240
240
240
240
240
240
240
240
240
240
240
240
241
247
223
142
123
122
135
138
133
173
232
189
128
123
123
136
206
244
243
240
240
240
240
240
240
240
240
240
240
240
240
240
240
240
240
240
240
240
240
240
240
240
240
240
249
243
171
125
128
211
240
243
240
240
241
246
235
240
235
246
241
240
240
244
247
214
136
120
125
175
188
133
119
129
192
245
244
239
240
244
245
231
148
120
133
134
159
239
247
233
233
244
254
228
152
125
125
127
125
130
178
235
233
185
143
139
140
200
231
226
240
232
159
124
130
132
122
145
228
248
240
240
240
240
240
240
240
240
240
240
240
240
240
240
240
240
240
240
240
240
240
240
240
240
240
240
240
240
240
240
243
240
209
128
121
132
171
234
199
192
247
249
184
130
124
123
163
223
244
241
240
240
240
240
240
240
240
240
240
240
240
240
240
240
240
240
240
240
240
240
240
240
240
239
246
239
167
118
119
136
217
246
241
240
240
241
242
244
242
241
240
240
240
244
239
199
124
121
136
184
194
131
120
128
193
246
245
239
243
240
237
155
131
122
136
212
238
236
246
245
245
243
243
241
212
133
130
128
128
128
135
143
143
132
123
119
125
133
144
141
149
208
151
125
130
131
123
147
231
250
241
240
240
240
240
240
240
240
240
240
240
240
240
240
240
240
240
240
240
240
240
240
240
240
240
240
240
240
240
240
245
226
153
125
120
161
239
248
241
237
240
248
239
176
123
121
131
204
245
243
240
240
240
240
240
240
240
240
240
240
240
240
240
240
240
240
240
240
240
240
240
240
240
240
247
248
182
134
118
132
212
248
243
240
240
240
240
240
240
240
240
240
241
246
216
137
122
122
173
193
137
129
121
128
192
245
244
240
247
244
164
129
124
121
143
228
252
243
241
240
240
240
241
246
242
201
128
126
131
129
127
124
124
125
127
125
123
121
120
119
131
132
123
126
130
132
124
135
221
239
241
240
240
240
240
240
240
240
241
242
242
241
240
240
240
240
240
240
240
240
240
240
240
240
240
240
240
240
240
240
245
216
138
118
123
170
244
251
242
242
242
249
247
185
128
118
128
201
246
243
240
240
240
240
240
240
240
240
240
240
240
240
240
240
240
240
240
240
240
240
240
240
242
246
246
238
223
156
120
127
206
240
244
240
240
240
240
240
240
240
240
240
244
246
209
131
118
139
189
198
132
123
124
129
193
245
244
242
242
230
150
122
128
118
138
221
247
240
240
240
240
240
240
244
249
210
135
123
130
127
124
121
121
119
126
135
139
132
124
125
128
127
126
113
126
129
124
133
155
243
242
240
240
240
241
244
246
248
246
238
238
242
247
243
241
240
240
240
240
240
240
240
240
240
240
240
240
240
240
240
245
227
165
126
122
158
236
247
243
240
241
244
238
177
125
117
127
199
245
243
240
240
240
240
240
240
240
240
240
240
240
240
240
240
240
240
240
240
240
240
240
243
241
238
232
178
141
138
129
127
140
223
248
241
240
240
240
240
240
240
240
240
243
240
203
125
116
168
238
199
133
124
123
128
193
245
243
245
244
167
131
127
127
126
145
230
245
240
240
240
240
240
240
244
248
208
135
121
130
137
142
144
142
139
137
197
234
173
136
133
127
131
129
115
112
126
134
147
231
237
243
243
246
248
249
240
233
227
229
190
185
235
238
237
246
244
241
240
240
240
240
240
240
241
242
242
240
240
240
240
242
240
228
166
127
127
173
243
245
245
245
248
198
139
125
126
139
211
248
242
240
240
240
240
240
240
240
240
240
240
240
240
240
240
240
240
240
240
240
241
246
247
240
183
129
123
116
118
124
121
125
207
239
243
240
240
240
240
240
240
240
242
248
221
140
124
128
183
252
202
131
124
124
129
194
245
244
248
239
172
125
127
123
130
215
241
244
240
240
240
240
240
240
244
241
200
126
121
127
171
230
230
228
224
230
240
242
241
233
161
131
128
129
111
117
123
131
222
242
252
250
240
232
225
231
204
144
146
137
131
177
184
143
190
234
238
243
242
240
240
240
240
241
246
235
234
240
240
240
240
241
245
246
208
127
118
131
174
239
245
249
241
179
125
123
119
186
230
243
242
240
240
240
240
240
240
240
240
240
240
240
240
240
240
240
240
240
240
243
242
238
236
177
130
130
139
145
138
133
125
125
140
226
249
241
240
240
240
240
240
240
243
239
205
125
117
160
239
249
195
128
124
123
131
195
244
246
243
235
157
126
128
126
145
229
250
241
240
241
242
244
242
242
247
215
140
125
124
145
204
252
251
248
248
247
245
243
247
248
238
156
128
128
128
121
127
133
160
236
240
228
213
143
141
144
135
126
120
120
127
133
130
129
130
138
201
242
245
242
240
240
241
246
242
222
125
240
240
240
240
240
241
247
219
139
124
124
131
158
216
238
190
135
128
122
129
142
217
247
240
240
240
240
240
240
240
240
240
240
240
240
240
240
240
240
240
240
243
245
240
193
136
126
122
180
230
233
232
168
133
120
126
209
239
243
241
242
244
242
241
241
247
224
142
124
120
167
246
253
193
130
122
127
138
202
246
247
243
171
131
127
128
123
172
224
245
240
241
246
235
240
235
249
249
210
133
119
125
171
238
246
241
240
240
240
240
240
240
249
239
183
131
129
132
132
130
124
141
210
152
142
136
128
119
123
125
129
129
130
129
128
128
127
123
125
130
202
242
244
242
240
242
235
222
104
105
107
240
240
240
240
240
243
238
200
122
118
124
128
138
154
148
127
124
130
134
206
245
245
241
240
240
240
240
240
240
240
240
240
240
240
240
240
240
240
240
240
242
239
192
126
121
119
131
203
253
253
249
235
155
120
125
142
225
248
246
235
240
235
246
244
239
208
126
119
131
173
248
251
193
129
120
126
186
243
247
251
239
164
122
124
126
130
145
231
245
241
246
242
223
127
224
250
250
208
128
121
126
176
243
248
240
240
240
240
240
240
239
248
239
162
127
128
129
129
130
129
137
133
131
120
125
129
129
129
129
126
125
123
124
126
128
131
131
127
126
128
202
240
242
241
243
240
123
106
105
240
240
240
240
240
240
242
248
222
153
135
133
123
126
127
129
129
128
125
185
226
236
239
244
241
240
240
240
240
240
240
240
240
240
240
240
240
240
240
240
243
246
200
130
120
122
127
189
239
241
241
247
245
168
131
115
133
216
252
243
222
123
217
238
249
227
143
124
121
157
232
247
248
192
129
117
134
194
241
237
244
243
168
124
123
128
140
221
237
242
242
235
223
110
104
116
227
226
122
122
121
123
172
240
246
239
240
240
240
240
240
240
250
238
162
124
127
116
111
129
130
128
128
129
130
131
131
128
128
132
131
138
139
144
133
125
125
129
130
126
124
133
210
245
242
242
235
217
123
217
240
240
240
240
240
240
240
243
238
229
188
125
128
130
130
130
131
129
133
140
144
140
207
241
244
241
240
240
240
240
240
240
240
240
240
240
240
240
240
240
244
247
197
127
119
131
189
243
245
243
240
242
243
231
151
113
138
224
246
224
104
106
124
243
244
209
125
116
130
176
245
251
246
193
130
119
130
187
177
152
214
241
163
122
128
136
221
243
244
241
244
240
127
103
84
100
112
113
109
102
123
130
177
244
244
240
240
240
240
240
240
242
243
232
152
123
122
107
121
128
130
131
130
130
130
126
123
121
127
164
203
173
230
233
192
138
135
130
128
131
121
129
203
246
243
241
246
235
240
234
240
240
240
240
240
240
240
245
250
223
148
131
128
128
128
124
125
124
124
123
120
122
130
211
242
245
241
240
240
240
240
240
240
240
240
240
240
240
240
240
243
240
192
121
119
180
241
246
243
240
240
240
247
245
168
126
129
219
243
129
107
103
222
242
228
143
126
131
168
247
250
253
252
198
130
121
134
134
127
129
195
172
135
122
130
210
243
245
241
240
242
235
223
110
108
110
111
104
100
124
130
171
240
242
242
240
240
240
240
240
240
247
245
170
128
131
138
141
132
127
130
132
130
127
123
130
137
142
165
238
239
243
245
248
242
234
175
125
126
132
122
131
205
247
243
240
241
242
244
242
240
240
240
240
240
240
241
246
241
200
125
123
128
129
136
145
141
137
132
130
127
121
125
131
214
241
245
241
240
240
240
240
240
240
240
240
240
240
240
243
246
206
135
121
126
187
246
247
240
240
240
240
242
242
229
145
123
138
221
218
129
223
245
254
220
135
114
146
223
230
232
231
231
186
128
125
129
127
124
131
133
134
130
121
137
217
249
242
240
240
241
246
242
223
132
221
206
117
120
124
163
238
247
243
240
240
240
240
240
240
242
243
230
152
115
130
212
236
151
132
127
127
123
130
133
159
228
229
235
241
247
243
241
242
249
248
186
126
124
132
122
131
205
247
243
240
240
240
240
240
240
240
240
240
240
241
245
242
213
133
127
122
124
127
177
236
230
179
192
180
139
134
125
126
132
215
238
242
240
240
240
240
240
240
240
240
240
240
240
243
244
197
128
114
126
184
242
246
239
240
241
242
244
250
245
163
126
127
141
221
238
239
249
242
214
129
135
150
154
155
148
145
144
137
131
128
130
123
128
135
137
130
128
121
134
214
248
241
240
240
240
241
246
235
242
246
222
138
119
127
170
242
249
240
240
240
240
240
240
240
245
244
169
132
118
139
224
254
228
136
118
131
134
154
226
238
243
248
245
242
241
240
240
240
242
245
195
137
126
130
124
133
205
247
243
240
240
240
240
240
240
240
240
240
240
243
240
212
131
125
122
132
134
181
241
251
246
243
235
240
230
158
121
122
125
139
224
248
244
242
241
240
240
240
240
240
240
240
240
243
246
200
131
117
127
183
244
246
239
241
246
235
239
238
248
229
143
116
125
148
238
252
249
231
146
125
147
195
126
121
121
120
121
125
129
128
132
134
147
203
174
129
125
98
130
212
247
241
240
240
240
240
241
242
246
252
218
138
118
122
166
239
247
239
240
240
240
240
240
239
247
237
163
122
117
136
216
254
241
148
129
145
224
238
241
247
242
241
240
240
240
240
240
240
241
244
237
176
124
127
120
131
204
246
242
240
240
240
240
240
240
240
240
240
241
246
219
138
123
123
132
170
236
240
246
247
243
243
244
250
249
176
132
126
119
134
220
243
241
235
246
241
240
240
240
240
240
240
240
243
246
200
131
117
129
186
244
245
241
246
242
222
123
217
244
246
163
132
120
133
219
244
243
214
129
122
139
138
136
124
125
128
128
129
128
126
127
183
238
235
166
123
99
101
123
233
246
240
240
240
240
240
240
241
245
244
211
129
122
132
176
243
244
240
240
240
240
240
240
240
249
241
167
124
117
133
213
249
240
225
152
227
245
247
242
241
240
240
240
240
240
240
240
240
240
247
245
183
127
123
127
137
211
246
242
240
240
240
240
240
240
240
240
240
241
246
211
133
117
123
163
240
253
242
241
236
246
241
240
242
243
234
159
125
120
144
218
229
125
217
235
242
240
240
240
240
240
240
240
245
248
202
132
117
128
185
245
245
241
235
222
104
106
123
242
247
230
144
122
128
152
243
238
145
128
126
127
123
122
130
137
167
178
139
133
123
129
199
254
189
133
105
107
115
213
240
244
240
240
240
240
240
240
243
239
220
135
125
99
149
229
244
242
240
240
240
240
240
240
244
246
236
160
122
127
141
225
247
245
237
239
237
245
241
240
240
240
240
240
240
240
240
240
240
239
247
244
182
127
121
128
198
240
244
240
240
240
240
240
240
240
240
240
240
241
248
213
135
119
126
171
248
251
222
123
217
235
242
240
240
251
245
170
127
121
134
199
112
106
123
240
244
240
240
240
240
240
240
240
243
237
192
125
119
128
187
246
247
243
239
123
106
104
222
237
254
239
154
102
118
133
229
221
138
116
124
122
129
134
167
232
238
230
184
124
121
126
196
244
177
121
115
113
203
243
247
241
240
240
240
240
240
241
248
227
141
122
98
107
131
239
248
240
240
240
240
240
240
244
243
242
168
131
122
129
219
243
243
241
242
242
242
241
240
240
240
240
240
240
240
240
240
240
240
241
250
243
179
108
114
130
204
246
244
240
240
240
240
240
240
240
240
240
240
241
248
213
135
119
126
175
239
231
103
106
123
240
243
240
244
246
236
160
123
121
134
107
113
104
222
235
242
240
240
240
240
240
240
240
245
214
138
129
120
125
179
237
244
244
235
217
123
222
242
248
241
221
110
99
107
130
158
214
139
121
138
142
161
230
239
246
254
212
144
129
121
126
197
246
179
124
116
133
208
248
244
240
240
240
240
240
241
245
242
215
128
101
101
113
225
241
242
240
240
240
240
240
242
242
238
169
128
126
119
137
216
249
243
240
240
240
240
240
240
240
240
240
240
240
240
240
240
240
240
243
240
227
113
101
105
135
209
246
242
240
240
240
240
240
240
240
240
240
240
241
248
213
135
120
125
167
238
131
111
105
222
236
244
247
247
243
168
131
127
132
143
204
131
222
242
246
241
240
240
240
240
240
240
240
240
238
198
129
128
124
133
192
246
244
246
235
240
235
246
246
244
133
114
100
126
119
149
213
155
147
226
229
236
243
247
246
245
194
127
123
124
127
196
245
179
122
123
138
215
247
241
240
240
240
240
240
242
242
226
141
129
123
105
160
239
252
241
240
240
240
240
240
244
245
178
129
123
123
129
148
224
244
240
240
240
240
240
240
240
240
240
240
240
240
240
240
240
240
240
246
244
129
107
94
120
191
238
243
240
240
240
240
240
240
240
240
240
242
243
243
248
211
132
119
128
137
174
217
126
223
247
250
243
237
233
170
130
124
124
124
214
236
254
247
254
252
249
247
243
241
240
240
240
240
241
246
242
192
126
118
126
186
245
246
241
242
244
242
241
247
236
217
107
119
125
116
142
221
238
233
243
249
245
242
240
243
246
196
128
124
126
125
197
245
181
119
123
201
240
244
240
240
240
240
240
240
244
233
165
127
125
125
120
160
237
248
239
240
240
240
240
239
246
240
172
123
123
130
134
224
243
242
240
240
240
240
240
240
240
240
240
240
240
240
240
240
240
240
240
248
240
178
106
124
144
218
254
247
241
240
240
240
240
240
240
240
240
234
239
237
251
222
140
127
125
129
154
160
184
237
254
251
242
182
134
129
122
132
130
130
121
220
223
216
214
213
211
226
238
252
250
250
250
250
250
254
254
206
135
122
126
185
244
253
251
249
247
244
246
244
241
155
128
129
138
140
155
236
250
245
242
241
240
240
240
244
245
199
132
123
124
128
198
246
181
116
128
209
249
244
240
240
240
240
240
241
249
228
145
124
129
127
130
167
242
245
240
240
240
240
240
239
247
241
175
125
120
128
206
244
246
240
241
243
247
249
250
250
250
250
250
250
250
250
250
250
250
250
251
252
247
183
122
116
175
211
224
232
242
240
240
240
240
240
240
240
240
217
123
217
239
243
206
129
125
130
127
110
131
179
237
235
178
127
117
124
134
137
185
96
106
122
143
138
138
138
136
133
217
214
213
213
213
213
212
216
219
175
116
114
121
128
184
229
223
220
232
243
251
242
157
129
131
150
233
238
243
247
253
250
250
250
250
250
250
254
254
204
134
127
128
134
205
252
186
120
132
213
254
253
250
250
250
250
250
253
248
224
134
126
130
128
156
240
253
253
250
250
250
250
250
250
254
249
181
128
121
139
218
254
253
250
252
238
226
211
213
213
213
213
213
213
213
213
213
213
212
213
216
224
180
128
120
112
127
137
147
235
243
240
240
240
240
240
240
240
240
105
106
123
244
251
210
131
116
124
104
102
104
129
135
133
125
117
120
130
202
237
124
113
110
213
218
213
213
213
214
217
133
136
138
138
138
138
138
140
139
133
125
114
107
107
116
125
128
124
129
221
230
156
122
112
113
197
218
224
219
216
214
213
213
213
213
213
212
216
219
177
119
119
120
118
178
223
162
111
117
187
218
216
212
213
214
216
217
220
215
136
125
106
120
115
142
216
220
213
212
213
213
212
213
214
222
223
163
120
115
120
187
219
215
212
214
217
133
136
138
138
138
138
138
138
138
138
138
138
138
141
142
133
118
105
104
125
186
217
223
230
242
240
240
240
240
240
240
240
107
105
104
222
237
247
216
142
132
108
99
96
120
128
134
138
139
138
138
202
245
243
221
125
223
246
253
250
250
250
252
238
226
211
213
213
213
213
212
213
214
218
227
185
127
122
119
120
124
119
124
119
122
111
109
114
131
136
143
139
138
138
138
138
138
138
138
138
138
139
141
133
120
109
109
120
136
137
121
106
116
133
140
138
138
139
144
133
137
139
131
117
96
105
114
121
134
135
141
138
138
138
139
140
144
139
135
124
116
109
110
122
134
141
138
138
136
133
217
214
213
213
213
213
213
213
213
213
213
213
216
218
214
166
111
117
125
194
247
250
247
243
241
240
240
240
240
240
240
240
240
125
222
242
246
243
235
233
200
163
120
124
132
177
233
229
227
225
230
237
244
248
235
240
235
246
241
240
240
240
241
243
247
249
250
250
250
250
250
250
250
252
251
243
183
125
127
134
135
134
128
120
113
116
127
209
224
217
215
216
217
216
214
213
213
213
213
213
212
212
218
222
180
118
116
173
227
219
156
119
189
221
216
213
214
219
215
195
97
197
202
113
93
98
139
216
225
215
213
212
213
214
219
208
217
210
161
108
109
111
116
186
220
217
212
213
211
226
238
252
250
250
250
250
250
250
250
250
250
252
253
252
205
138
131
132
193
243
245
243
240
240
240
241
242
244
242
241
240
240
240
234
235
246
241
241
244
246
243
234
229
191
180
240
249
250
249
248
246
244
241
241
244
246
246
244
241
240
240
240
240
240
240
240
240
240
240
240
240
240
240
240
245
248
194
129
119
120
121
120
119
127
133
142
219
246
251
252
254
246
250
246
254
252
250
250
250
250
250
250
254
253
200
125
122
192
254
254
182
201
242
251
251
250
253
246
233
115
118
142
231
140
102
129
168
246
254
250
250
250
252
254
253
233
139
229
190
145
143
141
147
218
254
252
250
250
249
247
243
241
240
240
240
240
240
240
240
240
240
243
239
198
130
121
120
181
239
246
242
240
240
240
241
246
235
240
235
246
241
240
240
242
242
241
240
240
240
241
243
246
247
240
239
240
244
240
240
240
240
240
240
241
246
235
241
238
249
243
241
240
240
240
240
240
240
240
240
240
240
240
240
240
242
243
237
183
136
143
144
144
140
140
204
235
238
245
242
246
242
222
123
217
235
242
240
240
240
240
240
240
243
244
187
119
122
192
248
240
236
236
242
242
240
240
244
240
123
106
104
227
227
158
146
222
236
237
242
240
240
240
242
235
222
103
108
123
233
230
225
224
230
234
241
241
240
240
240
240
240
240
240
240
240
240
240
240
240
240
244
247
208
134
122
121
136
198
247
244
240
240
240
241
246
242
222
123
217
235
242
240
240
240
240
240
240
240
240
240
240
240
241
242
242
241
240
240
240
240
240
240
241
246
242
223
130
212
236
238
246
241
240
240
240
240
240
240
240
240
240
240
240
240
240
243
242
235
228
225
227
227
224
232
240
246
244
241
242
235
222
104
106
123
240
244
240
240
240
240
240
240
243
244
197
134
179
238
243
243
242
242
241
240
240
240
242
235
217
123
222
245
243
231
234
242
247
243
241
240
240
240
244
240
123
106
104
224
240
249
248
248
246
243
241
240
240
240
240
240
240
240
240
240
240
240
240
240
240
241
245
240
193
122
122
131
184
240
241
242
240
240
240
242
235
222
104
106
123
240
244
240
240
240
240
240
240
240
240
240
240
240
240
240
240
240
240
240
240
240
240
240
242
235
223
110
108
105
124
220
235
242
240
240
240
240
240
240
240
240
240
240
240
240
240
240
242
244
247
248
248
248
248
246
244
241
240
240
244
240
123
106
104
222
235
242
240
240
240
240
240
240
241
241
233
228
234
243
243
240
240
240
240
240
240
240
241
246
235
240
235
247
244
244
245
242
241
240
240
240
240
240
242
235
217
123
222
242
246
241
240
240
240
240
240
240
240
240
240
240
240
240
240
240
240
240
240
240
241
244
243
206
132
124
121
175
238
246
243
240
240
240
240
244
240
123
106
104
222
235
242
240
240
240
240
240
240
240
240
240
240
240
240
240
240
240
240
240
240
240
240
240
244
240
126
102
85
85
102
126
240
244
240
240
240
240
240
240
240
240
240
240
240
240
240
240
240
240
240
240
240
240
240
240
240
240
240
240
242
235
217
123
222
242
246
241
240
240
240
240
240
240
240
241
244
245
244
242
240
240
240
240
240
240
240
240
240
241
242
244
242
241
240
240
240
240
240
240
240
240
240
240
241
246
235
240
235
246
241
240
240
240
240
240
240
240
240
240
240
240
240
240
240
240
240
240
240
241
245
243
208
130
125
120
134
192
247
245
240
240
240
240
240
242
235
217
123
222
242
246
241
240
240
240
240
240
240
240
240
240
240
240
240
240
240
240
240
240
240
240
240
240
242
235
220
124
105
108
110
223
235
242
240
240
240
240
240
240
240
240
240
240
240
240
240
240
240
240
240
240
240
240
240
240
240
240
240
240
241
246
235
240
235
246
241
240
240
240
240
240
240
240
240
240
240
240
240
240
240
240
240
240
240
240
240
240
240
240
240
240
240
240
240
240
240
240
240
240
240
240
240
240
240
241
242
244
242
241
240
240
240
240
240
240
240
240
240
240
240
240
240
240
240
240
240
240
241
246
243
213
129
126
125
130
177
240
241
242
240
240
240
240
240
241
246
235
240
235
246
241
240
240
240
240
240
240
240
240
240
240
240
240
240
240
240
240
240
240
240
241
242
244
244
247
238
236
212
130
223
242
246
241
240
240
240
240
240
240
240
240
240
240
240
240
240
240
240
240
240
240
240
240
240
240
240
240
240
240
240
241
242
244
242
241
240
240
240
240
240
240
240
240
240
240
240
240
240
240
240
240
240
240
240
240
240
240
240
240
240
240
240
240
240
240
240
240
240
240
240
240
240
240
240
240
240
240
240
240
240
240
240
240
240
240
240
240
240
240
240
240
240
240
240
240
240
241
246
244
230
116
116
119
121
167
237
246
243
240
240
240
240
240
240
240
241
242
244
242
241
240
240
240
240
240
240
240
240
240
240
240
240
240
240
240
240
240
240
240
241
246
235
240
235
247
245
249
238
241
235
246
241
240
240
240
240
240
240
240
240
240
240
240
240
240
240
240
240
240
240
240
240
240
240
240
240
240
240
240
240
240
240
240
240
240
240
240
240
240
240
240
240
240
240
240
240
240
240
240
240
240
240
240
240
240
240
240
240
240
240
240
240
240
240
240
240
240
240
240
240
240
240
240
240
240
240
240
240
240
240
240
240
240
240
240
240
240
240
240
240
240
240
240
240
240
240
242
239
227
116
104
103
133
147
199
244
246
240
240
240
240
240
240
240
240
240
240
240
240
240
240
240
240
240
240
240
240
240
240
240
240
240
240
240
240
240
240
240
241
246
242
222
123
217
235
242
241
242
244
242
241
240
240
240
240
240
240
240
240
240
240
240
240
240
240
240
240
240
240
240
240
240
240
240
240
240
240
240
240
240
240
240
240
240
240
240
240
240
240
240
240
240
240
240
240
240
240
240
240
240
240
240
240
240
240
240
240
240
240
240
240
240
240
240
240
240
240
240
240
240
240
240
240
240
240
240
240
240
240
240
240
240
240
240
240
240
240
240
240
240
240
240
240
240
240
241
247
228
124
103
98
120
158
229
240
239
242
240
240
240
240
240
240
240
240
240
240
240
240
240
240
240
240
240
240
240
240
240
240
240
240
240
240
240
240
240
240
240
241
241
231
117
110
122
234
242
240
240
240
240
240
240
240
240
240
240
240
240
240
240
240
240
240
240
240
240
240
240
240
240
240
240
240
240
240
240
240
240
240
240
240
240
240
240
240
240
240
240
240
240
240
240
240
240
240
240
240
240
240
240
240
240
240
240
240
240
240
240
240
240
240
240
240
240
240
240
240
240
240
240
240
240
240
240
240
240
240
240
240
240
240
240
240
240
240
240
240
240
240
240
240
240
240
240
240
241
242
213
127
102
124
129
174
245
248
241
240
240
240
240
240
240
240
240
240
240
240
240
240
240
240
240
240
240
240
240
240
240
240
240
240
240
240
240
240
240
240
240
240
240
107
107
107
240
240
240
240
240
240
240
240
240
240
240
240
240
240
240
240
240
240
240
240
240
240
240
240
240
240
240
240
240
240
240
240
240
240
240
240
240
240
240
240
240
240
240
240
240
240
240
240
240
240
240
240
240
240
240
240
240
240
240
240
240
240
240
240
240
240
240
240
240
240
240
240
240
240
240
240
240
240
240
240
240
240
240
240
240
240
240
240
240
240
240
240
240
240
240
240
240
240
240
240
240
240
241
230
128
131
131
127
158
247
240
240
240
240
240
240
240
240
240
240
240
240
240
240
240
240
240
240
240
240
