248
248
248
248
248
248
248
248
248
248
248
248
248
248
248
248
248
248
248
248
248
248
248
248
248
248
248
248
248
248
248
248
248
248
248
248
248
248
248
248
248
91
91
91
248
248
248
248
248
248
248
248
248
248
248
248
248
248
248
248
248
248
248
248
248
248
248
248
248
248
248
248
248
248
248
248
248
248
248
248
248
248
248
248
91
91
91
248
248
248
248
248
248
248
91
91
91
248
248
248
248
248
248
248
248
248
248
248
248
248
248
248
248
248
248
248
248
248
248
248
248
248
248
248
248
248
248
248
248
248
248
248
248
248
91
91
91
248
248
248
248
248
248
91
91
91
248
248
248
248
248
248
248
248
248
248
248
248
248
248
248
248
248
248
248
248
248
248
248
248
248
248
248
248
248
248
248
248
248
248
248
248
248
248
248
248
248
248
251
243
109
94
104
238
250
250
248
248
248
248
248
248
248
248
248
248
248
248
248
248
248
248
248
248
248
248
248
248
248
248
248
248
248
248
248
248
248
248
248
248
248
251
243
109
94
104
238
250
250
248
248
248
250
250
232
127
232
250
250
248
248
248
248
248
248
248
248
248
248
248
248
248
248
248
248
248
248
248
248
248
248
248
248
248
248
248
248
248
248
248
248
251
243
109
94
104
238
250
250
248
251
243
109
94
104
238
250
250
248
248
248
248
248
248
248
248
248
248
248
248
248
248
248
248
248
248
248
248
248
248
248
248
248
248
248
248
248
248
248
248
248
248
248
248
248
248
248
248
251
245
222
114
231
254
254
250
248
248
248
248
248
248
248
248
248
248
248
248
248
248
248
248
248
248
248
248
248
248
248
248
248
248
248
248
248
248
248
248
248
248
248
251
245
221
111
227
252
254
250
248
248
248
250
254
245
249
245
254
250
248
248
248
248
248
248
248
248
248
248
248
248
248
248
248
248
248
248
248
248
248
248
248
248
248
248
248
248
248
248
248
248
251
245
221
111
227
252
254
250
248
251
245
221
111
227
252
254
250
248
248
248
248
248
248
248
248
248
248
248
248
248
248
248
248
248
248
248
248
248
248
248
248
248
248
248
248
248
248
248
248
248
248
248
248
248
248
248
248
250
254
252
244
244
252
254
250
248
248
248
248
248
248
248
248
248
248
248
248
248
248
248
248
248
248
248
248
248
248
248
248
248
248
248
248
248
248
248
248
248
248
248
250
254
245
249
245
254
250
248
248
248
248
248
250
251
253
251
250
248
248
248
248
248
248
248
248
248
248
248
248
248
248
248
248
248
248
248
248
248
248
248
248
248
248
248
248
248
248
248
248
248
250
254
245
249
245
254
250
248
248
250
254
245
249
245
254
250
248
248
248
248
248
248
248
248
248
248
248
248
248
248
248
248
248
248
248
248
248
248
248
248
248
248
248
248
248
248
248
248
248
248
248
248
248
248
248
248
248
250
254
254
231
114
222
245
251
248
248
248
248
248
248
248
248
248
248
248
248
248
248
248
248
248
248
248
248
248
248
248
248
248
248
248
248
248
248
248
248
248
248
248
248
250
251
253
251
250
248
248
248
248
248
248
248
248
248
248
248
248
248
248
248
248
248
248
248
248
248
248
248
248
248
248
248
248
248
248
248
248
248
248
248
248
248
248
248
248
248
248
248
248
248
250
251
253
251
250
248
248
248
248
250
251
253
251
250
248
248
248
248
248
248
248
248
248
248
248
248
248
248
249
250
253
253
254
254
254
252
250
248
248
248
248
248
248
248
248
248
248
248
248
248
248
248
248
248
248
248
251
245
227
87
90
111
249
253
248
248
248
248
248
248
248
248
248
248
248
248
248
248
248
248
248
248
248
248
248
248
248
248
248
248
248
248
248
248
248
248
248
248
248
248
248
248
248
248
248
248
248
248
248
248
248
248
248
248
248
248
248
248
248
248
248
248
248
248
248
248
248
248
248
248
248
248
248
248
248
248
248
248
248
248
248
248
248
248
248
248
250
251
253
251
250
248
248
248
248
248
248
248
248
248
248
248
248
248
248
248
248
248
248
248
248
248
248
248
248
248
248
249
252
246
251
243
244
234
241
246
252
249
248
248
248
248
248
248
248
248
248
248
248
248
248
248
248
248
248
248
253
249
111
90
87
227
245
251
248
248
248
248
248
248
248
248
248
248
248
248
248
248
248
248
248
248
248
248
248
248
248
248
248
248
248
248
248
248
248
248
248
248
248
248
248
248
248
248
248
248
248
248
248
248
248
248
248
248
248
248
248
248
248
248
248
248
248
248
248
248
248
248
248
248
248
248
248
248
248
248
248
248
248
248
248
248
248
248
248
250
254
245
249
245
254
250
248
248
248
248
248
248
248
248
248
248
248
248
248
248
248
248
248
248
248
248
248
248
248
248
248
251
253
241
177
210
163
150
157
229
251
253
249
248
248
248
248
248
248
248
248
248
248
248
248
248
248
248
248
248
251
245
221
111
227
252
254
250
248
248
248
248
248
248
248
248
248
248
248
248
248
248
248
248
248
248
248
248
249
250
253
253
253
251
249
248
248
248
248
248
248
248
249
251
253
253
253
252
249
248
248
248
248
248
248
248
248
248
248
248
248
248
248
248
248
248
248
248
248
249
251
253
253
251
249
248
248
248
249
251
253
253
253
251
249
248
248
248
250
254
252
227
111
221
245
251
248
248
248
248
248
248
248
248
248
248
248
248
248
248
248
248
248
248
248
248
248
248
248
248
250
253
250
183
140
133
137
127
132
154
242
252
252
249
248
248
248
248
248
248
248
248
248
248
248
248
249
250
251
250
250
254
245
249
245
254
250
248
248
248
248
248
248
248
248
248
248
248
248
248
248
248
248
248
248
248
248
249
253
252
246
235
238
245
251
248
248
248
248
248
248
249
251
250
243
234
242
248
253
249
248
248
248
248
248
248
248
248
248
248
248
248
248
248
248
248
248
250
252
254
252
244
241
244
251
248
248
248
250
246
239
233
242
247
250
248
248
248
251
245
227
87
90
111
249
253
248
248
248
248
248
248
248
248
248
248
248
248
248
248
248
248
248
248
248
248
248
248
248
248
252
248
202
134
129
127
128
128
127
132
168
248
253
251
248
248
248
248
248
248
248
248
248
248
248
249
252
247
250
251
254
254
255
255
254
253
250
248
248
248
248
248
248
248
248
248
248
248
248
248
248
248
248
248
248
248
248
251
246
242
188
142
167
243
253
248
248
248
248
248
248
249
251
244
181
141
164
242
250
250
248
248
248
248
248
248
248
248
248
248
248
248
248
248
248
248
249
251
244
242
233
167
169
244
253
248
248
249
254
249
175
143
185
248
253
249
251
253
254
250
111
90
87
227
245
251
248
248
248
248
248
248
248
248
248
248
248
248
248
248
248
248
248
248
248
248
248
248
248
251
254
224
142
126
135
144
154
155
146
140
134
186
246
252
249
248
248
248
248
248
248
248
248
248
248
252
247
222
175
239
245
244
236
234
241
248
253
251
249
248
248
248
248
248
248
248
248
248
248
248
248
248
248
248
248
249
252
255
234
156
134
123
151
236
254
248
248
248
248
248
248
253
254
197
136
122
133
186
252
253
248
248
248
248
248
248
249
251
253
254
254
253
250
249
248
248
249
253
225
159
140
133
158
237
253
248
248
250
252
236
154
119
174
245
254
254
245
249
247
253
225
115
230
253
254
250
248
248
248
248
248
248
248
248
248
248
248
248
248
248
248
248
248
248
248
248
248
248
249
253
251
212
137
135
156
229
240
242
228
150
125
140
210
254
253
248
248
248
248
248
248
248
248
248
248
253
242
156
136
144
208
169
149
148
154
218
249
253
254
253
251
251
251
250
249
248
248
248
248
248
248
248
248
248
248
250
247
245
212
137
127
127
156
236
254
248
248
248
248
248
248
253
252
196
136
125
129
180
246
253
248
248
248
248
248
249
252
248
243
233
236
242
248
249
248
248
252
254
221
142
125
130
163
243
254
249
248
253
251
187
132
125
177
247
255
251
227
111
224
255
243
249
240
255
251
248
248
248
248
248
248
248
248
248
248
248
248
248
248
248
248
248
248
248
248
248
248
249
252
252
238
144
134
188
247
253
255
255
254
171
133
130
202
249
253
248
248
248
248
248
248
248
248
248
249
254
237
154
124
137
136
137
130
127
134
139
167
233
241
244
250
246
248
251
254
253
254
253
252
250
248
248
248
248
250
254
251
182
141
139
130
135
159
245
253
248
248
248
248
248
248
253
247
192
131
131
143
195
254
253
248
248
248
248
248
250
250
242
169
142
150
205
252
252
248
248
253
252
215
139
131
133
156
236
252
250
248
254
249
180
124
133
184
254
248
227
87
91
118
253
234
115
224
246
251
248
248
248
248
248
248
248
248
248
248
248
248
248
248
248
248
248
248
248
248
248
248
250
250
242
158
131
140
210
254
253
249
253
243
220
131
130
165
233
253
248
248
248
248
248
248
248
248
248
250
252
234
150
132
138
135
134
134
136
135
131
139
142
153
224
255
221
188
232
247
242
240
235
243
249
248
248
248
249
248
248
232
157
124
136
132
142
221
249
252
248
248
248
248
248
252
254
220
146
133
136
157
238
247
254
250
248
248
248
248
253
250
180
130
119
131
197
253
253
248
250
255
242
149
94
127
133
139
179
251
253
250
254
246
178
125
155
238
254
250
111
90
90
223
223
90
90
111
249
253
248
248
248
248
248
248
248
248
248
248
248
248
248
248
248
248
248
248
248
248
248
248
253
250
181
133
124
177
244
253
249
248
252
253
165
142
126
145
222
254
251
248
248
248
248
248
248
248
248
253
249
174
137
135
139
135
141
137
138
130
133
134
127
134
204
240
206
143
141
164
213
150
150
223
254
252
248
248
252
252
212
148
138
133
141
190
185
231
254
250
248
248
248
248
248
253
248
206
133
133
138
151
110
229
245
251
248
248
248
248
253
250
180
134
129
131
193
247
253
249
251
247
216
89
82
97
133
132
176
244
254
252
249
201
137
128
163
244
255
245
221
111
231
252
118
91
87
227
245
251
248
248
248
248
248
248
248
248
248
248
248
248
248
248
248
248
248
248
248
248
248
248
253
246
176
125
130
186
251
254
248
248
252
251
226
143
122
142
219
253
251
248
248
248
248
248
248
248
248
254
245
170
130
134
132
136
155
215
159
146
143
135
134
140
149
155
144
134
125
137
136
131
127
205
246
252
248
248
253
253
202
136
124
134
182
243
249
244
250
248
248
248
248
248
248
253
233
151
135
133
134
78
90
113
249
253
248
248
248
248
250
252
238
160
130
132
142
218
254
252
253
252
121
97
84
132
134
133
179
247
254
253
221
143
129
127
159
241
254
254
245
249
247
252
222
111
227
252
254
250
248
248
248
248
248
248
248
248
248
248
248
248
248
248
248
248
248
248
248
248
248
248
254
248
179
127
132
189
250
253
248
248
253
252
229
143
129
149
227
254
249
248
248
248
248
248
248
248
249
253
240
165
129
138
144
151
232
246
247
237
179
142
134
135
133
129
132
135
135
131
130
131
140
160
244
253
248
248
253
248
198
130
131
159
244
253
253
251
249
248
248
248
248
248
250
254
228
147
128
143
95
95
92
228
245
251
248
248
248
248
249
254
244
167
132
125
134
208
253
252
253
242
215
93
127
140
137
133
179
248
254
253
216
142
124
138
178
248
253
249
251
253
253
254
245
249
245
254
250
248
248
248
248
248
250
251
253
251
250
248
248
248
248
248
248
248
248
248
248
248
248
248
254
247
178
127
134
192
252
254
248
248
253
246
159
131
130
201
248
253
248
248
248
248
248
248
248
248
253
253
193
141
128
133
183
242
251
254
254
254
237
155
132
135
134
129
138
188
189
151
145
138
128
207
242
253
248
250
254
227
147
135
148
238
252
252
249
248
248
248
248
248
248
248
252
251
224
141
127
146
203
124
231
253
254
250
248
248
248
248
248
253
248
170
137
125
137
212
254
252
253
253
175
139
132
139
134
130
175
245
255
254
220
143
125
147
230
252
250
248
248
248
248
250
251
253
251
250
248
248
248
248
248
250
254
245
249
245
254
250
248
248
248
248
248
248
248
248
248
248
248
248
254
247
178
129
128
180
244
253
249
248
254
240
159
121
135
205
253
253
248
248
248
248
248
248
248
248
253
248
186
130
127
140
200
254
254
249
249
255
238
157
128
138
143
154
179
244
248
244
212
140
130
158
237
254
248
253
250
214
131
133
218
252
253
249
248
248
248
248
248
248
248
248
253
244
162
134
137
157
218
250
248
255
253
250
248
248
248
248
248
250
250
238
151
131
143
217
254
253
254
242
162
131
143
148
136
129
174
248
255
249
212
133
131
171
244
254
249
248
248
248
248
248
248
248
248
248
248
248
248
248
250
254
252
227
111
221
245
251
248
248
248
248
248
248
248
248
248
248
248
248
253
246
177
130
129
144
211
255
255
254
255
242
156
129
147
217
255
254
250
249
248
248
248
248
248
248
253
250
189
132
132
176
247
251
249
248
249
254
237
155
129
142
213
242
246
250
255
255
228
145
129
156
237
254
248
254
238
159
128
143
222
254
252
248
248
248
248
248
248
248
248
248
254
237
156
126
134
198
165
176
238
244
247
253
250
248
248
248
248
249
253
253
220
135
131
211
249
253
254
245
162
128
183
190
142
133
192
248
255
237
154
130
136
218
252
252
248
248
248
248
248
248
248
248
248
248
248
248
248
248
251
245
227
87
90
111
249
253
248
248
248
248
248
248
248
248
248
248
248
248
253
252
184
139
128
134
193
239
239
238
242
183
140
129
177
232
241
248
254
254
253
251
249
248
248
248
253
250
189
127
151
238
253
251
249
249
252
253
234
146
129
195
253
255
254
252
253
252
219
139
126
210
245
253
248
254
232
151
121
143
219
254
251
248
248
248
248
248
248
248
248
248
254
239
158
128
143
142
142
140
144
150
219
250
252
249
248
248
248
248
251
254
224
144
128
147
234
254
253
240
154
129
190
242
170
130
179
249
255
231
150
119
140
219
254
252
248
248
248
248
248
248
248
248
248
248
248
248
248
248
253
249
111
90
87
227
245
251
248
248
248
248
248
248
248
248
248
248
248
248
250
252
236
155
129
138
146
154
157
159
150
143
135
138
148
153
154
195
236
236
240
245
252
248
248
248
254
251
188
128
158
244
254
249
248
250
250
245
165
131
136
206
250
254
244
254
254
243
173
133
129
158
237
254
249
254
232
151
121
143
218
254
251
248
248
248
248
248
248
250
251
253
255
242
159
127
130
129
126
127
125
130
144
221
251
253
249
248
248
248
249
254
225
152
120
146
227
255
253
193
136
131
187
239
167
127
177
252
255
229
141
126
149
226
254
249
248
248
248
248
248
248
248
248
248
248
248
248
248
248
251
245
221
111
227
252
254
250
248
248
248
248
248
248
248
248
248
248
248
248
249
254
249
171
134
131
134
131
130
132
132
134
136
136
134
131
132
140
149
147
168
237
253
248
248
250
253
244
178
123
157
239
254
248
248
253
251
186
136
126
142
199
229
115
221
245
254
235
151
130
136
158
235
252
249
254
230
147
124
148
226
254
249
248
248
248
248
248
250
254
244
251
248
241
152
138
151
151
153
153
146
136
131
160
240
250
250
248
248
248
248
253
239
174
127
144
229
255
249
179
127
140
204
200
145
126
170
247
252
178
131
127
199
246
253
248
248
248
248
248
248
248
248
248
248
248
248
248
248
248
250
254
245
249
245
254
250
248
248
248
248
248
248
248
248
248
248
248
248
248
248
251
250
233
145
132
132
136
138
137
136
134
130
129
129
131
131
130
130
124
145
229
254
250
248
252
254
207
137
132
162
247
253
248
249
254
249
182
130
130
142
187
89
92
110
250
255
237
150
129
189
243
247
251
248
254
238
150
132
197
250
253
249
248
248
248
248
250
254
252
228
117
225
170
134
163
234
240
237
239
198
137
126
137
182
251
253
248
248
248
248
253
251
203
125
143
231
255
244
173
124
163
243
222
154
127
139
206
245
164
124
140
210
254
253
248
248
248
248
248
248
248
248
250
251
253
251
250
248
248
248
250
251
253
251
250
248
248
248
248
248
248
248
248
248
248
248
248
248
248
248
249
253
251
222
148
141
136
132
132
138
146
158
157
153
152
145
138
132
128
142
225
250
252
248
253
253
202
130
135
227
252
251
248
249
253
242
179
129
133
174
101
95
88
227
247
253
230
138
130
202
254
254
249
248
253
250
210
134
195
250
253
249
248
248
248
248
251
245
227
88
93
97
158
134
180
254
255
255
255
213
145
129
129
180
245
253
248
248
248
248
252
254
213
137
144
231
255
212
144
124
167
251
251
170
124
132
195
237
158
131
184
248
251
249
248
248
248
248
248
248
248
248
253
239
243
239
253
248
248
248
248
248
248
248
248
248
248
248
248
248
248
248
248
248
248
248
248
248
248
248
248
250
252
247
242
208
166
145
139
144
198
234
229
242
240
232
159
141
134
133
165
248
254
252
254
248
199
125
148
235
254
250
249
253
255
206
143
130
133
173
220
119
227
252
255
252
167
133
137
204
253
252
248
248
252
254
218
139
141
226
254
249
248
248
248
248
253
249
110
93
87
169
127
152
236
252
250
249
252
242
176
125
129
179
247
254
248
248
248
248
249
253
245
179
134
214
253
204
134
130
171
254
251
171
127
136
197
196
140
159
242
253
251
248
248
248
248
248
248
248
248
250
254
229
132
226
254
248
248
248
248
248
248
248
248
248
248
248
248
248
248
248
248
248
248
248
248
248
248
248
248
248
250
253
254
253
243
209
130
192
242
140
240
253
255
253
249
202
139
128
162
233
254
245
255
228
148
124
153
232
254
250
254
247
251
196
143
124
138
191
247
253
244
254
253
237
155
122
174
243
253
249
248
248
251
254
216
131
134
218
254
251
248
248
248
248
251
245
221
118
229
189
132
158
242
254
249
248
253
254
192
137
128
177
248
254
248
248
250
251
253
254
253
187
132
163
242
199
126
144
232
254
251
182
130
140
195
178
130
163
246
254
248
248
248
248
248
248
248
248
250
253
247
216
116
228
254
248
248
248
248
248
248
248
248
248
248
248
248
248
248
248
248
248
248
248
248
248
248
248
248
248
248
248
252
253
243
154
144
201
248
235
113
235
248
255
255
250
187
128
155
214
118
225
253
224
140
127
166
241
254
254
252
232
118
177
135
134
163
244
253
253
251
254
254
189
137
129
184
250
254
248
248
248
250
253
224
140
141
219
254
252
248
248
248
248
250
254
245
253
240
190
124
157
240
254
248
248
253
249
236
155
123
175
245
253
248
250
254
245
248
250
255
189
128
162
212
155
126
155
238
255
247
196
132
134
188
170
134
168
250
253
248
248
248
248
248
248
250
253
254
247
237
116
235
243
253
248
248
248
248
248
248
248
248
248
248
248
248
248
248
248
248
248
248
248
248
248
248
248
248
248
248
249
254
251
172
129
166
242
254
245
234
116
218
234
253
255
197
132
130
84
97
115
250
221
133
132
214
251
254
244
227
92
89
91
130
145
231
253
253
249
249
252
240
171
123
129
183
246
253
248
248
248
248
253
248
191
133
212
252
253
249
248
248
248
248
250
254
255
216
144
123
154
238
254
248
248
253
254
196
139
134
181
251
253
249
254
252
227
110
227
246
193
131
156
201
144
120
149
233
254
253
181
139
135
141
138
151
231
251
251
248
248
248
248
250
253
254
246
234
218
116
234
245
253
250
248
248
248
248
248
248
248
248
248
248
248
248
248
248
248
248
248
248
248
248
248
248
248
248
248
248
250
252
238
155
122
175
248
254
253
245
235
119
121
225
232
185
140
87
87
96
238
238
161
128
142
218
254
254
249
111
95
81
129
125
155
237
254
249
248
252
254
199
137
126
136
187
252
253
248
248
248
248
253
253
200
135
142
238
253
253
249
248
248
248
249
253
247
198
128
130
161
245
253
248
248
253
249
185
126
149
236
252
250
251
245
227
87
89
116
248
194
133
138
145
142
132
153
241
254
251
233
149
130
134
127
156
238
254
249
248
250
253
254
255
247
234
219
121
119
235
245
253
250
248
248
248
248
248
248
248
248
248
248
248
248
248
248
248
248
248
248
248
248
248
248
248
248
248
248
248
253
252
185
130
134
183
251
253
249
253
243
232
220
128
125
178
124
117
110
247
255
238
146
121
140
216
254
253
244
224
117
194
143
126
155
233
254
248
248
253
250
194
130
129
166
244
250
250
248
248
248
248
252
254
208
139
130
161
244
252
251
248
249
251
253
255
231
152
128
141
225
250
252
248
250
253
247
178
132
165
249
254
249
253
249
111
90
87
232
249
198
141
132
136
131
137
218
250
253
254
241
161
132
134
137
161
243
254
253
254
255
247
232
216
223
124
126
223
234
243
253
250
248
248
248
248
248
248
248
248
248
248
248
248
248
248
248
248
248
248
248
248
248
248
248
248
248
248
248
248
254
249
183
125
150
238
252
250
248
250
253
254
246
236
217
106
96
91
158
220
238
160
142
135
157
228
254
251
254
247
254
215
150
122
152
231
254
248
248
253
254
199
131
142
234
253
252
249
248
248
248
248
249
253
243
176
125
132
179
251
254
253
253
253
246
228
209
138
131
161
244
254
251
249
253
252
206
133
141
227
252
251
248
251
245
221
111
227
253
255
243
166
131
137
131
148
226
255
251
254
238
161
131
134
146
232
255
255
247
232
216
221
123
126
130
215
233
241
255
253
250
248
248
248
248
248
248
248
248
248
248
248
248
248
248
248
248
248
248
248
248
248
248
248
248
248
248
248
248
249
253
244
179
125
161
244
255
248
248
248
248
250
254
255
214
140
118
133
118
133
119
142
111
112
187
246
255
255
255
255
255
221
137
130
157
239
254
248
248
253
250
195
126
150
238
255
249
248
248
248
248
248
248
253
253
189
135
128
138
192
247
251
253
243
185
152
144
138
132
204
244
253
255
255
254
224
143
125
145
232
254
249
248
250
254
245
249
245
254
255
247
174
133
136
129
141
220
254
253
255
246
162
136
138
143
209
225
221
221
123
124
123
223
224
235
225
121
225
246
251
248
248
248
248
248
248
248
248
248
248
248
248
248
248
248
248
248
248
248
248
248
248
248
248
248
248
248
248
248
252
253
209
142
126
163
244
255
248
248
250
251
253
254
249
204
135
129
150
220
232
225
119
111
115
119
224
222
216
217
223
219
150
138
144
227
254
255
254
253
254
230
160
123
151
233
254
248
248
248
248
248
248
248
250
250
245
166
135
134
140
154
229
219
147
138
132
128
128
135
142
162
236
239
240
230
149
133
130
153
236
254
248
248
248
250
251
253
251
249
254
244
174
133
137
141
154
240
255
248
238
208
131
120
123
136
117
132
127
122
221
216
232
250
254
236
91
91
111
249
253
248
248
248
248
248
248
248
248
248
248
248
248
248
248
248
248
248
248
248
248
248
248
248
248
248
248
248
248
248
252
252
200
134
123
156
237
252
250
250
254
244
250
253
239
152
131
132
162
255
255
250
234
230
227
226
124
126
127
130
125
111
128
115
127
197
225
218
232
250
255
226
146
134
167
253
255
255
255
254
253
250
248
248
249
252
253
231
145
126
129
137
144
144
137
132
135
143
150
147
133
132
141
152
155
145
136
130
145
222
251
254
254
255
255
255
255
255
255
255
255
255
186
136
121
121
181
217
222
221
126
124
114
101
90
101
201
223
217
232
247
255
254
254
250
111
90
87
227
245
251
248
248
248
248
248
248
248
248
248
248
248
248
248
248
248
248
248
248
248
248
248
248
248
250
251
253
251
250
248
253
255
207
143
125
143
187
254
255
254
252
228
117
225
214
138
130
145
238
252
232
115
230
254
255
247
232
215
216
220
219
152
95
96
115
125
129
127
122
225
228
194
124
118
196
217
220
216
215
232
247
255
255
255
255
255
255
254
174
151
146
138
139
138
141
141
139
168
246
253
188
149
142
133
135
136
138
148
217
255
255
249
232
215
217
217
217
217
217
216
220
219
211
101
93
107
118
131
130
122
224
227
205
132
119
144
236
255
255
254
253
250
248
251
245
221
111
227
252
254
250
248
248
248
248
248
248
248
248
248
248
248
248
248
248
248
248
248
248
248
248
248
248
250
254
245
249
245
254
251
254
252
229
101
115
131
167
239
254
253
236
95
93
102
145
134
130
212
247
234
88
90
111
249
253
253
254
255
255
255
255
235
145
172
226
223
218
218
221
125
119
107
88
100
116
133
130
127
126
123
221
218
217
217
217
217
219
214
211
173
119
121
124
124
123
121
118
148
224
228
216
193
121
117
119
118
113
154
215
221
221
221
123
126
127
127
127
127
127
127
128
135
121
146
117
121
183
222
217
232
249
255
235
145
127
206
248
253
248
248
248
248
248
250
254
245
249
245
254
250
248
248
248
248
248
248
248
248
248
248
248
248
248
248
248
248
248
248
248
248
248
248
248
254
252
227
111
221
245
253
245
230
95
88
91
134
134
111
214
237
109
88
81
123
128
135
151
228
254
115
90
87
227
245
251
248
248
248
248
249
253
246
246
251
255
255
255
255
248
235
206
139
132
139
205
222
217
216
218
221
123
126
127
127
127
127
128
132
133
128
114
99
101
105
109
108
103
115
118
135
135
127
120
114
115
114
115
122
128
131
126
122
221
218
217
217
217
217
217
217
216
222
219
152
133
145
219
255
255
254
253
248
224
145
150
220
254
253
248
248
248
248
248
248
250
251
253
251
250
248
248
248
248
248
248
248
248
248
248
248
248
248
248
248
248
248
248
248
248
248
248
248
248
245
227
87
90
111
249
254
249
110
93
94
154
131
80
89
105
145
135
91
130
134
141
177
242
249
245
223
110
227
252
254
250
248
248
248
248
248
249
253
255
248
251
245
254
251
253
254
252
247
236
246
253
255
255
255
255
247
232
215
217
217
217
217
216
217
218
224
224
163
149
222
189
193
217
164
217
221
217
220
223
225
226
226
224
222
219
217
215
232
247
255
255
255
255
255
255
255
255
255
247
160
121
179
243
253
249
248
252
243
177
231
238
243
250
249
248
248
248
248
248
248
248
248
248
248
248
248
248
248
248
248
248
248
248
248
248
248
248
248
248
248
248
248
248
248
248
248
248
248
248
249
111
90
87
227
245
253
245
221
112
229
230
107
81
85
128
134
134
137
129
136
169
246
253
253
254
245
249
245
254
250
248
248
248
248
248
248
250
254
252
227
111
221
245
251
248
249
252
253
254
253
252
249
248
248
250
253
254
255
255
255
255
255
255
255
255
255
254
248
249
251
254
254
252
254
253
255
255
255
255
255
255
255
255
255
255
255
255
254
253
250
248
248
248
248
248
248
248
253
244
171
145
199
253
253
248
248
251
241
247
249
255
254
251
248
248
248
248
248
248
248
248
248
248
248
248
248
248
248
248
248
248
248
248
248
248
248
248
248
248
248
248
248
248
248
248
248
248
248
248
245
221
111
227
252
254
251
254
245
250
253
249
149
88
122
133
136
130
134
138
156
238
251
252
249
250
251
253
251
250
248
248
248
248
248
248
248
251
245
227
87
90
111
249
253
248
248
248
248
248
248
248
248
248
248
248
248
248
248
248
248
248
248
248
248
248
250
253
254
254
253
252
251
251
251
250
249
248
248
248
248
248
248
248
248
248
248
248
248
248
248
248
248
248
248
248
248
248
251
246
239
235
242
248
249
248
248
250
252
254
247
250
245
254
250
248
248
248
248
248
248
248
248
248
248
248
248
248
248
248
248
248
248
248
248
248
248
248
248
248
248
248
248
248
248
248
248
248
248
248
254
245
249
245
254
250
248
250
251
253
253
252
225
150
149
162
162
156
142
199
245
248
253
249
248
248
248
248
248
248
248
248
248
248
248
248
248
253
249
111
90
87
227
245
251
248
248
248
248
248
248
248
248
248
248
248
248
248
248
248
248
248
248
248
248
250
254
245
249
245
254
250
248
248
248
248
248
248
248
248
248
248
248
248
248
248
248
248
248
248
248
248
248
248
248
248
248
248
249
251
253
253
253
250
249
248
248
250
254
252
227
111
221
245
251
248
248
248
248
248
248
248
248
248
248
248
248
248
248
248
248
248
248
248
248
248
248
248
248
248
248
248
248
248
248
248
248
248
248
248
250
251
253
251
250
248
248
248
248
248
250
253
247
242
235
238
238
235
240
245
253
252
249
248
248
248
248
248
248
248
248
248
248
248
248
248
248
251
245
221
111
227
252
254
250
248
248
248
248
248
248
248
248
248
248
248
248
248
248
248
248
248
248
248
250
254
252
227
111
221
245
251
248
248
248
248
248
248
248
248
248
248
248
248
248
248
248
248
248
248
248
248
248
248
248
248
248
248
248
250
251
253
251
250
248
248
248
251
245
227
87
90
111
249
253
248
248
248
248
248
248
248
248
248
248
248
248
248
248
250
251
253
251
250
248
248
248
248
248
248
248
248
248
248
248
248
248
248
248
248
248
248
248
248
248
248
248
248
248
248
248
250
252
253
254
254
254
254
254
253
250
248
248
248
248
248
248
248
248
248
248
248
248
248
248
248
248
250
254
245
249
245
254
250
248
248
248
248
248
248
248
248
248
248
248
248
248
248
248
248
248
248
248
248
251
245
227
87
90
111
249
253
248
248
248
248
248
248
248
248
248
248
248
248
248
248
248
248
248
248
248
248
248
248
248
248
248
248
250
254
245
249
245
254
250
248
248
253
249
111
90
87
227
245
251
248
248
248
248
248
248
248
248
248
248
248
248
248
250
254
245
249
245
254
250
248
248
248
248
248
248
248
248
248
248
248
248
248
248
248
248
248
248
248
248
248
248
248
248
248
248
248
248
248
248
248
248
248
248
248
248
248
248
248
248
248
248
248
248
248
248
248
248
248
248
248
248
248
250
251
253
251
250
248
248
248
248
248
248
248
248
248
248
248
248
248
248
248
248
248
248
248
248
248
253
249
111
90
87
227
245
251
248
248
248
248
248
248
248
248
248
248
248
248
248
248
248
248
248
248
248
248
248
248
248
248
248
250
254
252
227
111
221
245
251
248
248
251
245
221
111
227
252
254
250
248
248
248
248
248
248
248
248
248
248
248
248
250
254
252
227
111
221
245
251
248
248
248
248
248
248
248
248
248
248
248
248
248
248
248
248
248
248
248
248
248
248
248
248
248
248
248
248
248
248
248
248
248
248
248
248
248
248
248
248
248
248
248
248
248
248
248
248
248
248
248
248
248
248
248
248
248
248
248
248
248
248
248
248
248
248
248
248
248
248
248
248
248
248
248
248
248
248
248
251
245
221
111
227
253
254
253
251
250
248
248
248
248
248
248
250
251
253
251
250
248
248
248
248
248
248
248
248
248
248
248
248
251
245
227
87
90
111
249
253
248
248
250
254
245
249
245
254
250
248
248
248
248
248
248
248
248
248
248
248
248
248
251
245
227
87
90
111
249
253
248
248
248
248
248
248
248
248
248
248
248
248
248
248
248
248
248
248
248
248
248
248
248
248
248
248
248
248
248
248
248
248
248
248
248
248
248
248
248
248
248
248
248
248
248
248
248
248
248
248
248
248
248
248
248
248
248
248
248
248
248
248
248
248
248
248
248
248
248
248
248
248
248
248
248
248
248
248
248
250
254
245
249
246
255
246
249
245
254
250
248
248
248
248
250
254
245
249
245
254
250
248
248
248
248
248
248
248
248
248
248
248
253
249
111
90
87
227
245
251
248
248
248
250
251
253
251
250
248
248
248
248
248
248
248
248
248
248
248
248
248
248
253
249
111
90
87
227
245
251
248
248
248
248
248
248
248
248
248
248
248
248
248
248
248
248
248
248
248
248
248
248
248
248
248
248
248
248
248
248
248
248
248
248
248
248
248
248
248
248
248
248
248
248
248
248
248
248
248
248
248
248
248
248
248
248
248
248
248
248
248
248
248
248
248
248
248
248
248
248
248
248
248
248
248
248
248
248
248
248
250
251
253
254
253
227
111
221
245
251
248
248
248
250
254
252
227
111
221
245
251
248
248
248
248
248
248
248
248
248
248
248
251
245
221
111
227
252
254
250
248
248
248
248
248
248
248
248
248
248
248
248
248
248
248
248
248
248
248
248
248
248
251
245
221
111
227
252
254
250
248
248
248
248
248
248
248
248
248
248
248
248
248
248
248
248
248
248
248
248
248
248
248
248
248
248
248
248
248
248
248
248
248
248
248
248
248
248
248
248
248
248
248
248
248
248
248
248
248
248
248
248
248
248
248
248
248
248
248
248
248
248
248
248
248
248
248
248
248
248
248
248
248
248
248
248
248
248
248
248
248
248
250
250
238
104
94
109
243
251
248
248
248
250
250
238
104
94
109
243
251
248
248
248
248
248
248
248
248
248
248
248
250
254
245
249
245
254
250
248
248
248
248
248
248
248
248
248
248
248
248
248
248
248
248
248
248
248
248
248
248
248
250
254
245
249
245
254
250
248
248
248
248
248
248
248
248
248
248
248
248
248
248
248
248
248
248
248
248
248
248
248
248
248
248
248
248
248
248
248
248
248
248
248
248
248
248
248
248
248
248
248
248
248
248
248
248
248
248
248
248
248
248
248
248
248
248
248
248
248
248
248
248
248
248
248
248
248
248
248
248
248
248
248
248
248
248
248
248
248
248
248
248
248
91
91
91
248
248
248
248
248
248
248
248
91
91
91
248
248
248
248
248
248
248
248
248
248
248
248
248
248
248
248
248
248
248
248
248
248
248
248
248
248
248
248
248
248
248
248
248
248
248
248
248
248
248
248
248
248
248
248
248
248
248
248
248
248
248
248
248
248
248
248
248
248
248
248
248
248
248
248
248
248
