245
245
245
245
245
245
245
245
245
245
245
245
245
245
245
245
245
245
245
245
245
245
245
245
245
245
245
245
245
245
245
245
245
245
245
245
245
245
245
245
245
245
245
245
245
245
245
245
245
245
245
245
245
245
245
245
245
245
245
245
245
245
245
245
245
245
245
245
245
245
245
245
245
245
245
245
245
245
245
245
245
245
245
245
245
245
245
245
245
245
245
245
245
245
245
245
245
245
245
245
245
245
245
245
245
245
245
245
245
245
245
245
245
245
245
245
245
245
245
245
245
245
245
245
245
245
245
245
245
245
245
245
245
245
245
245
245
245
245
245
245
245
245
245
245
245
245
245
245
245
245
245
245
245
245
245
245
245
245
245
245
245
245
245
245
245
245
245
245
245
245
245
245
245
245
245
245
245
245
245
246
248
246
224
123
218
240
246
245
245
245
245
245
245
245
245
245
245
245
245
245
245
245
245
245
245
245
245
245
245
245
245
245
245
245
245
245
245
245
245
245
246
248
241
245
241
248
246
245
245
245
245
245
245
245
245
245
245
245
245
245
245
245
245
245
245
245
245
245
245
245
245
245
245
245
245
245
245
245
245
245
245
245
245
245
245
245
245
245
245
245
245
245
245
245
245
245
245
245
245
245
245
245
245
245
245
245
245
245
245
245
245
245
245
245
245
245
245
245
245
245
245
245
245
245
245
245
245
245
245
245
245
245
245
245
245
245
245
245
245
245
245
245
245
245
245
245
245
245
245
246
241
226
106
109
126
245
247
245
245
245
245
245
245
245
245
245
245
245
245
245
245
245
245
245
245
245
245
245
245
245
245
245
245
245
245
245
245
245
245
246
248
246
226
126
221
241
246
245
245
245
245
245
245
245
245
245
245
245
245
245
245
245
245
245
245
245
245
245
245
245
245
245
245
245
245
245
245
245
245
245
245
245
245
245
245
245
245
245
245
245
245
245
245
245
245
245
245
245
245
245
245
245
245
245
245
245
245
245
245
245
245
245
245
245
245
246
246
246
245
245
245
245
245
245
245
245
245
245
245
245
245
245
245
245
245
245
245
245
245
245
245
245
245
245
245
245
245
245
245
248
247
132
114
110
228
241
246
245
245
245
245
245
245
245
245
245
245
245
245
245
245
245
245
245
245
245
245
245
245
245
245
245
245
245
245
245
245
245
245
246
241
226
106
109
126
245
247
245
245
245
245
245
245
245
245
245
245
245
245
245
245
245
245
245
245
245
245
245
245
245
245
245
245
245
245
245
245
245
245
245
245
245
245
245
245
245
245
245
245
245
245
245
245
245
245
245
245
245
245
245
245
245
245
245
245
245
245
245
245
245
245
245
245
245
246
248
241
240
245
245
245
245
245
245
245
245
245
245
245
245
245
245
245
245
245
245
245
245
245
245
245
245
245
245
245
245
245
245
246
246
244
211
126
224
250
248
246
245
245
245
245
245
245
245
245
245
245
245
245
245
245
245
245
245
245
245
245
245
245
245
245
245
245
245
245
246
246
248
249
251
250
136
117
111
228
241
246
245
245
245
245
245
245
245
245
245
245
245
246
246
247
246
246
245
245
245
245
245
245
245
245
245
245
245
245
245
245
245
245
245
245
245
245
245
245
245
245
245
245
245
246
246
247
246
246
245
245
245
245
245
245
245
245
245
245
245
245
245
245
245
245
245
245
246
248
246
226
128
245
245
245
245
245
245
245
245
245
245
245
245
245
245
245
245
245
245
245
245
245
245
245
245
245
245
245
245
245
246
248
243
199
181
129
219
248
249
249
249
249
248
246
246
245
245
245
245
245
245
245
245
245
245
245
245
245
245
245
245
245
245
245
245
245
245
245
246
240
236
228
235
227
207
115
224
250
252
247
246
245
245
245
245
245
245
245
245
245
246
248
241
245
241
248
246
245
245
245
245
245
245
245
245
245
245
245
245
245
245
245
245
245
245
245
245
245
245
245
245
245
246
248
241
245
241
248
246
245
245
245
245
245
245
245
245
245
245
245
245
245
245
245
245
245
246
241
226
106
108
110
245
245
245
245
245
245
245
245
245
245
245
245
245
245
245
245
245
245
245
245
245
245
245
245
245
245
245
245
246
245
199
132
102
120
139
249
246
233
229
233
241
246
248
246
245
245
245
245
245
245
245
245
245
245
245
245
245
245
245
245
245
245
245
245
245
245
248
231
152
137
145
150
139
140
177
237
241
244
248
246
245
245
245
245
245
245
245
246
248
246
226
126
221
241
246
245
245
245
245
245
245
245
245
245
245
246
247
248
249
248
247
246
245
245
245
245
245
245
245
246
248
246
226
126
221
241
246
245
245
245
245
245
245
245
245
245
245
245
245
245
245
245
245
245
247
245
126
109
108
245
245
245
245
245
245
245
245
245
245
245
245
245
245
245
245
245
245
245
245
245
245
245
245
245
245
245
245
246
250
227
142
105
102
107
213
230
188
139
141
141
176
237
244
248
246
245
245
245
245
245
245
245
245
245
245
245
245
245
245
245
245
245
245
245
245
245
248
221
131
106
114
114
116
122
133
138
147
229
247
248
246
245
245
245
245
245
245
246
241
226
106
109
126
245
247
245
245
245
245
245
245
245
245
246
248
250
245
238
228
236
242
247
246
245
245
245
245
245
245
246
241
226
106
109
126
245
247
245
245
245
245
245
245
245
245
245
245
245
245
245
245
245
245
245
246
241
221
126
221
245
245
245
245
245
245
245
245
245
245
245
245
246
246
247
247
247
246
246
246
246
247
246
246
245
245
245
245
247
245
213
128
119
110
135
149
149
133
124
120
123
126
123
214
248
250
248
246
245
245
245
245
245
245
245
245
245
245
245
245
245
245
245
245
245
245
245
248
232
154
131
135
138
134
127
118
119
124
145
229
242
244
246
245
245
245
245
245
247
245
126
109
106
226
241
246
245
245
245
245
245
245
246
247
248
242
237
218
148
140
141
218
245
248
246
245
245
245
245
245
247
245
126
109
106
226
241
246
245
245
245
245
245
245
245
245
245
245
245
245
245
245
245
245
245
246
248
241
245
240
245
245
245
245
245
245
245
245
245
246
246
248
250
246
247
238
246
245
248
249
241
244
241
248
246
245
245
245
248
237
150
129
127
129
126
127
125
126
129
130
126
103
105
121
228
237
241
246
247
247
248
248
247
246
245
245
245
245
245
245
245
245
245
245
245
245
245
247
241
233
217
181
207
225
148
132
128
123
129
135
193
247
248
245
245
245
245
245
246
241
221
126
226
246
248
246
245
245
245
245
245
246
247
244
237
179
140
134
128
119
121
118
227
246
248
246
245
245
245
245
246
241
221
126
226
246
248
246
245
245
245
245
245
245
245
245
245
245
245
245
245
245
245
245
245
245
246
246
247
246
245
245
245
245
245
245
245
246
247
250
246
238
232
229
172
202
171
232
248
248
229
126
221
241
246
245
245
246
250
231
147
122
130
130
128
125
123
121
125
128
112
110
104
127
118
138
183
241
248
241
234
231
241
246
246
245
245
245
245
245
245
245
245
245
245
245
245
246
247
248
246
245
247
246
244
191
129
122
119
118
174
239
248
246
245
245
245
245
246
248
241
245
241
248
246
245
245
245
245
245
245
247
242
215
138
129
119
103
121
121
102
103
121
237
247
247
245
245
245
245
246
248
241
245
241
248
246
245
245
245
245
245
245
245
245
245
245
245
245
245
245
245
245
245
245
245
245
245
245
245
245
245
245
245
245
245
246
245
238
235
221
148
143
137
137
128
136
134
201
228
113
110
126
245
247
245
245
246
245
224
140
123
129
127
133
138
145
147
138
130
120
109
123
106
103
101
129
201
251
231
147
130
201
242
246
245
245
245
245
245
245
245
245
245
245
245
245
245
245
246
246
246
247
248
248
244
186
132
131
125
130
201
245
246
245
245
245
245
245
246
246
247
246
246
245
245
245
245
245
245
245
248
233
145
122
120
105
104
116
111
118
102
128
161
240
246
246
245
245
245
245
246
246
247
246
246
245
245
245
245
245
245
245
245
245
245
245
245
245
245
245
245
245
245
245
245
245
245
245
245
245
245
245
245
245
245
248
247
191
141
130
122
113
114
118
120
119
126
142
113
108
110
226
241
246
245
245
246
249
173
139
125
126
128
145
228
236
235
230
157
132
130
108
110
107
123
134
203
251
222
131
111
137
220
248
246
246
247
246
246
245
245
245
245
245
245
245
245
245
245
245
245
245
245
246
246
243
227
143
120
121
134
218
248
246
245
245
245
245
245
245
245
245
245
245
245
246
246
248
248
248
251
223
137
119
104
109
114
170
222
140
189
139
125
188
248
247
245
245
245
245
245
245
245
245
245
245
245
245
245
245
245
245
245
245
245
245
245
245
245
245
245
245
245
245
245
245
245
245
245
245
245
245
245
245
246
248
239
173
114
125
137
144
141
140
137
132
125
122
124
120
232
246
248
246
245
245
247
241
221
132
123
128
138
226
248
250
250
248
245
211
136
121
105
125
120
171
234
251
226
139
112
134
212
249
248
241
245
241
248
246
245
245
245
245
245
245
245
245
245
245
245
245
245
245
246
249
246
202
136
124
124
171
238
247
245
245
245
245
245
245
245
245
245
245
246
248
244
235
231
245
246
186
128
124
126
128
228
248
240
249
233
150
125
181
247
248
245
245
245
245
245
245
245
245
245
245
245
245
245
245
245
245
245
245
245
245
245
245
245
245
245
245
245
245
245
245
245
245
245
245
245
245
245
245
246
245
202
129
124
142
226
234
201
220
224
142
129
122
135
224
246
248
246
245
245
245
248
244
166
131
121
127
203
247
248
246
246
248
250
248
207
138
134
130
126
137
207
253
227
140
113
138
217
253
248
226
126
221
241
246
245
245
245
245
245
245
245
245
245
245
245
245
245
245
245
246
247
246
207
130
119
144
229
249
245
245
245
245
245
245
245
245
245
246
248
246
231
146
136
203
236
155
122
131
190
244
246
250
248
249
248
216
126
174
243
250
246
246
245
245
245
245
245
245
245
245
245
245
245
245
245
245
245
245
245
245
245
245
245
245
245
245
245
245
245
245
245
245
245
245
245
245
245
246
249
223
140
121
129
184
249
252
250
252
250
213
128
119
148
233
250
246
245
245
245
245
249
236
155
122
119
130
204
248
247
246
248
241
246
244
247
238
189
138
120
122
190
248
226
138
113
130
214
242
230
106
109
126
245
247
245
245
245
245
245
245
245
245
245
245
245
245
245
245
245
245
248
247
209
130
116
142
227
248
245
245
245
245
245
245
245
245
246
246
244
233
148
123
118
138
198
149
117
176
246
251
248
246
245
246
249
220
136
124
195
240
242
246
245
245
245
245
245
245
245
245
245
245
245
245
245
245
245
245
245
245
245
245
245
245
245
245
245
245
245
245
245
245
245
245
245
245
245
246
245
211
129
117
140
225
251
246
245
248
247
210
126
124
174
240
247
245
245
245
245
245
250
239
159
122
123
136
210
248
246
248
246
226
127
222
246
254
237
150
120
125
141
225
237
146
123
126
153
234
133
109
106
226
241
246
245
245
245
245
245
245
245
245
245
245
245
245
245
245
245
245
249
231
147
127
119
144
226
249
245
245
245
245
245
245
245
246
248
245
189
132
130
128
125
134
133
130
125
184
241
249
241
248
246
245
248
228
140
126
128
155
237
249
246
245
245
245
245
245
245
245
245
245
245
245
245
245
245
245
245
245
245
245
245
245
245
245
245
245
245
245
245
245
245
245
245
245
245
247
233
147
125
121
136
222
246
248
246
250
235
151
122
129
211
248
247
245
245
245
245
246
248
233
152
120
124
184
241
248
246
241
226
106
109
126
245
250
236
153
122
119
133
215
248
206
125
114
145
223
231
129
228
248
250
248
248
247
246
245
245
245
245
245
245
245
245
245
245
245
245
245
248
222
140
120
119
144
227
249
245
245
245
245
245
245
246
247
248
203
124
105
121
127
129
129
128
124
139
188
230
131
221
241
246
245
248
243
201
124
113
133
224
246
247
246
245
245
245
245
245
245
245
245
245
245
245
245
245
245
245
245
245
245
245
245
245
245
245
245
245
245
245
245
245
245
245
245
245
247
233
147
126
123
131
148
238
247
249
248
222
135
116
136
214
248
246
245
245
245
245
248
247
177
130
120
130
193
248
248
247
245
126
109
106
226
241
250
235
152
122
121
135
215
253
219
139
117
146
237
247
246
246
254
246
235
232
241
247
246
245
245
245
245
245
245
245
245
245
245
245
245
248
230
147
127
119
144
227
249
245
245
245
245
245
246
248
247
220
130
103
101
104
129
131
132
127
124
153
217
114
111
126
246
248
247
247
251
216
138
123
127
153
238
246
246
245
245
245
245
245
245
245
245
245
245
245
245
245
245
245
245
245
245
245
245
245
245
245
245
245
245
245
245
245
245
245
245
245
246
244
210
130
122
125
127
158
243
247
241
149
128
115
131
211
248
246
245
245
245
245
249
242
174
124
119
129
190
247
248
246
241
221
126
226
246
248
250
234
151
121
120
132
210
250
244
187
117
145
231
218
186
233
239
217
143
135
209
247
248
246
246
245
245
245
245
245
245
245
245
245
245
248
242
194
127
118
143
227
249
245
245
245
245
245
246
245
232
138
102
105
114
142
169
198
135
127
125
139
114
115
109
227
246
244
245
241
250
241
184
122
119
128
173
246
248
245
245
245
245
245
245
245
245
245
245
245
245
245
245
245
245
245
245
245
245
245
245
245
245
245
245
245
245
245
245
245
245
245
246
249
224
142
125
126
123
132
185
244
168
124
123
128
147
222
247
246
245
245
245
245
247
237
168
123
122
132
191
247
247
246
248
241
245
241
248
246
249
234
151
119
124
139
218
251
248
193
121
136
204
147
134
140
147
135
124
120
134
215
243
246
248
246
245
245
245
245
245
245
245
245
245
248
241
192
128
119
143
227
249
245
245
246
247
249
252
244
161
126
122
128
229
236
242
243
194
133
121
124
159
130
234
250
250
228
126
221
245
250
197
133
120
121
168
241
249
245
245
245
245
245
245
245
245
245
245
245
245
245
245
245
245
245
245
245
245
245
245
245
245
245
245
245
245
245
245
245
245
245
245
246
243
201
129
126
122
126
175
178
134
123
132
179
240
243
246
245
245
245
245
247
249
193
132
124
123
147
213
246
245
245
246
246
247
246
246
245
249
235
152
115
121
189
240
249
248
197
130
131
131
131
117
114
114
117
122
122
130
133
162
236
245
245
246
245
245
245
245
245
245
245
246
249
234
150
127
119
143
227
249
245
246
247
243
234
208
207
147
118
160
239
248
250
249
248
245
168
126
124
167
240
248
248
228
106
109
126
246
248
242
174
126
122
168
241
248
245
245
245
245
245
245
245
245
245
245
245
245
245
245
245
245
245
245
245
245
245
245
245
245
245
245
245
245
245
245
245
245
245
245
246
247
247
188
132
127
131
135
134
131
121
154
236
249
250
246
245
245
245
245
248
246
186
126
120
124
169
239
250
245
245
245
245
245
245
245
246
250
237
152
119
135
205
249
248
247
238
169
121
122
128
133
143
146
144
134
126
119
120
124
155
225
247
247
245
245
245
245
245
245
245
246
246
221
142
122
119
140
225
248
245
247
244
222
140
139
137
130
127
179
249
249
246
245
247
247
239
150
128
130
201
249
248
127
109
106
226
241
248
248
235
152
118
151
220
249
247
245
245
245
245
245
245
245
245
245
245
245
245
245
245
245
245
245
245
245
245
245
245
245
245
245
245
245
245
245
245
245
245
245
245
248
249
236
157
122
128
126
126
128
127
137
186
248
246
246
246
245
245
245
248
248
191
128
119
128
176
245
248
245
245
245
245
245
245
245
246
247
230
142
116
174
238
248
245
249
246
178
125
123
133
183
236
235
234
206
148
137
132
119
127
191
247
247
245
245
245
245
245
245
246
249
243
161
131
124
127
148
233
249
245
248
234
147
120
120
124
120
135
200
245
246
245
245
246
247
248
224
132
117
140
221
246
223
126
226
246
248
246
250
240
159
118
123
184
241
247
245
245
245
245
245
245
245
245
245
245
245
245
245
245
245
245
245
245
245
245
245
245
245
245
245
245
245
245
245
245
245
245
245
246
248
247
187
130
124
129
133
131
128
121
125
173
177
216
244
248
246
245
246
248
243
186
122
122
139
200
245
246
245
245
245
245
245
245
245
248
246
169
125
123
182
247
249
245
248
244
176
123
119
164
241
251
251
249
245
239
230
155
125
126
193
248
248
245
245
245
245
245
245
246
247
228
142
122
124
131
210
246
247
245
248
236
148
127
126
127
130
162
242
248
245
245
245
245
246
250
229
142
112
133
214
252
244
244
241
248
246
245
249
240
161
123
120
135
208
248
246
245
245
245
245
245
245
245
245
245
245
245
245
245
245
245
245
245
245
245
245
245
245
245
245
245
245
245
245
245
245
245
245
246
244
199
126
119
126
138
190
193
140
131
128
130
133
140
226
245
246
245
247
244
207
132
124
131
177
242
248
245
245
245
245
245
245
245
245
249
238
161
114
119
177
243
248
244
249
245
177
122
122
176
243
250
245
246
247
250
249
230
135
117
185
241
247
245
245
245
245
245
245
249
247
169
131
126
121
135
214
250
246
245
247
245
213
129
122
124
142
231
248
246
245
245
245
245
245
249
235
158
122
125
208
246
248
247
246
246
245
245
247
246
197
133
112
125
198
247
247
245
245
245
245
245
245
245
245
245
245
245
245
245
245
245
246
246
247
246
246
245
245
245
245
245
245
245
245
245
245
246
247
250
225
139
126
131
154
239
239
243
230
151
126
120
122
124
155
240
248
246
249
228
142
124
119
142
229
249
246
245
245
245
245
245
245
246
246
252
245
169
120
128
184
247
247
245
251
243
174
105
119
169
242
249
245
245
245
246
250
232
145
118
137
212
248
246
245
245
245
245
246
248
234
156
120
123
122
139
219
248
246
245
246
249
227
144
125
120
141
229
247
246
245
245
245
245
245
247
246
209
129
121
147
234
250
246
245
245
245
245
246
247
237
143
118
129
207
248
247
245
245
245
245
245
245
245
245
245
245
245
245
245
245
246
248
241
245
241
248
246
245
245
245
245
245
245
245
245
245
246
243
240
204
124
121
197
248
248
235
136
226
227
149
134
130
119
150
234
249
248
246
216
131
122
122
145
231
249
245
245
245
245
245
245
246
248
242
247
229
163
117
156
236
247
246
246
243
224
114
102
107
170
243
249
245
245
245
245
249
229
145
112
129
204
248
247
245
245
245
246
247
246
181
131
125
126
129
200
243
246
245
245
245
246
245
207
134
124
127
164
246
248
245
245
245
245
245
246
249
214
136
114
133
221
247
247
245
245
245
245
245
247
245
219
135
185
242
247
245
245
245
245
245
245
245
245
245
245
245
245
245
245
246
248
246
226
126
221
241
246
245
245
245
245
245
245
245
245
245
247
237
163
129
128
138
220
249
231
107
110
131
245
243
184
124
116
153
235
250
245
234
145
130
125
122
150
231
248
245
245
245
245
245
246
248
246
229
134
170
132
122
165
243
250
245
247
246
131
112
101
119
165
239
250
245
245
245
245
249
229
145
113
133
206
249
247
245
245
245
246
244
195
128
125
122
121
176
241
249
246
245
245
245
246
248
242
183
121
115
150
233
248
246
245
245
245
245
246
249
216
139
120
128
149
237
247
246
245
245
245
245
246
247
240
238
238
246
246
245
245
245
245
245
245
245
245
245
245
245
245
245
245
246
241
226
106
109
126
245
247
245
245
245
245
245
245
245
245
245
247
240
155
120
117
186
245
248
127
109
107
227
246
252
205
135
119
154
238
253
243
162
127
124
125
130
177
241
247
245
245
245
245
245
246
241
226
112
106
105
127
120
163
240
249
245
246
241
226
122
139
121
144
211
247
245
245
245
245
249
229
146
112
133
206
249
247
245
245
246
248
219
138
124
125
132
143
203
247
248
245
245
245
245
245
248
250
195
134
122
129
173
242
246
246
245
245
245
245
248
232
168
122
119
126
166
244
248
245
245
245
245
245
246
247
248
247
246
245
245
245
245
245
245
245
245
245
245
245
245
245
245
245
247
245
126
109
106
226
241
246
245
245
245
245
245
245
245
245
245
246
246
225
131
124
196
250
248
221
126
226
246
248
250
241
174
117
144
231
251
238
157
121
127
123
132
215
249
247
245
245
245
245
245
247
245
129
115
102
128
123
122
160
237
249
245
246
248
245
242
157
128
124
185
247
247
245
245
245
249
229
144
112
130
204
248
247
245
246
248
246
207
126
120
120
140
224
245
245
246
245
245
245
245
245
245
248
237
166
121
121
132
193
248
247
245
245
245
245
247
248
201
134
123
121
165
240
250
245
245
245
245
245
245
245
245
245
245
245
245
245
245
245
245
245
245
245
245
245
245
245
245
245
246
241
221
126
226
246
248
246
245
245
245
245
245
245
245
245
245
246
250
231
141
117
189
245
251
243
245
241
248
246
248
241
175
119
125
168
249
242
160
122
125
127
145
226
248
245
245
245
245
245
245
246
241
225
125
175
129
123
131
168
245
248
245
245
246
248
248
231
137
119
186
247
248
245
245
246
250
233
145
117
137
213
248
246
245
247
247
231
140
126
127
131
167
243
250
246
245
245
245
245
245
245
245
249
242
172
124
119
124
187
244
248
245
245
245
245
246
247
238
172
120
118
159
235
247
246
245
245
245
245
245
245
245
245
245
245
245
245
245
245
245
245
245
245
245
245
245
245
245
245
246
248
241
245
241
248
246
245
245
245
245
245
245
245
245
245
245
245
249
229
142
120
134
213
249
252
250
248
246
247
249
205
137
120
125
167
248
240
155
118
119
123
196
242
248
245
245
245
245
245
245
246
249
247
222
137
133
122
144
229
247
246
245
245
245
246
250
235
147
116
180
241
248
245
245
247
247
228
135
119
186
240
248
246
248
246
235
148
125
124
135
207
242
242
246
245
245
245
245
245
245
245
245
248
246
174
129
121
124
158
226
247
245
245
245
245
245
248
248
187
131
120
128
182
247
247
245
245
245
245
245
245
245
245
245
245
245
245
245
245
245
245
245
245
245
245
245
245
245
245
245
246
246
247
246
246
245
245
245
245
245
245
245
245
245
245
245
245
248
226
142
115
127
138
219
235
239
244
248
249
240
186
124
118
147
232
250
243
169
128
122
130
209
249
247
245
245
245
245
245
245
246
249
247
214
131
124
123
152
238
250
246
245
245
245
245
250
232
147
117
139
213
251
250
249
248
242
155
122
123
191
249
250
248
243
208
145
130
120
122
192
245
249
246
246
245
245
245
245
245
245
245
245
246
245
238
154
129
120
135
209
250
246
245
245
245
245
246
246
232
152
110
121
181
246
247
245
245
245
245
245
245
245
245
245
245
245
245
245
245
245
245
245
245
245
245
245
245
245
245
245
245
245
245
245
245
245
245
245
245
245
245
245
245
245
245
245
245
248
234
143
122
119
129
137
143
164
223
247
243
181
133
128
119
149
233
250
245
240
212
138
185
240
247
245
245
245
245
245
245
245
246
246
230
140
130
127
122
150
235
249
245
245
245
245
245
249
230
145
115
127
193
235
241
241
241
165
126
119
129
194
250
246
239
194
133
126
123
122
133
201
249
247
245
245
245
245
245
245
245
245
245
245
246
247
248
228
139
117
128
202
245
248
245
245
245
245
245
249
245
172
133
166
237
246
246
245
245
245
245
245
245
245
245
245
245
245
245
245
245
245
245
245
245
245
245
245
245
245
245
245
245
245
245
245
245
245
245
245
245
245
245
245
245
245
245
245
245
247
244
219
138
130
124
119
121
126
140
215
221
136
121
120
125
150
218
251
251
253
250
248
248
251
252
250
250
250
250
250
250
250
251
245
157
126
127
128
121
148
233
249
245
245
245
245
245
248
238
153
125
128
137
142
166
206
145
130
123
127
172
243
250
237
154
129
128
122
122
124
176
242
246
246
245
245
245
245
245
245
245
245
245
245
245
246
249
231
145
119
127
156
233
249
246
245
245
245
245
246
242
236
229
238
246
247
245
245
245
246
247
248
250
250
250
250
250
250
250
250
250
250
250
250
250
248
247
246
245
245
245
245
245
245
245
245
245
245
245
245
245
245
245
245
245
245
245
245
245
246
246
244
237
184
133
127
119
116
121
128
130
123
121
130
144
227
233
227
216
219
220
222
221
219
218
217
217
217
217
217
217
216
238
230
159
123
129
130
133
163
248
253
250
250
250
250
250
252
251
224
132
105
123
124
131
131
132
125
126
161
245
254
252
227
135
123
128
137
144
181
248
252
252
251
250
250
250
250
250
250
250
250
250
250
250
250
254
245
161
133
124
135
222
249
252
250
250
250
250
251
252
253
254
253
252
251
250
250
250
251
244
231
216
217
217
217
217
217
217
217
217
217
217
217
214
227
236
246
245
245
245
245
245
245
245
245
245
245
245
245
245
245
245
245
245
245
245
245
245
245
246
247
247
245
231
157
140
142
141
140
140
139
140
195
241
248
245
148
138
141
141
141
141
141
141
141
141
141
141
141
141
141
147
224
145
110
124
121
121
200
218
220
217
217
217
217
217
219
227
205
113
100
102
115
114
114
115
115
114
154
217
230
224
147
126
123
123
128
202
225
227
232
228
226
226
226
227
226
225
223
220
218
217
217
217
217
221
217
194
119
117
126
142
221
223
218
217
217
217
217
217
217
219
220
221
221
221
221
220
220
221
137
139
141
141
141
141
141
141
141
141
141
141
141
137
146
240
247
245
245
245
245
245
245
245
245
245
245
245
245
245
245
245
245
245
245
245
245
245
245
245
245
246
248
245
240
231
231
232
231
232
229
234
242
248
248
238
230
218
220
219
217
217
217
217
217
217
217
217
217
217
222
219
122
108
108
107
113
125
140
145
142
141
141
141
141
141
143
145
122
119
109
128
127
129
128
128
127
128
134
142
144
128
115
109
113
112
120
129
135
131
129
128
128
129
128
128
127
126
134
138
145
141
141
141
141
143
146
140
127
113
107
115
128
140
145
141
141
141
141
141
142
148
137
142
144
144
142
137
146
138
221
219
217
217
217
217
217
217
217
217
217
217
217
214
227
236
246
245
245
245
245
245
245
245
245
245
245
245
245
245
245
245
245
245
245
245
245
245
245
245
245
245
246
246
248
249
250
250
250
250
250
248
247
246
246
250
247
250
249
254
251
250
250
250
250
250
250
250
250
250
255
240
127
102
105
125
132
200
225
220
217
217
217
217
217
217
218
222
200
131
222
233
228
227
226
226
226
225
222
225
218
151
117
122
128
126
124
121
118
116
116
117
117
116
117
117
114
111
149
215
222
217
217
217
217
217
221
224
185
123
118
118
145
215
223
217
217
217
217
219
223
220
201
106
197
195
102
195
212
234
244
251
250
250
250
250
250
250
250
250
250
250
250
250
248
247
246
245
245
245
245
245
245
245
245
245
245
245
245
245
245
245
245
245
245
245
245
245
245
245
245
245
245
245
245
245
245
245
245
245
245
245
245
246
248
246
226
126
221
241
246
245
245
245
245
245
245
245
245
245
250
240
166
108
122
128
194
248
252
250
250
250
250
250
250
250
250
251
244
246
245
252
250
250
250
250
250
250
250
254
247
169
120
118
123
123
123
123
123
122
122
121
122
122
123
122
119
119
168
247
254
250
250
250
250
250
252
253
214
140
124
122
163
246
254
250
250
250
250
252
249
238
121
116
120
117
125
139
251
252
248
246
245
245
245
245
245
245
245
245
245
245
245
245
245
245
245
245
245
245
245
245
245
245
245
245
245
245
245
245
245
245
245
245
245
245
245
245
245
245
245
245
245
245
245
245
245
245
245
245
245
245
245
246
241
226
106
109
126
245
247
245
245
245
245
245
245
245
245
246
248
238
164
125
122
131
197
248
248
245
245
245
245
245
245
245
245
246
246
247
246
246
245
245
245
245
245
245
245
248
243
175
139
141
143
144
145
144
143
143
144
144
144
144
143
143
140
138
175
243
248
245
245
245
245
245
245
247
238
175
112
120
161
242
247
245
245
245
245
247
245
126
113
106
108
104
110
232
238
246
241
248
246
245
245
245
245
245
245
245
245
245
245
245
245
245
245
245
245
245
245
245
245
245
246
246
247
246
246
245
245
245
245
245
245
245
245
245
245
245
245
245
245
245
245
245
245
245
245
245
245
245
245
247
245
126
109
106
226
241
247
246
247
246
246
245
245
245
245
247
248
198
139
125
120
128
193
247
248
245
245
245
245
245
245
245
245
245
245
245
245
245
245
245
245
245
245
245
245
246
243
237
231
229
232
232
232
232
232
231
231
231
231
232
232
232
230
230
237
243
246
245
245
245
245
245
245
248
248
194
137
146
233
245
246
245
245
245
245
246
241
221
129
223
225
134
234
248
232
128
221
241
246
245
245
245
245
245
245
245
245
245
245
245
245
245
245
245
245
245
245
245
245
246
248
241
245
241
248
246
245
245
245
245
245
245
245
245
245
245
245
245
245
245
245
245
245
245
245
245
245
245
245
246
241
221
126
226
246
248
248
241
245
241
248
246
245
245
245
248
242
178
117
116
122
129
195
244
248
245
245
245
245
245
245
245
245
245
245
245
245
245
245
245
245
245
245
246
246
247
248
248
249
250
250
250
250
250
250
250
250
250
250
250
250
250
250
249
248
246
246
245
245
245
245
245
245
246
245
238
230
237
243
248
246
245
245
245
245
246
248
241
246
246
246
247
238
232
108
109
126
245
247
245
245
245
245
245
245
245
245
245
245
245
245
245
245
245
245
245
245
245
246
248
246
226
126
221
241
246
245
245
245
245
245
245
245
245
245
245
245
245
245
245
245
245
245
245
245
245
245
245
245
246
248
241
245
241
248
248
246
226
126
221
241
246
245
245
245
248
245
190
137
137
164
195
199
245
247
245
245
245
245
245
245
245
245
245
245
245
245
245
245
245
245
245
246
248
241
245
241
248
246
245
245
245
245
245
245
245
245
245
245
245
245
245
245
245
245
245
245
245
245
245
245
245
245
245
246
247
248
248
246
246
245
245
245
245
245
245
246
246
247
247
247
248
246
128
109
106
226
241
246
245
245
245
245
245
245
245
245
245
245
245
245
245
245
245
245
245
245
245
246
241
226
106
109
126
245
247
245
245
245
245
245
245
245
245
245
245
245
245
245
245
245
245
245
245
245
245
245
245
245
245
246
246
247
246
247
241
226
106
109
126
245
247
245
245
245
246
244
238
230
231
238
239
244
242
246
245
245
245
245
245
245
245
245
245
245
245
245
245
245
245
245
246
248
246
226
126
221
241
246
245
245
245
245
245
245
245
245
245
245
245
245
245
245
245
245
245
245
245
245
245
245
245
245
245
245
245
245
245
245
245
245
245
245
245
245
245
245
245
245
245
245
246
241
221
126
226
246
248
246
245
245
245
245
245
245
245
245
245
245
245
245
245
245
245
245
245
245
245
247
245
126
110
109
230
244
247
245
245
245
245
245
245
245
245
245
245
245
245
245
245
245
245
245
245
245
245
245
245
245
245
245
245
245
245
247
245
126
109
106
226
241
246
245
245
245
245
246
248
248
249
248
248
246
246
245
245
245
245
245
245
245
245
245
245
245
245
245
245
245
245
245
246
241
226
106
109
126
245
247
245
245
245
245
245
245
245
245
245
245
245
245
245
245
245
245
245
245
245
245
245
245
245
245
245
245
245
245
245
245
245
245
245
245
245
245
245
245
245
245
245
245
246
248
241
245
241
248
246
245
245
245
245
245
245
245
245
245
245
245
245
245
245
245
245
245
245
245
245
246
241
222
133
222
247
246
248
246
245
245
245
245
245
245
245
245
245
245
245
245
245
245
245
245
245
245
245
245
245
245
245
245
245
245
245
246
241
221
126
226
246
248
246
245
245
245
245
245
245
245
245
245
245
245
245
245
245
245
245
245
245
245
245
245
245
245
245
245
245
245
245
245
247
245
126
109
106
226
241
246
245
245
245
245
245
245
245
245
245
245
245
245
245
245
245
245
245
245
245
245
245
245
245
245
245
245
245
245
245
245
245
245
245
245
245
245
245
245
245
245
245
245
245
246
246
247
246
246
245
245
245
245
245
245
245
245
245
245
245
245
245
245
245
245
245
245
245
245
245
246
248
246
247
222
133
222
241
246
245
245
245
245
245
245
245
245
245
245
245
245
245
245
245
245
245
245
245
245
245
245
245
245
245
245
245
246
248
241
245
241
248
246
245
245
245
245
245
245
245
245
245
245
245
245
245
245
245
245
245
245
245
245
245
245
245
245
245
245
245
245
245
245
246
240
218
123
224
246
248
246
245
245
245
245
245
245
245
245
245
245
245
245
245
245
245
245
245
245
245
245
245
245
245
245
245
245
245
245
245
245
245
245
245
245
245
245
245
245
245
245
245
245
245
245
245
245
245
245
245
245
245
245
245
245
245
245
245
245
245
245
245
245
245
245
245
245
245
245
245
245
246
247
239
124
114
126
240
246
245
245
245
245
245
245
245
245
245
245
245
245
245
245
245
245
245
245
245
245
245
245
245
245
245
245
245
245
245
245
245
245
245
245
245
245
245
245
245
245
245
245
245
245
245
245
245
245
245
245
245
245
245
245
245
245
245
245
245
245
245
245
245
245
245
245
245
245
245
245
245
245
245
245
245
245
245
245
245
245
245
245
245
245
245
245
245
245
245
245
245
245
245
245
245
245
245
245
245
245
245
245
245
245
245
245
245
245
245
245
245
245
245
245
245
245
245
245
245
245
245
245
245
245
245
245
245
245
245
245
245
245
245
245
245
245
245
245
245
245
245
245
245
245
110
110
110
245
245
245
245
245
245
245
