246
246
246
246
246
246
246
246
246
246
246
246
246
246
246
246
246
246
246
246
246
246
246
246
246
246
246
246
246
246
246
246
246
246
246
246
246
246
246
246
246
246
246
246
246
246
246
246
246
246
246
246
246
246
246
246
246
246
246
246
246
246
246
52
52
52
246
246
246
246
246
246
246
246
246
246
246
246
246
246
246
246
246
246
246
246
246
246
246
246
246
246
246
246
246
246
246
246
246
246
246
246
246
246
246
246
246
246
246
246
246
246
246
246
246
246
246
246
246
246
246
246
246
246
246
246
246
246
246
246
246
246
246
246
246
246
246
246
246
246
246
246
246
246
246
246
246
246
246
246
246
246
246
246
246
246
246
246
246
246
246
246
246
246
246
246
246
246
246
246
246
246
246
246
248
254
240
246
240
254
248
246
246
246
246
246
246
246
246
246
246
246
246
246
246
246
246
246
246
246
246
246
246
246
246
246
246
246
246
246
250
238
74
56
67
233
247
248
246
246
246
246
246
246
246
246
246
246
246
246
246
246
246
246
246
246
246
246
246
246
246
246
247
249
251
252
252
252
251
246
247
249
252
245
240
236
200
207
239
243
247
247
246
246
246
248
250
252
250
248
246
246
246
246
246
246
246
246
246
246
248
254
240
246
240
254
248
246
246
246
246
246
246
246
246
246
246
246
246
246
246
246
246
246
246
246
246
246
246
246
246
246
246
246
246
246
246
246
246
246
246
246
246
248
254
249
220
76
212
240
250
246
246
246
246
246
246
246
246
246
246
246
246
246
246
246
246
246
246
246
246
246
246
246
246
246
246
246
246
246
250
240
212
76
220
249
254
248
246
246
246
246
246
246
246
246
246
246
246
246
246
246
246
246
246
246
246
246
246
247
249
250
252
244
240
236
238
238
240
216
197
239
243
211
178
174
173
169
177
224
251
248
246
246
248
254
240
246
240
254
248
246
246
246
246
246
246
246
246
248
254
249
220
76
212
240
250
246
246
246
246
246
246
246
246
246
246
246
246
246
246
246
246
246
246
246
246
246
246
246
246
246
246
246
246
246
246
246
246
246
246
246
246
250
240
220
46
50
76
246
252
246
246
246
246
246
246
246
246
246
246
246
246
246
246
246
246
246
246
246
246
246
246
247
248
250
250
248
247
246
248
254
240
246
240
254
248
246
246
246
246
246
246
246
246
246
246
246
246
246
246
246
246
246
246
246
246
246
248
252
248
242
246
235
185
176
178
180
179
174
175
178
182
174
165
163
167
163
162
211
244
249
246
248
254
249
220
76
212
240
250
246
246
246
246
246
247
249
251
254
243
221
47
50
76
246
252
246
246
246
246
246
246
246
246
246
246
246
246
246
246
246
246
246
246
246
246
246
246
246
246
246
246
246
246
246
246
246
246
246
246
246
246
252
246
76
50
46
220
240
250
246
246
246
246
246
246
246
246
246
246
246
246
246
246
246
246
246
246
246
246
246
247
249
246
241
239
242
249
246
246
248
250
252
250
248
246
246
246
246
246
246
246
246
246
246
246
246
247
248
250
252
252
251
248
249
250
253
255
246
235
165
192
224
170
159
164
164
164
171
163
166
162
174
171
170
170
171
168
175
225
251
247
250
240
220
46
50
76
246
252
246
246
246
246
246
248
242
238
240
242
76
53
46
220
240
250
246
246
246
246
246
246
246
246
246
246
246
246
246
246
246
246
246
246
246
246
246
246
246
246
246
246
246
246
246
246
246
246
246
246
246
246
250
240
212
76
220
249
254
248
246
246
246
246
246
246
246
246
246
246
246
246
246
246
246
246
246
246
246
246
246
248
246
241
183
181
238
251
247
246
246
246
246
246
246
246
246
246
246
246
246
246
246
246
246
247
248
252
247
242
235
235
244
248
255
242
252
239
232
73
149
169
177
174
166
170
172
176
172
155
65
147
161
167
165
167
169
165
169
219
249
249
252
246
76
50
46
220
240
250
246
246
246
246
247
250
228
177
175
198
214
80
219
251
255
253
250
248
246
246
246
246
246
246
246
246
246
246
246
246
246
246
246
246
246
246
246
246
246
246
246
246
246
246
246
248
250
251
252
252
252
252
252
255
240
246
240
254
248
246
246
246
246
246
246
246
246
246
246
246
246
246
246
246
246
246
246
246
246
246
246
251
247
188
163
166
229
246
249
246
246
246
246
246
246
246
246
246
246
246
246
246
246
246
246
248
247
245
239
179
166
188
186
231
244
215
89
202
69
47
50
155
166
172
171
169
171
163
151
44
51
72
181
186
177
169
170
164
167
219
249
249
250
240
212
76
220
250
254
250
247
247
246
246
247
250
222
165
157
204
239
252
241
255
242
246
240
254
248
246
246
246
246
246
246
246
246
246
246
246
246
246
246
246
246
246
246
246
246
246
246
246
246
246
247
246
243
237
236
237
237
237
243
248
252
252
250
248
246
246
246
246
246
246
246
246
246
246
246
246
246
246
246
246
246
246
246
246
246
246
246
252
241
188
162
164
179
237
249
246
246
246
246
246
246
246
246
246
248
250
252
250
248
246
248
249
245
199
168
165
163
164
173
168
154
47
68
47
61
22
47
70
170
173
168
166
167
168
65
54
53
223
237
242
240
200
165
165
173
225
251
247
248
254
240
246
242
255
248
247
244
248
246
246
247
251
225
167
159
199
248
255
255
251
220
76
212
240
250
246
246
246
246
246
246
246
246
246
246
246
246
246
246
246
246
246
246
246
246
246
246
246
246
246
251
251
219
181
174
178
180
180
192
234
247
249
247
246
246
246
246
246
246
246
246
246
246
246
246
246
246
246
246
246
246
246
246
246
246
246
246
252
244
196
166
166
170
239
250
246
246
246
246
246
246
246
246
248
254
240
246
240
254
252
251
249
201
167
166
168
170
168
171
163
60
43
62
208
71
46
51
154
164
168
171
177
181
191
214
82
221
252
255
255
254
208
164
162
214
245
249
246
246
248
250
253
249
243
229
203
239
250
246
246
247
251
224
171
165
200
251
254
239
220
46
50
76
246
252
246
246
246
246
246
246
246
246
246
246
246
246
246
246
246
246
246
246
246
246
246
246
246
248
250
252
246
199
162
160
163
164
166
168
175
233
247
251
247
246
246
246
246
246
246
246
246
246
246
246
246
246
246
246
246
246
246
246
246
246
246
246
252
244
195
163
163
225
239
249
246
246
246
246
246
246
246
248
254
249
220
77
216
245
249
243
202
169
163
163
165
167
169
171
165
150
65
191
241
233
75
153
163
176
178
190
237
241
251
240
249
239
254
248
250
249
207
162
167
220
252
250
246
246
246
246
250
242
192
166
182
237
252
246
246
247
251
223
167
180
238
246
254
245
76
50
46
220
240
250
246
246
246
246
246
246
246
246
246
246
246
246
246
246
246
246
246
246
246
246
246
246
247
245
243
242
204
173
165
164
164
165
163
162
166
172
233
245
249
246
246
246
246
246
246
246
246
246
246
246
246
246
246
246
246
248
250
250
249
247
246
246
252
244
190
162
172
184
247
250
246
246
246
246
246
246
246
250
240
220
48
53
75
243
214
173
168
167
173
172
178
188
176
168
174
165
167
185
253
251
237
180
185
186
236
246
250
254
255
254
253
250
248
246
250
249
208
164
168
217
250
249
246
246
246
246
251
238
178
155
181
240
253
247
246
247
252
223
168
166
205
251
253
239
212
76
220
249
254
248
246
246
246
246
246
246
246
246
246
246
246
246
246
246
246
246
246
246
246
246
246
246
250
249
213
174
173
170
172
174
177
179
183
177
170
165
180
240
251
247
246
246
246
246
246
246
246
246
246
246
246
246
246
246
248
244
237
236
241
247
247
246
252
244
190
161
167
227
246
248
246
246
246
246
246
246
246
252
246
77
53
43
191
170
171
166
168
182
219
238
239
240
209
180
175
170
171
189
242
254
249
244
236
244
246
252
255
240
246
240
254
248
246
246
250
249
206
162
166
219
250
249
246
246
246
246
252
240
183
160
175
236
247
248
246
248
252
226
171
158
196
246
252
254
240
246
240
254
248
246
246
246
246
246
246
246
246
246
246
246
246
246
246
246
246
246
246
246
246
246
246
246
250
247
209
163
163
209
201
216
238
238
241
235
184
160
168
228
247
249
246
246
246
246
246
246
246
246
246
246
246
246
248
250
254
254
196
168
221
249
248
245
252
242
192
160
177
235
253
247
246
246
246
246
246
246
246
250
242
214
75
191
173
172
163
170
210
245
248
252
254
250
248
238
184
165
167
207
241
250
249
251
251
250
250
254
249
220
76
212
240
250
246
246
252
251
208
164
165
217
249
249
246
246
246
246
252
239
180
161
170
184
244
250
246
249
245
220
165
161
199
246
251
248
250
252
250
248
246
246
246
246
246
246
246
246
246
246
246
246
246
246
246
246
246
246
246
246
246
246
246
246
250
250
209
163
167
213
250
249
251
252
255
252
195
171
166
180
238
250
246
246
246
246
246
246
246
246
246
246
246
248
254
240
248
236
199
160
212
252
250
246
252
241
190
158
174
233
252
246
246
246
246
246
246
246
246
248
255
246
228
176
174
166
167
209
250
251
249
247
247
247
254
246
191
164
168
191
240
249
246
246
246
246
250
240
220
46
50
76
246
252
246
247
249
245
203
162
167
217
250
249
246
246
246
246
250
243
184
167
162
180
240
252
247
252
230
172
167
162
193
247
251
246
246
246
246
246
246
246
246
246
246
246
246
246
246
246
246
246
246
246
246
246
246
246
246
246
246
246
246
246
250
249
208
162
166
215
252
252
247
246
247
249
239
181
158
175
233
251
246
246
246
246
246
246
246
246
246
246
248
254
249
221
81
184
169
167
211
246
250
246
251
247
193
163
174
233
252
246
246
246
246
246
246
246
246
246
250
247
218
168
167
173
213
248
250
248
246
246
246
246
253
245
190
163
168
192
241
250
246
246
246
246
252
246
76
50
46
220
240
250
246
250
250
213
173
161
168
216
250
249
246
246
246
246
249
247
219
176
162
180
239
251
250
252
225
172
157
168
206
245
251
246
246
246
246
246
246
246
246
246
246
246
246
246
246
246
246
246
246
246
246
246
246
246
246
246
246
246
246
246
250
250
209
163
166
216
249
250
246
246
246
253
244
188
159
177
234
252
246
246
246
246
246
246
246
246
246
246
250
240
220
48
49
60
165
167
173
222
250
249
248
249
239
176
172
233
252
246
246
246
246
246
246
246
246
246
251
229
177
168
165
206
250
252
248
246
246
246
246
247
248
241
183
161
172
231
248
248
246
246
246
246
250
240
212
76
220
249
254
248
246
250
248
208
169
166
177
225
252
247
246
246
246
246
247
251
239
177
160
175
207
246
248
253
226
172
163
172
203
251
249
246
246
246
246
246
246
246
246
246
246
246
246
246
246
246
246
246
246
246
246
246
246
246
246
246
246
246
246
246
251
251
212
165
166
214
249
250
246
246
246
254
245
192
162
177
234
252
246
246
246
246
246
246
246
246
246
246
252
246
76
51
50
187
169
166
165
196
239
252
250
254
244
182
170
232
252
246
246
246
246
246
246
246
246
246
249
245
214
165
167
206
246
250
247
246
246
246
246
252
250
196
170
161
175
234
252
247
246
246
246
246
248
254
240
246
240
254
248
246
246
252
254
207
168
158
216
244
249
247
246
246
246
246
246
252
239
179
161
167
180
211
250
254
226
170
159
194
243
250
248
246
246
246
246
246
246
246
246
246
246
246
246
246
246
246
246
246
246
246
246
246
246
246
246
246
246
246
246
246
250
245
205
162
167
215
252
251
246
246
248
255
238
185
153
183
234
251
246
246
246
246
246
246
246
246
246
248
253
246
216
78
222
244
205
161
162
172
215
243
242
254
242
180
172
234
254
252
250
248
246
246
246
246
246
246
249
246
215
168
165
174
215
253
252
247
246
247
248
251
241
184
162
167
185
239
250
246
246
246
246
246
246
248
250
252
250
248
246
246
248
254
248
188
65
143
170
225
253
254
250
248
246
246
246
250
244
189
170
168
166
180
240
252
228
168
159
193
245
251
247
246
246
246
246
246
246
246
246
246
246
246
246
246
246
246
246
246
246
246
246
246
246
246
246
246
246
246
246
248
251
220
177
165
165
210
246
252
247
248
254
252
197
67
145
174
242
250
246
246
246
246
246
246
246
246
248
254
242
254
235
254
247
255
205
168
170
169
173
174
225
254
243
181
174
243
246
246
240
254
248
246
246
246
246
246
251
232
182
171
163
165
199
239
247
249
250
248
246
244
193
171
163
169
228
247
249
246
246
246
246
246
246
246
246
246
246
246
246
246
252
243
199
51
48
61
158
225
245
248
239
254
248
246
246
248
249
235
175
166
166
167
189
253
230
171
158
167
199
247
250
246
246
246
246
246
246
246
246
246
246
246
246
246
246
246
246
246
246
246
246
246
246
246
246
246
246
246
246
249
247
214
172
161
168
172
218
249
254
254
246
224
55
45
70
234
253
252
248
247
246
246
246
246
246
248
254
249
220
78
216
245
254
246
241
240
199
171
160
167
223
255
247
184
183
236
226
76
212
240
250
246
246
246
246
246
248
244
212
165
164
172
174
172
208
243
247
254
254
199
170
166
169
184
243
254
251
248
247
246
246
246
246
246
246
246
246
246
246
246
253
246
78
49
42
151
216
249
222
78
212
240
250
246
246
247
253
236
177
162
168
163
189
251
236
174
161
166
193
248
250
246
246
246
246
246
246
246
246
246
246
246
246
246
246
246
246
246
246
246
246
246
246
246
246
246
246
246
246
248
251
220
178
168
167
168
169
216
241
244
230
75
51
42
159
227
244
244
249
252
251
248
247
246
246
250
240
220
46
50
76
246
252
248
250
253
247
195
162
168
223
251
244
183
170
214
60
58
80
248
252
246
246
246
246
246
250
251
218
167
164
169
166
167
170
175
216
244
238
187
165
166
166
227
242
244
240
245
250
247
246
246
246
246
246
246
246
246
246
246
252
242
187
65
147
177
218
228
51
50
76
246
252
246
246
246
251
241
180
171
168
166
185
238
224
169
158
187
240
248
247
246
246
246
246
246
246
246
246
246
246
246
246
246
246
246
246
246
246
246
246
246
246
246
246
246
246
246
246
246
250
244
202
162
165
167
169
174
181
183
171
152
64
150
177
182
181
194
236
237
242
244
249
247
246
252
246
76
50
46
220
240
250
246
246
252
249
202
166
167
181
234
204
182
165
70
33
43
205
244
250
246
246
246
246
246
247
249
226
185
169
168
167
170
165
168
173
181
179
174
170
168
171
180
232
188
176
239
252
253
249
247
246
246
246
246
246
246
246
246
252
254
207
169
157
180
216
78
53
46
220
240
250
246
246
246
249
246
229
169
159
167
175
184
172
174
170
201
252
252
246
246
246
246
246
246
246
246
246
246
246
246
246
246
246
246
246
246
246
246
246
246
246
246
246
246
246
246
246
246
251
251
209
169
169
168
167
167
165
167
173
165
170
166
174
167
165
170
176
177
185
243
250
249
247
250
240
212
76
220
249
254
248
246
246
251
245
195
163
164
171
190
190
169
141
40
34
80
241
255
248
246
246
246
246
246
247
246
245
242
213
175
169
166
164
167
167
166
166
168
170
171
167
174
171
170
171
175
235
240
252
250
247
246
246
246
246
246
246
246
250
250
211
171
164
173
210
217
80
220
249
254
248
246
246
246
247
252
239
165
168
169
166
187
217
168
181
239
246
250
246
246
246
246
246
246
246
246
246
246
246
246
246
246
246
246
246
246
246
246
246
246
246
246
246
246
246
246
246
246
247
246
244
217
183
171
171
169
170
169
172
171
172
171
168
164
162
164
164
163
167
187
243
248
249
249
254
240
246
240
254
248
246
246
246
250
249
195
166
167
168
177
187
176
65
56
60
229
243
252
246
246
246
246
246
246
246
247
249
250
247
243
206
174
175
174
171
170
171
170
170
172
171
169
170
173
170
155
71
172
238
251
249
247
246
246
246
246
246
246
252
252
211
169
161
170
223
244
249
239
254
248
246
246
246
246
246
249
241
240
201
171
165
195
225
177
168
204
251
250
246
246
246
246
246
246
246
246
246
246
246
246
246
246
246
246
246
246
246
246
246
246
246
246
246
246
246
246
246
246
246
248
251
247
208
215
202
172
169
169
168
166
168
174
187
180
178
174
170
165
166
169
185
243
248
248
248
250
252
250
248
246
246
246
246
247
247
241
192
166
167
170
194
173
144
71
217
252
254
248
246
246
246
246
246
246
246
246
246
247
250
250
244
243
241
202
168
166
167
167
167
167
164
164
167
162
152
45
46
66
183
246
249
249
247
246
246
246
246
247
249
242
202
164
163
164
215
253
254
250
248
246
246
246
246
246
246
247
250
252
234
173
163
182
194
171
164
199
246
251
246
246
246
246
246
246
246
246
246
246
246
246
246
246
246
246
246
246
246
246
246
246
246
246
246
246
246
246
246
246
248
250
253
250
247
247
243
193
163
165
170
173
179
229
241
239
239
234
186
174
171
164
170
189
247
249
247
246
246
246
246
246
246
246
246
246
251
251
215
176
164
171
172
177
162
181
234
255
248
246
246
246
246
246
246
246
246
246
246
246
246
248
249
252
247
202
168
169
176
185
193
184
179
183
187
175
67
47
47
151
166
183
242
246
248
246
246
246
246
250
251
203
158
167
163
165
213
249
249
246
246
246
246
246
246
246
246
246
247
252
234
175
162
172
171
169
166
202
247
251
246
246
246
246
246
246
246
246
246
248
250
252
250
248
246
246
246
246
246
246
246
246
246
246
246
246
246
246
246
246
250
231
238
239
255
255
251
198
162
165
174
223
244
247
252
252
253
248
245
227
172
165
165
175
212
248
250
246
246
246
246
246
246
246
246
246
247
249
247
193
169
167
169
168
172
194
244
252
246
246
246
246
246
246
246
246
246
246
246
246
246
248
248
228
189
172
166
169
215
241
241
239
238
238
243
234
159
67
154
172
171
168
185
246
252
246
246
246
246
250
247
201
158
163
168
173
221
251
249
246
246
246
246
246
246
246
246
246
246
249
239
186
167
168
170
166
167
199
246
251
246
246
246
246
246
246
246
248
252
255
238
238
231
250
246
246
246
246
246
246
246
246
246
246
246
246
246
246
246
246
252
236
99
205
228
250
255
208
165
164
222
249
252
249
247
246
247
249
252
243
184
168
167
160
178
242
251
246
246
246
246
246
246
246
246
246
246
248
250
241
186
166
169
167
169
229
244
251
246
246
246
246
246
246
246
246
246
246
246
246
246
251
250
213
171
162
166
177
229
254
252
252
252
252
254
255
233
177
160
176
171
161
183
240
252
246
246
246
246
250
251
213
169
163
166
209
246
249
246
246
246
246
246
246
246
246
246
246
246
249
247
230
171
167
170
165
171
208
247
250
246
246
246
246
248
252
255
255
243
228
205
99
236
252
246
246
246
246
246
246
246
246
246
246
246
246
246
246
246
246
250
234
226
86
90
218
212
179
165
195
248
255
255
252
248
246
246
246
249
247
231
171
166
164
174
245
251
246
246
246
246
246
246
246
246
246
246
246
252
250
200
172
167
167
172
196
243
251
246
246
246
246
246
246
246
246
246
246
246
246
246
249
245
202
164
165
175
220
245
248
246
246
246
246
247
252
248
187
173
169
170
167
189
244
253
246
246
246
246
250
250
219
180
161
171
215
252
251
246
246
246
246
246
246
246
246
246
246
246
247
252
240
190
171
167
167
181
222
250
250
252
255
255
255
255
243
226
207
212
90
86
226
234
250
246
246
246
246
246
246
246
246
246
246
246
246
246
246
246
246
248
253
238
226
212
93
88
77
143
186
209
207
226
243
255
255
255
255
255
255
241
185
161
185
238
247
249
246
246
246
246
246
246
246
246
246
246
246
247
247
243
187
167
168
166
185
237
250
246
246
246
246
246
246
246
246
246
246
246
246
251
253
212
169
165
167
201
240
252
247
246
246
246
246
246
248
245
239
182
171
168
166
183
240
250
247
246
246
246
250
250
215
173
162
168
214
251
250
246
246
246
246
246
246
246
246
246
246
246
246
249
248
229
175
170
176
205
255
255
255
243
226
205
207
209
212
91
93
91
210
226
238
253
248
246
246
246
246
246
246
246
246
246
246
246
246
246
246
246
246
246
248
252
255
245
229
170
141
76
89
101
97
92
212
209
207
207
208
207
232
231
190
174
204
255
255
255
255
255
252
248
246
246
246
246
246
246
246
246
251
250
214
176
164
164
185
236
250
246
246
246
246
246
246
246
246
246
246
246
246
248
243
203
162
162
176
221
249
249
246
246
246
246
246
246
247
250
249
234
172
166
165
174
203
246
249
246
246
246
250
249
210
168
161
165
210
249
250
246
246
246
246
246
248
252
255
255
255
255
255
255
255
247
177
151
142
167
214
217
214
216
93
95
97
95
91
212
207
226
241
255
252
248
246
246
246
246
246
246
246
246
246
246
246
246
246
246
246
246
246
246
246
246
248
254
254
215
163
153
189
212
210
212
91
95
97
97
99
90
92
199
151
138
161
207
211
207
205
226
243
255
255
255
255
255
255
255
255
255
255
255
255
197
172
176
189
243
252
246
246
246
246
246
246
246
246
246
246
246
249
250
213
169
165
167
183
226
252
248
246
246
246
246
246
246
246
247
254
244
190
169
170
175
201
249
250
246
248
252
255
255
224
178
171
176
226
255
255
255
255
255
255
255
255
243
226
205
207
207
207
207
211
197
148
70
77
85
101
92
97
85
222
210
207
205
226
243
255
255
252
248
246
246
246
246
246
246
246
246
246
246
246
246
246
246
246
246
246
246
246
246
246
246
246
252
250
204
166
179
237
255
255
243
226
205
207
208
211
207
159
78
77
77
89
97
98
97
95
91
212
209
207
207
207
207
207
207
207
207
207
213
208
158
139
157
229
255
255
255
255
255
255
255
255
255
255
255
255
255
255
255
229
184
175
179
209
251
255
255
255
255
255
255
255
255
255
255
255
244
210
167
179
185
246
255
255
255
255
243
228
210
179
142
137
149
186
209
210
207
207
207
207
207
209
212
91
95
97
97
97
97
101
90
81
147
145
151
170
181
39
192
239
255
255
255
255
252
248
246
246
246
246
246
246
246
246
246
246
246
246
246
246
246
246
246
246
246
246
246
246
246
246
246
246
248
242
196
161
166
220
248
252
252
255
255
255
255
255
254
221
150
139
156
212
210
207
207
209
212
91
95
97
97
97
97
97
97
97
97
97
101
91
84
71
77
170
209
210
207
207
207
207
207
207
207
207
207
207
207
207
208
207
174
138
141
182
212
211
207
207
207
207
207
207
207
209
212
225
208
79
140
150
141
135
210
211
207
209
212
94
97
88
78
76
87
94
99
97
97
97
97
97
97
95
91
212
209
207
207
207
207
211
199
170
165
184
178
191
61
67
87
251
253
246
246
246
246
246
246
246
246
246
246
246
246
246
246
246
246
246
246
246
246
246
246
246
246
246
246
246
246
246
246
247
254
214
179
168
169
172
228
248
252
252
252
247
244
234
185
182
183
195
252
255
255
255
255
255
243
226
205
207
207
207
207
207
207
209
210
212
212
213
155
144
145
79
90
99
97
97
97
97
97
97
97
97
97
97
97
97
100
98
88
78
74
86
95
99
97
97
97
97
97
97
97
101
85
79
46
59
60
82
77
84
93
99
97
95
91
215
213
181
140
140
181
213
211
207
207
207
207
207
207
205
226
243
255
255
255
255
255
255
243
185
168
173
191
69
53
47
220
240
250
246
246
246
246
246
246
246
246
246
246
246
246
246
246
246
246
246
246
246
246
246
246
246
246
246
246
246
246
246
246
249
245
237
189
162
166
169
167
230
245
245
239
236
186
169
164
171
229
246
246
249
247
246
246
248
252
255
255
255
255
255
255
255
255
255
255
255
255
255
252
190
166
176
207
210
207
207
207
207
207
207
207
207
207
207
207
207
208
212
182
145
140
142
187
214
212
208
207
207
207
207
207
214
209
63
48
57
149
149
157
210
214
208
207
205
226
247
255
226
176
176
226
255
255
255
255
255
255
255
255
255
255
252
248
246
246
246
246
250
235
177
166
168
190
214
83
220
249
254
248
246
246
246
246
246
246
246
246
246
246
246
246
246
246
246
246
246
246
246
246
246
246
246
246
246
246
246
246
246
246
247
253
218
181
167
169
168
167
173
226
189
178
176
166
164
170
203
246
252
248
247
246
246
246
246
246
246
246
246
246
246
246
248
254
249
220
76
213
249
251
191
169
236
255
255
255
255
255
255
255
255
255
255
255
255
255
255
255
255
255
214
173
179
224
255
255
255
255
255
255
255
255
255
253
214
48
142
168
181
199
255
255
255
255
255
255
254
254
212
163
164
212
249
250
246
246
246
246
246
246
246
246
246
246
246
246
246
246
249
247
225
167
164
205
241
252
239
254
248
246
246
246
246
246
246
246
246
246
246
246
246
246
246
246
246
246
246
246
246
246
246
246
246
246
246
246
246
246
246
246
246
247
245
203
172
170
170
166
173
169
171
162
159
164
174
234
243
245
248
246
246
246
246
246
246
246
246
246
246
246
246
246
250
240
220
46
50
78
248
246
182
166
181
240
250
246
246
246
246
246
246
246
246
246
246
246
246
246
251
249
206
163
166
174
179
218
243
247
253
252
250
252
243
228
64
61
72
172
171
192
242
252
246
246
246
246
249
246
206
163
172
219
250
249
246
246
246
246
246
246
246
246
246
246
246
246
246
247
250
254
232
173
161
197
249
254
250
248
246
246
246
246
246
246
246
246
246
246
246
246
246
246
246
246
246
246
246
246
246
246
246
246
246
246
246
246
246
246
246
246
248
252
254
247
194
163
166
167
166
167
164
168
171
183
239
248
252
248
247
246
246
246
246
246
246
246
246
246
246
246
246
246
252
246
76
50
46
225
241
197
170
163
179
237
250
246
246
246
246
246
246
246
246
246
246
246
246
246
250
249
213
173
169
164
167
169
174
219
239
236
244
255
248
80
49
44
155
166
178
203
247
250
246
246
246
249
252
219
171
164
204
245
250
246
246
246
246
246
246
246
246
246
246
246
246
246
246
249
245
245
222
172
168
202
250
251
246
246
246
246
246
246
246
246
246
246
246
246
246
246
246
246
246
246
246
246
246
246
246
246
246
246
246
246
246
246
246
246
246
248
254
240
251
244
211
185
180
170
166
168
173
182
230
243
246
250
247
246
246
246
246
246
246
246
246
246
246
246
246
246
246
246
250
240
212
76
220
255
253
189
162
163
197
237
250
246
246
246
246
246
246
246
246
246
246
246
246
246
247
245
243
241
200
169
166
163
167
173
160
182
195
238
230
161
62
153
173
169
182
237
249
247
246
246
246
249
249
213
163
162
211
251
251
246
246
246
246
246
246
246
246
246
246
246
246
246
247
251
240
199
174
167
180
237
246
250
246
246
246
246
246
246
246
246
246
246
246
246
246
246
246
246
246
246
246
246
246
246
246
246
246
246
246
246
246
246
246
246
248
254
249
220
78
211
236
242
239
205
170
181
228
244
247
252
248
247
246
246
246
246
246
246
246
246
246
246
246
246
246
246
246
246
248
254
240
246
244
255
243
183
163
172
194
244
250
246
246
246
246
246
246
246
246
246
246
246
246
246
246
248
250
251
248
200
170
166
166
163
163
159
171
179
186
170
168
165
180
183
190
244
252
246
246
246
246
250
250
214
164
163
210
249
250
246
246
246
246
246
246
246
246
246
246
246
247
248
252
250
231
173
163
165
175
205
251
249
246
246
246
246
246
246
246
246
246
246
246
246
246
246
246
246
246
246
246
246
246
246
246
246
246
246
246
246
246
246
246
246
250
240
220
46
50
77
249
255
250
244
237
241
247
251
249
247
246
246
246
246
246
246
246
246
246
246
246
246
246
246
246
246
246
246
246
248
250
252
250
246
188
169
164
182
232
245
248
246
246
246
246
246
246
246
246
246
246
246
246
246
246
246
246
248
248
246
209
178
171
168
167
168
167
166
165
164
168
165
178
230
245
242
248
246
246
246
246
251
252
215
166
165
210
250
250
246
246
246
246
246
246
246
246
246
246
246
248
243
243
229
176
169
166
164
177
221
248
248
246
246
246
246
246
246
246
246
246
246
248
250
252
250
248
246
246
246
246
246
246
246
246
246
246
246
246
246
246
246
246
246
252
246
76
50
46
220
240
250
248
250
251
250
249
247
246
246
246
246
246
246
246
246
246
246
246
246
246
246
246
246
246
246
246
246
246
246
246
251
247
196
167
160
165
189
242
250
247
246
246
246
246
246
246
246
246
246
246
246
246
246
246
246
246
246
248
249
246
241
201
174
169
164
162
167
171
176
179
183
190
244
253
248
247
246
246
246
246
249
247
212
165
166
209
249
250
246
246
246
246
246
246
246
246
246
246
247
252
240
190
171
168
163
162
166
196
248
250
247
246
246
246
246
246
246
246
246
246
248
254
240
246
240
254
248
246
246
246
246
246
246
246
246
246
246
246
246
246
246
246
246
250
240
212
76
220
249
254
248
246
246
246
246
246
246
246
246
246
246
246
246
246
246
246
246
246
246
246
246
246
246
246
246
246
246
246
246
246
251
242
185
162
167
178
233
247
249
246
246
246
246
246
246
246
246
246
246
246
246
246
246
246
246
246
246
246
248
250
248
247
239
194
177
176
180
207
236
239
236
241
243
248
246
246
246
246
246
248
250
227
183
164
168
211
249
250
246
246
246
246
246
246
246
246
246
246
248
245
228
169
156
161
169
171
192
242
247
248
246
246
246
246
246
246
246
246
246
248
254
249
220
76
212
240
250
246
246
246
246
246
246
246
246
246
246
246
246
246
246
246
246
248
254
240
246
240
254
248
246
246
246
246
246
246
246
246
246
246
246
246
246
246
246
246
246
248
250
252
250
248
246
246
246
246
246
246
246
246
251
246
195
174
223
242
245
250
247
246
246
246
246
246
246
246
246
246
246
246
246
246
246
246
246
246
246
246
246
247
248
251
249
244
237
236
239
246
251
253
252
250
248
247
246
246
246
246
246
249
249
218
172
160
169
214
252
254
250
248
246
246
246
246
246
246
246
246
248
245
191
182
177
176
188
238
244
246
249
247
246
248
250
252
250
248
246
246
246
250
240
220
46
50
76
246
252
246
246
246
246
248
248
246
246
246
246
246
246
246
246
246
246
246
248
250
252
250
248
246
246
246
246
246
246
246
246
246
246
246
246
246
246
246
246
246
248
254
240
246
240
254
248
246
246
246
246
246
246
246
247
245
239
240
245
251
249
247
246
246
246
246
246
246
246
246
246
246
246
246
246
246
246
246
246
246
246
246
246
246
246
247
248
250
252
252
252
252
252
252
250
248
246
246
246
246
246
246
246
249
250
217
168
164
178
227
244
249
239
254
248
246
246
246
246
246
246
246
248
241
238
234
237
236
244
248
251
248
247
246
248
254
240
246
240
254
248
246
246
252
246
76
50
46
220
240
250
246
246
246
246
247
254
248
246
246
246
246
246
246
246
246
246
246
246
246
246
246
246
246
246
246
246
246
246
246
246
246
246
246
246
246
246
246
246
248
254
249
220
76
212
240
250
246
246
246
246
246
246
246
247
248
249
250
249
247
246
246
246
246
246
246
246
246
246
246
246
246
246
246
246
246
246
246
246
246
246
246
246
246
246
246
246
246
246
246
248
254
240
246
240
254
248
246
246
246
246
246
246
249
251
216
165
161
211
247
222
77
212
240
250
246
246
246
246
246
246
246
247
248
251
252
252
252
250
248
247
246
246
248
254
249
220
76
212
240
250
246
246
250
240
212
76
220
249
254
248
246
246
246
52
226
240
250
246
246
246
246
246
246
246
246
246
246
246
246
246
246
246
246
246
246
246
246
246
246
246
246
246
246
246
246
246
246
246
250
240
220
46
50
76
246
252
246
246
246
246
246
246
246
246
246
246
246
246
246
246
246
246
246
246
246
246
246
246
246
246
246
246
246
246
246
246
246
246
246
246
246
246
246
246
246
246
246
246
248
254
249
220
76
212
240
250
246
246
246
246
246
246
250
250
214
164
167
205
225
50
50
76
246
252
246
246
246
246
246
246
246
246
246
246
246
246
246
246
246
246
246
246
250
240
220
46
50
76
246
252
246
246
248
254
240
246
240
254
248
246
246
246
246
52
89
238
250
246
246
246
246
246
246
246
246
246
246
246
246
246
246
246
246
246
246
246
246
246
246
246
246
246
246
246
246
246
246
246
250
238
78
48
48
212
238
250
246
246
246
246
246
246
246
246
246
246
246
246
246
246
246
246
246
246
246
246
246
246
246
246
246
246
246
246
246
246
246
246
246
246
246
246
246
246
246
246
246
246
248
247
233
67
56
74
238
250
246
246
246
246
246
246
249
249
214
165
200
236
79
49
48
212
238
250
246
246
246
246
246
246
246
246
246
246
246
246
246
246
246
246
246
246
250
238
78
48
48
212
238
250
246
246
246
248
250
252
250
248
246
246
246
246
246
52
246
246
246
246
246
246
246
246
246
246
246
246
246
246
246
246
246
246
246
246
246
246
246
246
246
246
246
246
246
246
246
246
246
246
246
246
246
52
246
246
246
246
246
246
246
246
246
246
246
246
246
246
246
246
246
246
246
246
246
246
246
246
246
246
246
246
246
246
246
246
246
246
246
246
246
246
246
246
246
246
246
246
246
246
246
246
52
52
52
246
246
246
246
246
246
246
246
246
246
250
212
191
252
246
246
52
246
246
246
246
246
246
246
246
246
246
246
246
246
246
246
246
246
246
246
246
246
246
246
246
246
52
246
246
246
246
246
246
246
246
246
246
246
246
246
246
246
246
246
