250
250
250
250
250
250
250
250
250
250
250
250
250
250
250
250
250
250
250
250
250
250
250
250
250
250
250
250
250
250
250
250
250
250
250
250
250
250
250
250
250
250
250
250
250
250
250
250
250
250
250
250
250
250
250
250
250
250
250
250
250
250
250
250
250
250
250
250
250
250
250
250
250
250
250
250
250
250
250
250
250
250
250
250
250
250
250
250
250
250
250
250
250
250
250
250
250
250
250
250
250
250
250
250
250
250
250
250
250
250
250
250
85
250
250
250
250
250
85
250
250
250
250
250
250
250
250
250
250
250
250
250
250
250
250
250
250
250
250
250
250
250
250
250
250
250
250
250
250
250
250
250
250
250
250
250
250
250
250
250
250
250
250
250
250
250
250
250
250
250
250
250
250
250
250
250
250
250
250
250
250
250
250
250
250
250
250
250
250
250
250
250
250
250
250
251
252
253
248
241
235
242
249
251
250
250
250
250
250
250
250
250
250
250
250
250
250
250
250
250
250
250
250
250
250
250
250
250
250
250
250
250
250
250
250
250
250
250
250
250
250
250
250
250
250
250
250
250
250
250
250
251
253
245
250
245
253
251
251
243
220
83
83
107
246
246
220
84
91
108
219
104
218
243
251
250
250
250
250
250
250
250
250
250
250
250
250
250
250
250
250
250
250
250
250
250
250
250
250
250
250
250
250
250
250
250
250
250
250
250
250
250
250
250
250
250
250
250
250
250
250
250
250
250
250
250
250
250
250
250
250
250
250
250
250
250
250
250
250
250
250
250
250
250
250
251
245
244
214
150
147
195
250
252
250
250
250
250
250
250
250
250
250
250
250
250
250
250
250
250
250
250
250
250
250
250
250
250
250
250
250
250
250
250
250
250
250
250
250
250
250
250
250
250
250
250
250
250
250
250
251
253
251
227
106
220
245
251
252
250
106
84
81
227
250
251
106
87
76
205
76
87
106
250
252
250
250
250
250
250
250
250
250
250
250
250
250
250
250
250
250
250
250
250
250
250
250
250
250
250
250
250
250
250
250
250
250
250
250
250
250
250
250
250
250
250
250
250
250
250
250
250
250
250
250
250
250
250
250
250
250
250
250
250
250
250
250
250
250
250
250
250
250
250
251
253
236
159
141
133
129
185
247
252
250
250
250
250
250
250
250
250
250
250
250
250
250
250
250
250
250
250
250
250
250
250
250
250
250
250
250
250
250
250
250
250
250
250
250
250
250
250
250
250
250
250
250
250
250
250
251
245
227
81
84
106
250
252
251
245
220
106
227
251
254
246
220
110
228
108
92
83
227
245
251
250
250
250
250
250
250
250
250
250
250
250
250
250
250
250
250
250
250
250
250
250
250
250
250
250
250
250
250
250
250
250
250
250
250
250
250
250
250
250
250
250
250
250
250
250
250
250
250
250
250
250
250
250
250
250
250
250
250
250
250
250
250
250
250
250
250
250
250
250
252
251
223
140
132
136
138
191
250
252
250
250
250
250
250
250
250
250
250
250
250
250
250
250
250
250
250
250
250
250
250
250
250
250
250
250
250
250
250
250
250
250
250
250
250
250
250
250
250
250
250
250
250
250
250
250
252
251
109
89
88
234
251
252
251
253
245
250
245
253
251
253
245
251
240
228
107
227
251
253
251
250
250
250
250
250
250
250
250
250
250
250
250
250
250
250
250
250
250
250
250
250
250
250
250
250
250
251
252
253
253
252
251
250
250
250
250
250
250
250
250
250
250
250
250
250
250
250
250
250
250
250
250
250
250
250
250
250
250
250
250
250
250
250
250
250
250
250
250
250
252
242
172
142
140
138
138
189
249
252
250
250
250
250
250
250
250
250
250
250
250
250
250
250
250
250
250
250
250
250
250
250
250
250
250
250
250
250
250
250
250
250
250
250
250
250
250
250
250
250
250
250
250
250
251
251
253
245
226
101
222
238
251
252
254
254
254
253
252
251
250
251
251
253
254
246
250
245
253
251
250
250
250
250
250
250
250
250
250
250
250
250
250
250
250
250
250
250
250
250
250
250
250
250
250
250
250
251
246
239
232
242
249
251
250
250
250
250
250
250
250
250
250
250
250
250
250
250
250
250
250
250
250
250
250
250
250
250
250
250
250
250
250
250
250
250
250
250
250
251
253
238
157
136
142
138
138
189
249
252
250
250
250
250
250
250
250
250
250
250
250
250
250
250
250
250
250
250
250
250
250
250
250
250
250
250
250
250
250
250
250
250
250
250
250
250
250
250
250
250
250
250
250
251
252
251
251
243
176
222
159
157
169
235
240
234
235
240
247
251
250
250
250
250
251
251
252
251
251
250
250
250
250
250
250
250
250
250
250
250
250
250
250
250
250
250
250
250
250
250
250
250
250
250
250
250
250
253
231
158
142
186
251
253
250
250
250
250
250
250
250
250
250
250
250
250
250
250
250
250
250
250
250
250
250
251
251
252
251
251
250
250
250
250
250
250
250
250
250
252
252
228
145
135
146
138
138
189
249
252
250
250
250
250
250
250
250
250
250
250
250
250
250
251
252
253
253
253
252
251
250
250
250
250
250
250
250
250
250
250
250
250
250
250
250
250
250
250
250
250
250
250
251
251
249
240
184
148
152
145
145
132
140
150
156
154
159
203
253
251
250
250
250
250
250
250
250
250
250
250
250
250
250
250
250
250
250
250
250
250
250
250
250
250
250
250
250
250
250
250
250
250
250
250
250
250
250
253
222
139
120
173
242
252
251
250
250
250
250
250
250
250
250
250
250
250
250
250
250
250
250
250
250
250
251
253
245
250
245
253
251
250
250
250
250
250
250
250
251
254
248
153
89
128
143
138
138
192
252
253
250
250
250
250
250
250
250
250
250
250
250
250
251
249
242
237
233
242
248
252
251
250
250
250
250
250
250
250
250
250
250
250
250
250
250
250
250
250
250
250
250
251
252
247
200
150
143
136
135
139
141
141
140
137
133
127
165
234
251
252
250
250
250
250
250
250
250
250
250
250
250
250
250
251
251
251
251
251
250
250
250
250
250
250
250
250
250
250
250
250
250
250
250
250
250
250
250
253
224
146
131
143
191
248
251
250
250
250
250
250
250
250
250
250
250
250
250
250
250
250
250
250
250
251
253
251
227
106
220
245
251
250
250
250
250
250
250
250
251
247
220
83
75
99
151
147
134
185
243
251
251
250
250
250
250
250
250
250
250
250
250
250
252
250
194
150
148
151
225
249
252
250
250
250
250
250
250
250
250
250
250
250
250
250
250
250
250
250
250
251
252
254
251
195
138
138
139
139
140
137
136
137
140
142
141
141
145
193
251
252
251
250
250
250
251
251
251
251
251
250
250
250
250
251
249
248
247
251
251
250
250
250
250
250
250
250
250
250
250
250
250
250
250
250
250
250
250
253
224
147
132
137
144
201
252
251
250
250
250
250
250
250
250
250
250
250
250
250
250
250
250
250
250
251
245
227
81
84
106
250
252
250
250
250
250
250
250
250
252
252
116
90
75
162
209
150
132
141
198
252
252
250
250
250
250
250
250
250
250
250
250
250
252
253
204
146
130
134
154
240
254
251
251
250
250
250
250
250
250
250
250
250
250
250
250
250
250
250
251
253
248
247
194
143
138
139
141
139
143
149
159
150
144
137
143
140
138
143
197
248
251
251
251
251
253
248
251
247
252
251
250
250
251
251
242
182
211
247
252
251
250
250
250
250
250
250
250
250
250
250
250
250
250
250
250
250
250
253
224
147
133
136
136
191
249
252
250
250
250
250
250
250
250
250
250
250
250
250
250
250
250
250
250
252
250
106
84
81
227
245
251
250
250
250
250
250
250
250
252
241
217
88
125
179
220
159
126
136
192
250
252
250
250
250
250
250
250
250
250
250
250
251
251
246
234
169
137
132
149
218
249
252
254
252
251
251
250
250
250
250
250
250
250
250
250
250
250
251
253
252
235
106
131
139
139
141
136
139
147
227
244
231
149
142
138
142
139
137
143
206
253
252
252
250
247
227
166
237
250
251
250
250
252
253
197
142
141
221
252
251
250
250
250
250
250
250
250
250
250
250
250
250
250
250
250
250
250
253
222
144
133
136
138
193
251
252
250
250
250
250
250
250
250
250
250
250
250
250
250
250
250
250
250
251
245
220
106
227
251
253
251
250
250
250
250
250
250
251
253
252
174
141
130
175
216
156
128
140
196
252
252
250
250
250
250
250
250
250
250
250
250
252
252
207
151
139
93
129
146
148
165
233
239
244
248
251
250
250
250
250
250
250
250
250
250
250
250
251
245
231
90
80
86
139
139
141
148
152
228
252
254
252
233
146
141
139
143
135
139
203
252
254
250
241
168
144
143
165
249
253
251
251
253
245
183
128
131
174
235
252
250
250
250
250
250
250
250
250
250
250
250
250
250
250
250
250
250
253
231
153
140
133
139
196
251
252
250
250
250
250
250
250
250
250
250
250
250
250
250
250
250
250
250
251
253
245
250
245
253
251
250
250
250
250
250
250
250
251
250
233
150
134
143
174
219
153
127
136
192
249
252
250
250
250
250
250
250
250
250
250
250
252
250
191
125
74
84
92
140
136
141
149
150
176
248
255
252
251
251
250
250
250
250
250
250
250
250
252
250
111
86
76
133
139
142
147
210
246
249
252
251
253
251
228
150
140
139
138
135
193
242
253
246
170
135
133
132
153
238
252
253
251
246
194
139
135
136
151
232
253
250
250
250
250
250
250
250
250
250
250
250
250
250
250
250
250
250
252
249
215
140
132
140
195
251
252
250
250
250
250
250
250
250
250
250
250
250
250
250
250
250
250
250
250
251
251
252
251
251
250
250
250
250
250
250
250
250
253
247
159
139
134
157
243
225
146
137
134
164
224
252
251
250
250
250
250
250
250
250
250
250
253
252
197
94
79
82
133
138
140
140
136
121
95
219
241
245
248
251
250
250
250
250
250
250
250
250
252
250
208
95
128
140
142
153
218
251
253
252
251
250
251
252
251
224
148
141
137
142
145
216
254
248
159
137
135
139
143
165
244
252
253
202
138
134
138
148
222
247
251
250
250
250
250
250
250
250
250
250
250
250
250
250
250
250
250
250
252
254
221
148
130
142
199
253
253
250
250
250
250
251
251
253
253
252
251
251
250
250
250
250
250
250
250
250
250
250
250
250
250
250
250
250
250
250
250
250
254
241
162
132
135
171
247
253
209
139
131
140
202
252
252
250
250
250
250
250
250
250
250
251
252
236
179
128
90
130
144
145
145
134
131
78
89
98
160
198
251
253
250
250
250
250
250
250
250
251
248
249
210
144
135
143
147
209
252
252
251
250
250
250
250
251
252
251
211
140
132
137
193
244
252
250
241
154
142
137
135
142
186
254
254
203
138
125
137
208
251
252
251
250
250
250
250
250
250
250
250
250
250
250
250
250
250
250
250
250
251
253
216
143
130
137
191
245
252
251
251
252
253
254
251
244
235
243
251
253
253
252
252
251
250
250
250
250
250
250
250
250
250
251
251
252
251
251
250
251
252
238
157
133
145
181
252
254
218
148
128
141
201
252
252
251
252
251
251
250
250
250
250
252
252
202
142
136
140
140
159
224
176
147
92
75
75
124
128
176
243
253
251
250
250
250
250
250
250
252
236
166
145
145
136
136
189
246
253
251
250
250
250
250
250
250
252
253
216
145
128
146
208
253
253
252
251
243
160
145
137
135
170
238
246
188
141
139
157
223
253
251
250
250
250
250
250
250
250
250
250
250
250
250
250
250
250
250
250
250
251
253
226
149
136
136
146
208
254
254
248
242
243
245
234
164
155
171
220
244
243
246
252
254
255
254
254
254
254
254
254
254
254
255
250
251
250
255
254
255
254
182
147
138
162
246
255
255
227
157
136
147
212
255
255
250
251
250
255
254
254
254
254
255
255
207
143
142
146
155
234
254
255
246
173
118
153
153
146
150
198
254
255
255
254
254
254
254
255
255
238
160
136
144
145
155
215
255
255
254
254
254
254
254
254
254
255
255
223
150
134
151
215
255
255
255
255
255
246
160
141
143
187
230
171
152
145
201
252
254
254
252
251
250
250
250
250
250
250
250
250
250
250
250
250
250
250
250
250
250
250
252
248
208
139
130
138
202
252
243
170
141
143
146
136
129
121
127
136
144
142
146
194
224
222
217
216
216
216
216
216
218
220
230
217
112
211
222
216
224
216
147
122
121
135
213
226
221
192
133
119
128
184
228
236
217
112
211
222
216
216
216
216
222
223
181
128
126
126
132
199
227
227
221
212
208
190
130
125
127
133
184
221
219
216
216
216
216
218
223
205
132
126
131
125
168
224
231
230
224
220
217
216
216
216
216
220
224
192
130
121
127
179
221
220
215
217
224
212
135
122
127
158
214
185
115
121
179
224
220
229
239
251
250
250
250
250
250
250
250
250
250
250
250
250
250
250
250
250
250
250
252
253
214
143
128
143
206
253
184
99
87
88
88
88
90
90
91
90
90
89
93
101
114
122
127
125
124
124
124
124
127
114
107
74
94
99
129
125
123
113
100
91
96
109
121
127
126
119
108
95
94
110
108
110
75
94
99
130
124
124
124
124
125
118
106
97
93
98
107
120
125
125
127
130
134
118
104
92
92
97
109
122
126
124
124
124
124
125
131
116
106
93
99
102
106
108
105
102
110
119
125
124
124
124
124
125
119
108
98
91
99
111
124
126
124
124
126
121
110
99
94
106
112
108
101
103
117
126
119
129
243
252
250
250
250
250
250
250
250
250
250
250
250
250
250
250
250
250
250
250
251
253
220
149
135
139
201
200
148
130
126
124
132
130
140
137
136
128
124
129
128
124
125
186
215
219
218
215
216
216
220
214
84
73
87
217
222
224
218
152
120
129
144
221
222
217
221
223
187
128
119
131
180
86
75
87
217
222
216
216
216
221
222
185
127
124
123
122
187
223
221
216
216
218
221
209
146
133
125
123
171
220
221
215
216
216
216
220
216
201
127
127
131
128
117
69
70
71
118
195
229
226
222
219
220
221
193
127
124
126
126
180
221
220
215
216
217
225
208
134
121
126
126
123
127
179
222
222
213
227
239
251
250
250
250
250
250
250
250
250
250
250
250
250
250
250
250
250
250
250
250
252
248
202
135
139
147
147
143
136
146
150
170
228
185
240
227
162
151
150
145
146
148
164
239
255
255
254
254
254
255
253
230
110
230
253
255
255
252
175
136
150
237
254
255
254
255
255
217
150
133
152
210
233
114
231
253
255
254
254
255
255
254
214
146
142
144
152
228
255
255
254
254
255
255
254
228
158
136
144
204
255
255
254
254
254
255
255
251
169
147
146
148
145
95
88
88
134
147
223
252
251
253
254
255
255
231
156
140
141
146
211
255
255
254
254
255
255
251
166
146
145
147
142
146
206
255
255
254
253
252
251
250
250
250
250
250
250
250
250
250
250
250
250
250
250
250
250
250
250
250
252
253
210
143
134
140
136
143
146
157
226
249
244
252
251
252
245
198
137
134
141
133
141
217
253
251
250
250
250
251
253
245
251
248
254
254
253
190
145
130
152
234
253
251
250
252
253
207
141
128
145
218
253
253
249
254
252
251
250
251
253
220
148
140
135
134
199
246
252
250
250
250
250
252
254
225
148
129
136
193
250
252
250
250
250
250
253
230
149
131
142
149
142
131
83
130
140
148
150
158
151
157
239
252
255
224
150
134
134
137
199
251
252
250
250
250
252
251
225
144
138
141
139
156
214
252
252
250
250
250
250
250
250
250
250
250
250
250
250
250
250
250
250
250
250
250
250
250
250
250
252
253
207
140
136
143
136
143
211
251
252
253
252
252
251
253
254
222
157
144
143
131
145
218
253
251
250
250
250
250
251
252
254
248
251
249
248
172
132
137
158
240
252
250
250
252
253
207
142
129
146
211
252
247
222
239
246
252
250
252
253
214
142
133
138
139
209
253
252
250
250
250
251
252
251
216
138
131
145
202
253
252
250
250
250
250
253
232
153
130
139
177
211
159
152
148
145
139
137
135
131
137
154
237
252
219
151
134
139
145
209
253
251
250
250
250
251
254
234
154
136
140
143
194
248
252
251
250
250
250
250
250
250
250
250
250
250
250
250
250
250
250
250
250
250
250
250
250
250
250
252
253
207
142
135
139
138
157
225
254
249
253
251
250
250
251
251
247
241
188
139
131
146
218
253
251
250
250
250
250
251
253
251
227
109
223
189
150
129
138
223
250
252
250
250
252
253
208
142
129
143
204
200
164
145
156
237
252
250
252
249
209
139
132
135
183
236
251
251
250
250
250
251
248
225
144
139
134
185
244
252
251
250
250
250
250
253
231
151
129
139
182
244
252
236
182
131
131
137
140
141
138
144
147
177
212
146
132
138
192
245
252
250
250
250
250
252
251
225
144
137
141
141
193
248
252
251
250
250
250
250
250
250
250
250
250
250
250
250
250
250
250
250
250
250
250
250
250
250
250
251
252
205
139
131
143
151
218
226
109
223
245
251
250
250
250
251
253
254
198
140
127
146
218
252
251
250
250
250
250
251
245
227
82
91
104
185
141
136
149
237
253
251
250
251
253
254
212
145
131
146
153
149
136
124
147
229
253
251
253
226
152
138
136
149
212
252
252
250
250
250
251
253
237
147
138
131
136
188
250
253
250
250
250
250
250
252
242
161
138
134
183
250
255
253
201
152
152
149
143
135
139
137
136
146
145
149
132
139
197
253
252
250
250
250
251
253
243
159
141
141
141
139
154
212
252
252
250
250
250
250
250
250
250
250
251
251
252
251
251
250
250
250
250
250
250
250
250
250
250
251
252
213
146
135
142
202
230
88
87
106
250
252
250
250
251
251
253
253
206
149
132
145
221
253
252
250
250
250
250
252
250
106
85
84
219
173
133
140
221
251
254
253
253
254
251
245
199
141
136
142
141
140
141
133
152
234
253
251
253
217
143
128
137
191
246
252
251
250
250
250
252
250
227
155
132
137
143
192
252
252
250
250
250
250
250
252
246
222
134
134
181
252
254
251
243
237
238
236
170
147
145
140
140
141
140
140
138
146
202
252
252
251
251
252
253
252
229
142
131
138
139
136
139
195
250
252
250
250
250
250
250
250
250
251
253
245
250
245
253
251
250
250
250
250
250
250
250
250
250
250
253
247
201
135
141
205
104
88
82
227
245
251
250
251
253
245
251
250
253
189
133
137
216
249
251
250
250
250
250
251
245
221
111
233
199
153
133
150
235
254
249
235
238
241
218
154
147
145
140
143
141
136
135
126
147
230
253
251
253
218
145
127
139
196
252
253
250
250
250
250
252
240
164
150
139
135
179
242
252
251
250
250
250
251
251
254
244
166
137
139
169
244
251
253
252
253
254
251
248
236
163
138
131
134
138
137
137
185
244
252
251
253
245
251
245
248
155
142
144
137
146
136
137
173
232
252
251
250
250
250
250
250
251
253
251
227
106
220
245
251
250
250
250
250
250
250
250
250
250
251
254
252
204
134
139
146
193
110
230
251
253
251
251
253
251
227
108
225
241
189
134
135
150
229
252
250
250
250
250
251
253
247
251
237
188
137
132
137
217
239
163
153
156
155
146
141
137
140
143
141
144
149
156
150
169
238
252
251
253
219
143
131
146
201
253
252
250
250
250
251
253
234
148
134
138
134
182
248
254
250
250
250
251
253
245
252
232
158
141
139
155
104
226
245
251
250
251
251
253
252
240
160
152
156
150
139
135
189
250
253
253
251
228
113
219
160
142
133
167
218
155
141
134
146
208
252
251
250
250
250
250
250
251
245
227
81
84
106
250
252
250
250
250
250
250
250
250
250
251
253
252
233
100
126
131
150
207
252
247
253
251
250
251
245
227
81
87
108
202
150
136
136
154
231
252
250
250
250
250
250
251
253
255
202
144
139
139
147
151
151
142
132
133
133
137
136
141
141
147
139
141
206
241
237
241
247
251
251
253
218
142
128
185
244
252
251
250
250
250
252
251
230
149
135
136
138
184
250
252
250
250
251
253
251
227
110
222
221
144
131
76
89
109
250
252
250
250
250
251
252
248
243
237
241
206
131
133
193
252
253
245
227
84
86
89
150
137
135
172
243
220
141
132
142
203
253
252
250
250
250
250
250
252
250
106
84
81
227
245
251
250
250
250
250
250
250
250
250
251
245
229
89
80
87
133
149
219
254
253
251
250
250
252
250
106
85
85
226
189
141
132
142
215
250
252
250
250
250
250
250
250
252
242
187
134
138
142
139
138
136
134
133
135
151
150
142
89
134
142
136
148
221
255
254
252
251
251
251
253
216
135
124
188
249
253
250
250
250
250
252
244
166
148
138
141
175
245
250
251
250
250
251
245
227
81
86
115
234
156
83
80
90
228
249
251
250
250
250
250
251
251
252
253
254
226
142
174
244
251
252
251
108
94
83
153
136
136
140
175
253
224
150
131
137
197
248
252
251
250
250
250
250
251
245
220
106
227
251
253
251
250
250
250
250
250
250
250
250
252
250
106
87
72
129
131
141
210
250
252
250
250
250
251
245
220
108
232
235
181
139
131
146
219
253
252
250
250
250
250
250
251
253
208
146
138
141
141
141
136
142
147
156
155
164
212
82
82
92
144
136
139
209
248
252
250
250
250
251
252
224
153
144
193
250
252
250
250
250
250
253
234
154
133
136
166
243
253
251
250
250
250
252
250
106
84
82
235
224
149
122
88
172
246
254
252
250
250
250
250
250
250
250
250
251
242
238
240
251
252
251
247
218
102
206
157
139
139
158
245
253
216
145
131
140
145
212
252
251
250
250
250
250
251
253
245
250
245
253
251
250
250
250
250
250
250
250
250
250
251
245
222
110
184
149
139
139
164
230
253
251
250
250
251
253
245
252
250
214
144
133
135
147
224
252
251
250
250
250
250
250
252
251
198
137
135
144
139
142
144
159
230
241
244
251
111
97
87
182
137
134
139
151
226
252
251
250
250
250
251
245
239
233
243
249
251
250
250
250
251
254
239
157
131
135
171
246
253
250
250
250
250
251
245
220
105
228
253
245
163
136
139
142
194
249
251
251
250
250
250
250
250
250
250
251
252
252
252
251
250
251
254
241
175
140
151
143
157
243
253
254
223
151
138
135
136
171
234
253
251
250
250
250
250
251
251
252
251
251
250
250
250
251
251
252
251
250
250
251
253
254
247
252
239
199
138
132
146
219
252
251
250
250
250
251
252
253
249
197
134
136
143
216
248
251
250
250
250
250
250
250
252
250
196
134
132
138
146
145
226
249
252
255
253
250
219
116
233
204
147
140
131
142
216
253
251
250
250
250
251
252
253
253
252
251
250
250
250
250
251
251
233
148
133
142
177
249
252
250
250
250
250
251
253
245
250
245
254
251
221
142
136
137
148
206
252
252
250
250
250
250
250
250
250
250
250
250
250
250
250
250
253
244
171
132
130
146
233
252
252
252
248
207
144
136
138
140
211
247
251
250
250
250
250
250
250
250
250
250
250
250
251
253
245
250
243
250
250
243
250
246
254
254
255
199
143
128
147
219
253
251
250
250
250
250
252
253
217
149
132
134
203
249
253
251
250
250
250
250
250
250
252
252
204
156
153
134
86
219
243
254
254
252
228
113
217
246
251
252
190
136
131
147
221
254
252
250
250
250
250
250
250
250
250
250
250
250
250
251
253
248
164
140
134
163
238
252
251
250
250
250
250
250
251
251
252
251
252
253
224
147
132
136
141
199
253
253
251
250
250
250
250
250
250
250
250
250
250
250
250
250
253
248
175
135
139
162
246
253
251
252
253
229
166
139
136
139
143
222
253
251
250
250
250
250
250
250
250
250
250
251
253
251
227
106
218
250
250
222
110
228
252
255
252
189
91
121
145
221
253
251
250
250
250
251
253
249
201
131
131
147
216
253
252
250
250
250
250
250
250
250
251
249
246
232
210
75
84
114
252
253
245
227
81
86
109
252
255
253
198
139
131
140
214
249
252
250
250
250
250
250
250
250
250
250
250
250
250
251
251
233
149
132
131
169
242
254
250
250
250
250
250
250
250
250
250
250
251
253
232
153
140
136
138
188
242
250
251
251
250
250
250
250
250
250
250
250
250
250
250
251
252
240
164
128
141
227
250
251
250
250
252
248
199
137
134
128
140
214
252
251
250
250
250
250
250
250
250
250
250
251
245
227
81
84
101
250
250
91
81
89
232
241
232
90
82
83
146
223
254
252
250
250
251
253
251
218
141
136
136
201
247
251
251
250
250
250
250
250
250
250
250
251
253
253
114
91
85
228
245
253
250
106
84
81
227
245
253
250
195
137
135
140
151
230
253
251
250
250
250
250
250
250
250
250
250
250
250
252
247
167
140
147
162
177
245
253
250
250
250
250
250
250
250
250
250
250
250
251
247
214
140
134
141
149
153
212
249
252
251
250
250
250
250
250
250
250
250
250
250
252
248
174
140
138
166
240
253
251
250
250
252
253
209
140
136
136
155
223
253
251
250
250
250
250
250
250
250
250
250
252
250
106
84
81
223
250
85
79
54
81
115
251
115
86
75
128
137
215
249
251
251
252
252
248
218
141
135
137
195
249
252
251
250
250
250
250
250
250
250
250
250
250
251
245
220
106
227
251
253
252
245
220
106
227
251
253
253
250
196
139
136
133
147
224
254
251
250
250
250
250
250
250
250
250
250
250
250
253
237
157
126
143
221
240
249
251
250
250
250
250
250
250
250
250
250
250
250
251
252
228
152
134
136
136
138
138
214
252
253
251
251
250
250
250
250
250
250
250
250
252
247
178
145
216
245
246
252
250
250
250
251
251
245
193
145
202
229
240
251
251
250
250
250
250
250
250
250
250
250
251
245
220
106
227
251
250
250
91
81
89
232
241
230
98
128
139
141
144
230
254
253
251
240
180
141
134
136
191
249
252
251
250
250
250
250
250
250
250
250
250
250
250
251
253
245
250
245
253
251
251
253
245
250
245
253
251
252
253
208
151
138
135
143
221
251
252
250
250
250
250
250
250
250
250
250
250
250
252
245
165
133
142
165
254
252
251
250
250
250
250
250
250
250
250
250
250
250
250
252
247
218
153
149
140
135
135
148
219
250
252
253
251
251
250
250
250
250
250
250
251
248
241
241
248
253
251
251
250
250
250
250
251
251
243
243
245
251
250
251
250
250
250
250
250
250
250
250
250
250
251
253
245
250
245
253
250
250
222
110
228
252
255
250
196
134
142
134
147
228
253
249
229
150
136
139
142
189
246
252
251
250
250
250
250
250
250
250
250
250
250
250
250
250
251
251
252
251
251
250
250
251
251
252
251
251
250
251
252
245
185
137
137
139
155
236
252
250
250
250
250
250
250
250
250
250
250
250
251
250
240
156
153
235
246
251
250
250
250
250
250
250
250
250
250
250
250
250
250
250
251
250
252
201
138
88
129
141
150
177
229
245
247
251
250
250
250
250
250
250
251
251
252
252
251
251
250
250
250
250
250
250
250
251
252
252
252
251
250
250
250
250
250
250
250
250
250
250
250
250
250
251
251
252
251
251
250
250
243
250
245
253
253
252
199
140
138
137
144
218
240
163
142
134
132
166
240
247
251
251
250
250
250
250
250
250
250
250
250
250
250
250
250
250
250
250
250
250
250
250
250
250
250
250
250
250
250
250
253
251
190
138
137
133
147
227
253
251
250
250
250
250
250
250
250
250
250
250
251
252
248
242
242
249
252
251
250
250
250
250
250
250
250
250
250
250
250
250
250
250
251
253
251
225
82
73
86
137
138
144
145
179
248
254
252
251
251
250
250
250
250
250
250
250
250
250
250
250
250
250
250
250
250
250
250
250
250
250
250
250
250
250
250
250
250
250
250
250
250
250
250
250
250
250
250
250
250
250
251
252
251
251
252
249
193
137
137
141
139
151
150
138
135
143
172
244
252
252
251
251
250
250
250
250
250
250
250
250
250
250
250
250
250
250
250
250
250
250
250
250
250
250
250
250
250
250
250
250
252
249
188
136
138
134
149
229
253
251
250
250
250
250
250
250
250
250
250
250
250
251
251
252
252
251
251
250
250
250
250
250
250
250
251
251
252
251
251
250
250
250
250
252
251
109
92
86
148
146
142
139
133
148
226
240
241
247
251
250
250
250
250
250
250
250
250
250
250
250
250
250
250
250
250
250
250
250
250
250
250
250
250
250
250
250
250
250
250
250
250
250
250
250
250
250
250
250
250
250
250
250
250
250
252
252
200
141
131
132
131
128
127
135
154
235
248
250
252
251
250
250
250
250
250
250
250
250
250
250
250
250
250
250
250
250
250
250
250
250
250
250
250
250
250
250
250
250
250
250
253
248
184
134
137
134
150
229
253
251
250
250
250
250
250
250
250
250
250
250
250
250
250
250
250
250
250
250
250
250
250
250
250
251
253
245
250
245
253
251
250
250
250
251
245
220
108
225
238
170
132
138
139
146
148
152
173
244
252
250
250
250
250
250
250
250
250
250
250
250
250
250
250
250
250
250
250
250
250
250
250
250
250
250
250
250
250
250
250
250
250
250
250
250
250
250
250
250
250
250
250
250
250
250
251
251
245
191
150
153
156
156
153
159
240
252
253
251
251
250
250
250
250
250
250
250
250
250
250
250
250
250
250
250
250
250
250
250
250
250
250
250
250
250
250
250
250
250
250
250
252
252
189
139
136
125
145
226
253
251
250
250
250
250
250
250
250
250
250
250
250
250
250
250
250
250
250
250
250
250
250
250
251
253
251
227
106
220
245
251
250
250
250
251
253
245
251
251
254
189
146
142
138
137
134
134
167
246
252
250
250
250
250
250
250
250
250
250
250
250
250
250
251
251
252
251
251
250
250
250
250
250
250
250
250
250
250
250
250
250
250
250
250
250
250
250
250
250
250
250
250
250
250
250
250
251
251
245
238
236
238
237
235
243
249
252
251
250
250
250
250
250
250
250
250
250
250
250
250
250
250
250
250
250
250
250
250
250
250
250
250
250
250
250
250
250
250
250
250
250
251
251
240
170
133
136
159
234
252
251
250
250
250
250
250
250
250
250
250
250
250
250
250
250
250
250
250
250
250
250
250
250
251
245
227
81
84
106
250
252
250
250
250
250
251
251
252
253
250
245
237
161
137
131
129
152
234
251
251
250
250
250
250
250
250
250
250
250
250
250
250
251
253
245
250
245
253
251
250
250
250
250
250
250
250
250
250
250
250
250
250
250
250
250
250
250
250
250
250
250
250
250
250
250
250
251
251
252
253
253
253
253
253
252
251
251
250
250
250
250
250
250
250
250
250
250
250
250
250
250
250
250
250
250
250
250
250
250
250
250
250
250
250
250
250
250
250
250
250
250
250
253
253
191
149
211
244
246
251
250
250
250
250
250
250
250
250
250
250
250
250
250
250
250
250
250
250
250
250
250
250
250
252
250
106
84
81
227
245
251
250
250
250
250
250
250
250
251
251
253
252
243
164
150
150
174
246
253
251
250
250
250
250
250
250
250
250
250
250
250
251
253
251
227
106
220
245
251
250
250
250
250
250
250
250
250
250
250
250
250
250
250
250
250
250
250
250
250
250
250
250
250
250
250
250
250
250
250
250
250
250
250
250
250
250
250
250
250
250
250
250
250
250
250
250
250
250
250
250
250
250
250
250
250
250
250
250
250
250
250
250
250
250
250
250
250
250
250
250
250
250
251
249
241
242
248
253
252
251
250
250
250
250
250
250
250
250
250
250
250
250
250
250
250
250
250
250
250
250
250
250
250
251
245
220
106
227
251
253
251
250
250
250
250
250
250
250
250
250
251
252
249
244
236
235
242
247
251
250
250
250
250
250
250
250
250
250
250
250
250
251
245
227
81
84
106
250
252
250
250
250
250
250
250
250
250
250
250
250
250
250
250
250
250
250
250
250
250
250
250
250
250
250
250
250
250
250
250
250
250
250
250
250
250
250
250
250
250
250
250
250
250
250
250
250
250
250
250
250
250
250
250
250
250
250
250
250
250
250
250
250
250
250
250
250
250
250
250
250
250
250
250
251
252
252
252
251
250
250
250
250
250
250
250
250
250
250
250
250
250
250
250
250
250
250
250
250
250
250
250
250
250
251
253
245
250
245
253
251
250
250
250
250
250
250
250
250
250
250
250
251
251
252
253
253
252
251
251
250
250
250
250
250
250
250
250
250
250
250
250
252
250
106
84
81
227
245
251
250
250
250
250
250
250
250
250
250
250
250
250
250
250
250
250
250
250
250
250
250
250
250
250
250
250
250
250
250
250
250
250
250
250
250
250
250
250
250
250
250
250
250
250
250
250
250
250
250
250
250
250
250
250
250
250
250
250
250
250
250
250
250
250
250
250
250
250
250
250
250
250
250
250
250
250
250
250
250
250
250
250
250
250
250
250
250
250
250
250
250
250
250
250
250
250
250
250
250
250
250
250
250
250
250
251
251
252
251
251
250
250
250
250
250
250
250
250
250
250
250
250
250
250
250
250
250
250
250
250
250
250
250
250
250
250
250
250
250
250
250
250
251
243
218
101
223
251
253
251
250
250
250
250
250
250
250
250
250
250
250
250
250
250
250
250
250
250
250
250
250
250
250
250
250
250
250
250
250
250
250
250
250
250
250
250
250
250
250
250
250
250
250
250
250
250
250
250
250
250
250
250
250
250
250
250
250
250
250
250
250
250
250
250
250
250
250
250
250
250
250
250
250
250
250
250
250
250
250
250
250
250
250
250
250
250
250
250
250
250
250
250
250
250
250
250
250
250
250
250
250
250
250
250
250
250
250
250
250
250
250
250
250
250
250
250
250
250
250
250
250
250
250
250
250
250
250
250
250
250
250
250
250
250
250
250
250
250
250
250
250
250
250
250
250
250
250
250
250
250
250
250
250
250
250
250
250
250
250
250
250
250
250
250
250
250
250
250
250
250
250
