243
243
243
243
243
243
243
243
243
243
243
243
243
243
243
243
243
243
243
243
243
243
243
243
243
243
243
243
243
243
243
243
243
243
243
243
243
243
243
243
243
74
74
74
243
243
243
243
243
243
243
243
243
243
243
243
243
243
243
243
243
243
243
243
243
243
243
243
243
243
243
243
243
243
243
243
243
243
243
243
243
243
243
243
243
243
243
243
243
243
243
243
243
243
243
243
243
243
243
243
243
243
243
243
243
243
243
243
243
243
243
243
243
243
243
243
243
243
243
243
243
243
243
243
243
243
243
243
243
243
243
243
243
243
243
243
243
243
243
243
243
243
243
243
243
243
243
243
243
243
243
243
243
243
243
243
243
243
243
243
243
243
243
243
243
243
243
243
243
243
243
243
243
243
243
243
243
243
243
243
243
243
243
243
243
243
243
243
243
245
245
225
113
225
245
245
243
243
243
243
243
243
243
243
243
243
243
243
243
243
243
243
243
243
243
243
243
243
243
243
243
243
243
243
243
243
243
243
243
243
243
243
243
243
243
243
243
243
243
243
243
243
243
243
243
243
243
243
243
243
243
243
243
243
243
243
243
243
243
243
243
243
243
243
243
243
243
243
243
243
243
243
245
247
248
247
245
243
243
243
243
243
243
243
243
243
243
243
243
243
243
243
243
243
243
243
243
243
243
243
243
243
243
243
243
243
243
243
243
243
243
245
247
248
247
245
243
243
243
243
243
243
243
243
243
243
243
243
243
243
243
243
243
243
243
243
243
243
243
245
250
240
247
242
251
247
244
243
243
243
243
243
243
243
243
243
243
243
243
243
243
243
243
243
243
243
243
243
243
243
245
246
246
245
244
243
243
243
243
243
243
243
243
243
243
243
243
243
243
243
243
243
243
243
243
243
243
243
243
243
243
243
243
243
243
243
243
243
243
243
243
243
243
243
243
243
243
243
243
243
243
245
250
239
244
239
250
245
243
243
243
243
243
243
243
243
243
243
243
243
243
243
243
243
243
243
243
243
243
243
243
243
243
243
243
243
243
243
243
243
247
246
239
237
240
246
245
243
243
243
243
243
243
243
243
243
243
243
243
243
243
243
243
243
243
243
243
243
243
243
248
243
248
238
247
241
247
244
243
243
243
243
243
243
243
243
243
243
243
243
243
243
243
243
243
243
243
243
244
246
249
241
245
244
250
250
249
247
245
243
243
243
243
243
243
243
243
243
243
243
243
243
243
243
243
243
243
243
243
243
243
243
243
243
243
243
243
243
243
243
243
243
243
243
243
243
243
243
243
243
245
250
247
221
95
215
239
247
243
243
243
243
243
243
243
243
243
243
243
243
243
243
243
243
243
243
243
243
243
243
243
243
243
243
243
243
243
243
243
243
246
243
201
148
206
243
246
243
243
243
243
243
243
243
243
243
243
243
243
243
243
243
243
243
243
243
243
243
243
243
250
242
187
211
171
235
247
246
244
243
243
243
243
243
243
243
243
243
243
243
243
243
243
243
243
243
244
246
249
245
243
214
168
231
236
229
235
239
245
243
243
243
243
243
243
243
243
243
243
245
247
248
247
245
243
243
243
243
243
243
243
243
243
243
243
243
243
243
243
243
243
243
243
243
243
243
243
243
243
243
247
239
221
69
72
95
244
248
243
243
243
243
243
243
243
243
243
243
243
243
245
247
248
247
245
243
243
243
243
243
243
243
243
243
243
243
243
243
243
247
250
216
147
135
149
219
250
245
243
243
243
243
243
243
243
243
243
243
243
243
243
243
243
243
243
243
243
243
243
247
248
234
174
141
150
170
241
245
245
243
243
243
243
243
243
243
243
243
243
243
243
243
243
243
243
243
246
241
239
228
170
148
151
153
163
154
163
225
250
249
247
249
250
250
248
245
243
243
245
250
239
244
239
250
245
243
243
243
243
243
243
243
243
243
243
243
243
243
243
243
243
243
243
243
243
243
243
243
244
246
250
250
103
81
76
226
241
247
243
243
243
243
243
243
243
243
243
243
243
245
250
239
244
239
250
245
243
243
243
243
243
243
243
243
243
243
243
243
243
247
243
204
140
131
148
212
247
246
243
243
243
243
243
243
243
243
243
243
243
243
243
243
243
243
243
243
243
245
248
249
246
179
147
142
140
148
190
246
247
243
243
243
243
243
243
243
243
243
243
243
243
243
243
243
243
243
248
242
174
146
146
140
142
142
142
135
143
206
242
246
244
237
229
236
242
248
248
246
250
247
221
95
215
239
247
243
243
243
243
243
243
243
243
243
243
243
243
243
243
243
243
243
244
245
246
247
248
249
250
248
244
229
201
84
206
240
250
250
247
245
243
243
243
243
243
243
243
243
245
250
247
221
95
215
239
247
243
243
243
243
243
243
243
243
243
243
243
243
244
250
224
155
141
142
153
220
250
245
243
243
243
243
243
243
243
243
243
243
243
243
243
243
243
243
243
243
244
245
242
240
185
148
144
145
143
151
188
246
246
243
243
243
243
243
243
243
243
243
243
243
243
243
243
243
243
243
250
241
174
136
139
142
141
140
141
142
147
152
168
237
229
170
152
155
199
239
243
250
240
221
69
72
95
244
248
243
243
243
243
243
243
243
243
243
243
243
243
243
243
245
248
250
251
244
244
241
240
233
233
237
186
163
153
159
161
200
246
241
240
248
248
245
243
243
243
243
243
243
247
239
221
69
72
95
244
248
243
243
243
243
243
243
243
243
243
243
243
243
245
249
216
150
135
143
202
244
248
243
243
243
243
243
243
243
243
243
243
243
243
243
243
243
243
243
243
245
250
251
224
166
146
144
144
142
137
162
234
246
246
243
243
243
243
243
243
243
243
243
243
243
243
243
243
243
243
246
246
238
177
141
150
154
161
161
156
151
143
139
145
164
212
150
135
144
148
153
220
247
246
96
72
69
221
239
247
243
243
243
243
243
243
243
243
243
243
243
243
243
247
246
241
234
233
225
181
244
227
155
161
159
149
141
141
141
157
226
204
155
196
239
241
245
244
243
243
243
243
243
248
244
95
72
69
221
239
247
243
243
243
243
243
243
243
243
243
243
243
243
245
250
217
151
135
151
212
251
250
245
243
243
243
243
243
243
243
243
243
243
243
243
243
243
243
243
245
250
243
242
194
145
141
143
149
152
159
185
244
250
243
243
243
243
243
243
243
243
243
243
243
243
243
243
243
243
243
248
246
188
149
139
154
224
238
234
237
191
148
143
142
152
153
152
145
147
142
140
151
230
245
215
95
221
247
250
245
243
243
243
243
243
243
243
243
243
243
243
243
245
246
242
197
153
159
150
166
227
210
140
136
144
145
148
146
147
156
158
154
147
144
158
221
248
245
243
243
243
243
243
247
239
215
95
221
247
250
245
243
243
243
243
243
243
243
243
243
243
243
243
246
250
220
152
135
154
199
248
242
250
245
243
243
243
243
243
243
243
243
243
243
243
243
243
243
245
250
247
227
97
137
147
145
149
158
224
235
237
242
245
243
243
243
243
243
243
243
243
243
243
243
243
243
243
243
243
245
251
248
185
142
135
162
237
251
250
250
246
185
146
144
144
144
144
142
141
140
132
147
221
251
239
244
239
250
245
243
243
243
243
243
243
243
243
243
243
243
243
243
246
249
207
148
137
139
141
153
161
155
149
145
148
147
146
148
147
146
144
146
146
137
138
211
250
246
243
243
243
243
243
245
250
239
244
239
250
245
243
243
243
243
243
243
247
247
245
243
243
243
243
247
246
215
146
146
155
188
97
216
239
247
243
243
243
243
243
243
243
243
243
243
243
243
243
243
247
239
221
73
66
73
144
144
146
216
249
250
248
246
244
243
243
243
243
243
243
243
243
243
243
243
243
243
243
243
245
250
244
243
178
149
144
167
239
249
243
247
247
244
176
149
144
146
153
159
162
159
158
176
231
250
247
248
247
245
243
243
243
243
243
243
243
243
243
243
243
243
243
243
246
246
203
147
140
147
148
147
143
143
142
140
142
141
144
142
143
143
144
147
148
139
150
215
250
246
243
243
243
243
243
243
245
247
248
247
245
243
243
243
243
243
243
243
237
239
250
245
243
243
245
249
236
166
143
136
170
67
73
96
244
248
243
243
243
243
243
243
243
243
243
243
243
243
243
243
248
244
95
78
72
144
146
145
162
229
250
245
243
243
243
243
243
243
243
243
243
243
243
243
243
243
243
243
243
245
250
247
226
98
159
138
151
226
246
246
243
243
247
249
235
162
139
141
172
232
237
232
231
236
241
245
243
243
243
243
243
243
243
243
243
243
243
243
243
243
243
243
243
243
246
250
217
162
146
147
148
147
146
146
153
155
160
180
173
151
154
154
156
150
147
140
152
218
250
245
243
243
243
243
243
243
243
243
243
243
243
243
243
243
243
243
243
243
94
215
239
247
243
243
247
243
220
146
143
156
90
83
73
221
239
247
243
243
243
243
243
243
243
243
243
245
247
248
248
248
250
242
216
100
215
201
143
146
209
244
247
243
243
243
243
243
243
243
243
243
243
243
243
243
243
243
243
243
243
247
239
221
74
71
79
139
164
237
252
248
245
243
244
250
245
173
146
140
181
247
251
250
250
249
246
244
243
243
243
243
243
243
243
243
243
243
245
247
249
249
247
245
243
243
246
247
238
186
142
147
149
146
142
147
180
237
237
235
238
227
171
232
212
148
144
142
152
217
250
245
243
243
243
243
243
243
243
243
243
243
243
243
243
243
243
243
243
74
77
95
244
248
243
243
249
236
153
145
142
177
207
100
228
251
251
246
243
243
243
243
243
243
243
243
245
250
239
245
247
247
247
247
248
250
221
175
141
149
213
250
247
243
243
243
243
243
243
243
243
243
243
243
243
243
243
243
243
245
247
250
247
98
74
65
139
137
159
219
244
241
250
245
243
246
247
233
157
138
176
241
250
246
248
247
245
243
243
243
243
243
243
243
243
243
243
244
244
239
232
234
241
247
245
243
247
251
213
157
146
148
144
149
149
179
243
250
250
250
250
243
247
249
223
154
140
141
152
216
250
245
243
243
243
243
243
243
243
243
243
243
243
243
243
243
243
243
243
74
87
221
239
247
243
243
250
227
157
137
150
164
157
210
230
248
246
250
246
244
243
243
243
243
243
245
250
247
222
104
217
216
98
216
244
251
217
153
135
151
215
251
247
243
243
243
243
243
243
243
243
243
243
243
243
243
243
243
245
250
239
247
234
223
100
181
160
150
153
151
96
217
239
247
243
246
248
232
157
138
178
244
251
239
244
239
250
245
243
243
243
243
243
243
243
243
243
247
250
215
161
150
214
242
246
245
248
242
197
142
144
145
149
158
230
242
243
247
244
243
244
245
248
250
215
146
140
140
151
216
250
245
243
243
243
243
243
243
243
243
243
243
243
243
243
243
243
243
243
74
232
247
250
245
243
245
250
233
163
141
147
148
152
156
164
167
224
240
243
248
244
243
243
243
243
247
239
221
72
68
73
69
77
95
246
251
215
151
139
143
209
244
251
245
243
243
243
243
243
243
243
243
243
243
243
243
243
245
250
247
221
97
223
234
250
233
187
138
132
64
72
97
244
248
243
249
243
171
143
136
175
247
250
221
95
215
239
247
243
243
243
243
243
243
243
243
243
247
243
200
139
134
150
222
248
246
250
217
153
144
148
143
152
227
249
250
246
244
243
243
243
243
245
249
221
155
142
136
149
215
248
245
243
243
243
243
243
243
243
243
243
243
245
247
248
247
245
243
243
243
245
250
245
243
243
246
246
226
153
143
149
149
146
145
141
148
149
165
238
247
247
244
243
243
243
248
244
95
77
69
73
68
72
221
241
251
219
162
141
136
88
209
241
247
243
243
244
245
246
246
245
243
243
243
243
243
243
247
239
221
69
72
97
247
251
251
195
150
78
75
82
226
241
247
243
250
237
169
137
144
175
240
225
69
72
95
245
250
248
250
250
250
250
247
245
243
245
249
222
163
142
142
148
222
248
247
249
209
146
140
147
140
160
230
250
245
243
243
243
243
243
243
243
248
243
206
144
140
154
223
250
245
243
243
243
243
243
243
243
243
243
245
250
239
244
239
250
245
243
243
245
245
243
243
243
248
242
166
145
144
145
142
141
142
143
145
140
144
173
243
246
247
243
243
243
247
239
215
98
216
217
104
222
247
250
250
222
157
130
65
75
100
244
250
246
247
250
246
245
244
249
249
246
244
243
243
243
248
244
95
72
69
221
239
249
248
239
169
126
84
212
241
250
247
246
247
234
164
137
163
238
245
98
72
69
222
242
245
239
231
234
231
236
243
248
247
248
250
214
149
138
143
208
243
247
246
249
212
150
142
148
140
157
228
250
243
243
243
243
243
243
243
243
248
251
213
146
138
206
243
248
243
243
243
243
243
243
243
243
243
245
250
247
221
95
215
239
247
243
243
243
243
243
243
244
250
236
164
137
145
151
155
162
155
149
143
142
141
146
181
245
247
247
243
243
245
250
239
245
247
247
245
239
250
247
248
221
159
77
67
72
206
244
251
244
244
239
239
185
208
233
240
242
248
244
243
243
247
239
215
95
221
247
250
245
250
245
182
140
149
154
198
249
250
250
251
186
150
139
172
243
248
215
95
222
250
251
231
163
163
162
158
157
207
241
243
250
245
208
147
135
147
212
250
247
246
250
214
152
140
149
141
160
228
250
243
243
243
243
243
243
243
243
248
243
204
138
146
212
250
247
243
243
243
243
243
243
243
243
243
247
239
221
69
72
95
244
248
243
243
243
243
243
243
246
247
232
157
140
150
185
237
237
234
184
163
156
149
139
145
190
246
248
246
243
243
245
247
248
248
248
248
247
245
244
249
227
163
133
73
135
222
249
242
213
183
205
155
151
152
160
167
235
245
247
244
243
245
250
239
244
239
250
245
243
250
244
180
145
144
142
173
237
242
241
229
172
141
137
166
238
251
239
244
241
251
236
155
143
139
140
135
139
146
157
231
250
231
158
144
142
154
218
249
245
246
250
214
153
141
148
143
164
230
250
243
243
243
243
243
243
243
245
250
222
154
138
148
209
249
246
243
243
243
243
243
243
243
243
243
248
244
95
72
69
221
239
247
243
243
243
243
243
243
250
246
178
146
139
170
240
251
251
248
243
240
232
160
146
140
146
200
247
250
250
247
245
243
243
243
243
243
243
243
243
248
245
206
142
136
153
231
247
171
147
152
145
146
140
143
141
146
162
240
246
248
244
243
245
247
248
247
245
243
247
249
239
172
142
145
145
149
187
204
157
154
153
143
143
168
242
250
246
248
250
245
173
145
142
143
144
151
151
145
141
155
234
211
140
137
144
201
243
248
243
246
250
213
152
141
148
142
165
228
250
243
243
243
243
243
243
243
246
249
214
148
132
148
209
247
246
243
243
243
243
243
243
243
243
243
247
239
215
95
221
247
250
245
243
243
243
243
244
246
250
238
170
138
142
180
243
250
244
247
251
247
248
222
159
144
141
148
216
238
245
239
250
245
243
243
243
243
243
243
243
248
250
210
151
140
151
216
226
152
136
143
143
141
140
140
142
140
145
169
242
247
247
243
243
243
243
243
243
245
244
242
182
144
149
149
152
144
150
146
143
139
141
145
161
236
243
246
243
247
248
234
159
138
143
147
154
201
237
177
139
143
153
153
143
139
146
206
249
249
243
246
250
210
147
142
146
152
161
234
248
243
243
243
243
243
243
243
246
250
217
150
137
155
214
250
246
243
243
243
243
243
243
243
243
243
245
250
239
244
239
250
245
243
243
243
243
243
246
245
243
192
154
143
142
177
240
250
245
250
247
222
100
216
216
155
145
146
157
197
99
215
239
247
243
243
243
243
243
243
243
246
248
206
148
139
149
148
155
152
143
143
147
154
158
162
155
149
140
143
177
244
247
247
243
243
243
243
243
246
251
207
157
138
146
206
156
139
141
140
141
138
143
154
232
246
248
244
246
244
242
172
147
141
144
171
238
246
248
243
176
149
147
141
144
143
151
210
250
246
243
247
250
213
150
141
142
148
218
243
247
243
243
243
243
243
243
243
246
250
217
148
136
197
242
247
243
243
243
243
243
243
243
243
243
243
243
245
247
248
247
245
243
243
243
243
243
243
248
249
195
152
144
142
139
174
239
250
246
239
221
69
73
101
245
210
144
137
138
65
77
96
244
248
243
243
243
243
243
243
243
246
249
211
150
143
142
148
144
144
143
149
164
212
236
236
232
164
145
140
144
188
246
248
246
243
243
243
243
246
244
233
171
140
166
228
189
160
152
152
155
158
160
227
245
248
244
243
249
248
187
148
139
147
170
243
248
250
250
244
244
224
156
143
144
140
188
240
247
245
243
247
244
207
146
142
146
162
230
250
245
243
243
243
243
243
243
243
247
250
218
146
141
204
250
250
243
243
243
243
243
243
243
243
243
243
243
243
243
243
243
243
243
243
243
243
243
245
247
240
184
143
144
144
147
174
244
248
248
244
95
72
69
224
247
220
157
145
79
71
79
225
240
247
243
243
243
243
243
243
243
244
245
244
198
147
147
147
147
146
148
179
240
247
250
251
249
237
161
147
141
146
197
244
246
244
243
243
243
247
250
198
149
140
219
239
247
235
204
189
234
233
237
242
247
245
243
245
247
237
174
138
137
159
232
248
247
244
244
246
251
237
164
140
141
149
201
250
247
243
245
250
227
157
146
142
146
211
245
247
243
243
243
243
243
243
243
243
248
244
212
140
140
202
248
248
243
243
243
243
243
243
243
243
243
243
243
243
243
243
243
243
243
243
243
243
243
246
248
203
158
147
144
148
167
239
244
247
246
239
215
95
221
247
251
244
198
142
129
83
209
243
251
245
243
243
243
243
243
243
243
243
246
249
243
186
142
145
145
148
174
243
248
248
244
244
248
246
222
150
137
143
154
215
250
247
243
243
243
249
246
191
140
143
156
236
251
251
244
244
247
250
249
246
245
243
243
246
247
192
147
140
146
167
244
250
244
243
243
243
250
233
164
138
147
187
244
245
245
243
246
243
213
146
144
141
153
217
250
247
243
243
243
243
243
243
243
244
250
230
160
140
144
201
248
248
243
243
243
243
243
243
243
243
243
243
243
243
243
245
247
248
247
245
243
243
243
250
249
195
145
144
146
162
242
252
252
252
252
253
251
252
251
253
253
252
214
157
147
156
174
251
252
251
248
245
243
243
243
243
243
243
243
250
247
189
144
141
149
165
240
247
246
244
243
243
245
250
231
150
143
141
143
200
242
247
243
243
243
249
246
193
143
138
148
159
238
246
249
246
245
244
243
243
243
243
243
246
247
193
147
138
153
227
246
246
243
243
243
243
250
232
160
135
174
241
250
247
243
244
249
229
151
149
148
141
153
220
252
251
251
251
251
251
251
251
251
252
252
235
163
140
153
212
252
252
251
251
251
248
245
243
243
243
243
243
243
243
245
250
239
244
239
250
243
243
245
248
242
191
142
145
136
145
204
216
210
209
209
211
213
215
213
211
212
213
173
126
129
130
142
204
214
227
242
252
251
251
251
251
251
251
251
252
252
206
159
148
163
241
253
252
252
251
251
251
251
252
254
234
160
155
150
160
230
252
252
251
251
252
252
205
152
150
151
154
172
248
251
252
251
251
251
251
251
251
251
252
252
250
187
143
168
244
253
252
251
251
251
251
253
244
167
143
191
252
253
251
251
251
252
235
167
146
155
149
159
207
230
210
209
209
209
209
209
209
209
211
218
200
136
124
129
175
214
212
209
206
221
232
247
243
243
243
243
243
243
245
250
247
221
95
215
239
243
243
246
250
209
152
144
147
148
105
110
116
113
113
113
113
113
113
113
113
115
115
108
97
89
87
93
102
110
111
215
211
209
209
209
209
209
209
209
212
211
207
150
120
140
208
219
211
209
209
209
209
209
211
215
211
181
125
123
131
189
217
212
209
209
214
216
174
130
130
132
129
132
159
220
221
217
216
213
211
209
209
209
209
215
216
160
122
136
202
215
209
209
209
209
210
217
206
138
121
158
210
214
209
209
210
216
199
137
127
133
128
132
193
112
113
113
113
113
113
113
113
114
118
114
104
92
84
89
100
113
116
113
108
120
237
248
243
243
243
243
243
243
247
239
221
69
72
95
244
243
243
249
249
204
146
140
145
148
208
215
210
209
209
209
209
209
209
209
209
209
214
217
170
128
129
125
137
205
220
108
112
113
113
113
113
113
113
113
113
118
117
107
92
90
103
113
115
113
113
113
113
113
113
114
118
111
100
88
89
100
110
116
113
116
117
110
97
85
84
85
86
87
93
99
104
99
103
108
115
114
113
113
113
118
110
101
84
98
108
120
114
113
113
113
115
113
103
90
92
105
114
116
113
113
114
118
104
97
86
92
86
92
99
219
213
209
209
209
209
209
209
212
209
196
128
125
129
131
178
216
212
209
206
221
232
247
243
243
243
243
243
243
248
244
95
72
69
221
239
243
243
249
243
199
142
141
142
166
238
252
252
251
251
251
251
251
251
251
251
251
253
252
203
152
149
147
168
246
248
225
208
209
209
209
209
209
209
209
209
209
216
212
148
120
141
208
216
210
209
209
209
209
209
209
214
218
182
133
124
132
193
215
212
212
208
167
125
135
146
141
135
128
129
127
127
120
120
185
216
212
209
209
209
214
213
158
123
129
200
211
212
209
209
209
214
206
140
120
149
212
217
210
209
209
210
216
199
135
127
134
128
132
207
249
252
251
251
251
251
251
251
252
251
178
155
150
155
204
251
252
252
251
251
251
248
245
243
243
243
243
243
243
247
239
215
95
221
247
250
243
243
250
218
154
144
143
147
172
237
249
243
243
243
243
243
243
243
243
243
243
250
248
194
145
141
146
165
241
251
251
251
252
252
252
252
251
251
251
251
251
252
251
186
151
166
245
253
252
252
251
251
251
251
251
252
252
219
154
140
161
235
253
253
252
229
159
149
204
246
240
171
151
148
152
155
150
154
224
252
253
252
251
251
253
251
191
149
154
183
252
253
252
252
252
253
250
175
141
180
249
252
251
251
251
252
252
237
164
147
154
146
164
222
250
247
243
243
243
243
243
247
244
228
151
138
141
180
242
250
246
243
243
243
243
243
243
243
243
243
243
243
243
245
250
239
244
239
250
245
243
243
249
211
146
140
144
151
222
248
248
243
243
243
243
243
243
243
243
243
245
248
242
187
141
141
153
229
248
247
245
250
239
244
239
250
245
243
243
243
243
246
247
230
155
141
168
241
245
246
243
243
243
243
243
249
250
204
136
71
140
219
250
249
250
209
145
146
216
251
250
235
165
150
145
140
143
146
157
228
244
246
243
243
250
243
181
140
138
159
226
244
246
250
250
250
236
158
140
165
243
249
243
243
243
244
250
225
156
141
143
142
145
216
250
245
243
243
243
243
243
249
242
162
145
142
143
185
246
250
243
243
243
243
243
243
243
243
243
243
243
243
243
243
245
247
248
247
245
243
243
243
249
209
145
137
144
151
221
248
250
244
243
243
243
243
243
243
243
243
247
250
208
152
144
142
151
224
244
248
250
247
221
95
215
239
247
243
243
243
243
244
249
244
171
142
143
182
248
249
243
243
243
243
245
251
248
199
74
65
91
222
251
249
246
205
142
189
243
248
248
243
241
213
160
157
153
143
144
173
241
250
246
243
247
247
187
148
140
149
153
186
241
241
238
235
171
144
156
231
245
246
243
243
243
244
250
226
156
139
146
140
201
243
246
243
243
243
243
243
243
249
234
156
138
144
141
182
244
250
243
243
243
243
243
243
243
243
243
243
243
243
243
243
243
243
243
243
243
243
243
243
249
219
158
146
142
144
155
231
246
248
244
243
243
243
243
243
243
245
250
244
196
141
144
142
150
158
245
249
239
221
69
72
95
244
248
243
243
243
243
243
246
245
227
149
132
171
239
250
247
243
243
243
247
241
224
80
68
65
144
219
251
250
225
159
143
199
249
250
244
246
249
242
240
234
186
143
144
152
227
243
250
245
246
245
242
171
141
136
137
146
186
203
164
155
147
137
164
238
250
244
243
243
243
245
250
228
157
138
144
192
243
250
246
243
243
243
243
243
243
250
238
171
142
144
142
182
244
250
243
243
243
243
243
243
243
243
243
243
243
243
243
243
243
243
243
243
243
243
243
243
245
241
237
195
154
147
144
158
237
248
251
250
247
245
243
243
245
248
247
214
153
147
147
143
141
222
242
250
244
95
72
69
221
239
247
243
243
243
243
243
244
250
239
163
142
145
187
247
247
247
243
243
248
244
101
75
68
133
153
223
250
250
224
150
144
199
249
250
243
243
245
246
251
251
194
147
142
139
90
220
239
246
243
247
247
238
169
155
148
144
140
143
143
140
141
145
172
241
248
243
243
243
243
247
245
222
150
139
147
200
250
249
243
243
243
243
243
243
243
250
240
179
145
141
141
183
244
250
243
243
243
243
243
243
243
243
243
243
243
243
243
243
243
243
243
243
243
243
243
243
245
249
247
246
233
170
136
143
165
233
234
236
242
249
249
250
251
248
221
151
146
145
146
143
172
235
250
248
239
215
95
221
247
250
245
243
243
243
243
243
243
246
243
229
151
140
141
195
247
250
250
250
250
247
197
84
132
146
159
227
250
249
245
205
140
190
243
247
243
243
243
243
247
248
198
148
133
65
72
98
244
248
243
244
247
242
239
234
219
160
153
149
144
138
146
157
235
245
246
243
243
243
243
249
237
163
146
139
143
196
246
248
243
243
243
243
243
243
246
247
235
167
144
142
142
185
243
250
243
243
243
243
243
243
243
243
243
243
243
243
243
243
243
243
243
243
243
243
243
243
243
244
245
250
250
183
142
135
145
154
163
160
194
240
239
241
237
221
155
145
146
148
141
146
189
241
248
245
250
239
244
239
250
245
243
243
243
243
243
243
243
244
248
246
223
149
143
147
200
244
241
239
236
241
206
148
135
147
209
243
247
248
246
206
143
149
214
249
246
243
243
243
245
247
241
178
78
71
79
223
239
247
243
243
244
246
248
250
243
238
234
213
172
148
153
220
245
248
244
243
243
243
243
249
226
152
131
137
146
201
249
246
243
243
243
243
243
243
248
245
183
153
145
142
141
183
242
250
243
243
243
243
243
243
243
243
243
243
243
243
243
243
243
243
243
243
243
243
243
243
243
243
243
246
245
238
171
155
147
140
132
140
146
149
211
179
161
152
148
145
149
145
143
143
224
247
246
243
245
247
248
247
245
243
243
243
243
243
243
243
243
243
244
249
245
208
140
142
150
161
217
178
149
162
157
151
147
163
224
250
247
249
222
154
135
144
207
248
246
243
243
243
243
250
247
184
126
85
217
248
250
245
243
243
243
243
243
245
246
249
250
245
240
228
180
230
249
245
243
243
243
243
243
249
235
167
152
153
189
242
246
245
243
243
243
243
243
243
250
241
178
142
144
144
149
187
247
247
243
243
243
243
243
243
243
243
243
243
243
243
243
243
243
243
243
243
243
243
243
243
247
248
246
246
247
244
239
234
222
160
156
152
142
143
147
148
141
143
146
146
143
143
145
216
243
247
244
243
243
243
243
243
243
243
243
243
243
243
243
243
243
243
243
247
250
222
155
139
135
146
146
148
141
139
143
147
193
241
240
245
245
249
222
155
136
147
212
250
249
245
243
243
243
250
245
187
133
156
230
252
246
243
243
243
243
243
243
243
243
243
245
247
250
244
243
238
246
243
243
243
243
243
243
246
240
237
228
233
240
245
247
243
243
243
243
243
243
243
250
239
173
136
135
131
165
235
247
246
243
243
243
243
243
243
243
243
243
243
243
243
243
243
243
243
243
243
243
243
243
243
237
244
239
250
246
246
248
251
244
240
233
193
138
135
139
141
143
144
142
142
148
152
211
245
248
245
243
243
243
243
243
243
243
243
243
243
243
243
243
243
243
243
243
243
247
243
207
158
154
148
140
139
141
138
136
182
243
250
248
245
243
247
244
206
139
144
198
240
240
245
243
244
245
251
247
188
138
160
233
250
243
243
243
243
243
243
243
243
243
243
243
243
244
245
246
246
244
243
243
243
243
243
243
244
246
249
250
250
248
246
244
243
243
243
243
243
243
243
248
243
183
155
156
153
181
246
249
243
243
243
243
243
243
243
243
243
243
243
243
243
243
243
243
243
243
243
243
243
243
243
215
95
215
239
247
243
243
245
246
250
250
211
157
156
162
154
147
147
153
157
190
239
243
246
245
243
243
243
243
243
243
243
243
243
243
243
243
243
243
243
243
243
243
243
246
246
241
237
233
183
148
152
151
159
161
197
249
248
243
243
243
247
250
223
160
146
150
157
229
250
249
249
245
244
234
173
145
183
239
249
243
243
243
243
243
243
243
243
243
243
243
243
243
243
243
243
243
243
243
243
243
243
243
243
243
243
243
243
243
243
243
243
243
243
243
243
243
243
246
242
238
231
231
230
237
242
246
245
247
248
247
245
243
243
243
243
243
243
243
243
243
243
243
243
243
243
243
243
243
243
71
72
95
244
248
243
243
243
243
245
244
239
233
231
235
230
168
177
231
236
241
248
249
245
243
243
243
243
243
243
243
243
243
243
243
243
243
243
243
243
243
243
243
243
243
245
247
250
247
243
228
172
225
234
233
239
243
246
243
243
243
243
248
242
195
141
134
147
220
240
241
243
249
212
152
139
159
222
246
246
243
243
243
243
243
243
243
243
243
243
243
243
243
243
243
243
243
243
243
243
243
243
243
243
243
243
243
243
243
243
243
243
243
243
243
243
243
243
244
246
248
250
250
250
248
246
246
250
239
244
239
250
245
243
243
243
243
243
243
243
243
243
243
243
243
243
243
243
243
74
71
69
221
239
247
243
243
243
243
243
245
247
250
250
251
246
239
240
246
250
248
246
244
243
243
243
243
243
243
243
243
243
243
243
243
243
243
243
243
243
243
243
243
243
243
243
243
244
246
250
242
246
245
250
250
248
245
244
243
243
243
243
247
250
206
148
140
147
162
218
158
188
235
190
141
143
170
233
250
244
243
243
243
243
243
243
243
243
243
243
243
243
243
243
243
243
243
243
243
243
243
243
243
243
243
243
243
243
243
243
243
243
243
243
243
243
243
243
243
243
243
243
243
243
243
245
250
247
221
95
215
239
247
243
243
243
243
243
243
243
243
243
243
243
243
243
243
243
243
243
97
221
247
250
245
243
243
243
243
243
243
245
247
248
248
248
247
247
246
244
243
243
243
243
243
243
243
243
243
243
243
243
243
243
243
243
243
243
243
243
243
243
243
243
243
243
243
243
243
244
245
246
245
244
243
243
243
243
243
243
243
243
245
245
245
191
147
142
149
146
148
147
153
151
145
195
240
242
245
243
243
243
243
243
243
243
243
243
243
243
243
243
243
243
243
243
243
243
243
243
243
243
243
243
243
243
243
243
243
243
243
243
243
243
243
243
245
247
248
247
245
243
243
243
243
247
239
221
69
72
95
244
248
243
243
243
243
243
243
243
243
243
243
243
243
243
243
243
243
243
237
239
250
245
243
243
245
247
248
247
247
250
239
244
239
250
245
243
243
243
243
243
243
243
243
243
243
243
243
243
243
243
243
243
243
243
243
243
243
243
243
243
243
243
243
243
243
243
243
243
243
243
243
243
243
243
243
243
243
243
243
243
243
247
250
239
177
137
141
143
143
142
141
142
154
217
250
248
244
243
243
243
243
243
243
243
243
243
243
243
243
243
243
243
243
243
243
243
243
243
243
243
243
243
245
247
248
247
245
243
245
247
248
247
245
245
250
239
244
239
250
245
243
243
243
248
244
95
72
69
221
241
250
248
247
245
243
243
243
243
243
243
243
243
243
243
243
243
243
243
247
247
245
243
243
245
250
239
244
241
252
249
221
95
215
239
247
243
243
243
243
243
243
243
243
243
243
243
243
243
243
243
243
243
243
243
243
243
243
243
243
243
243
243
243
243
243
243
243
243
243
243
243
243
243
243
243
243
243
243
243
243
243
243
249
247
192
152
145
147
147
150
137
139
194
240
247
243
243
243
243
243
243
243
243
243
243
243
243
243
243
243
243
243
243
243
243
243
243
243
243
243
243
245
250
239
244
239
250
247
250
239
244
239
250
250
247
221
95
215
239
247
243
243
243
247
239
215
95
221
249
252
241
244
239
250
245
243
243
243
243
243
243
243
243
243
243
243
243
243
243
243
243
243
243
245
245
225
113
228
247
234
87
77
94
237
247
243
243
243
243
243
243
243
243
243
243
243
243
243
243
243
243
243
243
243
243
243
243
243
243
243
243
243
243
243
243
243
243
243
243
243
243
243
243
243
243
243
243
243
243
243
243
243
246
242
240
229
164
161
211
154
145
143
199
248
247
243
243
243
243
243
243
243
243
243
243
243
243
243
243
243
243
243
243
243
243
243
243
243
243
243
243
245
245
225
113
225
245
247
245
225
113
225
247
247
232
87
77
94
237
247
243
243
243
245
250
239
244
239
250
247
225
113
225
245
245
243
243
243
243
243
243
243
243
243
243
243
243
243
243
243
243
243
243
243
243
74
74
74
243
74
74
74
243
243
243
243
243
243
243
243
243
243
243
243
243
243
243
243
243
243
243
243
243
243
243
243
243
243
243
243
243
243
243
243
243
243
243
243
243
243
243
243
243
243
243
243
243
243
243
243
243
243
243
243
243
243
243
243
247
215
162
248
243
243
243
243
243
243
243
243
243
243
243
243
243
243
243
243
243
243
243
243
243
243
243
243
243
243
243
243
243
243
243
74
74
74
243
243
243
74
74
74
243
243
74
74
74
243
243
243
243
243
243
243
243
243
243
243
243
243
74
74
74
243
243
243
243
243
243
243
243
243
243
243
243
243
243
