241
241
241
241
241
241
241
241
241
241
241
241
241
241
241
241
241
241
241
241
241
241
241
241
241
241
241
241
241
241
241
241
241
241
241
241
241
241
241
241
241
241
241
241
241
241
241
241
241
241
241
241
241
241
241
241
241
241
241
241
241
241
241
241
241
241
241
241
241
241
241
241
241
241
241
241
241
241
241
241
241
241
241
241
241
246
194
217
243
241
241
241
241
241
241
241
241
241
241
241
241
241
241
241
241
241
241
241
241
241
241
241
241
241
241
241
241
241
241
60
60
60
241
241
241
241
241
241
241
241
241
241
241
241
241
241
241
241
241
241
241
241
241
241
241
241
241
241
241
241
241
241
241
242
249
242
212
77
206
233
244
241
241
241
242
244
246
244
242
241
241
241
241
241
241
241
241
241
241
241
241
241
241
241
241
241
241
241
241
241
241
241
241
241
241
241
241
241
241
241
241
241
241
241
241
241
241
243
244
239
209
81
211
240
247
242
241
241
241
241
241
241
241
241
241
241
241
241
241
241
241
242
244
240
236
196
173
222
243
242
241
241
241
241
241
241
241
241
241
241
241
241
241
241
241
241
241
241
241
241
241
241
241
241
241
241
244
233
81
64
75
228
242
242
241
241
241
241
241
241
241
241
241
241
241
241
241
241
241
241
241
241
241
241
241
241
241
241
241
241
241
241
241
244
236
216
56
59
82
241
246
241
241
242
249
236
241
236
249
242
241
241
241
241
241
241
241
241
241
241
241
241
241
241
241
241
241
241
241
241
241
241
241
241
241
241
241
241
241
241
241
241
241
241
241
241
241
248
239
185
57
61
76
233
242
241
241
241
241
241
241
241
241
241
241
241
241
241
241
241
241
244
243
230
167
156
171
221
246
243
241
241
241
241
241
241
241
241
241
241
241
241
241
241
241
241
241
241
241
241
241
241
241
241
241
241
244
236
209
82
216
244
249
242
241
241
241
241
241
241
241
241
241
241
241
241
241
241
241
241
241
241
241
241
241
241
241
241
241
241
241
241
241
246
241
82
59
56
216
236
244
241
242
249
244
216
82
209
236
244
241
241
241
241
241
241
241
241
241
241
241
241
241
241
241
241
241
241
241
241
241
241
241
241
241
241
241
241
241
241
241
241
241
241
241
241
242
249
235
78
52
51
141
155
212
244
244
241
241
241
241
241
241
241
241
241
241
241
241
241
242
241
234
170
153
147
177
225
245
243
241
241
241
241
241
241
241
241
241
241
241
241
241
241
241
241
241
241
241
241
241
241
242
244
245
243
244
249
236
241
236
249
242
241
241
241
241
241
241
241
241
241
241
241
241
241
241
241
241
241
241
241
241
241
241
241
241
242
242
241
241
241
241
244
236
209
82
216
244
249
242
241
244
236
216
56
59
82
241
246
241
241
241
241
241
241
241
242
244
246
244
242
241
241
241
241
241
241
241
241
241
241
241
241
241
241
241
241
241
241
241
241
241
241
241
242
244
245
195
141
68
146
152
158
205
244
244
241
241
241
241
241
241
241
241
241
241
241
241
241
245
240
182
155
155
154
164
218
246
243
241
241
241
241
241
241
241
241
241
241
241
241
241
241
241
241
241
241
241
241
241
242
243
236
235
238
243
244
244
246
244
242
241
241
241
241
241
241
241
241
241
241
241
241
241
241
241
241
241
241
241
241
242
244
246
244
244
249
242
241
241
241
241
242
249
236
241
236
249
242
241
241
246
241
82
59
56
216
236
244
241
241
241
241
241
241
242
249
236
241
236
249
242
241
241
241
241
241
241
241
241
241
241
241
241
241
241
241
241
241
241
241
241
241
242
244
244
211
162
153
156
155
158
161
211
245
244
241
241
241
241
241
241
241
241
241
241
241
241
241
248
237
178
152
157
152
160
216
247
244
241
241
241
241
241
241
241
241
241
241
241
241
241
241
241
241
241
241
241
241
241
244
240
202
159
217
240
244
241
241
241
241
241
241
241
241
241
241
241
241
241
241
241
241
241
241
241
241
241
241
241
242
249
236
241
237
254
246
228
60
241
241
241
241
242
244
246
244
242
241
241
241
244
236
209
82
216
244
249
242
241
241
241
241
241
242
249
244
216
82
209
236
244
241
241
241
241
241
241
241
241
241
241
241
241
241
241
241
241
241
241
241
241
241
245
244
223
165
157
157
160
160
153
158
208
245
244
241
241
241
241
241
241
241
241
241
241
241
241
242
245
235
175
154
157
156
155
211
241
245
241
241
241
241
241
241
241
241
241
241
241
241
241
241
241
241
241
241
241
241
244
248
219
160
149
165
229
246
243
244
246
244
242
241
241
241
241
241
241
241
241
241
242
244
246
244
242
241
241
241
242
249
244
216
82
213
230
219
75
60
241
241
241
241
241
241
241
241
241
241
241
241
242
249
236
241
236
249
242
241
241
241
241
241
241
244
236
216
56
59
82
241
246
241
241
241
241
241
241
241
241
241
241
241
241
241
241
241
241
241
242
244
246
247
246
234
176
156
157
157
158
159
153
156
205
246
244
241
241
241
241
241
241
241
241
241
241
241
241
245
246
204
162
154
159
158
156
164
227
246
241
241
241
241
241
241
241
241
241
241
241
241
241
241
241
241
241
241
241
241
245
240
208
151
144
161
222
246
249
236
241
236
249
242
241
241
241
241
241
241
241
242
249
236
241
236
249
242
241
241
244
236
216
56
59
87
241
87
64
60
241
241
241
241
241
241
241
241
241
241
241
241
241
242
244
246
244
242
241
241
241
241
241
241
241
246
241
82
59
56
216
236
244
241
241
241
241
241
241
241
241
241
241
241
241
241
241
241
241
242
249
235
244
236
242
177
161
156
156
158
159
159
153
157
205
245
244
241
241
241
241
241
241
241
241
241
241
241
241
243
237
186
153
155
160
160
149
162
222
246
241
241
241
241
241
241
241
241
241
241
241
241
241
241
241
241
241
241
241
242
248
228
162
154
154
168
232
254
244
216
82
209
236
244
241
241
241
241
241
241
242
249
244
216
82
209
236
244
241
241
246
241
82
59
56
219
230
213
81
241
241
241
241
241
241
241
241
241
241
241
241
241
241
241
241
241
241
241
241
241
241
241
241
241
241
244
236
209
82
216
244
249
242
241
241
241
241
241
241
241
241
241
241
241
241
241
241
241
242
249
244
216
89
211
173
157
156
157
159
158
160
159
154
154
204
245
244
241
241
241
241
241
241
241
241
241
241
241
244
246
204
160
153
166
174
163
151
166
225
248
242
241
241
241
241
241
241
241
241
241
241
241
241
241
242
244
246
244
242
243
242
218
158
146
156
212
244
239
217
56
59
82
241
246
241
241
241
241
241
241
244
236
216
56
59
82
241
246
241
241
244
236
209
82
216
246
254
237
233
241
241
241
241
242
244
246
244
242
241
241
241
241
241
241
241
241
241
241
241
241
241
241
241
241
241
242
249
236
241
236
249
242
241
241
241
241
241
241
241
241
241
241
241
241
241
241
241
241
244
236
216
58
63
72
166
158
156
159
166
180
166
158
154
155
204
245
244
241
241
241
241
241
241
241
241
241
241
241
244
243
201
155
150
177
209
167
150
160
221
242
244
241
241
241
241
241
241
241
241
241
241
241
241
242
249
236
241
236
249
248
238
176
155
155
167
224
251
244
82
59
56
216
236
244
241
241
241
241
241
241
246
241
82
59
56
216
236
244
241
241
242
249
236
241
236
249
244
244
244
241
241
241
242
249
236
241
236
249
242
241
241
241
241
241
241
241
241
241
241
241
241
241
241
241
241
241
242
244
246
244
242
241
241
241
241
241
241
241
241
241
241
241
241
241
241
241
241
241
246
241
84
62
55
169
154
157
156
156
197
197
163
157
152
156
206
245
244
241
241
241
241
241
241
241
241
241
241
241
245
244
204
156
150
180
214
172
151
157
174
235
246
241
241
241
241
241
241
241
241
241
241
241
242
249
244
216
82
210
238
248
228
163
148
153
202
240
247
236
209
82
216
244
249
242
241
241
241
241
241
241
244
236
209
82
216
244
249
242
241
241
241
242
244
246
244
242
241
241
241
241
241
242
249
244
217
84
211
237
245
241
241
241
241
241
241
241
241
241
241
241
241
242
243
245
245
244
242
241
241
241
241
241
241
241
241
241
241
241
241
241
241
241
241
241
241
241
241
241
244
237
213
83
187
167
163
155
152
173
207
204
164
157
152
155
204
245
244
241
241
241
241
241
241
241
241
241
241
241
245
244
202
153
154
194
225
176
155
149
168
229
247
241
241
241
241
241
241
241
241
241
241
241
244
236
216
56
59
85
243
243
178
157
153
162
213
248
246
249
236
241
236
249
242
241
241
241
241
241
241
241
242
249
236
241
236
249
242
241
241
241
241
241
241
241
241
241
241
241
241
241
241
245
237
218
60
57
82
237
247
241
241
241
241
241
241
241
241
241
241
241
242
244
239
234
232
238
242
241
241
241
241
241
241
241
241
241
241
241
241
241
241
241
241
241
241
241
241
241
243
252
237
215
155
165
157
159
159
194
239
198
160
156
152
153
202
245
244
241
241
241
241
241
241
241
241
241
241
241
245
244
200
151
158
230
244
205
154
149
170
231
248
241
241
241
241
241
241
241
241
241
241
241
246
241
82
59
56
220
240
203
160
150
155
194
239
243
241
242
244
246
244
242
241
241
241
241
241
241
241
241
241
242
244
246
244
242
241
241
241
241
241
241
241
241
241
241
241
241
241
241
241
247
239
86
56
45
157
232
248
241
241
241
241
241
241
241
241
241
241
241
243
240
225
163
172
220
243
243
241
241
241
241
241
241
241
241
241
241
241
241
241
241
241
241
241
241
241
241
245
246
229
164
157
156
151
163
220
246
240
188
154
157
153
155
205
245
244
241
241
241
241
241
241
241
241
241
241
241
246
246
202
151
164
236
253
207
156
147
176
232
247
241
241
241
241
241
241
241
241
241
241
241
244
236
209
82
219
249
247
184
152
151
169
218
246
245
241
241
241
241
241
241
241
241
241
241
241
241
241
241
241
241
241
241
241
241
241
241
241
241
241
241
241
241
241
241
241
241
241
241
241
247
234
169
65
137
185
241
248
241
241
241
241
241
241
241
241
241
241
241
245
234
169
148
151
206
246
245
241
241
241
241
243
244
245
244
242
241
241
241
241
241
241
241
241
241
241
243
243
234
170
156
151
158
162
173
238
252
242
187
153
156
153
161
211
246
244
241
241
241
241
241
241
241
241
241
241
241
245
241
197
148
171
235
250
206
156
147
175
232
247
241
241
241
241
241
241
241
241
241
241
241
242
249
236
243
239
250
196
155
154
163
200
246
247
242
241
241
241
241
241
241
241
241
241
241
241
241
241
241
241
241
241
241
241
241
241
241
241
241
241
241
241
241
241
241
241
241
241
241
241
246
250
194
159
149
185
239
247
241
241
241
242
242
243
244
245
244
242
241
245
234
170
151
150
201
241
246
242
241
241
244
242
236
233
239
245
244
242
241
241
241
241
241
241
241
243
244
239
183
157
152
154
161
213
239
236
248
239
186
154
155
153
166
214
245
244
241
241
241
241
241
241
241
241
241
241
243
248
221
165
153
184
239
250
215
167
149
170
232
248
241
241
241
241
241
241
241
241
241
241
241
241
242
245
249
247
212
158
153
152
172
225
236
241
244
242
241
241
241
241
241
241
241
241
241
241
241
241
241
241
241
241
241
241
241
241
241
241
241
241
241
241
241
241
241
241
241
241
241
241
244
243
234
174
149
183
238
247
241
241
242
242
240
244
239
238
235
240
243
243
241
227
161
156
153
215
241
244
242
246
244
236
188
159
199
236
242
245
243
241
241
241
241
241
242
245
240
189
159
155
156
159
210
245
247
243
247
240
183
151
156
154
164
214
245
244
241
241
241
241
241
241
241
241
241
241
244
239
208
150
155
217
245
247
240
194
149
162
228
243
242
241
241
241
241
241
241
241
241
241
241
241
241
244
241
223
166
156
153
155
160
163
168
213
246
246
242
241
241
241
241
241
241
241
241
241
241
241
241
241
241
241
241
241
241
241
241
241
241
241
241
241
241
241
241
241
241
241
241
241
245
246
197
158
150
180
238
248
244
246
249
242
204
204
231
170
183
237
243
242
246
243
212
153
150
168
233
251
245
240
234
178
155
151
156
164
214
239
241
244
241
241
241
242
244
242
196
155
155
154
153
193
240
245
242
241
246
240
185
153
157
154
167
213
246
243
241
241
241
241
241
241
241
241
241
241
246
222
159
150
161
220
247
248
244
197
154
155
181
241
246
242
242
242
241
241
241
241
241
241
241
241
242
248
234
174
157
153
158
163
161
154
154
153
219
242
251
244
241
241
241
241
241
241
241
241
241
241
241
241
241
241
241
241
241
241
241
241
241
241
241
241
241
241
241
241
241
241
241
241
245
240
188
148
147
183
240
248
237
233
236
211
161
163
159
156
160
200
246
245
242
247
223
167
156
152
217
237
246
204
158
155
149
150
149
153
158
181
234
242
242
241
242
245
242
203
151
155
155
153
160
202
246
245
241
241
246
240
189
155
157
153
168
219
246
243
241
241
241
241
241
241
241
241
241
241
246
227
173
148
161
219
246
245
245
203
159
148
174
236
246
239
239
243
242
241
241
241
241
241
241
241
243
242
222
157
151
157
166
224
226
171
156
142
78
205
237
242
243
241
241
241
241
241
241
241
241
241
241
241
241
241
241
241
241
241
241
241
241
241
241
241
241
241
241
241
241
241
241
241
244
244
194
157
152
185
243
247
195
166
166
160
154
151
153
154
152
186
237
244
243
244
242
196
140
134
106
241
228
164
164
168
175
172
163
155
150
155
189
242
245
241
244
243
214
151
154
154
156
157
186
238
243
242
241
241
246
241
190
154
155
152
167
215
243
243
241
241
241
241
241
241
241
241
241
242
245
239
206
145
159
219
246
244
244
236
181
148
180
244
251
203
221
238
244
241
241
241
241
241
241
241
246
239
172
157
151
156
212
246
250
215
152
48
58
75
182
240
243
242
242
246
251
253
254
254
253
251
246
242
241
241
241
241
241
241
241
241
241
241
241
241
241
241
241
241
241
241
241
241
242
244
234
177
148
179
236
207
157
148
148
152
155
158
157
154
153
163
209
246
243
245
248
201
88
58
145
184
148
132
130
200
234
251
233
189
171
162
183
244
254
254
254
245
181
163
164
163
162
179
240
244
243
241
242
244
251
243
189
154
153
155
162
213
246
243
241
241
241
241
241
241
241
241
241
243
243
225
163
155
167
226
246
241
247
241
186
152
172
232
234
184
165
229
246
241
241
241
241
241
241
243
246
231
169
157
166
184
236
255
255
253
99
72
63
147
165
212
254
254
254
239
222
202
204
204
200
217
228
244
241
241
241
241
241
241
241
241
241
241
241
241
241
241
241
241
241
241
241
241
241
248
241
181
152
160
174
174
150
154
165
174
202
204
166
162
151
154
200
244
245
243
247
200
145
135
86
86
84
77
89
97
220
213
208
202
152
131
138
165
212
209
211
197
142
134
137
130
152
231
254
254
254
254
254
240
250
238
202
164
165
169
208
254
254
254
254
254
254
254
254
254
254
254
254
254
249
195
163
163
219
254
254
254
255
252
196
162
167
173
178
164
175
237
254
254
254
254
254
254
254
254
250
193
158
143
136
175
204
206
210
201
178
48
131
135
138
164
209
208
206
209
97
101
102
102
96
109
233
246
241
241
241
241
241
241
241
241
241
241
241
241
241
241
241
241
241
241
241
241
241
247
237
182
151
154
154
156
159
169
228
245
232
239
229
179
157
151
197
240
245
243
243
244
201
155
145
135
136
140
190
217
99
101
106
105
96
84
75
84
96
106
103
92
84
79
88
84
94
211
214
206
206
209
219
204
94
200
170
133
132
154
204
208
207
204
204
204
204
204
204
204
204
204
204
208
199
151
130
134
182
211
207
203
208
206
159
134
134
134
132
128
137
194
209
205
204
204
204
204
208
211
172
139
136
76
87
98
106
103
104
110
97
101
87
92
79
87
96
104
102
97
209
206
204
204
200
217
228
244
241
241
241
241
241
241
241
241
241
241
241
241
241
241
241
241
241
241
241
241
241
247
239
182
153
156
156
159
208
243
250
251
221
90
214
221
164
149
161
214
246
243
242
246
237
179
156
159
163
206
253
242
223
202
205
209
210
154
136
131
170
214
205
144
133
136
142
182
169
87
100
101
109
91
85
48
72
74
99
80
79
93
102
108
102
102
102
102
102
102
102
102
102
102
102
106
98
89
78
85
95
103
104
103
109
103
94
82
82
81
83
85
95
99
105
102
102
102
102
105
105
99
88
78
74
140
167
211
208
204
204
206
208
216
208
151
130
133
173
210
206
222
239
254
254
254
253
251
246
242
241
241
241
241
241
241
241
241
241
241
241
241
241
241
241
241
241
241
241
241
241
246
239
181
153
154
156
201
243
251
238
217
56
60
89
235
176
149
155
211
246
244
241
246
245
188
159
151
157
201
247
250
251
253
254
254
253
237
169
157
205
254
247
183
158
163
170
173
166
154
146
204
217
206
62
47
66
207
168
132
132
162
206
208
204
204
204
204
204
204
204
204
204
204
204
209
202
157
132
155
199
210
207
206
204
200
153
135
138
137
141
186
215
208
205
204
206
207
211
210
205
169
130
133
148
182
250
254
254
254
254
254
254
254
252
194
165
159
208
253
254
251
246
242
241
241
241
241
241
241
241
241
241
241
241
241
241
241
241
241
241
241
241
241
241
241
241
241
241
241
241
247
239
183
153
152
165
212
246
250
240
82
59
56
219
236
221
154
150
208
241
245
241
242
243
231
168
148
159
205
246
246
241
241
241
242
247
237
173
153
160
219
243
179
156
155
151
155
161
164
176
210
253
246
222
95
229
249
207
162
162
199
253
255
254
254
254
254
254
254
254
254
254
254
254
255
246
185
162
208
253
255
255
255
229
178
173
166
163
164
202
251
254
254
254
254
255
250
254
254
241
178
165
161
172
234
246
243
241
241
241
241
241
243
244
227
163
149
157
213
245
243
241
241
241
241
241
241
241
241
241
241
241
241
241
241
241
241
241
241
241
241
241
241
241
241
241
241
241
241
241
246
237
178
151
152
161
207
244
248
235
209
82
216
247
253
224
162
150
166
226
248
245
246
249
243
179
157
154
199
241
245
241
241
241
241
244
242
220
156
150
207
237
241
214
167
163
160
153
152
156
162
167
185
219
235
239
251
196
153
150
184
239
247
241
241
241
241
241
241
241
241
241
241
241
247
231
164
147
197
246
247
234
211
158
159
153
155
154
166
210
248
245
241
242
249
244
216
88
209
205
157
150
158
178
239
246
241
241
241
241
241
241
242
248
232
176
148
160
212
245
243
241
241
241
241
241
241
241
241
241
241
241
241
241
241
241
241
241
241
241
241
241
241
241
241
241
241
241
241
241
245
242
183
158
150
157
204
245
246
248
236
241
235
250
248
219
161
145
161
221
254
238
240
238
250
228
160
151
166
215
246
243
241
241
241
242
248
224
164
149
170
228
250
241
236
231
187
165
161
155
149
149
159
165
176
203
236
185
153
148
178
237
247
241
241
241
241
241
241
241
241
241
241
242
245
226
162
156
207
254
244
158
73
141
157
163
161
153
185
239
246
242
241
244
236
216
57
65
79
170
157
155
164
228
241
243
241
241
241
241
241
241
242
248
232
167
149
197
240
245
241
241
241
241
241
241
241
241
241
241
241
241
241
241
241
241
241
241
241
241
241
241
241
241
241
241
241
241
241
241
242
243
231
169
149
156
201
243
245
242
244
246
244
243
247
218
162
145
164
230
249
219
82
210
243
233
167
146
157
210
246
244
241
241
241
241
247
222
162
146
165
219
246
246
246
244
239
235
220
170
164
159
153
149
152
162
168
167
156
158
188
248
248
244
243
242
241
241
241
241
241
241
241
245
242
190
157
184
236
238
209
59
49
64
158
205
173
150
182
238
245
242
241
246
241
82
61
56
195
152
155
160
219
244
245
242
241
241
241
241
241
241
243
243
226
157
150
203
245
246
241
241
241
241
241
241
241
241
241
241
241
241
241
241
241
241
241
241
241
241
241
241
241
241
241
242
242
241
241
241
241
248
236
176
149
157
204
246
246
241
241
241
241
242
248
220
163
146
166
215
222
57
59
82
246
239
173
152
153
207
240
244
241
241
241
241
246
219
161
144
164
220
246
243
241
242
245
247
241
238
232
193
159
156
150
153
154
156
155
167
226
239
238
240
237
243
241
241
241
241
241
241
242
245
233
171
151
187
208
172
77
61
56
147
171
222
189
156
155
202
245
244
241
244
236
209
87
209
172
160
154
206
244
246
242
241
241
241
241
241
241
241
245
239
177
152
153
200
244
245
241
241
241
241
241
241
241
241
241
241
241
241
241
241
241
241
241
241
241
241
241
241
241
241
242
249
242
241
241
241
241
246
233
170
148
148
194
238
244
243
241
241
241
243
242
215
157
147
168
220
87
60
56
216
238
245
217
155
150
165
226
248
242
241
241
241
246
226
165
150
163
219
246
243
241
241
241
242
243
246
246
242
230
176
166
164
160
157
158
164
169
189
214
172
222
241
243
241
241
241
241
241
242
245
208
165
153
159
161
153
134
66
149
203
244
241
229
161
149
196
243
246
241
242
249
236
245
228
178
152
152
207
245
246
242
241
241
241
241
241
241
241
247
235
175
146
156
203
244
244
241
241
241
241
241
241
241
241
241
241
241
241
241
241
241
241
241
241
241
241
241
241
241
242
249
244
228
60
241
241
241
246
241
182
160
155
151
209
247
243
241
241
241
246
243
181
162
147
164
214
216
85
216
244
250
249
226
164
148
154
216
241
244
241
241
241
244
240
214
158
162
222
247
244
241
241
241
241
241
241
242
246
241
239
233
201
156
154
157
157
155
160
154
159
179
237
245
241
241
241
241
241
242
245
209
166
152
154
154
155
154
170
190
246
249
252
233
167
148
196
240
245
241
241
242
244
248
244
226
164
156
158
221
244
245
242
241
241
241
241
241
244
247
236
170
148
162
209
245
244
241
241
241
241
241
241
241
241
241
241
241
241
241
241
241
241
241
241
241
241
241
241
241
244
236
216
75
60
241
241
241
246
243
219
158
146
166
213
245
244
241
242
246
245
236
209
154
154
172
236
240
241
235
249
242
244
241
211
157
155
170
235
248
242
241
241
244
248
216
157
154
216
242
244
241
241
241
241
241
241
241
242
242
247
251
217
164
157
158
158
158
157
155
151
170
232
246
241
241
241
241
241
242
245
233
173
150
156
161
166
175
230
242
241
243
247
230
168
149
170
218
246
243
241
241
241
242
244
243
216
157
152
159
226
241
243
241
241
241
242
245
249
240
184
153
160
190
241
243
241
241
241
241
241
241
241
241
241
241
241
241
241
241
241
241
241
241
241
241
241
241
241
241
246
241
82
64
60
241
241
242
251
243
166
74
137
158
217
247
250
249
246
241
232
185
162
157
159
213
243
248
246
244
242
241
242
246
242
197
147
156
223
242
243
241
241
244
245
212
155
149
171
232
246
241
241
241
241
241
241
241
241
241
243
242
235
192
152
157
157
159
158
158
151
171
232
247
241
241
241
241
241
241
248
237
176
148
156
196
234
237
240
246
242
241
247
230
169
146
157
208
245
244
241
241
241
241
242
245
243
204
156
153
176
242
249
244
242
242
245
247
242
179
73
132
170
236
245
242
241
241
241
242
244
246
244
242
241
241
241
241
241
241
241
241
241
241
241
241
241
241
241
241
244
236
209
81
241
241
241
244
237
213
59
52
70
160
182
226
234
234
234
196
162
156
152
148
159
213
246
244
241
241
241
241
241
246
244
196
149
151
174
241
246
241
241
245
246
214
158
151
176
232
246
241
241
241
241
241
241
241
241
241
243
247
218
169
158
157
157
159
159
157
151
171
232
247
241
241
241
241
241
242
252
232
179
155
199
243
247
246
243
242
241
241
247
230
170
145
157
207
245
244
241
241
241
241
241
242
246
238
186
144
163
224
239
243
248
251
246
224
160
59
55
71
183
246
247
241
241
241
242
249
236
241
236
249
242
241
241
241
241
241
241
241
241
241
241
241
241
241
241
241
242
249
236
233
241
241
241
246
241
87
61
52
144
155
163
165
165
165
162
157
152
149
151
156
171
221
245
243
241
241
241
241
241
244
246
199
155
148
165
229
244
242
242
246
243
210
151
153
216
241
244
241
241
241
241
241
241
241
241
241
243
244
218
166
153
158
158
167
178
169
150
169
232
247
241
241
241
241
242
249
246
215
76
198
232
245
243
241
241
241
241
241
247
230
169
147
158
209
246
244
241
241
241
241
241
241
245
244
201
166
163
165
165
201
232
240
226
165
69
54
49
150
225
245
242
241
241
242
249
244
216
82
209
236
244
241
241
241
241
241
241
241
241
241
241
241
241
241
241
241
241
242
244
244
241
241
241
244
236
214
75
140
153
157
150
147
151
159
163
154
156
161
165
190
237
240
241
241
241
241
241
241
241
242
243
235
183
147
155
191
246
250
248
246
226
158
153
162
224
248
242
241
241
241
241
241
241
241
241
241
243
246
220
171
153
156
156
191
236
201
167
178
231
246
241
241
241
241
244
235
218
58
62
87
245
248
241
241
241
241
241
241
246
229
171
147
160
210
246
244
241
241
241
241
241
241
243
239
239
232
174
155
139
75
149
165
167
156
136
66
141
173
243
247
241
241
241
244
236
216
56
59
82
241
246
241
241
241
241
241
241
241
241
241
241
241
241
241
241
241
241
241
241
241
241
241
241
242
249
240
229
165
171
171
170
165
176
232
236
191
166
221
234
239
243
244
242
241
241
241
241
241
241
241
245
246
193
156
151
184
237
240
233
227
164
153
153
208
241
243
241
241
241
241
241
241
241
241
241
241
243
246
217
169
154
155
157
196
242
246
229
202
235
244
241
241
241
241
246
241
82
59
56
216
236
244
241
241
241
241
241
241
246
236
181
152
157
211
247
244
241
241
241
241
241
241
241
242
246
247
222
149
49
53
65
152
156
157
154
159
164
231
241
243
241
241
241
246
241
82
59
56
216
236
244
241
241
241
241
241
241
241
241
241
241
241
241
241
241
241
241
241
241
241
241
241
241
241
242
247
242
237
231
231
231
231
238
245
247
238
237
240
247
245
242
241
241
241
241
241
241
241
241
241
243
247
238
176
150
180
207
178
170
159
154
152
196
243
245
242
241
241
241
241
241
241
241
241
241
241
243
245
220
172
155
155
156
192
242
250
241
242
239
242
241
241
241
241
244
236
209
82
216
244
249
242
241
241
241
241
241
241
243
243
220
156
151
206
242
244
241
241
241
241
241
241
241
241
242
249
240
83
58
53
142
150
160
156
165
206
242
242
244
243
244
246
244
248
239
214
86
218
244
249
242
241
241
241
241
241
241
241
241
241
241
241
241
241
241
241
241
241
241
241
241
241
241
241
241
242
243
246
247
248
248
246
245
243
243
244
244
243
242
241
241
241
241
241
241
241
241
241
241
242
249
242
243
177
165
158
156
150
151
151
158
184
240
245
242
241
241
241
241
241
241
241
241
241
241
241
244
245
215
165
155
155
154
186
240
247
242
242
242
241
241
241
241
241
242
249
236
241
236
249
242
241
241
241
241
241
241
241
242
248
223
161
150
179
230
245
241
241
241
241
241
241
241
241
241
245
237
213
86
186
176
170
184
204
193
241
247
243
243
249
236
241
237
254
246
236
236
244
251
242
241
241
241
241
241
241
241
241
241
241
241
241
241
241
241
241
241
241
241
241
241
241
241
241
241
241
241
241
241
241
241
241
241
241
241
241
241
241
241
241
241
241
241
241
241
241
241
241
242
249
244
219
84
195
156
154
157
160
167
214
187
235
244
243
241
241
241
241
241
241
241
241
241
241
241
241
244
246
207
155
155
156
153
185
239
246
241
241
241
241
241
241
241
241
241
242
244
246
244
242
241
241
241
241
241
241
241
241
241
246
222
161
143
168
222
244
241
241
241
241
241
241
241
241
241
242
249
236
240
231
240
232
237
237
242
240
244
242
249
244
216
84
218
239
221
86
214
239
246
241
241
241
241
241
241
241
241
241
241
241
241
241
241
241
241
241
241
241
241
241
241
241
241
241
241
241
241
241
241
241
241
241
241
241
241
241
241
241
241
241
241
241
241
241
241
241
241
241
244
236
216
56
65
78
177
188
203
201
239
236
243
239
244
241
241
241
241
241
241
241
241
241
241
241
241
241
244
245
208
156
152
156
155
186
241
246
241
241
241
241
241
241
241
241
241
241
241
241
241
241
241
241
241
241
241
241
241
241
241
246
226
168
155
179
230
244
241
241
241
241
241
241
241
241
241
241
242
245
247
247
247
246
246
244
243
242
241
244
236
216
56
63
77
216
61
59
82
241
246
241
241
241
241
241
241
241
241
241
241
241
241
241
241
241
241
241
241
241
241
241
241
241
241
241
241
241
241
241
241
241
241
241
241
241
241
241
241
241
241
241
241
241
241
241
241
241
241
241
246
241
82
59
58
213
230
238
238
243
245
245
244
242
241
241
241
241
241
241
241
241
241
241
241
241
241
241
244
246
209
157
152
155
157
196
241
245
241
241
241
241
241
241
241
241
241
241
241
241
241
241
241
241
241
241
241
241
241
241
241
243
239
209
192
235
240
242
241
241
241
241
241
241
241
241
241
241
241
241
241
241
241
241
241
241
241
241
241
246
241
82
59
61
216
77
63
56
216
236
244
241
241
241
241
241
241
241
241
241
241
241
241
241
241
241
241
241
241
241
241
241
241
241
241
241
241
241
241
241
241
241
241
241
241
241
241
241
241
241
241
241
241
241
241
241
241
241
241
241
244
236
209
82
217
246
252
246
245
243
242
241
241
241
241
241
241
241
241
241
241
241
241
241
241
241
241
241
244
245
208
159
154
156
159
197
241
245
241
241
241
241
241
241
241
241
241
241
241
241
241
241
241
241
241
241
241
241
241
241
241
242
243
240
240
242
244
241
241
241
241
241
241
241
241
241
241
241
241
241
241
241
241
241
241
241
241
241
241
244
236
209
82
219
239
218
84
216
244
249
242
241
241
241
241
241
241
241
241
241
241
241
241
241
241
241
241
241
241
241
241
241
241
241
241
241
241
241
241
241
241
241
241
241
241
241
241
241
241
241
241
241
241
241
241
241
241
241
241
241
242
249
236
241
236
249
242
241
241
241
241
241
241
241
242
244
246
244
242
241
241
241
241
241
241
241
241
241
244
245
208
158
154
156
158
196
241
245
241
241
241
241
241
241
241
241
241
241
241
241
241
241
241
241
241
241
241
241
241
241
241
241
242
242
242
242
241
241
241
241
241
241
241
241
241
241
241
241
241
241
241
241
241
241
241
241
241
241
241
242
249
236
241
237
254
237
241
236
249
242
241
241
241
241
241
241
241
241
241
241
241
241
241
241
241
241
241
241
241
241
241
241
241
241
241
241
241
241
241
241
241
241
241
241
241
241
241
241
241
241
241
241
241
241
241
241
241
241
241
241
241
242
244
248
248
248
244
242
241
241
241
241
241
242
249
236
241
236
249
242
241
241
241
241
241
241
241
241
244
245
206
156
154
157
159
195
240
247
244
246
244
242
241
241
241
241
241
241
241
241
241
241
241
241
241
241
241
241
241
241
241
241
241
241
241
241
241
241
241
241
241
241
241
241
241
241
241
241
241
241
241
241
241
241
241
241
241
241
241
241
242
244
246
244
244
244
246
244
242
241
241
241
241
241
241
241
241
241
241
241
241
241
241
241
241
241
241
241
241
241
241
241
241
241
241
241
241
241
241
241
241
241
241
241
241
241
241
241
241
241
241
241
241
241
241
241
241
241
241
241
241
241
242
249
236
241
236
249
242
241
241
241
242
249
244
216
82
209
236
244
241
241
241
241
241
241
241
241
244
245
208
158
154
158
156
190
242
253
235
241
236
249
242
241
241
241
241
241
241
241
241
241
241
241
241
241
241
241
241
241
241
241
241
241
241
241
241
241
241
241
241
241
241
241
241
241
241
241
241
241
241
241
241
241
241
241
241
241
241
241
241
241
241
241
241
241
241
241
241
241
241
241
241
241
241
241
241
241
241
241
241
241
241
241
241
241
241
241
241
241
241
241
241
241
241
241
241
241
241
241
241
241
241
241
241
241
241
241
241
241
241
241
241
241
241
241
241
241
241
241
241
241
242
242
221
101
221
242
242
241
241
241
242
242
228
75
64
81
233
244
241
241
241
241
241
241
241
241
243
245
209
160
156
158
157
188
240
246
221
101
221
242
242
241
241
241
241
241
241
241
241
241
241
241
241
241
241
241
241
241
241
241
241
241
241
241
241
241
241
241
241
241
241
241
241
241
241
241
241
241
241
241
241
241
241
241
241
241
241
241
241
241
241
241
241
241
241
241
241
241
241
241
241
241
241
241
241
241
241
241
241
241
241
241
241
241
241
241
241
241
241
241
241
241
241
241
241
241
241
241
241
241
241
241
241
241
241
241
241
241
241
241
241
241
241
241
241
241
241
241
241
241
241
241
60
60
60
241
241
241
241
241
241
241
60
60
60
241
241
241
241
241
241
241
241
241
241
241
241
245
213
155
159
160
157
185
245
241
60
60
60
241
241
241
241
241
241
241
241
241
241
241
241
241
241
241
241
241
241
241
241
241
241
241
241
241
241
241
241
241
241
241
241
241
241
241
241
241
241
241
241
241
241
241
241
241
241
241
241
241
241
241
241
241
241
241
241
241
241
241
241
241
241
241
241
241
241
241
241
241
241
241
241
241
241
241
241
241
241
241
241
241
241
