243
243
243
243
243
243
243
243
243
243
243
243
243
243
243
243
243
243
243
243
243
243
243
243
243
243
243
243
243
243
243
243
243
243
243
243
243
243
243
243
243
243
243
243
243
243
243
243
243
243
243
243
243
243
243
243
243
243
243
243
243
243
243
243
243
243
243
243
243
243
57
57
57
243
243
243
243
243
243
243
243
243
243
243
243
243
243
243
243
243
243
243
243
243
243
163
165
163
163
162
163
243
243
243
243
243
243
243
243
243
243
243
243
243
243
243
243
243
243
243
243
243
243
243
243
243
243
243
243
243
243
243
243
243
243
243
243
243
243
243
243
243
243
243
243
243
243
243
243
243
243
243
243
243
243
243
243
243
243
243
243
243
243
243
243
243
243
243
243
243
243
243
243
243
243
243
243
244
252
237
243
237
252
244
243
243
243
243
243
243
243
243
243
243
243
243
243
243
243
243
243
243
243
243
243
243
243
243
243
243
243
243
243
243
243
243
243
246
236
78
61
72
230
245
244
243
243
243
243
243
243
243
243
243
243
243
243
243
243
244
245
246
247
251
238
174
159
162
158
161
174
237
245
243
243
243
243
243
243
243
243
243
243
243
243
243
243
243
243
243
243
243
243
243
243
243
243
243
243
243
243
243
243
243
243
243
243
243
243
243
243
243
243
243
243
243
243
243
243
243
243
243
243
243
243
243
243
243
243
243
243
243
244
245
247
248
247
245
244
243
243
243
243
243
243
243
244
252
246
217
79
210
237
246
243
243
243
243
243
243
243
243
243
243
243
243
243
243
243
243
243
243
243
243
243
244
246
248
246
244
243
243
243
243
243
243
243
247
239
215
85
221
248
253
244
243
243
243
243
243
243
243
243
243
244
245
247
248
249
251
244
238
239
244
233
167
160
161
163
170
236
242
245
243
243
243
243
243
243
243
243
243
243
243
243
243
243
243
243
243
243
244
245
247
249
249
247
245
244
243
243
243
243
243
243
243
243
243
243
243
243
243
243
243
243
243
243
243
243
243
243
243
243
243
243
243
243
243
243
243
243
244
247
242
238
231
236
240
245
243
243
243
243
243
243
243
246
237
217
52
55
79
243
248
243
243
243
243
243
243
243
243
243
243
243
243
243
243
243
243
243
243
243
243
244
252
237
243
237
252
244
243
243
243
243
243
243
247
249
232
230
233
251
248
244
243
243
243
243
243
243
243
243
244
246
241
240
233
235
235
231
172
180
230
172
162
156
156
168
233
245
246
244
243
243
243
243
243
243
243
243
243
243
243
243
243
243
243
243
243
243
245
239
237
232
232
238
241
246
243
243
243
243
243
243
243
243
243
243
243
243
243
243
243
243
243
243
243
243
243
243
243
243
243
243
243
243
243
243
243
243
245
242
233
173
165
177
237
247
243
243
243
243
243
243
243
248
243
79
55
52
217
237
246
243
243
243
243
243
244
245
247
248
247
245
244
243
243
243
243
243
243
243
244
252
246
217
79
210
237
246
243
243
243
243
243
243
247
239
184
171
178
237
245
247
244
243
243
243
243
243
244
247
252
248
236
177
181
172
171
167
161
162
163
165
156
163
155
196
241
248
244
243
243
243
243
243
243
243
243
243
243
243
243
243
243
243
243
243
244
245
252
240
179
168
169
174
234
243
244
243
243
243
243
243
243
243
243
243
243
243
243
243
243
243
243
243
243
243
243
243
243
243
243
243
243
243
243
243
243
243
248
238
168
157
147
169
231
248
243
243
243
243
243
243
243
246
237
210
79
217
246
252
244
243
243
243
244
247
252
245
239
231
237
242
246
244
243
243
243
243
243
243
246
237
217
52
55
79
243
248
243
243
243
243
243
244
250
234
171
153
160
169
235
241
245
243
243
243
243
244
252
239
242
227
177
163
157
157
155
157
158
160
161
161
157
167
228
243
243
244
243
243
243
243
243
243
243
243
243
243
243
243
243
243
243
243
243
244
246
242
242
224
164
151
153
163
201
245
244
243
243
243
243
243
243
243
243
243
243
243
243
243
243
243
243
243
243
243
243
243
243
243
243
243
243
244
246
248
246
245
250
233
171
152
156
172
236
248
243
243
243
243
243
243
243
244
252
237
243
237
252
244
243
243
243
244
252
239
240
226
180
168
173
234
242
245
243
243
243
243
243
243
248
243
79
55
52
217
237
246
243
243
243
243
243
245
244
231
172
155
160
154
168
239
248
243
243
243
244
252
246
220
83
150
161
160
161
157
155
164
163
169
165
165
160
167
235
248
247
243
243
243
243
243
243
243
243
243
243
243
243
243
243
243
243
243
244
247
244
236
175
166
162
156
163
178
236
243
244
243
243
243
243
243
243
243
243
243
243
243
243
243
243
243
243
243
243
243
243
243
243
243
243
243
244
252
237
243
237
254
248
232
169
150
164
202
242
246
243
243
243
243
243
243
243
243
244
246
248
246
244
243
243
243
244
252
246
220
83
148
159
154
156
172
237
246
243
243
243
243
243
243
246
237
210
79
217
246
252
244
243
243
243
243
243
247
240
179
163
145
66
130
162
230
248
243
243
243
246
237
218
57
52
63
161
161
165
167
169
182
234
172
163
161
166
162
177
242
249
244
243
243
243
243
243
243
243
243
243
243
243
243
243
243
243
243
245
242
235
167
159
151
160
167
190
236
243
245
243
243
243
243
243
243
243
243
243
243
243
243
243
243
243
243
243
243
243
243
243
243
243
243
243
244
252
246
217
79
210
242
243
188
161
155
168
233
247
244
243
243
243
243
243
243
243
243
243
243
243
243
243
243
243
243
246
237
218
57
51
65
161
162
160
172
238
246
243
243
243
243
243
243
244
252
237
243
237
252
244
243
243
243
243
243
243
249
234
167
139
49
57
71
180
240
247
243
243
243
248
244
84
58
46
145
155
167
168
232
236
251
240
189
68
144
159
159
166
229
244
245
243
243
243
243
243
243
243
243
243
243
243
243
243
243
243
243
249
239
174
157
163
169
182
231
241
244
246
244
243
243
243
243
243
243
243
243
243
243
243
243
243
243
243
243
243
243
243
243
243
243
243
243
243
246
237
217
52
55
81
252
245
169
158
155
174
236
251
243
243
243
243
243
243
243
243
243
243
243
243
243
243
243
243
243
248
244
84
58
47
148
160
158
164
228
244
245
243
243
243
243
243
243
243
244
246
248
246
244
243
243
243
243
243
243
243
249
235
171
60
56
63
216
236
242
245
243
243
243
246
239
210
72
141
169
174
179
236
246
254
244
219
58
51
68
163
166
162
174
238
247
243
243
243
243
243
243
243
243
243
243
243
243
243
243
243
244
244
228
164
151
168
227
244
244
248
244
243
243
243
243
243
243
243
243
243
243
243
243
243
243
243
243
243
243
243
243
243
243
243
243
243
243
243
248
243
79
55
54
226
237
235
172
163
156
172
234
250
243
243
243
243
243
243
243
243
243
243
243
243
243
243
243
243
243
246
240
210
73
142
165
167
163
170
242
249
244
243
243
243
243
243
243
243
243
243
243
243
243
243
243
243
243
243
243
243
248
243
182
141
73
219
250
254
246
244
243
243
243
245
254
235
177
150
175
228
242
243
247
251
248
91
74
61
160
161
166
155
168
231
249
243
243
243
243
243
243
243
243
243
243
243
243
243
243
243
244
247
194
169
152
174
238
254
245
244
243
243
243
243
243
243
243
243
243
243
243
243
243
243
243
243
243
243
243
243
243
243
243
243
243
243
243
243
246
237
210
81
226
250
231
81
147
157
157
172
233
249
243
243
243
243
243
243
243
243
243
243
243
243
243
243
243
243
243
244
254
232
174
155
167
158
164
228
243
245
243
243
243
243
243
243
243
243
243
243
243
243
243
243
243
243
243
243
243
243
247
240
233
154
171
233
254
244
243
243
243
243
243
247
249
235
171
154
174
236
253
245
245
254
235
198
51
187
162
167
164
157
171
233
250
243
243
243
243
243
243
243
243
243
243
243
243
243
243
243
245
243
228
165
152
173
234
250
243
243
243
243
243
243
243
243
243
243
243
243
243
243
243
243
243
243
243
243
243
243
243
243
243
243
243
243
243
243
244
252
237
246
232
227
60
53
66
157
163
175
240
247
243
243
243
244
246
248
246
244
243
243
243
243
243
243
243
243
243
244
253
237
174
157
163
157
166
237
250
244
243
243
243
243
243
243
243
243
243
243
243
243
243
243
243
243
243
243
243
243
248
243
181
160
175
236
251
243
243
243
243
243
245
239
234
180
163
159
179
239
247
243
246
239
222
63
73
87
181
167
160
155
172
234
250
243
243
243
243
243
243
243
243
243
243
243
243
243
243
243
246
243
202
164
153
173
234
250
243
243
243
243
243
243
243
243
243
243
243
243
243
243
243
244
246
248
246
244
243
243
243
243
243
243
243
246
246
244
243
244
246
254
246
84
56
46
146
153
158
228
244
245
243
243
244
252
237
243
237
252
244
243
243
243
243
243
243
243
244
241
250
232
176
154
160
164
203
239
246
243
243
243
243
243
243
243
243
243
243
243
243
243
243
243
243
243
243
243
243
243
248
231
180
147
169
234
250
243
243
243
243
243
248
239
164
162
157
166
231
245
245
243
248
243
79
55
55
221
227
170
160
157
171
234
250
243
243
243
243
243
243
243
243
243
243
243
243
243
243
243
248
238
179
162
154
176
234
250
243
243
243
243
243
243
243
243
243
243
243
243
243
243
244
252
237
243
237
252
244
243
243
243
243
243
243
236
237
252
244
243
243
246
238
216
78
150
161
170
181
246
254
248
245
245
252
246
217
79
210
237
246
243
243
243
243
243
243
243
247
235
199
220
171
154
164
201
243
247
246
244
243
243
243
243
243
243
243
243
243
243
243
243
243
243
243
243
243
243
244
244
250
242
164
154
173
234
250
243
243
243
243
243
249
230
180
154
157
176
238
253
244
243
246
237
210
79
220
251
244
175
160
157
175
234
250
243
243
243
243
243
243
243
243
243
243
243
243
243
243
243
248
235
198
158
154
175
234
250
244
245
246
246
245
244
243
243
243
243
243
243
243
244
252
246
217
79
210
237
246
243
243
243
243
243
243
78
210
237
248
246
248
248
254
237
229
159
163
168
226
235
235
241
245
254
241
219
52
55
79
243
248
243
243
243
243
243
243
243
249
230
169
159
167
154
171
240
248
246
242
251
247
244
243
243
243
243
243
243
243
243
243
243
243
243
243
243
243
243
245
238
244
239
232
159
168
234
250
243
243
243
243
243
249
238
164
158
158
168
231
244
245
243
244
252
237
243
241
249
192
166
161
154
175
232
249
243
243
243
243
243
243
243
243
243
243
243
243
243
243
243
249
238
174
160
155
172
236
254
250
244
237
236
240
245
243
243
243
243
243
243
243
246
237
217
52
55
79
243
248
243
243
243
243
243
57
70
94
255
255
243
246
243
255
254
193
176
171
181
195
185
188
187
238
247
243
83
61
54
218
237
246
243
243
243
243
243
243
243
249
229
164
150
160
157
168
231
233
177
227
235
239
244
246
244
243
243
243
243
243
243
243
243
243
243
243
243
243
243
247
235
182
240
238
172
171
238
254
249
247
245
244
243
249
236
196
156
159
163
176
239
248
243
243
244
246
248
253
237
171
156
161
161
170
239
247
243
243
243
243
243
243
243
243
243
243
243
244
248
254
254
255
247
190
165
166
185
242
254
244
239
182
192
249
254
248
244
243
243
243
243
243
248
243
79
57
56
222
241
248
243
243
243
243
243
57
43
179
205
224
205
87
198
217
200
144
134
140
143
138
138
134
142
143
164
183
210
88
230
255
255
255
255
255
255
255
255
255
255
255
254
189
173
172
168
175
180
178
176
172
179
197
246
254
255
255
255
255
255
255
255
255
255
255
255
255
255
255
255
255
243
182
179
235
176
175
237
248
241
248
253
255
255
255
251
191
170
171
166
180
244
255
255
255
255
255
255
255
245
179
165
168
179
244
255
255
255
255
255
255
255
255
255
255
255
255
255
255
241
223
204
211
204
140
137
138
150
203
160
148
145
137
140
195
222
230
246
243
243
243
243
243
246
237
212
89
212
246
246
254
244
243
243
243
243
57
89
101
97
84
45
66
73
112
96
88
77
80
81
80
79
79
77
74
74
153
140
163
204
219
208
205
205
205
205
205
205
205
206
210
209
202
143
139
139
136
134
135
137
135
135
134
149
211
213
209
207
205
205
205
205
205
205
205
205
205
205
205
205
210
201
140
139
143
144
141
148
153
147
152
208
212
207
210
199
140
135
141
138
146
187
213
210
209
209
209
211
214
183
145
136
135
148
203
211
206
205
205
205
205
205
205
205
205
205
205
205
207
211
96
104
102
92
83
78
80
86
83
81
74
74
72
83
87
111
236
248
243
243
243
243
243
244
254
246
246
212
89
212
237
246
243
243
243
243
243
216
216
203
55
43
59
208
212
198
139
136
138
135
143
140
144
135
137
140
74
78
86
90
100
101
102
100
100
100
100
100
100
102
97
97
87
85
77
83
87
88
82
75
75
74
72
79
85
92
97
101
103
101
100
100
100
100
100
100
100
100
100
100
103
90
83
70
77
77
77
76
75
73
79
83
95
97
104
98
90
81
78
78
82
85
97
100
97
99
96
101
91
86
81
77
81
91
99
102
100
100
100
100
100
100
100
100
100
100
100
100
99
98
210
205
193
142
140
142
141
141
139
138
137
140
141
155
202
220
230
246
243
243
243
243
243
243
248
241
222
56
57
79
243
248
243
243
243
243
243
254
255
252
221
85
221
254
254
188
169
165
172
173
185
237
190
182
180
164
148
136
137
137
152
198
206
207
205
205
205
205
206
211
202
141
132
138
141
152
213
212
168
154
151
154
149
141
134
133
151
199
206
209
206
205
205
205
205
205
205
205
205
205
208
204
151
150
142
138
137
139
138
138
138
133
141
199
210
209
209
156
143
137
140
136
142
194
166
144
185
139
128
142
139
146
166
210
209
205
205
205
205
205
205
205
205
205
205
205
205
205
205
222
232
193
181
178
172
173
173
172
170
175
184
195
211
247
254
254
248
244
243
243
243
243
243
243
248
243
79
55
52
217
237
246
243
243
243
243
243
246
250
254
239
243
238
255
236
170
148
162
173
229
241
239
241
233
234
205
180
175
173
170
175
209
254
255
255
255
255
255
255
255
244
179
167
166
176
241
255
254
250
244
243
247
235
174
162
169
176
182
249
252
255
255
255
255
255
255
255
255
255
255
255
253
250
241
209
176
174
175
182
181
171
159
180
245
255
255
254
241
176
166
171
170
179
184
191
183
161
85
150
169
167
187
240
254
255
255
255
255
255
255
255
255
255
255
255
255
255
255
255
247
176
158
154
157
160
160
164
160
165
177
235
239
242
244
245
244
243
243
243
243
243
243
243
243
246
237
210
79
217
246
252
244
243
243
243
243
243
236
243
239
254
250
248
248
232
165
154
175
236
246
250
247
248
250
247
243
238
197
166
158
158
174
237
250
244
243
243
244
249
241
179
163
158
162
176
242
249
245
247
248
249
254
241
182
166
168
156
157
161
237
248
243
243
243
243
243
243
243
243
243
244
245
248
247
245
228
167
162
228
231
175
162
182
237
247
244
249
241
179
163
160
162
161
163
158
147
49
50
68
174
206
171
236
249
243
243
243
243
243
243
243
243
243
243
243
243
243
243
246
237
172
157
162
169
171
170
161
154
155
231
249
249
246
244
243
243
243
243
243
243
243
243
243
243
244
252
237
243
237
252
244
243
243
243
243
243
243
210
79
210
237
247
248
243
191
161
164
213
244
247
244
243
243
243
244
247
250
236
170
157
158
166
230
244
245
243
243
245
244
229
164
156
154
164
228
244
245
243
243
243
243
245
241
247
225
171
155
158
168
230
250
243
243
243
243
243
243
243
243
243
243
243
243
244
253
237
172
159
196
241
242
230
237
241
245
243
245
243
229
166
157
162
164
165
160
63
55
55
168
233
237
239
237
246
243
243
243
243
243
243
243
243
243
243
243
243
243
243
245
244
227
165
168
237
230
174
159
154
160
234
251
244
243
243
243
243
243
243
243
243
243
243
243
243
243
244
246
248
246
244
243
243
243
243
243
243
243
54
55
79
243
251
243
232
162
152
194
236
245
244
243
243
243
243
243
243
249
236
178
157
159
160
174
238
247
243
244
249
241
176
162
159
160
170
240
249
244
243
243
243
243
245
254
253
222
77
140
153
177
235
251
244
243
243
243
243
243
243
243
243
243
243
243
243
250
234
171
149
172
236
254
248
247
245
244
243
244
249
241
177
161
158
160
160
161
144
83
215
244
250
250
248
248
249
248
248
245
244
243
243
243
243
243
243
243
243
243
243
244
249
236
178
232
252
241
176
159
155
172
233
250
243
243
243
243
243
243
243
243
243
243
243
243
243
243
243
243
243
243
243
243
243
243
243
243
243
57
54
52
217
237
251
239
175
157
164
192
245
247
243
243
243
243
243
243
243
247
240
189
164
160
155
170
231
249
243
245
244
228
162
156
158
167
230
243
245
243
243
243
243
243
246
237
218
57
52
63
155
168
231
244
245
243
243
243
243
243
243
243
243
243
243
243
243
250
234
172
148
171
234
250
243
243
243
243
243
243
245
244
230
165
161
169
182
181
226
241
240
254
247
246
249
244
238
230
238
244
249
245
244
243
243
243
243
243
243
243
243
243
245
238
240
239
254
235
177
157
157
175
234
250
243
243
243
243
243
243
243
243
243
243
243
243
243
243
243
243
243
243
243
243
243
243
243
243
243
243
81
217
246
253
252
234
171
150
166
230
246
244
243
243
243
243
243
243
243
244
246
231
169
158
157
172
234
250
243
247
238
175
161
161
157
178
236
252
244
243
243
243
243
243
248
243
79
59
57
159
163
161
175
240
247
243
243
243
243
243
243
243
243
243
243
243
243
250
234
172
149
171
233
250
243
243
243
243
243
243
244
253
239
171
164
230
241
244
249
254
250
247
249
243
241
229
177
163
174
228
240
242
247
244
243
243
243
243
243
243
243
243
244
244
245
244
251
232
168
154
157
172
234
250
243
243
243
243
243
243
243
243
243
243
243
243
243
243
243
243
243
243
243
243
243
243
243
243
243
243
236
237
252
247
244
231
167
151
173
236
251
243
243
243
243
243
243
243
243
243
251
236
175
156
152
173
234
250
243
249
232
170
155
162
155
166
233
250
243
243
243
243
243
243
246
237
210
84
213
228
169
156
174
234
250
243
243
243
243
243
243
243
243
243
243
243
243
250
234
173
149
174
237
251
244
243
243
243
243
243
245
243
230
161
173
235
254
241
245
242
249
245
242
229
176
164
162
152
160
165
169
233
242
245
243
243
243
243
243
243
243
243
243
243
243
243
249
232
160
155
156
174
234
250
243
243
243
243
243
243
243
243
243
243
243
243
243
243
243
243
243
243
243
243
243
243
243
243
243
243
246
246
245
249
241
176
161
153
172
232
249
243
243
243
243
243
243
243
243
243
250
232
171
154
155
173
234
250
244
251
236
173
157
162
155
169
234
248
243
243
243
243
243
243
244
252
237
248
234
187
170
152
174
233
254
244
243
243
243
243
243
243
243
243
243
243
243
249
233
170
151
167
231
243
245
243
243
243
243
243
247
238
169
154
170
223
187
226
183
195
234
233
178
165
162
156
159
160
160
156
158
174
241
249
244
243
243
243
243
243
243
243
243
243
243
243
247
239
188
161
154
172
234
250
243
243
243
243
243
243
243
243
243
243
243
243
243
243
243
243
243
243
243
243
243
243
243
243
243
243
243
243
246
245
230
165
154
161
176
239
247
243
243
243
243
243
243
243
243
244
252
235
162
154
156
171
233
249
245
244
231
166
159
160
162
202
241
246
243
243
243
243
243
243
243
244
247
254
238
177
158
144
72
210
240
246
243
243
243
243
243
243
243
243
244
246
248
251
241
177
160
159
172
238
248
243
243
243
243
243
248
232
172
153
167
164
171
165
166
163
170
166
162
155
161
162
162
164
163
163
158
166
228
244
245
243
243
243
243
243
243
243
243
243
243
243
245
247
232
168
151
173
236
253
248
246
244
243
243
243
243
243
243
243
243
243
243
243
243
243
243
243
243
243
243
243
243
243
243
243
243
244
243
237
175
164
154
170
231
243
245
243
243
243
243
243
243
243
243
245
244
229
167
154
162
175
240
247
247
238
175
162
161
155
168
232
247
244
243
243
243
243
243
243
243
243
244
247
235
168
144
49
60
85
244
248
243
243
243
243
243
243
243
244
252
237
243
239
253
233
165
150
170
232
249
243
243
243
243
243
248
238
189
159
161
161
161
161
161
160
156
151
156
158
160
159
160
161
162
162
159
161
178
240
247
243
243
243
243
243
243
243
243
243
243
243
243
251
234
172
152
177
245
246
244
237
252
244
243
243
243
243
243
243
243
243
243
243
243
243
243
243
243
243
243
243
243
243
243
243
244
248
244
191
165
156
158
179
238
249
244
243
243
243
243
243
243
243
243
247
240
176
162
157
166
231
244
245
249
233
169
155
160
157
167
236
249
243
243
243
243
243
243
243
243
243
246
242
205
166
67
50
56
214
240
246
243
243
243
243
243
243
244
252
246
217
79
211
245
238
172
150
174
237
252
244
243
243
243
243
247
237
198
160
160
164
164
162
161
157
164
158
167
164
167
159
163
161
168
160
161
158
176
233
249
243
243
243
243
243
243
243
243
243
243
243
243
250
233
171
154
175
232
217
81
210
237
246
243
243
243
243
243
243
243
243
243
243
243
243
243
243
243
243
243
243
243
243
243
243
245
242
231
173
159
158
166
198
242
246
243
243
243
243
243
243
243
243
244
250
234
174
156
157
174
237
252
244
250
234
172
155
163
170
206
243
248
243
243
243
243
243
243
243
243
243
248
235
175
155
142
62
157
236
254
244
243
243
243
243
243
243
246
237
217
52
55
79
247
244
174
157
164
229
243
245
243
243
243
243
246
244
195
168
161
164
163
157
162
165
184
225
175
227
207
183
172
223
173
160
163
158
173
234
249
243
243
243
243
243
243
243
243
243
243
243
243
250
233
172
156
163
153
54
59
79
243
248
243
243
243
243
243
243
243
243
243
243
243
243
243
243
243
243
243
243
243
243
243
243
248
238
169
161
161
158
174
234
247
244
243
243
243
243
243
243
243
243
245
244
231
167
157
152
169
230
249
243
249
232
169
153
164
167
233
242
254
244
243
243
243
243
243
243
244
245
253
237
176
161
157
161
172
244
248
243
243
243
243
243
243
244
252
248
83
57
52
217
240
248
231
164
156
169
238
247
243
243
243
243
246
241
229
171
162
161
165
167
176
229
244
238
246
239
245
234
242
239
194
165
159
155
172
233
249
243
243
243
243
243
243
243
243
243
243
243
243
250
233
172
158
161
62
50
56
217
237
246
243
243
243
243
243
243
243
243
243
243
243
243
243
243
243
243
243
243
243
243
243
243
249
230
161
153
161
157
179
235
250
243
244
246
248
246
244
243
243
244
249
240
178
161
157
158
162
236
248
243
247
236
181
170
167
148
79
220
243
251
245
244
243
243
243
244
246
243
242
226
168
159
157
167
230
244
245
243
243
243
243
243
244
252
241
237
205
89
219
246
253
253
235
170
146
172
233
253
248
246
244
244
250
244
189
164
158
160
169
231
242
243
250
247
246
246
247
247
249
249
232
168
157
164
185
243
248
243
243
243
243
243
243
243
243
243
243
243
243
250
233
167
156
158
148
78
222
246
252
244
243
243
243
243
243
243
243
243
243
243
243
243
243
243
243
243
243
243
243
243
243
243
252
234
171
154
161
157
168
234
249
244
252
237
243
237
252
244
244
246
246
231
166
157
163
174
236
241
246
243
245
240
243
221
149
43
54
77
229
244
244
251
247
245
244
246
245
237
184
157
163
158
160
174
240
249
244
243
243
243
243
244
252
246
219
89
205
237
241
252
244
247
238
174
156
174
245
245
243
237
252
247
241
229
165
155
161
170
237
245
249
245
244
243
243
243
243
243
243
251
234
173
152
158
224
236
247
243
243
243
244
246
248
246
244
243
243
243
243
250
232
168
155
162
166
232
244
252
244
243
243
243
243
243
243
243
243
243
243
243
243
243
243
243
243
243
243
243
243
243
243
243
244
231
167
156
158
159
187
239
249
252
246
217
79
210
237
247
246
244
238
172
164
154
166
231
247
247
244
243
244
245
254
242
83
52
46
148
160
177
231
235
238
244
253
247
237
174
161
158
158
165
170
236
241
245
243
243
243
243
243
246
237
217
52
57
83
248
252
244
243
245
244
230
159
172
234
221
80
210
237
251
237
163
160
157
167
232
247
247
244
243
243
243
243
243
243
243
244
252
235
165
155
167
171
243
246
243
243
244
252
237
243
237
252
244
243
243
243
250
230
163
152
158
176
239
254
244
243
243
243
243
243
243
243
243
243
243
243
243
243
243
243
243
243
243
243
243
243
243
243
243
240
178
163
159
165
175
238
244
248
237
217
52
55
79
244
252
244
237
170
159
157
160
174
240
249
244
243
243
243
243
247
239
217
74
143
156
158
161
168
170
177
231
239
232
169
161
159
164
156
163
229
246
247
244
243
243
243
243
243
248
243
79
55
52
217
237
246
243
243
244
252
235
172
158
182
57
57
79
243
254
234
171
157
155
170
234
251
244
243
243
243
243
243
243
243
243
246
246
230
163
160
194
235
238
245
243
244
252
246
217
79
210
237
246
243
243
243
248
238
164
160
154
174
236
251
244
243
243
243
243
243
243
243
243
243
243
243
243
243
243
243
243
243
243
243
243
243
243
243
243
233
169
152
155
166
231
247
246
249
243
79
55
53
220
243
250
237
167
162
156
163
173
235
241
245
243
243
243
243
243
244
252
241
235
170
177
169
163
155
155
162
168
177
165
163
158
159
159
159
163
239
249
244
243
243
243
243
243
243
246
237
210
79
217
246
252
244
243
243
243
250
233
172
158
66
55
56
218
237
253
237
199
158
155
169
233
250
243
243
243
243
243
243
243
243
244
244
237
168
155
168
235
250
246
244
243
246
237
217
52
55
79
243
248
243
243
243
246
243
229
166
152
168
231
246
245
243
243
243
243
243
243
243
243
243
243
243
243
243
243
243
243
243
243
243
243
243
243
243
243
234
172
151
158
168
237
250
244
246
237
211
82
224
248
251
234
170
160
154
163
179
238
245
246
244
243
243
243
243
243
243
244
249
245
240
236
232
171
159
155
156
158
157
155
158
154
162
164
178
232
240
246
243
243
243
243
243
243
243
244
252
237
243
237
252
244
243
243
243
243
250
234
174
152
138
74
220
250
253
251
237
173
158
156
177
236
251
243
243
243
243
243
243
244
245
251
244
190
160
149
169
232
250
243
243
243
248
243
79
55
52
217
237
246
243
243
243
244
252
236
173
154
161
184
240
247
243
243
243
243
243
243
243
243
243
243
243
243
243
243
243
243
243
243
243
243
243
243
243
243
234
173
155
167
205
247
253
249
249
254
245
244
236
237
184
166
163
155
160
178
238
244
246
244
243
243
243
243
243
243
243
243
244
245
247
251
246
236
173
171
166
162
156
157
164
167
173
230
242
244
247
243
243
243
243
243
243
243
243
243
244
246
248
246
244
243
243
243
243
243
249
234
175
161
152
170
231
253
246
249
232
171
155
158
169
230
242
245
243
243
243
243
244
247
243
242
226
172
158
161
173
238
248
243
243
243
246
237
210
79
217
246
252
244
243
243
243
243
250
232
173
155
155
168
233
249
243
243
243
243
243
243
243
243
243
243
243
243
243
243
243
243
243
243
243
243
243
243
243
243
233
172
152
170
229
237
231
237
235
241
237
238
180
164
162
156
155
159
169
238
245
246
244
243
243
243
243
243
243
243
243
243
243
243
243
244
246
242
238
233
230
178
174
175
202
231
240
244
249
245
244
243
243
243
243
243
243
243
243
243
243
243
243
243
243
243
243
243
243
243
249
235
174
158
159
164
189
240
246
249
233
171
155
160
165
166
241
249
245
246
248
246
247
241
232
174
166
164
155
171
228
243
245
243
243
243
244
252
237
243
237
252
244
243
243
243
243
243
249
232
168
150
149
168
231
249
243
243
243
243
243
243
243
243
243
243
243
243
243
243
243
243
243
243
243
243
243
243
243
243
233
171
153
167
178
176
175
175
233
165
178
168
163
157
157
164
170
177
235
244
246
244
243
243
243
243
243
243
243
243
243
243
243
243
243
243
244
245
247
251
244
239
232
235
241
247
248
245
244
243
243
243
243
243
243
243
243
243
243
243
243
243
243
243
243
243
243
243
243
243
249
230
172
147
151
157
172
238
246
247
240
177
164
162
161
180
232
249
254
239
244
240
255
242
164
157
155
155
164
177
241
249
244
243
243
243
243
244
246
248
246
244
243
243
243
243
243
243
247
237
180
167
167
180
237
247
243
243
243
243
243
243
243
243
243
243
243
243
243
243
243
243
243
243
243
243
243
243
243
243
233
172
154
162
159
158
159
217
164
161
154
159
159
155
159
171
231
241
242
247
244
243
243
243
243
243
243
243
243
243
243
243
243
243
243
243
243
243
243
244
245
247
248
248
246
244
243
243
243
243
243
243
243
243
243
243
243
243
243
243
243
243
243
243
243
243
243
243
243
243
248
235
156
167
169
170
232
241
245
245
245
235
163
158
161
183
183
240
242
216
85
210
237
227
166
154
158
162
173
236
242
245
243
243
243
243
243
243
243
244
246
248
246
244
243
243
243
243
245
240
237
232
232
237
240
245
243
243
243
243
243
243
243
243
243
243
243
243
243
243
243
243
243
243
243
243
243
243
243
243
231
167
151
156
156
154
163
159
161
151
156
154
161
164
170
234
246
249
245
244
243
243
243
243
243
243
243
243
243
244
246
248
246
244
243
243
243
243
243
243
243
243
243
243
243
243
243
243
243
243
243
243
243
243
243
243
243
243
243
243
243
243
243
243
243
243
243
243
243
243
246
236
234
228
232
238
242
246
244
245
254
241
161
64
144
160
172
172
179
58
59
72
177
172
165
155
160
176
237
244
247
244
243
243
243
243
243
243
244
252
237
243
237
252
244
243
243
243
244
245
247
249
249
247
245
244
243
243
243
243
243
243
243
243
243
243
243
243
243
243
243
243
243
243
243
243
243
243
243
243
236
178
168
172
172
171
168
169
167
172
174
170
174
228
240
242
247
244
243
243
243
243
243
243
243
243
243
243
244
252
237
243
237
252
244
243
243
243
243
243
243
243
243
243
243
243
243
243
243
243
243
243
243
243
243
243
243
243
243
243
243
243
243
243
243
243
243
243
243
243
244
246
249
249
249
247
245
244
243
246
239
215
57
51
70
161
167
160
67
53
48
143
153
154
159
165
177
235
245
246
244
243
243
243
243
243
243
244
252
246
217
79
210
237
246
243
243
243
243
243
243
243
243
243
243
243
243
243
243
243
243
243
243
243
243
243
243
243
243
243
243
243
243
243
243
243
243
243
243
243
240
236
232
234
234
233
233
233
233
233
234
232
238
244
249
245
244
243
243
243
243
243
243
243
243
243
243
244
252
246
217
79
210
237
246
243
243
243
243
243
243
243
243
243
243
243
243
243
243
243
243
243
243
243
243
243
243
243
243
243
243
243
243
243
243
243
243
243
243
243
243
243
243
243
243
243
243
243
243
248
244
83
55
45
146
161
168
159
142
67
143
156
168
165
175
229
241
241
246
244
243
243
243
243
243
243
243
246
237
217
52
55
79
243
248
243
243
243
243
243
243
243
243
243
243
243
243
243
243
243
243
243
243
243
243
243
243
243
243
243
243
243
243
243
243
243
243
243
243
243
245
247
249
250
250
250
250
250
250
250
250
249
247
245
244
243
243
243
243
243
243
243
243
243
243
243
243
246
237
217
52
55
79
243
248
243
243
243
243
243
243
243
243
243
243
243
243
243
243
243
243
243
243
243
243
243
243
243
243
243
243
243
243
243
243
243
243
243
243
243
243
243
243
243
243
243
243
243
243
246
237
213
80
143
164
159
158
161
152
162
164
177
176
229
241
244
249
245
244
243
243
243
243
243
243
243
243
248
243
79
55
52
217
237
246
243
243
243
243
243
243
243
243
243
243
243
243
243
243
243
243
243
243
243
243
243
243
243
243
243
243
243
243
243
243
243
243
243
243
243
243
243
243
243
243
243
243
243
243
243
243
243
243
243
243
243
243
243
243
243
243
243
243
243
243
243
243
246
236
81
54
54
210
236
246
243
243
243
243
243
243
243
243
243
243
243
243
243
243
243
243
243
243
243
243
243
243
243
243
243
243
243
243
243
243
243
243
243
243
243
243
243
243
243
243
243
243
243
243
244
252
239
239
224
181
165
166
166
165
174
230
235
238
243
249
245
244
243
243
243
243
243
243
243
243
243
243
246
236
207
74
214
245
252
244
243
243
243
243
243
243
243
243
243
243
243
243
243
243
243
243
243
243
243
243
243
243
243
243
243
243
243
243
243
243
243
243
243
243
243
243
243
243
243
243
243
243
243
243
243
243
243
243
243
243
243
243
243
243
243
243
243
243
243
243
243
243
243
243
243
57
243
243
243
243
243
243
243
243
243
243
243
243
243
243
243
243
243
243
243
243
243
243
243
243
243
243
243
243
243
243
243
243
243
243
243
243
243
243
243
243
243
243
243
243
243
243
243
243
243
243
243
243
243
243
243
243
243
243
243
243
243
243
243
243
243
243
243
243
243
243
243
243
243
243
243
243
243
243
243
243
243
243
243
243
243
243
243
243
243
243
243
243
243
243
243
243
243
243
243
243
243
243
243
243
243
243
243
243
243
243
243
243
243
243
243
243
243
243
