249
249
249
249
249
249
249
249
249
249
249
90
90
90
249
249
249
249
249
249
249
249
249
249
249
249
249
249
249
249
249
249
249
249
249
249
249
249
249
90
249
249
249
249
249
249
249
249
249
249
249
249
249
249
249
249
249
249
249
249
249
249
249
249
249
249
249
249
249
249
249
249
249
249
249
249
249
249
249
249
249
249
249
249
249
249
249
249
249
249
249
249
249
249
249
249
249
249
249
249
249
249
249
249
249
249
249
249
249
249
249
249
249
249
249
249
249
249
249
249
249
249
249
249
249
249
249
249
249
249
249
249
249
249
249
249
249
249
249
249
249
249
249
249
249
249
249
249
249
249
249
249
249
249
249
249
249
249
252
244
108
93
102
239
251
251
249
249
249
249
249
249
249
251
253
251
227
109
227
251
253
251
249
249
249
252
244
222
86
86
111
244
252
249
249
249
249
249
249
249
249
249
249
249
249
249
249
249
249
249
249
249
249
249
249
249
249
249
249
249
249
249
249
249
249
249
249
249
249
249
249
249
249
249
249
249
249
249
249
249
249
249
249
249
249
249
249
249
249
249
249
249
249
249
249
249
249
249
249
249
249
249
249
249
249
249
249
249
249
249
249
249
249
249
249
249
249
249
249
249
249
249
249
249
249
249
249
249
249
249
249
249
249
249
249
249
249
249
249
249
249
249
249
249
249
249
249
249
252
245
221
109
228
252
253
251
249
249
249
249
249
249
249
252
245
230
93
85
93
230
245
252
249
249
249
252
250
109
88
85
228
245
252
251
252
252
252
251
251
252
252
252
251
249
249
249
249
249
249
249
249
249
249
249
249
249
249
249
249
249
249
249
249
249
249
249
249
249
249
251
252
253
253
254
253
252
251
249
249
249
249
249
249
249
249
249
249
249
249
249
249
249
249
249
249
249
249
249
249
249
249
249
249
249
249
249
249
249
249
249
249
249
249
249
249
249
249
249
249
249
249
249
249
249
249
249
249
249
249
249
249
249
249
249
249
249
249
249
249
249
249
249
249
249
249
249
249
249
251
253
245
250
245
253
251
249
249
249
249
249
249
249
249
252
250
113
85
59
85
113
250
252
249
249
249
252
245
221
109
228
252
253
252
253
245
250
245
254
254
245
250
245
253
251
249
249
249
249
249
249
249
249
249
249
249
249
249
249
249
249
249
249
249
249
249
249
249
249
250
249
242
236
233
233
238
244
251
250
249
249
249
251
252
252
252
251
249
249
249
249
249
249
249
249
249
249
249
249
249
249
249
249
249
249
249
249
249
249
249
249
249
249
249
249
249
249
249
249
249
249
249
249
249
249
249
249
249
249
249
249
249
249
249
249
249
249
249
249
249
249
249
249
249
249
249
249
249
249
249
251
252
252
252
251
249
249
249
249
249
249
249
249
249
252
245
230
93
85
93
230
245
252
249
249
249
251
253
245
250
245
253
252
253
252
228
109
223
252
253
228
109
221
245
252
249
249
249
249
249
249
249
249
249
249
249
249
249
249
249
249
249
249
249
249
249
249
249
249
250
253
223
161
153
145
151
218
252
251
249
249
251
253
245
250
245
253
251
249
249
249
249
249
249
249
249
249
249
249
249
249
249
249
249
249
249
249
249
249
249
249
249
249
249
249
251
252
253
254
254
253
253
252
251
249
249
249
249
249
249
249
249
249
249
249
249
249
249
249
249
249
249
251
251
249
249
249
249
249
249
249
249
249
249
249
249
249
249
249
249
249
249
249
249
251
253
252
230
113
230
252
253
251
249
249
249
249
251
252
252
252
251
252
245
228
85
88
112
245
233
86
90
112
251
252
249
249
249
249
249
249
249
249
249
249
249
249
249
249
249
249
249
249
249
251
252
252
252
251
250
251
242
186
123
117
133
210
253
252
249
251
253
252
228
109
221
245
252
249
249
249
249
249
249
249
249
249
249
249
249
249
249
249
249
249
249
249
249
249
249
249
250
252
253
254
254
248
241
235
238
235
240
246
252
251
249
249
249
249
249
249
249
249
249
249
249
249
249
249
249
249
249
251
253
251
249
249
249
249
249
249
249
249
249
249
249
249
249
249
249
249
249
249
249
249
251
253
245
250
245
253
251
249
249
249
249
249
249
249
249
249
249
252
250
109
88
85
232
245
113
87
80
227
246
254
251
250
251
252
252
252
251
249
249
249
249
249
249
249
249
249
249
249
251
253
245
250
245
253
251
252
254
208
145
132
135
209
249
252
249
252
245
228
85
88
109
250
253
251
251
251
250
249
249
249
249
249
249
249
249
249
249
249
249
249
249
249
249
249
250
252
253
250
242
236
240
205
148
149
153
150
150
222
251
252
251
249
249
249
249
249
249
249
249
249
249
249
249
249
249
249
90
232
245
252
249
249
249
249
249
249
249
249
249
249
249
249
249
249
249
249
249
249
249
249
249
251
252
252
252
251
249
249
249
249
249
249
249
249
249
249
249
252
245
221
109
228
253
252
228
112
190
191
245
251
253
254
254
247
250
245
253
251
249
249
249
249
249
249
249
249
249
251
253
252
228
109
221
245
251
250
252
248
188
132
132
160
230
253
250
252
250
109
88
85
228
247
251
246
248
252
253
252
251
249
249
249
249
249
249
249
249
249
249
249
249
249
249
250
252
247
245
223
154
150
151
142
133
128
130
129
133
150
229
251
252
250
249
249
249
249
249
249
249
249
249
249
249
249
249
249
90
126
250
252
249
249
249
249
249
249
249
249
249
249
249
249
249
249
249
249
249
249
249
249
249
249
249
249
249
249
249
249
249
249
249
249
249
249
249
249
249
251
253
245
250
245
254
255
252
248
197
147
146
202
238
248
246
230
110
221
245
252
249
249
249
249
249
249
249
249
250
253
250
234
91
96
116
252
253
251
255
253
191
96
120
142
221
254
252
251
245
221
109
228
252
254
250
194
194
232
241
244
251
250
249
249
249
249
249
249
249
249
249
249
249
249
250
252
253
243
163
141
137
129
133
134
138
140
141
139
137
139
147
230
248
252
249
249
249
249
249
249
249
249
249
249
249
249
249
249
90
232
245
252
249
249
249
249
249
249
249
249
249
249
249
249
249
249
249
249
249
249
249
249
249
249
249
249
249
249
249
249
249
249
249
249
249
249
249
249
249
249
251
252
252
252
253
250
249
214
145
134
133
144
148
154
206
92
89
109
250
252
249
249
249
249
249
249
250
251
253
253
242
106
83
82
214
241
252
254
249
229
94
86
89
137
215
249
252
251
253
245
250
245
253
254
249
193
141
142
158
227
255
253
250
249
249
249
249
249
249
249
249
249
250
251
253
251
247
193
141
130
134
136
134
134
135
138
139
140
139
136
134
152
240
253
250
249
249
249
249
249
249
249
249
249
249
249
249
249
249
251
253
251
249
249
249
249
249
249
249
249
249
249
249
249
249
249
249
249
249
249
249
249
249
249
249
249
249
249
249
249
249
249
249
249
249
249
249
249
249
249
249
249
250
252
251
227
150
141
138
135
137
135
132
137
87
88
90
228
245
252
249
249
249
249
249
250
252
249
247
238
161
129
88
138
149
174
237
250
248
117
88
77
127
133
147
229
253
250
251
252
252
251
251
252
245
187
129
123
135
206
246
247
251
250
251
252
252
252
251
249
249
249
251
248
245
235
164
143
141
135
137
144
152
155
145
138
136
138
140
138
129
142
227
252
251
249
249
249
249
249
249
249
249
249
249
249
249
249
249
251
251
249
249
249
249
249
249
249
249
249
249
249
249
249
249
249
249
249
249
249
249
249
249
249
249
249
249
249
249
249
249
249
249
249
249
249
249
249
249
249
249
249
252
249
229
138
133
129
132
133
136
137
141
134
124
104
235
252
253
251
249
249
249
249
250
252
252
246
181
143
141
132
135
134
135
138
143
190
244
234
105
129
138
127
140
220
253
250
249
249
249
249
252
254
209
144
135
137
141
140
179
237
253
251
253
245
250
245
253
251
249
249
252
248
187
145
139
132
134
130
139
178
242
241
205
158
152
139
136
140
135
139
178
245
252
249
249
249
249
249
249
249
249
249
249
249
249
249
249
249
249
249
249
249
249
249
249
249
249
249
249
249
249
249
249
249
249
249
249
249
249
249
249
249
249
249
249
249
249
249
249
249
249
249
249
249
249
249
249
249
250
252
254
243
156
133
131
143
152
157
147
140
139
136
137
221
252
253
251
249
249
249
249
250
252
252
248
180
135
128
141
143
145
132
133
130
129
175
253
254
248
185
145
128
142
223
254
250
249
249
249
251
253
248
195
131
133
140
133
134
148
235
254
253
252
228
109
221
245
252
249
250
253
245
173
132
133
133
139
142
171
247
254
254
251
244
191
143
134
138
138
131
153
237
253
249
249
249
249
249
249
249
249
249
249
249
249
249
249
249
249
250
251
251
251
251
250
249
249
249
249
249
249
249
249
249
249
251
252
253
253
253
252
251
249
249
249
249
249
249
249
249
249
249
249
249
249
249
249
249
251
247
246
219
140
125
136
175
243
241
186
133
134
133
149
231
255
252
249
249
249
249
249
251
250
246
187
135
131
141
145
223
163
160
149
142
131
169
243
254
255
250
181
126
144
227
254
251
249
249
250
251
248
209
141
140
140
142
134
138
218
249
253
245
228
85
88
109
250
252
250
252
252
242
167
134
135
141
155
235
247
248
252
251
252
252
251
186
141
138
140
131
152
235
254
249
249
249
249
249
249
249
249
249
249
249
249
249
249
249
249
251
251
247
247
249
252
250
249
249
249
249
249
249
250
252
253
253
248
240
233
240
246
252
251
249
249
249
249
249
249
249
249
249
249
249
249
249
249
250
253
246
182
142
147
142
176
246
254
255
205
143
136
133
138
219
250
252
249
249
249
249
249
252
252
195
135
132
143
146
208
106
221
237
221
140
128
140
186
253
254
244
178
128
137
219
250
252
249
249
251
253
219
148
136
136
140
139
134
151
233
255
254
251
109
88
85
228
245
251
252
251
246
177
140
136
131
146
234
252
253
251
250
249
250
251
253
241
172
133
137
131
154
236
254
249
249
249
249
249
249
249
249
249
249
249
249
249
249
251
252
254
250
203
183
242
251
252
249
249
249
249
249
251
252
248
243
237
206
152
150
149
209
249
252
251
249
249
249
249
249
249
249
249
249
249
249
249
249
251
251
234
148
123
149
229
249
249
253
251
246
186
137
134
138
150
234
253
249
249
249
249
249
253
252
193
131
136
148
203
86
96
117
255
246
156
133
130
180
252
254
187
134
129
134
152
236
253
249
249
252
253
214
144
133
133
95
129
132
144
211
248
251
252
223
109
228
252
253
251
252
253
188
139
133
132
136
161
244
254
250
249
251
252
252
252
253
252
184
142
135
131
154
236
254
249
249
249
249
249
249
249
249
249
249
249
249
249
249
252
244
243
206
139
137
196
254
252
250
249
249
249
250
252
251
227
156
151
142
134
127
132
138
215
252
253
252
251
249
249
249
249
249
249
249
249
249
249
250
253
250
178
137
136
172
252
254
251
251
253
253
210
148
134
127
140
222
253
250
249
249
249
250
252
246
189
128
137
208
109
94
86
229
248
252
219
137
128
176
246
253
197
143
140
128
145
228
253
251
251
253
251
209
134
128
88
92
100
143
144
134
110
228
252
248
250
245
253
251
251
253
245
178
134
133
141
150
236
248
251
249
251
253
245
250
245
253
253
240
163
132
129
155
236
254
249
249
249
249
249
249
249
249
249
249
249
249
249
249
252
224
143
134
132
125
185
243
252
250
249
249
250
253
251
232
144
135
131
135
137
140
136
137
143
213
244
244
251
249
249
249
249
251
252
252
252
251
249
251
252
237
155
124
144
233
252
251
250
250
245
239
183
139
133
134
146
234
253
250
249
249
249
252
253
207
141
132
149
218
230
111
228
252
254
255
225
144
128
141
195
252
252
235
169
128
140
226
253
252
251
249
218
137
139
94
87
87
161
133
128
78
90
114
251
253
252
252
251
249
252
252
206
146
133
132
145
227
252
253
250
251
253
252
228
109
221
246
255
246
173
134
128
155
239
254
250
249
249
249
249
249
249
249
249
249
249
249
249
249
252
227
153
137
139
133
142
207
254
252
250
251
253
252
237
145
137
133
135
133
135
136
138
135
140
140
155
232
253
250
249
249
251
253
245
250
245
253
251
252
249
182
138
135
162
248
253
250
251
252
208
146
141
138
136
141
224
249
252
249
249
249
249
252
251
198
130
126
203
253
249
251
246
254
254
255
228
144
125
134
188
252
255
251
179
131
135
175
242
252
253
229
146
134
135
127
92
142
153
153
94
81
91
223
248
252
249
249
249
249
253
250
173
105
102
122
150
236
255
254
254
254
252
235
91
95
117
254
255
252
175
135
131
146
232
251
252
249
249
249
249
249
249
249
249
249
249
249
249
249
252
247
236
196
133
130
133
196
248
253
253
249
246
232
149
133
126
129
140
151
156
147
141
138
138
125
142
225
253
250
249
251
253
252
228
109
221
245
252
254
247
169
127
143
232
251
252
251
252
247
193
129
129
128
132
199
247
253
251
249
249
249
249
252
252
201
130
132
208
254
254
253
254
251
246
241
215
141
130
135
184
244
255
247
176
132
128
154
236
254
254
225
145
131
141
138
137
198
241
170
125
86
148
238
255
251
249
249
249
249
253
248
166
95
97
99
119
216
244
238
236
241
234
108
83
82
213
233
244
233
173
136
135
138
161
246
253
249
249
249
249
249
249
249
249
249
249
249
249
249
251
254
240
166
143
132
138
144
212
252
253
244
165
138
136
137
146
145
173
240
240
183
130
131
139
131
146
231
254
251
249
252
245
228
85
88
109
250
254
248
239
160
124
150
238
254
251
253
250
210
141
136
138
141
158
228
251
252
249
249
249
249
249
252
252
200
129
132
208
254
254
251
249
230
159
152
147
143
138
135
143
200
255
251
177
133
129
146
232
250
246
211
140
133
136
133
190
254
254
184
132
130
156
237
253
249
249
249
249
250
254
252
171
99
97
98
110
139
158
155
155
153
147
137
89
139
155
163
152
142
143
140
137
131
154
237
253
249
249
249
249
249
249
249
249
249
249
249
249
249
249
251
248
219
149
140
134
133
146
216
246
161
132
136
145
186
235
238
246
253
255
203
141
139
140
131
138
222
252
253
252
253
250
109
88
85
228
245
255
249
178
136
134
155
242
253
252
251
215
139
132
131
145
205
245
246
251
250
249
249
249
249
249
253
253
204
132
136
215
254
252
235
177
140
136
129
132
135
137
128
89
177
249
251
174
132
132
142
193
245
178
148
138
136
134
140
200
255
252
180
135
130
169
236
253
249
249
249
250
251
254
246
164
97
99
101
103
126
133
132
131
133
137
138
139
135
136
132
129
131
135
138
139
132
157
239
253
249
249
249
249
249
249
249
249
249
249
249
249
249
249
251
253
245
199
132
135
137
151
221
181
136
124
142
226
252
253
254
253
252
250
245
235
174
135
131
147
169
243
252
245
254
247
221
109
228
252
253
255
244
163
125
141
228
251
253
251
221
139
134
132
138
202
252
253
252
251
249
249
249
249
249
250
252
246
196
129
133
202
239
180
144
141
135
135
138
146
138
130
76
87
113
252
254
180
138
132
132
162
230
223
129
135
136
131
159
221
255
249
175
134
130
155
238
254
251
249
249
251
252
251
195
118
101
101
103
109
134
141
140
141
141
141
142
141
141
141
141
140
140
141
140
141
132
158
239
253
249
249
249
249
249
249
249
249
249
249
249
249
249
249
251
253
219
146
134
134
134
200
229
162
137
138
168
245
254
251
250
249
250
251
254
252
184
134
132
136
217
217
114
222
247
254
245
250
245
253
251
254
246
184
130
151
239
255
253
227
142
133
131
142
199
249
252
251
249
249
249
249
249
249
249
252
252
210
142
131
139
150
150
141
131
132
134
131
131
162
213
105
87
91
230
248
252
247
172
142
131
161
230
168
140
137
136
140
191
250
254
245
168
129
131
141
230
251
253
251
250
252
248
201
136
116
99
102
105
129
134
133
130
131
130
130
131
133
135
138
139
140
141
140
140
140
132
157
240
253
249
249
249
249
249
249
249
249
249
249
249
249
249
249
251
251
219
151
137
137
141
153
155
140
139
214
246
246
252
249
249
249
249
249
252
253
194
145
135
140
136
88
93
109
250
253
252
252
252
251
249
253
247
186
131
152
230
252
224
147
134
130
139
191
251
252
251
250
249
249
249
249
249
249
249
252
252
211
142
134
135
137
136
134
145
140
148
141
156
198
246
230
112
229
252
253
254
251
236
154
129
155
215
153
131
137
138
181
246
252
254
250
174
140
133
133
103
227
244
251
252
253
217
150
133
116
100
103
124
143
149
156
152
151
153
152
154
150
143
137
135
140
139
140
141
140
132
157
240
253
249
249
249
249
249
249
249
249
249
249
249
249
249
249
250
251
247
233
180
136
133
135
132
134
153
240
254
252
250
249
249
249
249
249
252
250
236
165
132
140
89
87
87
228
245
252
249
249
249
249
250
254
249
175
129
147
218
158
142
138
128
135
180
247
252
251
250
249
249
249
249
249
249
249
249
250
252
246
195
135
136
138
135
127
140
210
169
228
240
246
254
248
250
245
253
251
253
249
175
139
132
147
165
149
136
133
147
206
250
253
252
251
239
160
124
77
92
115
250
252
252
253
208
142
132
120
101
105
127
148
221
242
237
236
236
236
237
241
194
135
134
132
131
129
134
137
132
157
239
253
249
249
249
251
252
252
252
251
249
249
249
249
249
249
249
251
252
252
212
147
135
136
131
135
217
249
252
249
249
249
249
249
249
249
252
252
189
144
133
146
205
124
234
253
254
251
249
249
249
249
251
252
239
164
131
145
141
140
129
131
132
167
248
252
252
250
249
249
249
249
250
251
251
251
250
249
253
253
204
139
132
143
150
150
157
228
253
250
254
252
252
252
252
252
251
249
252
248
166
136
132
140
141
141
137
134
140
186
254
252
250
253
253
178
99
78
91
222
248
252
253
252
204
136
134
120
104
129
133
152
235
255
254
254
254
254
254
254
249
191
151
164
153
152
145
140
124
153
238
253
249
249
251
253
245
250
245
253
251
249
249
249
249
249
249
249
250
252
250
198
143
137
137
150
233
254
251
249
249
249
249
249
249
249
253
245
177
131
127
157
232
251
245
253
255
255
255
255
255
255
255
255
190
146
139
142
142
142
151
156
193
254
255
255
255
255
255
255
255
255
255
253
253
253
255
255
255
255
211
146
135
144
212
243
252
254
255
255
255
255
255
255
255
255
255
255
255
255
249
166
140
138
140
139
145
149
187
254
254
255
255
255
255
249
158
90
154
250
255
254
253
218
147
144
142
124
131
144
138
160
238
255
252
251
249
249
250
252
251
246
240
237
238
239
235
163
143
171
244
252
249
251
253
252
228
109
221
245
252
249
249
249
249
249
249
249
249
252
251
237
177
126
138
216
252
253
252
252
252
251
249
249
249
249
252
253
190
145
133
142
237
235
129
206
222
217
217
217
217
217
221
216
148
115
124
130
127
124
133
204
216
218
222
218
217
217
217
217
218
219
224
217
160
217
222
218
220
221
176
122
121
131
156
216
229
221
219
217
217
217
217
217
217
217
217
217
218
225
217
149
126
128
97
127
129
158
216
222
221
218
217
218
226
222
146
117
135
216
228
214
170
127
127
128
129
129
128
130
124
133
204
237
241
252
249
249
249
250
251
252
253
254
254
254
252
244
233
242
246
251
249
252
245
228
85
88
109
250
252
249
249
249
249
249
249
249
249
251
254
209
151
134
138
219
252
254
247
250
245
253
251
249
249
250
253
251
239
167
131
125
110
209
117
111
130
127
127
127
127
127
129
127
115
104
98
100
100
106
120
133
135
129
127
127
127
127
127
127
129
125
122
104
106
111
125
129
128
128
120
108
98
95
106
118
132
129
127
127
127
127
127
127
127
127
127
127
127
129
127
112
98
81
92
91
101
112
124
132
127
127
127
127
132
121
112
94
104
116
131
132
114
102
94
100
100
100
101
101
98
101
107
131
246
252
249
249
249
249
249
249
249
249
249
250
252
252
253
252
251
250
249
252
250
109
88
85
228
245
252
249
249
249
249
249
249
249
249
250
251
241
180
129
136
147
234
253
232
109
221
245
252
249
249
251
251
248
183
138
122
74
91
106
232
222
219
217
217
217
217
217
218
224
219
150
121
127
127
137
213
221
221
217
217
217
217
217
218
220
227
218
160
118
115
143
211
222
217
222
222
173
122
120
124
193
218
224
219
217
217
217
217
217
217
217
217
217
217
218
228
216
98
80
89
126
131
159
222
221
217
217
217
217
224
216
151
121
128
163
218
219
187
124
122
128
134
136
132
128
129
122
133
220
246
252
249
249
249
249
249
249
249
249
249
249
249
249
249
249
249
249
249
252
245
221
109
228
252
253
251
249
249
249
249
249
249
249
249
250
253
253
189
133
129
136
151
215
91
88
109
250
252
249
249
252
252
193
137
138
91
92
93
233
252
255
255
255
255
255
255
255
255
255
255
179
144
141
141
146
186
255
255
255
255
255
255
255
255
255
255
245
165
136
141
173
254
255
255
255
255
208
148
138
145
153
240
255
255
255
255
255
255
255
255
255
255
255
255
255
255
250
160
89
131
147
183
254
255
255
255
255
255
255
255
253
174
135
145
224
248
195
152
147
141
147
198
193
142
138
144
139
151
236
253
253
250
249
249
249
249
249
249
249
249
249
249
249
249
249
249
249
249
251
253
245
250
245
253
251
249
249
249
249
249
249
249
249
249
249
251
251
196
141
132
131
149
95
95
85
228
245
252
249
250
253
250
189
130
137
195
119
230
252
253
251
249
249
249
249
249
249
249
251
251
236
155
132
136
132
164
245
255
251
250
251
252
251
250
239
175
145
140
137
152
242
249
251
249
251
252
242
178
131
131
136
145
235
252
253
252
250
249
249
249
251
246
249
242
245
247
242
159
129
131
151
233
248
253
250
249
249
249
249
253
241
162
128
138
160
219
146
131
133
139
196
248
201
145
135
138
137
140
153
241
252
252
250
249
249
249
249
249
249
249
249
249
249
249
249
249
249
249
249
251
252
252
252
251
249
249
249
249
249
249
249
249
249
249
249
251
252
248
187
144
133
143
202
118
229
252
253
251
250
251
253
246
184
125
141
209
253
247
253
251
249
249
249
249
249
249
249
249
250
253
251
172
141
137
134
156
232
251
253
255
254
252
244
194
150
140
133
128
143
232
252
252
250
249
250
253
253
195
140
133
133
138
154
229
248
251
254
252
251
250
253
251
198
201
185
230
254
169
139
131
146
176
253
251
249
249
249
249
249
253
247
170
137
132
145
140
146
135
134
134
189
253
249
181
136
136
138
135
140
167
244
251
252
249
249
249
249
249
249
249
249
249
249
249
249
249
249
249
249
249
249
249
249
249
249
249
249
249
249
249
249
249
249
249
249
250
253
251
241
167
127
156
226
254
247
253
251
249
251
252
251
195
138
135
143
226
254
252
251
249
249
249
249
249
249
249
249
249
249
252
253
242
158
135
136
145
152
184
238
241
237
207
157
140
135
135
134
135
158
244
253
250
249
249
249
251
251
245
181
139
136
134
141
141
164
234
239
245
252
255
254
245
187
130
136
214
249
235
143
127
153
239
249
251
249
249
249
249
249
251
252
236
152
131
137
140
137
136
134
136
186
254
254
203
146
131
135
137
135
143
175
246
252
251
249
249
249
249
249
249
249
249
249
249
249
249
249
249
249
249
249
249
249
249
249
249
249
249
249
249
249
249
249
249
249
251
254
252
190
140
137
143
227
253
253
251
249
251
252
250
202
137
127
131
205
246
252
250
249
249
249
249
249
249
249
249
249
249
251
253
252
242
156
139
139
137
134
145
155
154
146
141
139
133
135
131
136
144
233
248
252
249
249
249
249
250
251
253
242
169
132
136
137
132
140
145
152
174
237
241
241
194
141
132
131
150
238
251
161
155
241
251
252
250
249
249
249
249
249
250
253
250
167
140
137
139
138
138
143
184
244
251
253
244
182
145
144
138
139
134
147
211
253
253
251
250
249
249
249
249
249
249
249
249
249
249
249
249
249
249
249
249
249
249
249
249
249
249
249
249
249
249
249
249
251
253
252
228
104
150
134
139
158
243
253
251
250
252
248
207
139
131
131
139
217
254
252
249
249
249
249
249
249
249
249
249
249
251
253
252
234
106
136
133
139
140
138
136
133
132
130
134
138
137
142
143
153
232
251
253
250
249
249
249
249
249
250
253
253
185
139
132
137
138
137
133
131
140
146
155
150
144
139
137
130
141
223
251
240
240
249
252
250
249
249
249
249
249
249
249
251
251
235
149
133
137
136
148
196
251
252
252
252
249
248
231
157
131
137
137
137
162
236
248
251
252
250
249
249
249
249
249
249
249
249
249
249
249
249
249
249
249
249
249
249
249
249
249
249
249
249
249
249
249
252
245
230
97
90
95
139
135
142
226
249
252
252
254
223
147
132
131
134
204
246
251
250
249
249
249
249
249
249
249
249
249
249
252
245
228
87
90
91
141
133
138
138
140
140
141
140
140
139
130
135
204
246
249
252
250
249
249
249
249
249
249
249
251
250
243
174
147
143
137
139
140
139
136
132
131
133
136
137
139
129
142
222
254
251
252
251
250
249
249
249
249
251
252
252
252
251
254
242
160
133
137
131
158
237
249
253
250
250
251
254
252
173
138
135
137
137
142
146
185
244
251
252
250
249
249
249
249
249
249
249
249
249
249
249
249
249
249
249
249
249
249
249
249
249
249
249
249
249
249
252
251
117
92
72
86
127
136
139
160
250
255
252
246
198
131
127
133
198
251
252
251
249
249
249
249
249
249
249
249
249
249
249
252
250
109
89
94
225
150
146
140
145
136
141
139
138
134
139
136
158
231
254
252
250
249
249
249
249
249
249
249
249
250
252
249
247
237
162
136
129
134
135
137
136
135
133
131
130
128
129
144
228
253
250
249
249
249
249
249
249
251
253
245
250
245
253
254
240
160
132
137
143
161
212
252
252
249
249
249
251
250
243
156
136
132
136
135
132
136
182
248
252
252
250
249
249
249
249
249
249
249
249
249
249
249
249
249
249
249
249
249
249
249
249
249
249
249
249
249
252
248
217
88
69
87
96
138
134
151
227
245
222
150
139
142
140
199
247
252
251
249
249
249
249
249
249
249
249
249
249
249
249
252
245
221
109
231
251
242
176
211
140
124
131
131
133
138
151
207
242
246
251
250
249
249
249
249
249
249
249
249
249
249
250
251
253
252
244
166
151
143
146
135
139
138
148
154
152
151
147
218
246
251
249
249
249
249
249
249
251
253
252
228
109
221
245
254
240
160
132
131
156
230
246
247
251
249
249
249
250
252
251
242
163
144
144
137
137
136
133
185
251
254
253
253
253
252
252
251
250
249
249
249
249
249
249
249
249
249
249
249
249
249
249
249
249
249
249
249
251
254
245
110
89
91
155
135
135
146
150
157
142
132
130
174
241
248
251
252
250
249
249
249
249
249
249
249
249
249
249
249
249
251
253
245
250
246
255
250
253
230
155
147
155
155
148
191
242
250
252
252
251
249
249
249
249
249
249
249
249
249
249
249
249
249
250
252
249
245
238
222
174
212
148
177
238
239
237
235
241
247
252
251
249
249
249
249
249
249
252
245
228
85
88
109
250
254
238
155
125
136
165
253
255
251
250
249
249
249
249
250
252
249
248
220
142
130
138
137
135
138
191
239
246
242
252
242
251
248
254
252
250
249
249
249
249
249
249
249
249
249
249
249
249
249
249
249
249
249
249
252
248
226
117
228
177
146
136
136
133
129
127
133
172
249
253
253
251
250
249
249
249
249
249
249
249
249
249
249
249
249
249
249
251
252
252
252
251
251
252
245
241
233
238
235
239
247
253
252
251
249
249
249
249
249
249
249
249
249
249
249
249
249
249
249
249
250
251
252
253
251
252
241
244
244
252
254
254
254
253
252
251
249
249
249
249
249
249
249
252
250
109
88
85
228
245
253
244
160
131
149
234
250
251
249
249
249
249
249
249
249
250
252
254
243
166
139
137
130
132
136
145
151
152
209
174
215
166
222
244
246
252
249
249
249
249
249
249
249
249
249
249
249
249
249
249
249
249
249
249
251
253
245
251
249
246
159
132
135
132
140
141
175
244
252
252
250
249
249
249
249
249
249
249
249
249
249
249
249
249
249
249
249
249
249
249
249
249
249
251
252
253
253
254
253
253
252
251
250
249
249
249
249
249
249
249
249
249
249
249
249
249
249
249
249
249
249
249
249
250
251
252
252
253
252
251
250
249
249
249
249
249
249
249
249
249
249
249
249
252
245
221
109
228
252
253
252
248
237
174
189
249
252
250
249
249
249
249
249
249
249
249
249
252
245
244
218
152
148
142
134
130
129
129
88
132
124
135
130
156
240
252
249
249
249
249
249
249
249
249
249
249
249
249
249
249
249
249
249
249
249
251
252
252
255
247
166
129
139
143
166
235
247
250
252
250
249
249
249
249
249
249
249
249
249
249
249
249
249
249
249
249
249
249
249
249
249
249
249
249
249
249
249
249
249
249
249
249
249
249
249
249
249
249
249
249
249
249
249
249
249
249
249
249
249
249
249
249
249
249
249
249
249
249
249
249
249
249
249
249
249
249
249
249
249
249
249
249
249
251
253
245
250
245
253
251
250
252
249
245
243
247
251
249
249
249
249
249
249
249
249
249
249
250
252
253
248
244
236
205
152
142
133
77
86
98
148
148
141
161
240
252
249
249
249
249
249
249
249
249
249
249
249
249
249
249
249
249
249
249
249
249
249
249
253
241
157
127
148
231
248
251
253
251
250
249
249
249
249
249
249
249
249
249
249
249
249
249
249
249
249
249
249
249
249
249
249
249
249
249
249
249
249
249
249
249
249
249
249
249
249
249
249
249
249
249
249
249
249
249
249
249
249
249
249
249
249
249
249
249
249
249
249
249
249
249
249
249
249
249
249
249
249
249
249
249
249
249
249
249
251
252
252
252
251
249
249
250
251
251
251
251
250
249
249
249
249
249
249
249
249
249
249
249
249
251
252
253
253
248
245
232
103
88
96
227
238
238
234
241
246
252
249
249
249
249
249
249
249
249
249
249
249
249
249
249
249
249
249
249
249
249
249
249
253
246
170
146
234
252
253
252
250
249
249
249
249
249
249
249
249
249
249
249
249
249
249
249
249
249
249
249
249
249
249
249
249
249
249
249
249
249
249
249
249
249
249
249
249
249
249
249
249
249
249
249
249
249
249
249
249
249
249
249
249
249
249
249
249
249
249
249
249
249
249
249
249
249
249
249
249
249
249
249
249
249
249
249
249
249
249
249
249
249
249
249
249
249
249
249
249
249
249
249
249
249
249
249
249
249
249
249
249
249
249
249
249
249
251
252
254
252
228
112
230
253
255
254
253
253
252
250
249
249
249
249
249
249
249
249
249
249
249
249
249
249
249
249
249
249
249
249
249
249
251
246
240
240
247
252
250
249
249
249
249
249
249
249
249
249
249
249
249
249
249
249
249
249
249
249
249
249
249
249
249
249
249
249
249
249
249
249
249
251
252
252
252
251
249
249
249
249
249
249
249
249
249
249
249
249
249
249
249
249
249
249
249
249
249
249
249
249
249
249
249
249
249
249
249
249
249
249
249
249
249
249
249
249
249
249
249
249
249
249
249
249
249
249
249
249
249
249
249
249
249
249
249
249
249
249
249
249
249
249
249
249
249
249
249
249
251
253
245
250
245
253
251
249
249
249
249
249
249
249
249
249
249
249
249
249
249
249
249
249
249
249
249
249
249
249
249
249
249
249
250
251
252
252
252
250
249
249
249
249
249
249
249
249
249
249
249
249
249
249
249
249
249
249
249
249
249
249
249
249
249
249
249
249
249
249
249
249
251
253
245
250
245
253
251
249
249
249
249
249
249
249
249
249
249
249
249
249
249
249
249
249
249
249
249
249
249
249
249
249
249
249
249
249
249
249
249
249
249
249
249
249
249
249
249
249
249
249
249
249
249
249
249
249
249
249
249
249
249
249
249
249
249
249
249
249
249
249
249
249
249
249
249
249
249
249
249
251
252
252
252
251
249
249
249
249
249
249
249
249
249
249
249
249
249
249
249
249
249
249
249
249
249
249
249
249
249
249
249
249
249
249
249
249
249
249
249
249
249
249
249
249
249
249
249
249
249
249
249
249
249
249
249
249
249
249
249
249
249
249
249
249
249
249
249
249
249
249
251
251
232
126
232
251
251
249
249
249
249
249
249
249
249
249
249
249
249
249
249
249
249
249
249
249
249
249
249
249
249
249
249
249
249
249
249
249
249
249
249
249
249
249
249
249
249
249
249
249
249
249
249
249
249
249
249
249
249
249
249
249
249
249
249
249
249
249
249
249
249
249
249
249
249
249
249
249
249
249
249
249
249
249
249
249
249
249
249
249
249
249
249
249
249
249
249
249
249
249
249
249
249
249
249
249
249
249
249
249
249
249
249
249
249
249
249
249
249
249
249
249
249
249
249
249
249
249
249
249
249
249
249
249
249
249
249
249
249
249
249
249
249
249
249
249
249
249
249
249
249
249
90
90
90
249
249
249
249
249
249
249
249
249
249
249
249
249
249
249
249
249
249
249
249
249
249
249
249
249
249
249
249
249
249
249
249
249
249
249
249
249
249
249
249
249
249
249
249
249
249
249
249
249
249
249
249
249
249
249
249
249
249
249
249
249
249
249
249
249
249
249
249
249
249
249
249
249
249
249
249
249
249
249
249
249
249
249
249
249
249
249
249
249
249
249
249
249
249
249
249
249
