250
250
250
250
250
250
250
250
250
250
250
250
250
250
250
250
250
250
250
250
250
250
250
250
250
250
250
250
250
250
250
250
250
250
250
250
61
250
250
250
250
250
250
250
250
250
250
250
250
250
250
250
250
250
250
250
250
250
250
250
250
250
250
250
250
250
250
250
250
250
250
250
250
250
250
250
250
250
250
250
250
250
250
250
250
250
250
250
250
250
250
250
250
250
61
250
250
250
250
250
250
250
250
250
250
250
250
250
250
250
61
250
250
250
250
250
250
250
250
250
250
250
250
250
250
250
250
250
250
250
250
250
250
250
250
250
250
250
250
250
250
250
250
250
250
250
250
250
250
250
250
250
250
250
250
250
250
250
252
255
245
251
245
255
252
250
250
250
250
250
250
250
250
250
250
250
250
250
250
250
250
250
254
244
217
58
58
89
247
255
254
252
250
250
250
250
250
250
250
250
250
250
250
250
250
250
250
250
250
250
250
250
250
252
254
254
247
239
244
246
246
239
240
248
254
255
254
253
251
250
250
250
250
250
250
250
250
250
250
250
254
244
219
67
60
58
73
217
244
254
250
250
250
250
250
250
254
244
217
58
58
87
244
254
250
250
250
250
250
250
250
250
250
250
250
250
250
250
250
250
250
250
250
250
250
250
250
250
250
250
250
250
250
250
250
250
250
250
250
250
250
250
250
250
250
250
250
252
255
254
225
85
217
245
254
250
250
250
250
250
250
250
250
250
250
250
250
250
250
250
250
251
255
252
86
60
58
234
239
254
245
255
252
250
250
250
250
250
250
250
250
250
250
250
250
250
250
250
250
250
250
250
252
255
250
235
180
173
173
220
185
167
170
194
242
240
243
248
254
251
250
250
250
250
250
250
250
250
250
250
254
251
89
54
32
32
54
89
251
254
250
250
250
250
250
250
254
251
85
60
56
225
245
254
250
250
250
250
250
250
250
250
250
250
250
250
250
250
250
250
250
250
250
250
250
250
250
250
250
250
250
250
250
250
250
250
250
250
250
250
250
250
250
250
250
250
250
254
245
225
56
60
85
251
254
250
250
250
250
250
250
250
250
250
250
250
250
250
250
250
250
251
252
246
219
94
239
255
235
87
217
245
254
250
250
250
250
250
250
250
250
250
250
250
250
250
250
250
250
250
250
252
255
254
230
79
137
148
160
160
161
154
155
162
170
172
169
230
249
254
250
250
250
250
250
250
250
250
250
250
254
245
223
86
60
64
65
227
245
254
250
250
250
250
250
250
254
245
217
85
225
254
255
252
250
250
250
250
250
250
250
250
250
250
250
250
250
250
250
250
250
250
250
250
250
250
250
250
250
250
250
250
250
250
250
250
250
250
250
250
250
250
250
250
250
250
250
254
251
85
60
56
225
245
254
250
250
250
250
250
250
250
250
250
250
251
252
254
254
254
254
255
255
225
222
242
234
234
64
65
91
254
255
252
251
250
250
250
250
250
250
250
250
250
250
250
250
250
250
250
250
254
245
225
59
59
70
162
161
162
160
159
157
156
156
152
154
168
239
254
250
250
250
250
250
250
252
254
254
254
254
255
249
244
211
94
227
254
255
252
250
250
250
250
250
250
252
255
245
251
245
255
252
250
250
250
250
250
250
250
250
250
250
250
250
250
250
250
250
250
250
250
250
250
250
250
250
250
250
250
250
250
250
250
250
250
250
250
250
250
250
250
250
250
250
250
250
254
245
217
85
225
254
255
252
250
250
250
250
250
250
250
250
250
250
252
248
243
246
251
247
244
234
195
169
175
175
81
58
51
217
238
254
250
254
252
251
250
250
250
251
253
254
254
254
253
251
250
250
250
250
254
251
85
62
62
196
160
156
158
155
162
161
168
158
159
149
167
234
254
250
250
250
250
250
251
253
245
243
246
254
254
255
255
249
252
245
255
252
250
250
250
250
250
250
250
250
252
254
254
254
252
250
250
252
254
254
254
252
250
250
250
250
250
250
250
250
250
250
250
250
250
250
250
250
252
254
254
254
252
250
250
250
250
250
250
250
250
250
250
250
250
250
250
250
250
250
252
255
245
251
245
255
252
250
250
250
250
250
250
250
250
250
250
250
254
248
187
173
245
221
166
164
167
156
156
152
139
70
151
172
228
193
237
250
251
253
250
251
253
254
253
247
239
244
251
255
255
255
254
254
254
246
217
88
230
222
171
160
169
177
189
223
199
212
168
157
173
235
254
250
250
250
250
250
254
252
221
162
205
245
246
252
252
254
254
254
252
250
250
250
250
250
250
250
250
250
250
250
250
250
250
250
252
255
245
251
245
255
252
250
250
250
250
250
250
250
250
250
250
250
250
250
250
252
255
245
251
245
255
252
250
250
250
250
250
250
250
250
250
250
250
250
250
250
250
250
250
252
254
254
254
253
253
254
254
253
251
250
250
250
250
250
250
250
254
243
179
151
161
214
160
155
160
162
163
168
158
162
155
168
161
169
174
208
250
254
253
254
248
246
230
194
169
173
223
243
241
243
246
248
252
255
246
254
250
228
162
151
213
240
250
248
252
246
245
192
191
242
254
250
250
250
250
250
254
241
185
154
157
167
231
255
255
254
252
251
250
250
250
250
250
250
250
250
250
250
250
250
250
250
250
252
255
254
225
85
217
245
254
250
250
250
250
250
250
250
250
250
250
250
250
250
252
255
254
225
85
217
245
254
250
250
250
250
250
250
250
250
250
250
250
250
250
250
250
250
250
250
251
252
254
255
251
244
243
248
252
250
250
250
250
250
250
250
255
246
183
151
160
167
188
162
162
162
162
164
165
165
165
163
160
158
158
166
208
249
254
254
241
169
165
162
154
158
166
172
174
175
200
206
215
251
255
255
255
222
162
156
177
240
255
254
254
254
253
247
245
247
253
250
250
250
250
251
254
233
173
156
151
165
220
250
240
247
253
254
252
250
250
250
250
250
250
250
250
250
250
250
250
250
250
254
245
225
56
61
89
254
255
252
250
250
250
250
250
250
250
250
250
250
250
250
254
245
225
56
60
85
251
254
250
250
250
250
250
250
250
250
250
250
250
250
250
250
250
250
250
250
251
250
245
242
235
171
185
247
254
250
250
250
250
250
250
250
255
246
185
157
163
172
164
165
162
163
162
161
162
161
161
162
161
163
161
158
164
215
255
250
181
162
154
161
162
162
156
155
155
158
162
162
164
223
253
254
255
237
187
151
162
228
255
251
250
251
252
254
254
252
251
250
250
250
250
250
254
240
185
161
155
169
219
178
174
191
243
250
254
254
251
250
250
250
250
250
250
250
250
250
250
250
250
254
251
85
61
65
218
244
249
255
252
250
251
252
252
251
250
250
250
250
250
250
254
251
85
60
56
225
245
254
250
250
250
250
250
250
250
250
250
250
250
250
250
250
250
250
250
250
254
251
204
171
163
155
174
243
255
250
250
250
250
250
250
250
255
246
185
157
165
168
164
161
161
159
156
156
157
162
161
161
161
162
162
157
156
203
243
194
164
160
163
162
163
160
159
157
158
161
161
157
159
171
236
254
255
253
208
152
166
230
254
251
250
250
250
250
250
250
250
250
250
250
250
250
254
254
224
163
155
168
163
165
156
163
167
208
247
253
255
255
254
252
250
250
250
250
250
250
250
250
250
254
245
219
94
228
228
94
219
245
254
251
250
249
251
254
254
253
251
250
250
250
254
245
217
85
225
254
255
252
250
250
250
250
250
250
250
250
250
250
250
250
250
250
250
250
250
250
254
249
195
152
152
150
183
245
255
250
250
250
250
250
250
250
255
246
185
156
162
164
162
159
165
171
176
166
188
198
203
186
165
159
162
161
161
170
177
169
158
160
161
159
153
159
168
174
165
161
156
159
159
161
170
232
251
236
193
154
162
230
255
251
250
252
254
254
254
252
250
250
250
250
250
250
254
251
220
160
157
161
160
160
161
158
159
161
170
228
237
245
247
255
252
250
250
250
250
250
250
250
250
252
255
249
244
218
65
61
85
251
254
254
250
213
209
238
245
247
253
252
254
254
254
255
245
251
245
255
252
250
250
250
250
250
250
250
250
250
250
250
250
250
250
250
250
250
250
250
255
251
199
158
155
162
186
251
254
250
250
250
250
250
250
250
255
246
185
156
161
160
163
163
169
220
242
242
243
247
249
247
187
164
156
159
161
160
161
161
160
158
161
171
170
168
221
246
233
173
163
161
158
158
163
162
181
232
189
148
165
230
254
251
252
255
245
251
245
255
252
250
250
250
250
251
254
234
166
159
161
161
159
156
156
157
157
157
164
159
148
85
223
246
254
250
250
250
250
250
250
250
250
250
252
255
254
89
61
56
225
245
254
254
234
187
162
164
179
239
254
255
245
251
245
255
254
254
254
252
250
250
250
250
250
250
250
250
250
250
250
250
250
250
250
250
250
250
250
250
255
253
201
158
154
173
240
252
252
250
250
250
250
250
250
250
255
247
185
158
160
160
168
207
198
231
255
255
255
254
254
254
246
175
167
164
160
163
163
162
157
161
174
216
241
244
249
255
253
248
220
173
163
159
157
153
193
226
187
152
165
230
255
253
255
254
225
85
217
245
254
250
250
250
250
253
255
233
167
155
161
166
175
176
173
167
164
161
157
141
47
55
87
249
255
251
250
250
250
250
250
250
250
250
250
254
245
217
85
225
254
255
254
254
222
163
153
149
166
235
255
254
225
85
217
245
254
250
250
250
250
250
250
250
250
250
250
250
250
250
250
250
250
250
250
250
250
250
250
251
254
246
195
157
154
179
246
255
251
250
250
250
250
250
252
254
255
252
190
159
158
156
199
244
251
247
251
251
250
250
251
254
248
248
221
161
157
163
162
160
163
175
244
252
254
254
254
253
254
254
252
249
197
164
159
159
189
245
212
151
165
232
255
254
245
225
56
60
85
251
254
250
250
250
252
255
252
229
161
160
164
183
234
246
244
223
183
192
174
72
57
52
166
238
254
251
250
250
250
250
250
250
250
250
250
252
255
245
251
245
255
252
253
254
220
163
156
156
170
239
252
225
56
60
85
251
254
250
250
250
250
250
250
250
250
250
250
250
250
250
250
250
250
250
250
250
250
250
250
253
254
212
164
158
154
177
243
255
250
250
251
253
254
255
255
249
245
236
184
162
160
164
208
255
255
253
251
250
250
250
250
251
253
255
241
178
160
159
162
161
174
240
254
254
252
250
250
250
250
251
254
255
248
187
155
154
191
248
217
156
159
227
253
255
254
91
63
58
225
245
254
250
250
252
255
254
231
83
143
155
158
214
250
255
255
250
249
247
198
145
69
143
167
208
255
254
250
250
251
253
254
255
255
255
255
254
254
254
254
254
252
250
253
254
219
163
156
154
168
239
255
85
60
56
225
245
254
250
250
250
250
250
250
250
250
250
250
250
250
250
250
250
250
250
250
250
250
250
250
254
254
208
159
156
156
178
244
255
254
254
255
253
246
240
243
213
167
161
161
158
155
159
197
249
254
251
250
250
250
250
250
250
250
254
251
222
163
157
162
159
192
245
255
251
250
250
250
250
250
250
251
255
253
193
157
155
190
248
214
156
157
183
248
255
239
208
82
230
255
255
253
250
250
254
245
225
62
58
70
157
166
180
241
254
251
253
254
254
254
192
163
154
160
192
247
254
252
252
253
251
245
240
241
240
241
240
248
252
254
252
251
250
253
254
220
163
153
160
174
245
251
218
85
225
254
255
252
250
250
250
250
250
250
250
250
250
250
250
250
250
250
250
250
250
250
250
250
250
250
254
249
204
158
156
158
185
247
254
248
243
244
237
180
172
173
164
158
153
128
123
145
129
167
219
254
253
250
250
250
250
250
250
250
253
255
225
166
156
164
159
180
240
255
250
250
250
250
250
250
250
251
253
244
185
156
156
191
249
217
160
153
169
231
238
190
152
208
237
254
251
254
252
251
254
251
89
63
52
148
157
162
214
250
254
250
250
251
253
254
250
208
165
157
161
205
250
253
254
249
232
184
175
174
170
173
178
187
241
251
254
255
253
254
254
220
164
151
162
225
253
255
245
251
245
255
252
250
250
250
250
250
250
250
250
250
250
250
250
250
250
250
250
250
250
250
250
250
250
253
254
222
168
159
158
167
214
252
233
200
187
173
166
161
155
157
160
163
163
134
117
113
130
154
211
253
254
250
250
250
250
250
250
250
253
254
224
163
157
162
155
169
238
255
250
250
250
250
250
250
250
254
253
202
162
157
155
182
244
217
166
157
169
172
171
159
159
168
173
182
234
248
250
252
254
246
216
75
147
170
160
170
221
255
254
250
250
250
251
253
254
245
174
158
154
164
221
255
255
241
176
159
155
155
156
155
153
160
161
204
240
247
250
255
255
222
164
150
168
230
255
254
254
254
254
252
250
250
250
250
250
250
250
250
250
250
250
250
250
250
250
250
250
250
250
250
250
250
250
253
254
215
160
157
160
168
234
229
170
161
158
152
150
153
154
156
159
162
165
156
120
111
113
140
213
254
254
250
250
250
250
250
250
250
253
254
224
165
156
163
156
170
238
255
250
250
250
250
250
250
250
254
249
196
157
159
160
167
206
229
183
155
159
155
163
161
159
159
156
160
166
208
253
255
254
255
246
177
166
169
141
74
219
246
254
250
250
250
250
250
254
252
237
170
158
156
212
254
254
232
163
155
160
161
160
157
156
160
162
170
169
178
228
245
251
220
168
150
167
229
254
251
250
250
250
250
250
250
250
250
250
250
250
250
250
250
250
250
250
250
250
250
250
250
250
250
250
250
250
253
254
217
162
156
161
169
171
170
160
155
162
168
173
175
173
170
166
162
163
156
122
109
108
136
212
255
254
250
250
250
250
250
250
250
253
254
223
163
155
164
156
177
240
254
250
250
250
250
250
250
250
255
255
197
158
156
163
158
197
248
204
144
71
145
160
165
164
162
162
159
155
174
237
251
252
255
254
242
167
146
52
64
92
252
254
250
250
250
250
250
251
255
249
222
155
157
183
236
247
174
163
158
157
162
168
178
169
188
213
159
151
158
170
175
189
215
166
150
167
229
254
251
250
250
250
250
250
250
250
250
250
250
250
250
250
250
250
250
250
250
250
250
250
250
250
250
250
250
250
254
254
217
162
157
163
159
159
157
154
155
164
220
244
240
241
244
224
172
161
157
121
113
105
132
210
255
254
250
250
250
250
250
250
250
253
254
223
163
155
161
157
177
240
255
250
250
250
250
250
250
252
255
254
184
71
142
156
165
205
245
185
51
56
71
160
160
157
155
157
159
156
163
163
202
249
255
254
242
175
70
58
62
228
246
254
250
250
250
250
250
251
254
240
180
158
157
185
233
188
162
156
161
165
173
225
245
237
224
225
159
65
140
153
155
163
164
168
153
167
229
254
251
250
250
250
250
250
250
250
250
250
250
250
250
250
250
250
250
250
250
250
250
250
250
250
250
250
250
250
253
254
217
161
157
164
161
159
165
168
169
216
253
255
255
255
255
252
247
188
160
151
118
108
113
190
255
254
250
250
250
250
250
250
250
251
254
235
181
161
163
158
178
240
255
250
250
250
252
254
254
255
248
224
63
56
71
156
182
250
251
87
60
63
172
165
166
174
176
180
170
164
154
156
158
210
253
249
180
161
140
73
195
254
255
252
250
250
250
250
250
251
254
232
165
151
161
221
244
184
155
159
163
202
248
252
255
255
247
220
57
57
75
166
162
160
161
162
154
165
227
255
251
250
250
250
250
250
250
250
250
250
250
250
250
250
250
250
250
250
250
250
250
250
250
250
250
250
250
250
253
254
217
162
157
162
159
160
183
242
243
248
252
252
250
250
252
254
255
247
175
162
152
107
109
188
255
255
250
250
250
250
250
250
250
250
254
252
215
165
156
155
171
244
255
250
250
252
255
245
251
251
255
90
62
50
144
154
187
253
254
222
86
217
235
188
237
243
240
243
240
174
162
156
156
179
229
204
164
162
154
162
208
255
254
250
250
250
250
250
250
251
254
236
176
152
165
219
245
179
155
157
192
248
255
254
252
255
254
88
65
63
227
183
164
157
160
162
155
167
229
254
251
250
250
250
250
250
250
250
250
250
250
250
250
250
250
250
250
250
250
250
250
250
250
250
250
250
250
250
253
254
217
162
156
159
161
176
247
254
255
254
252
250
250
250
250
250
255
245
202
171
155
112
106
183
249
254
250
250
250
250
250
250
250
250
254
255
222
165
144
67
155
236
255
250
252
255
254
225
85
221
239
224
83
162
159
159
186
248
255
245
250
247
253
251
249
255
255
255
254
241
171
161
152
165
221
193
167
160
160
170
217
255
254
250
250
250
250
250
250
251
255
237
185
149
165
217
194
164
156
159
198
252
255
250
250
254
245
217
85
227
254
252
184
164
164
161
154
165
226
254
251
250
250
250
250
250
250
250
250
250
250
250
250
250
250
250
250
250
250
250
250
250
250
250
250
250
250
250
253
254
217
162
153
162
170
241
253
254
251
250
250
250
250
250
250
250
254
245
181
167
155
114
106
144
226
255
253
250
250
250
250
250
250
250
254
255
220
155
57
55
84
239
255
250
254
245
225
56
60
87
255
254
247
185
164
156
186
247
255
254
254
254
254
253
252
251
250
251
254
253
232
167
156
165
218
241
171
157
155
188
241
252
253
250
250
250
250
250
250
251
255
235
173
151
165
211
191
159
156
159
198
250
254
250
250
252
255
245
251
246
255
252
250
221
165
157
160
167
233
254
251
250
250
250
250
250
250
250
250
250
250
250
250
250
250
250
250
250
250
250
250
250
250
250
250
250
250
250
253
254
217
162
151
165
229
253
254
251
250
250
250
250
250
250
250
250
254
241
175
164
153
117
104
140
219
255
253
250
250
250
250
250
250
252
255
254
207
65
53
54
160
236
255
250
254
251
85
60
56
225
247
255
255
197
160
156
189
249
255
250
250
250
250
250
250
250
250
250
251
254
253
219
156
161
219
187
168
159
160
174
222
255
251
250
250
250
250
250
250
251
255
237
179
149
165
213
196
163
157
160
198
250
254
250
250
250
252
254
254
254
253
254
255
231
169
153
159
216
250
253
250
250
250
250
250
250
250
250
250
250
250
250
250
250
250
250
250
250
250
250
250
250
250
250
250
250
250
250
254
255
219
163
151
169
233
255
252
250
250
250
250
250
250
250
250
250
254
245
178
160
151
116
106
145
226
255
254
250
250
250
250
250
250
254
246
227
67
53
64
148
176
245
255
250
254
245
217
85
225
254
255
254
243
184
156
158
181
243
254
251
250
250
250
250
250
250
250
250
250
253
255
222
160
158
162
163
160
159
157
193
245
253
250
250
250
250
250
250
250
253
252
233
167
151
167
216
190
160
154
163
193
248
255
250
250
250
250
250
250
250
250
252
255
230
168
151
166
222
255
254
250
250
250
250
250
250
250
250
250
250
250
250
250
250
250
250
250
250
250
250
250
250
250
250
250
250
250
250
254
250
213
159
152
168
232
255
251
250
250
250
250
250
250
250
250
250
254
249
201
166
149
116
106
136
215
253
254
250
250
250
250
250
250
254
251
90
63
54
152
158
179
240
255
250
252
255
245
251
245
255
254
254
201
161
158
160
161
196
251
254
250
250
250
250
250
250
250
250
250
253
254
228
173
156
137
149
162
161
163
206
253
254
250
250
250
250
250
250
250
254
244
184
159
158
180
221
182
72
140
161
202
253
254
250
250
250
250
250
250
250
250
254
251
224
162
151
163
220
254
253
250
250
250
250
250
250
250
250
250
250
250
250
250
250
250
250
250
250
250
250
250
250
250
250
250
250
250
251
255
231
169
160
153
168
230
255
251
250
250
252
254
254
254
252
250
250
254
250
214
167
148
116
107
112
156
237
255
251
250
250
250
250
250
254
246
223
78
140
162
161
175
239
255
250
250
252
254
254
254
252
254
251
201
159
158
159
160
196
251
254
250
250
250
250
250
250
250
250
250
250
254
250
210
157
132
151
164
159
164
210
251
254
250
250
250
250
250
250
250
255
237
174
153
155
194
217
67
55
70
186
249
254
252
250
250
250
250
250
250
250
250
254
239
167
161
155
163
220
254
253
250
250
250
250
250
250
250
250
250
250
250
250
250
250
250
250
250
250
250
250
250
250
250
250
250
250
250
253
254
224
163
155
156
169
230
255
251
250
252
255
245
251
245
255
252
250
255
248
192
161
149
115
107
109
147
226
252
253
250
250
250
250
250
252
255
251
213
154
164
157
174
239
255
250
250
250
250
250
250
250
254
249
202
159
156
157
180
243
254
251
250
250
250
250
250
250
250
250
250
250
254
254
215
161
152
158
159
160
165
204
254
254
250
250
250
250
250
250
250
255
238
173
152
166
174
87
70
52
145
182
249
255
255
254
252
250
250
250
250
250
250
255
234
170
153
156
163
220
254
253
250
250
250
250
250
250
250
250
250
250
250
250
250
250
250
250
250
250
250
250
250
250
250
250
250
250
250
253
255
228
166
156
156
169
232
255
251
252
255
254
225
85
217
245
254
250
255
249
178
159
152
116
109
132
161
192
246
254
250
250
250
250
250
250
254
255
222
168
158
156
174
239
255
250
250
250
250
250
250
250
254
254
196
160
158
157
187
249
255
250
250
250
250
250
250
250
250
250
250
250
254
254
212
163
157
134
151
157
184
243
252
251
250
250
250
250
250
250
250
255
238
171
151
159
197
215
79
138
159
169
206
248
254
245
255
252
250
250
250
250
250
255
237
173
156
156
163
220
254
253
250
250
250
250
250
250
250
250
250
250
250
250
250
250
250
250
250
250
250
250
250
250
250
250
250
250
250
253
255
228
166
157
156
167
231
255
251
254
245
225
56
60
85
251
254
251
253
240
179
157
162
143
113
139
163
188
240
254
250
250
250
250
250
250
253
254
224
172
156
154
174
239
255
250
250
250
250
250
250
250
251
253
243
186
155
155
185
247
255
250
250
250
250
250
250
250
250
250
250
250
254
254
214
160
157
171
158
169
210
254
254
250
250
250
250
250
250
250
251
255
241
174
151
163
218
249
190
156
162
163
194
219
91
217
245
254
250
250
250
250
250
255
236
171
155
153
161
218
254
253
250
250
250
250
250
250
250
250
250
250
250
250
250
250
250
250
250
250
250
250
250
250
250
250
250
250
250
253
255
226
165
155
155
168
231
255
251
254
251
85
60
56
225
245
254
254
254
198
166
161
165
147
136
160
158
176
236
255
250
250
250
250
250
250
251
254
236
184
157
153
177
240
255
250
250
250
250
250
250
250
250
255
251
194
157
154
185
247
255
250
250
250
250
250
250
250
250
250
250
250
254
250
208
153
161
225
236
191
243
253
251
250
250
250
250
250
250
250
252
252
236
169
151
158
208
252
250
181
162
156
163
57
66
85
251
254
250
250
250
250
250
255
236
174
155
161
168
226
255
253
250
250
250
250
250
250
250
250
250
250
250
250
250
250
250
250
250
250
250
250
250
250
250
250
250
250
250
253
255
226
166
156
156
168
232
255
251
254
245
217
85
225
254
255
252
254
251
216
164
157
159
157
158
163
157
163
233
254
250
250
250
250
250
250
250
254
250
200
156
154
173
239
254
252
250
250
250
250
250
250
250
254
248
188
155
154
186
247
255
250
250
250
250
250
250
250
250
250
250
252
255
231
170
154
166
233
254
253
248
253
250
250
250
250
250
250
250
250
254
249
186
161
157
165
212
255
255
211
167
156
70
58
65
228
248
254
250
250
250
250
250
255
237
174
149
158
205
254
254
250
250
250
250
250
250
250
250
250
250
250
250
250
250
250
250
250
250
250
250
250
250
250
250
250
250
250
250
253
255
227
166
155
153
167
230
254
251
252
255
245
251
245
255
252
252
254
249
194
161
159
167
178
183
165
153
173
235
255
250
250
250
250
250
250
250
255
254
203
156
153
166
213
251
253
250
250
250
250
250
250
250
255
251
192
156
155
186
247
255
250
250
250
250
250
250
250
250
250
250
253
250
219
162
149
163
228
255
254
252
251
250
250
250
250
250
250
250
250
254
245
180
153
152
188
241
253
254
244
178
158
140
72
194
248
255
253
250
250
250
250
250
255
241
172
138
73
193
248
255
250
250
250
250
250
250
250
250
250
250
250
250
250
250
250
250
250
250
250
250
250
250
250
250
250
250
250
250
253
255
227
166
154
159
170
236
254
250
250
252
254
254
254
252
252
254
252
208
163
157
155
182
240
215
163
152
183
240
255
251
250
250
250
250
250
250
254
252
207
161
156
160
183
248
255
251
250
250
250
250
250
252
253
243
182
151
150
181
245
254
250
250
250
250
250
250
250
250
250
251
255
236
171
160
154
166
227
255
251
250
250
250
250
250
250
250
250
250
251
254
242
181
156
156
177
225
255
254
251
236
173
156
163
162
189
243
255
253
251
250
250
251
255
236
160
49
59
89
250
255
250
250
250
250
250
250
250
250
250
250
250
250
250
250
250
250
250
250
250
250
250
250
250
250
250
250
250
250
253
255
226
164
154
166
229
255
255
252
250
250
250
250
251
253
255
253
214
162
159
156
160
193
255
221
164
152
175
236
254
252
250
250
250
250
250
250
254
254
209
162
158
158
175
241
254
251
250
250
250
250
250
254
250
189
157
161
168
193
249
254
250
250
250
250
250
250
250
250
250
253
252
226
163
154
160
184
239
254
251
250
250
250
250
250
250
250
250
250
254
252
201
166
158
160
193
248
252
251
254
248
203
160
156
156
164
224
251
254
255
254
254
254
254
233
76
53
57
195
246
255
250
250
250
250
250
250
250
250
250
250
250
250
250
250
250
250
250
250
250
250
250
250
250
250
250
250
250
250
253
255
226
166
154
161
207
245
255
255
255
255
255
255
255
255
255
226
173
168
167
174
190
255
255
229
174
164
172
217
255
255
255
255
255
255
255
255
255
255
221
173
168
168
179
219
255
255
255
255
255
255
255
255
255
208
180
241
255
255
255
255
255
255
255
255
255
255
255
255
255
255
255
201
171
164
177
233
255
255
255
255
255
255
255
255
255
255
255
255
255
255
201
166
163
194
255
255
255
255
255
255
248
188
177
171
172
178
208
248
250
253
254
255
255
179
152
77
159
227
255
255
255
255
255
255
255
255
255
255
255
255
255
255
255
255
254
252
250
250
250
250
250
250
250
250
250
250
250
250
253
254
226
166
157
149
74
77
212
223
219
219
220
220
222
213
158
144
139
135
133
137
200
218
222
186
142
136
139
148
210
216
212
212
212
212
212
212
216
216
178
138
139
140
140
171
213
214
212
212
212
212
212
214
211
204
206
211
220
217
214
213
212
212
212
212
212
214
216
219
220
224
210
146
137
135
132
185
217
214
212
212
212
212
212
212
212
212
212
213
219
216
162
137
135
159
215
219
213
212
213
214
210
208
170
131
132
132
142
152
154
151
192
200
204
159
133
137
135
186
218
216
212
212
212
212
212
212
212
212
212
212
212
212
208
224
237
254
250
250
250
250
250
250
250
250
250
250
250
250
253
254
227
166
159
145
69
69
87
102
97
95
95
96
96
90
83
75
79
86
92
100
105
110
103
92
83
83
80
92
99
109
105
105
105
105
105
105
107
105
94
82
75
75
84
95
106
107
105
105
105
105
105
105
107
109
109
108
106
105
105
105
105
105
105
105
107
114
101
103
94
106
93
89
83
83
91
98
106
106
105
105
105
105
105
105
105
105
105
108
105
98
89
80
81
93
101
109
105
105
105
106
109
108
104
97
95
87
81
73
73
80
83
94
89
91
86
84
88
96
106
108
105
105
105
105
105
105
105
105
105
105
105
105
99
112
244
254
250
250
250
250
250
250
250
250
250
250
250
250
253
254
227
166
157
159
154
165
153
150
141
138
135
132
131
130
133
138
149
196
222
218
214
217
201
153
139
140
137
150
210
221
217
215
214
212
212
212
213
216
197
160
149
149
160
215
216
213
212
212
212
212
212
212
212
212
212
212
212
212
212
212
212
212
212
214
221
216
189
50
143
130
136
133
157
174
197
218
214
212
212
212
212
212
212
212
212
212
212
216
211
161
130
130
127
155
211
217
212
212
212
212
213
214
216
218
222
217
158
147
145
139
134
136
137
140
141
136
136
179
216
216
212
212
212
212
212
212
212
212
212
212
212
212
208
224
237
254
250
250
250
250
250
250
250
250
250
250
250
250
253
254
224
160
149
156
163
167
170
169
165
163
162
169
174
182
178
201
252
255
255
255
255
255
255
218
166
165
167
191
255
255
255
255
255
255
255
255
255
255
255
254
249
247
254
255
255
255
255
255
255
255
255
255
255
255
255
255
255
255
255
255
255
255
255
255
255
250
82
80
85
160
80
154
197
255
255
255
255
255
255
255
255
255
255
255
255
255
255
255
255
209
176
177
176
204
255
255
255
255
255
255
255
255
255
255
255
255
254
251
228
176
171
166
164
165
164
161
171
226
255
255
255
255
255
255
255
255
255
255
255
255
255
255
255
255
254
252
250
250
250
250
250
250
250
250
250
250
250
250
251
254
231
174
168
171
171
173
173
173
172
173
171
173
228
241
241
248
253
254
252
250
250
253
254
215
161
151
151
185
243
230
85
217
245
254
250
250
250
251
253
254
255
255
254
253
251
250
250
250
250
250
250
250
250
250
250
250
250
250
250
250
250
250
253
252
245
81
60
52
133
53
54
78
240
255
254
251
250
250
250
250
250
250
250
250
250
250
250
252
249
243
238
238
239
244
248
252
250
250
250
250
250
250
250
250
251
253
254
255
251
245
200
172
176
174
172
168
203
248
253
251
250
250
250
250
250
250
250
250
250
250
250
250
250
250
250
250
250
250
250
250
250
250
250
250
250
250
250
250
250
252
246
242
238
240
240
239
240
239
240
240
238
244
251
255
255
254
252
251
250
250
250
251
252
247
203
168
172
184
219
61
60
85
251
254
250
250
250
250
250
250
250
250
250
250
250
250
250
250
250
250
250
250
250
250
250
250
250
250
250
250
250
250
254
243
170
142
73
146
70
65
61
182
246
255
251
250
250
250
250
250
250
250
250
250
250
250
250
251
252
254
255
255
255
254
253
251
250
250
250
250
250
250
250
250
250
250
250
252
254
254
248
242
240
241
239
240
247
252
252
250
250
250
250
250
250
250
250
250
250
250
250
250
250
250
250
250
250
250
250
250
250
250
250
250
250
250
250
250
250
251
253
254
255
255
255
255
255
255
255
255
255
254
253
251
250
250
250
250
250
250
250
250
253
252
247
240
243
245
82
62
56
225
245
254
250
250
250
250
250
250
250
250
250
250
250
250
250
250
250
250
250
250
250
250
250
250
250
250
250
250
250
250
254
233
170
146
157
153
149
87
219
250
253
253
250
250
250
250
250
250
250
250
250
250
250
250
250
250
252
254
254
254
252
250
250
250
250
250
250
250
250
250
250
252
254
254
254
252
251
252
254
254
255
255
255
254
254
252
251
250
250
250
250
250
250
250
250
250
250
250
250
250
250
250
250
250
250
250
250
250
250
250
250
250
250
250
250
250
250
250
250
250
250
250
250
250
250
250
250
250
250
250
250
250
250
250
250
250
250
250
250
250
251
252
254
254
255
250
220
86
225
254
255
252
250
250
250
250
250
250
250
250
250
250
250
250
250
250
250
250
250
250
250
250
250
250
250
250
250
250
250
250
255
239
168
157
164
174
217
249
249
255
254
251
250
250
250
250
250
250
250
250
250
250
250
250
250
252
255
245
251
245
255
252
250
250
250
250
250
250
250
250
252
255
245
251
245
255
252
250
250
250
250
250
250
250
250
250
250
250
250
250
250
250
250
250
250
250
250
250
250
250
250
250
250
250
250
250
250
250
250
250
250
250
250
250
250
250
250
250
250
250
250
250
250
250
250
250
250
250
250
250
250
250
250
250
250
250
250
250
250
250
250
250
250
250
252
255
245
251
245
255
252
250
250
250
250
250
250
250
250
250
250
250
250
250
250
250
250
250
250
250
250
250
250
250
250
250
250
250
250
250
254
249
227
165
197
246
253
255
254
252
250
250
250
250
250
250
250
250
250
250
250
250
250
250
252
255
254
225
85
217
245
254
250
250
250
250
250
250
250
252
255
254
225
85
217
245
254
250
250
250
250
250
250
250
250
250
250
250
250
250
250
250
250
250
250
250
250
250
250
250
250
250
250
250
250
250
250
250
250
250
250
250
250
250
250
250
250
250
250
250
250
250
250
250
250
250
250
250
250
250
250
250
250
250
250
250
250
250
250
250
250
250
250
250
250
252
254
254
254
252
250
250
250
250
250
250
250
250
250
250
250
250
250
250
250
250
250
250
250
250
250
250
250
250
250
250
250
250
250
250
251
254
247
245
245
254
254
252
250
250
250
250
250
250
250
250
250
250
250
250
250
250
250
250
252
252
237
76
65
84
244
254
250
250
250
250
250
250
250
252
252
237
76
65
84
244
254
250
250
250
250
250
250
250
250
250
250
250
250
250
250
250
250
250
250
250
250
250
250
250
250
250
250
250
250
250
250
250
250
250
250
250
250
250
250
250
250
250
250
250
250
250
250
250
250
250
250
250
250
250
250
250
250
250
250
250
250
250
250
250
250
250
250
250
250
250
250
250
250
250
250
250
250
250
250
250
250
250
250
250
250
250
250
250
250
250
250
250
250
250
250
250
250
250
250
250
250
250
250
250
250
250
250
250
250
250
250
250
250
250
250
250
250
250
250
250
250
250
250
250
250
250
250
250
250
250
61
61
61
250
250
250
250
250
250
250
250
250
250
250
250
61
61
61
250
250
250
250
250
250
250
250
250
250
250
250
250
250
250
250
250
250
250
250
250
250
250
250
250
250
250
250
250
250
250
250
250
250
250
250
