240
240
240
240
240
240
240
240
240
240
240
240
240
240
240
240
240
240
240
240
240
240
240
240
240
240
240
240
240
240
240
240
240
240
240
240
240
240
240
240
240
240
240
240
240
240
240
240
240
240
240
240
240
240
240
240
240
240
240
240
240
240
240
240
240
240
240
240
240
240
240
240
240
240
240
240
240
240
240
240
240
240
240
240
240
240
240
240
240
240
240
240
240
240
240
240
240
240
240
240
240
240
240
240
240
240
240
240
240
240
240
240
240
240
240
240
240
240
240
240
240
240
240
240
240
240
240
240
240
240
240
240
240
240
240
240
240
240
240
240
240
240
240
240
240
240
240
240
240
240
240
240
240
240
240
240
240
240
240
240
240
240
240
240
240
240
240
240
240
240
240
240
240
240
240
240
240
240
240
240
240
240
240
240
240
240
240
240
240
240
240
240
240
240
240
240
240
240
240
240
240
240
240
240
240
240
240
240
240
240
240
240
240
240
240
240
240
240
240
240
240
240
240
240
240
240
240
240
240
240
240
240
240
240
240
240
240
240
240
240
240
240
240
240
240
240
240
240
240
240
240
240
240
240
240
240
240
240
240
240
240
240
240
240
240
240
240
240
240
240
240
240
240
240
240
240
240
240
240
240
240
240
240
240
240
240
240
240
240
240
240
240
240
240
240
240
240
240
240
240
240
240
240
240
240
240
240
240
240
240
240
240
240
240
240
240
240
240
240
240
240
240
240
240
240
240
240
240
240
240
240
240
240
240
240
240
240
240
240
240
240
240
240
240
240
240
240
240
240
240
240
240
240
240
240
240
240
240
240
240
240
240
240
240
240
240
240
240
240
240
240
240
240
240
240
240
240
240
240
240
240
240
240
240
240
240
240
240
240
240
240
240
240
240
240
240
240
240
240
240
240
240
240
240
240
240
240
240
242
243
245
243
242
240
240
240
240
240
240
240
240
240
240
240
240
240
240
240
240
240
240
240
240
240
240
240
240
240
240
240
240
240
240
240
240
240
240
240
240
240
240
240
240
240
240
240
240
240
240
240
240
240
240
240
240
240
240
240
240
240
240
240
240
240
240
240
240
240
240
240
240
240
240
240
240
240
240
240
240
240
240
240
240
240
240
240
240
240
240
240
240
240
240
240
240
240
240
240
240
240
240
240
240
240
240
240
240
240
240
240
240
240
240
240
240
240
240
240
240
240
240
240
240
240
240
240
240
240
240
240
240
240
240
240
240
240
240
240
240
240
240
240
240
240
240
240
240
242
247
235
240
235
247
242
240
240
240
240
240
240
240
240
240
240
240
240
240
240
240
240
240
240
240
240
240
240
240
240
240
240
240
240
240
240
240
240
240
240
240
240
240
240
240
240
240
240
240
240
240
240
240
240
240
240
240
240
240
240
240
240
240
240
240
240
240
240
240
240
240
240
240
240
240
240
240
240
240
240
240
240
240
240
240
240
240
240
240
240
240
240
240
240
240
240
240
240
240
240
240
240
240
240
240
240
240
240
240
240
240
240
240
240
240
240
240
240
240
240
240
240
240
240
240
240
240
240
240
240
240
240
240
240
240
240
240
240
240
240
240
240
240
240
240
241
242
243
244
248
243
220
111
214
235
243
240
240
240
240
240
240
240
240
240
240
240
240
240
240
240
240
240
240
240
240
240
240
240
240
240
240
240
240
240
240
240
240
240
240
240
240
240
240
240
240
240
240
240
240
240
240
240
240
240
240
240
240
240
240
240
240
240
240
240
240
240
240
240
240
240
240
240
240
240
240
240
240
240
240
240
240
240
240
240
240
240
240
240
240
240
240
240
240
240
240
240
240
240
240
240
240
240
240
240
240
240
240
241
243
246
248
248
246
243
241
240
240
240
240
240
240
240
240
240
240
240
240
240
240
240
240
240
240
240
240
240
240
240
240
240
240
240
240
241
245
237
239
237
239
220
88
91
111
240
245
240
240
240
240
240
240
240
240
240
240
240
240
240
240
240
240
240
240
240
240
240
240
240
240
240
240
240
240
240
240
240
240
240
240
240
240
240
240
240
240
240
240
240
240
240
240
240
240
240
240
240
240
240
240
240
240
240
240
240
240
240
240
240
240
240
240
240
240
240
240
240
240
240
240
240
240
240
240
240
240
240
240
240
240
240
240
240
240
240
240
240
240
240
240
240
240
240
240
240
240
241
243
248
240
235
226
225
232
237
243
240
240
240
240
240
240
240
240
240
240
240
240
240
240
240
240
240
240
240
240
240
240
240
240
240
240
240
240
243
240
223
159
236
248
112
91
88
220
235
243
240
240
240
240
240
240
240
240
240
240
240
240
240
240
240
240
240
240
240
240
240
240
240
240
240
240
240
240
240
240
240
240
240
240
240
240
240
240
240
240
240
240
240
240
241
242
243
242
241
240
240
240
240
240
240
240
240
240
241
242
243
242
241
240
240
240
240
240
240
240
240
240
240
240
240
240
240
240
240
241
242
243
242
241
240
240
240
240
240
240
240
240
240
240
240
240
240
240
240
240
243
237
235
221
151
144
142
157
231
246
240
240
240
240
240
240
240
240
240
240
240
240
240
240
240
240
240
240
240
240
240
240
240
240
240
240
240
240
246
233
144
134
221
237
217
111
220
243
247
242
240
240
240
240
240
240
240
240
240
240
240
240
240
240
240
240
240
240
240
240
240
240
242
243
245
243
242
240
240
240
240
240
240
240
240
240
240
240
240
240
240
240
240
241
245
238
241
238
245
241
240
240
240
240
240
240
240
240
243
234
238
237
245
241
240
240
240
240
240
240
240
240
240
240
240
240
240
240
241
245
236
238
234
243
240
240
240
240
240
240
240
240
240
240
240
240
240
240
240
241
248
235
163
135
132
119
112
136
222
247
240
240
240
240
240
240
240
240
240
240
240
240
240
240
240
240
240
240
240
240
240
240
240
240
240
240
240
240
248
227
141
124
153
242
242
240
235
247
242
240
240
240
240
240
240
240
240
240
240
240
240
240
240
240
240
240
240
240
240
240
240
242
247
235
240
235
247
242
240
240
240
240
240
240
240
240
240
240
240
240
240
240
240
243
240
225
150
225
240
243
240
240
240
240
240
240
240
240
246
230
158
224
241
245
241
240
240
240
240
240
240
240
240
240
240
240
240
241
245
243
225
160
230
246
240
240
240
240
240
240
240
240
240
240
240
240
240
240
240
243
240
221
137
122
137
144
146
156
233
246
240
240
240
240
240
240
240
240
240
240
240
240
240
240
240
240
240
240
240
240
240
240
240
240
240
240
240
240
249
228
152
116
143
228
251
245
243
242
240
240
240
240
240
240
240
240
240
240
240
240
240
240
240
240
240
240
240
240
240
240
242
247
243
220
111
214
235
243
242
243
245
243
242
240
240
240
240
240
240
240
240
240
241
248
236
149
130
146
235
246
240
240
240
240
240
240
240
240
248
222
144
132
229
240
243
240
240
240
240
240
240
240
240
240
240
240
240
243
240
230
134
148
224
248
240
240
240
240
240
240
240
240
240
240
240
240
240
240
240
246
236
150
133
127
144
220
231
232
236
243
240
240
240
240
240
240
240
240
240
240
240
240
240
240
240
240
240
240
240
240
240
240
240
240
240
240
240
240
248
228
146
119
150
231
251
241
240
240
240
240
240
240
240
240
240
240
240
240
240
240
240
240
240
240
240
240
240
240
240
240
243
235
220
88
91
111
240
246
247
235
240
235
247
242
240
240
240
240
240
240
240
240
243
242
222
135
114
141
224
247
240
240
240
240
240
240
240
240
247
231
147
125
151
237
248
241
240
240
240
240
240
240
240
240
240
240
241
247
235
152
122
143
227
249
240
240
240
240
240
240
240
240
240
240
240
240
240
240
240
248
225
146
124
126
152
234
255
246
243
241
240
240
240
240
240
240
240
240
240
240
240
240
240
240
240
240
240
240
240
240
240
240
240
240
240
240
240
240
248
235
161
127
139
224
243
243
240
240
240
240
240
240
240
240
240
240
240
240
240
240
240
240
240
240
240
240
240
240
240
240
245
240
111
91
88
220
237
250
243
220
111
214
235
243
240
240
240
240
240
240
240
240
246
236
152
130
131
156
236
246
240
240
240
240
240
240
240
240
245
240
190
130
134
222
240
243
240
240
240
240
240
240
240
240
240
240
242
245
224
142
118
146
229
249
240
240
240
240
240
240
240
240
240
240
240
240
240
240
240
249
229
147
127
126
148
229
249
240
240
240
240
240
240
240
240
240
240
240
240
240
240
240
240
240
240
240
240
240
241
243
246
247
246
243
241
240
240
242
251
234
191
128
135
154
238
248
241
240
240
240
240
240
240
240
240
240
240
240
240
240
240
240
240
240
240
240
240
240
240
240
243
235
214
111
220
243
250
237
220
88
91
111
240
245
240
240
240
240
240
240
240
241
250
229
145
120
140
225
243
243
240
240
240
240
240
240
240
240
242
247
228
143
125
151
235
247
240
240
240
240
240
240
240
240
240
240
244
244
196
142
120
149
228
248
240
240
240
240
240
240
240
240
240
240
240
240
240
240
240
247
227
153
126
125
150
229
249
240
242
243
245
243
242
240
240
240
240
240
240
240
240
240
240
240
240
240
240
241
245
240
233
225
234
239
245
241
242
247
245
224
106
124
124
138
223
241
244
240
240
240
240
240
240
240
240
240
240
240
240
240
240
240
240
240
240
240
240
240
240
240
242
247
235
240
237
250
250
243
112
91
88
220
235
243
240
240
240
240
240
240
240
243
242
224
142
122
150
231
251
241
240
240
240
240
240
240
240
240
241
250
229
149
115
143
226
248
241
243
247
248
246
243
241
240
240
240
245
234
188
132
125
151
231
247
240
240
240
240
240
240
240
240
240
240
240
240
240
240
240
246
238
162
136
123
150
228
249
242
247
235
240
235
247
242
240
240
240
240
240
240
240
240
240
240
240
240
240
243
240
228
147
142
153
229
240
243
243
235
220
93
90
93
135
133
153
237
250
242
240
240
240
240
240
240
240
240
240
240
240
240
240
240
240
240
240
240
240
240
240
240
240
242
243
246
250
237
243
232
221
112
220
243
247
242
240
240
240
240
240
240
240
246
236
156
133
124
148
228
249
240
240
240
240
240
240
240
240
240
240
249
228
148
118
150
231
251
244
235
232
222
234
241
246
242
241
240
247
232
150
125
135
191
239
245
240
240
240
240
240
240
240
240
240
240
240
240
240
240
240
243
241
223
138
119
149
228
250
247
243
220
111
214
235
243
240
240
240
240
240
240
240
240
240
240
240
240
240
246
234
148
127
124
129
151
236
248
246
240
111
93
97
181
142
116
97
212
238
243
240
240
240
240
240
240
240
240
240
240
240
242
243
245
243
242
240
240
240
240
240
240
240
240
242
247
243
220
112
221
232
243
235
247
242
240
240
240
240
240
240
240
240
248
227
147
126
126
149
229
250
240
240
240
240
240
240
240
240
240
240
249
228
148
121
142
226
245
254
237
158
139
150
227
242
244
244
241
249
226
145
118
146
228
247
242
240
240
240
240
240
240
240
240
240
240
240
240
240
240
240
241
248
237
154
126
147
231
254
237
221
88
91
111
240
245
240
240
240
240
240
240
240
240
240
240
240
240
240
247
224
141
123
132
127
139
225
246
250
239
215
112
226
226
144
77
96
118
242
245
240
240
240
240
240
240
240
240
240
240
242
247
235
240
235
247
242
240
240
240
240
240
240
240
243
235
220
88
91
112
243
249
243
242
240
240
240
240
240
240
240
240
241
251
232
153
130
126
149
232
255
249
249
248
246
243
241
240
240
240
240
248
226
144
120
134
167
235
243
214
137
120
131
138
190
232
241
245
250
229
146
118
148
229
250
241
240
240
240
240
240
240
240
240
240
240
240
240
240
240
240
241
246
247
228
134
147
225
254
241
121
97
91
221
235
243
240
240
240
240
240
240
240
240
240
240
240
240
240
247
236
155
134
134
131
137
149
225
237
243
239
240
247
237
112
78
94
216
238
243
240
240
240
240
240
240
240
240
240
242
247
243
220
111
214
235
243
240
240
240
240
240
240
240
245
240
111
91
88
220
235
243
240
240
240
240
240
240
240
240
240
240
243
242
225
143
130
124
105
211
234
230
229
226
234
238
245
241
240
240
240
246
234
152
132
124
146
213
153
140
140
132
137
135
130
152
233
245
255
231
149
119
147
229
249
240
240
240
240
240
240
240
240
240
240
240
240
240
240
241
243
248
242
244
222
140
143
213
163
218
204
104
219
248
248
242
240
240
240
240
240
240
240
240
240
240
240
240
240
244
238
221
136
129
132
129
135
137
165
239
253
247
253
228
141
82
154
236
254
243
240
240
240
240
240
240
240
240
240
243
235
220
88
91
111
240
245
240
240
240
240
240
240
240
243
235
214
111
220
243
247
242
240
240
240
240
240
240
240
242
243
245
249
236
153
132
127
87
96
105
149
157
149
145
149
232
244
248
243
241
240
243
243
224
140
124
152
147
147
124
133
134
142
171
133
129
147
224
246
228
153
117
148
229
249
240
240
240
240
240
240
240
240
240
240
240
240
240
240
243
237
234
220
155
146
141
139
135
145
144
142
148
224
246
245
240
240
240
240
241
243
245
245
243
241
240
240
240
240
243
248
198
145
137
141
139
126
121
137
217
240
243
255
232
146
121
140
227
243
243
240
240
240
240
240
240
240
240
240
245
240
111
91
88
220
235
243
240
240
240
240
240
240
240
242
247
235
240
235
247
242
240
240
240
240
240
240
240
240
247
235
241
246
237
149
126
96
90
87
122
127
127
129
123
131
152
223
235
236
244
240
241
251
231
149
123
141
205
140
129
130
130
138
138
141
130
136
139
160
217
145
120
146
227
248
240
240
240
240
240
240
240
240
240
240
240
240
240
240
245
230
152
129
128
125
129
129
130
127
127
124
130
150
235
246
240
240
240
241
245
240
231
230
237
243
240
240
240
240
241
245
225
141
131
212
157
146
136
136
141
164
222
245
226
149
123
133
152
234
246
240
240
240
240
240
240
240
240
240
243
235
214
111
220
243
247
242
240
240
242
243
245
243
242
240
242
243
245
243
242
240
240
240
240
240
240
240
240
240
241
220
114
216
219
143
128
128
96
125
130
129
128
130
132
131
137
139
153
232
246
242
240
249
228
149
124
145
142
140
136
143
139
133
124
128
131
131
128
137
136
140
133
162
241
250
242
241
240
240
240
240
240
240
240
240
240
240
240
240
245
229
156
139
136
143
134
139
139
136
151
135
138
146
232
247
240
240
240
243
240
228
144
155
235
248
241
240
240
240
241
250
230
148
131
151
235
222
138
121
123
132
139
160
224
153
135
121
143
227
248
240
240
240
240
240
240
240
240
240
242
247
235
240
235
247
242
240
240
242
247
235
240
235
247
242
240
240
240
240
240
240
240
240
240
240
240
240
240
240
217
88
97
105
147
137
133
130
127
133
143
151
149
140
136
126
130
125
136
207
243
246
241
250
229
150
126
134
128
135
153
230
227
156
146
141
135
127
132
133
132
130
136
215
230
242
247
248
246
243
241
240
240
240
240
240
240
240
240
240
243
237
233
229
220
161
212
137
141
219
163
203
95
174
230
247
240
240
240
246
233
148
122
135
223
243
245
241
240
240
240
249
229
148
117
149
237
245
161
144
139
131
124
135
144
224
146
132
145
228
249
240
240
240
240
240
240
240
240
240
240
242
243
245
243
242
240
240
242
247
243
220
111
214
235
243
240
240
240
240
240
240
240
240
240
240
240
240
240
240
107
91
96
206
138
126
130
138
140
153
224
231
231
224
153
140
140
131
135
148
229
240
247
250
230
147
130
136
129
142
228
250
244
236
229
224
154
142
134
125
129
130
140
143
155
192
229
229
236
240
247
244
242
241
240
240
240
240
240
240
241
243
246
250
240
247
232
151
157
221
232
90
97
114
239
246
240
240
240
247
224
142
120
135
145
233
243
245
241
240
240
249
229
147
118
147
231
246
233
227
209
144
133
126
139
150
215
132
147
231
251
241
240
240
240
240
240
240
240
240
240
240
240
240
240
240
240
240
243
235
220
88
91
111
240
245
240
240
240
240
240
240
240
240
240
240
240
240
240
240
211
111
229
231
155
124
138
154
226
237
242
252
251
241
240
217
141
127
128
130
149
237
246
237
184
139
131
137
127
152
231
252
244
246
250
242
239
223
150
147
144
139
129
129
132
138
148
155
158
234
235
240
233
243
240
240
240
240
240
240
240
240
240
241
242
246
245
220
152
220
115
96
90
221
236
244
240
240
240
246
233
150
129
126
133
143
232
241
245
241
240
249
228
148
119
150
231
254
247
248
244
232
147
136
128
142
142
139
138
225
242
243
240
240
240
240
240
240
240
240
240
240
240
240
240
240
240
240
245
240
111
91
88
220
235
243
240
240
240
240
240
240
240
240
240
240
240
240
240
240
234
241
247
238
151
121
142
228
248
248
243
241
241
243
251
241
160
134
130
136
160
238
237
148
136
133
131
134
127
150
231
251
241
240
241
243
248
240
236
233
223
147
131
134
131
128
129
128
132
148
216
161
229
246
240
240
240
240
240
240
240
240
240
240
240
241
251
228
151
141
212
119
221
243
247
242
240
240
240
243
240
231
144
135
128
135
140
232
243
245
241
249
228
151
121
140
224
243
243
242
247
248
227
140
124
131
132
130
133
158
239
248
241
240
240
240
240
240
240
240
240
240
240
240
240
240
240
240
243
235
214
111
220
243
247
242
240
240
240
240
240
240
240
240
240
240
240
240
240
240
243
247
246
226
140
122
153
235
253
243
240
240
240
240
244
244
227
144
130
135
219
225
149
131
124
139
137
143
125
140
223
241
243
240
240
240
241
243
249
251
231
144
126
141
136
139
130
133
129
137
124
151
221
247
240
240
240
240
240
240
240
240
240
240
240
240
249
227
141
135
218
241
239
247
242
240
240
240
240
241
245
245
224
139
127
130
133
144
233
242
245
250
228
147
123
136
154
238
248
242
248
244
235
157
143
137
130
132
128
138
223
241
243
240
240
240
240
240
240
240
240
240
240
240
240
240
240
240
242
247
235
240
235
247
242
240
240
240
240
240
240
240
240
240
240
240
240
240
240
240
240
246
234
153
133
131
143
229
243
247
242
240
240
240
243
242
224
141
130
137
130
146
140
128
135
153
221
148
127
132
150
236
246
240
240
240
240
240
246
237
161
131
133
150
226
149
131
127
131
128
129
149
234
246
240
240
240
240
240
240
240
240
240
240
240
240
249
228
145
126
154
239
249
242
240
240
240
240
240
240
241
248
236
152
131
129
129
134
145
232
242
252
227
146
124
127
138
222
242
250
243
223
107
209
219
148
135
129
131
134
153
235
246
240
240
240
240
240
240
240
242
243
245
243
242
240
240
240
240
242
243
245
243
243
243
245
243
242
240
240
240
240
240
240
240
240
240
240
240
240
240
248
226
144
126
133
149
107
219
235
243
240
240
240
245
245
161
145
130
126
103
128
133
126
138
231
232
158
126
123
149
230
250
241
240
240
240
240
248
227
150
120
140
228
244
234
151
137
135
131
144
231
239
243
240
240
240
240
240
240
240
240
240
240
240
240
249
228
148
116
147
229
252
244
245
243
242
240
240
240
240
243
240
230
143
134
130
128
133
145
231
246
238
156
134
129
133
154
240
246
223
91
94
119
245
237
144
132
127
122
145
227
248
240
240
240
240
240
240
242
247
235
240
235
247
242
240
240
240
240
240
240
242
247
235
240
235
247
242
240
240
240
240
240
240
240
240
240
240
240
240
249
228
148
125
131
83
92
113
240
245
240
240
242
249
235
219
133
131
110
130
133
131
132
151
244
242
156
133
127
141
223
242
243
240
240
240
240
249
228
148
119
150
232
255
239
237
223
136
141
222
244
245
241
240
240
240
240
240
240
240
240
240
240
240
240
248
227
146
120
139
225
249
239
240
235
247
242
240
240
240
241
245
243
233
146
132
128
129
133
166
244
253
229
143
128
125
151
227
248
107
98
89
221
241
245
231
150
135
126
143
226
248
240
240
240
240
240
242
247
243
220
111
214
235
243
240
240
240
240
240
242
247
243
220
111
214
235
243
240
240
240
240
240
240
240
240
240
240
240
241
251
231
150
125
90
87
94
221
235
243
240
242
247
244
229
111
135
129
112
130
137
135
143
229
242
244
208
140
129
133
153
236
247
240
240
240
240
249
228
148
117
148
228
250
243
248
244
226
162
232
248
241
240
240
240
240
240
240
240
240
240
240
240
240
240
246
236
164
131
131
157
238
226
111
214
235
243
240
240
240
240
241
245
242
233
144
134
130
129
142
220
247
227
152
130
132
149
209
114
188
107
223
243
248
247
241
235
180
136
144
233
246
240
240
240
240
240
243
235
220
88
91
111
240
245
240
240
240
240
240
243
235
220
88
91
111
240
245
240
240
240
240
240
240
240
240
240
240
240
243
241
224
137
134
146
117
223
243
247
242
240
243
235
221
96
90
94
127
105
125
126
136
207
243
248
249
228
147
124
125
146
227
248
241
240
240
241
251
231
149
119
148
228
249
240
241
245
237
239
234
244
243
245
243
242
240
240
240
240
240
240
240
240
240
240
243
244
226
141
121
144
206
96
91
111
240
245
240
240
240
240
240
241
245
243
233
145
132
125
136
142
158
184
146
134
134
136
88
105
107
240
240
247
242
241
244
247
231
155
223
240
243
240
240
240
240
240
245
240
111
91
88
220
235
243
240
240
240
240
240
245
240
111
91
88
220
235
243
240
240
240
240
240
240
240
240
240
240
240
246
235
152
127
144
218
241
237
247
242
240
240
246
243
119
96
83
124
104
103
113
137
158
235
250
250
255
247
157
134
127
141
210
243
243
240
240
243
243
226
142
119
146
227
249
240
240
241
242
243
243
248
235
240
235
247
242
240
240
240
240
240
240
240
240
240
241
251
230
149
123
152
99
99
88
220
235
243
240
240
240
240
240
240
241
245
243
231
157
138
133
124
131
134
140
132
128
84
83
96
223
240
246
242
240
240
241
244
235
239
236
245
241
240
240
240
240
240
243
235
214
111
220
243
247
243
245
249
252
252
249
247
237
214
111
220
243
247
242
240
240
240
240
240
240
240
240
240
240
240
250
229
146
118
149
234
254
244
242
240
241
243
251
238
213
96
122
106
108
123
139
200
237
241
233
220
210
207
214
141
141
136
178
245
255
253
253
255
247
170
141
128
155
238
255
249
245
242
240
242
247
243
220
111
214
235
243
240
240
240
240
240
240
240
240
240
240
249
228
146
120
144
202
120
220
243
247
242
240
240
240
240
240
240
240
241
245
239
237
224
145
132
127
130
135
135
94
93
102
229
243
247
242
240
240
240
240
241
244
248
251
253
253
253
253
253
253
253
254
255
249
253
249
255
254
254
238
224
209
207
220
231
250
235
240
235
247
242
240
240
240
240
240
240
240
240
240
240
240
240
243
223
141
120
151
230
253
245
247
248
251
241
239
229
149
140
125
110
126
125
147
231
252
248
235
131
123
131
124
205
121
111
131
208
217
211
210
215
206
139
120
118
133
205
215
224
238
254
253
255
247
230
96
101
122
253
255
253
253
253
253
253
253
253
253
253
253
255
238
155
125
162
234
255
249
255
254
253
253
253
253
253
253
253
253
253
254
255
255
255
244
168
152
147
139
138
127
110
230
255
255
254
253
253
253
253
253
253
254
238
224
209
210
210
210
211
213
214
213
213
213
214
213
211
210
211
214
123
125
123
131
234
246
243
245
243
242
240
240
240
240
240
240
240
240
240
240
240
240
240
234
152
133
124
150
225
252
233
237
225
231
224
152
139
132
136
137
145
130
138
149
235
247
243
230
220
207
212
219
121
121
101
101
106
122
129
127
132
119
111
96
97
109
119
131
123
214
211
210
214
207
94
71
71
187
206
213
210
210
210
210
210
210
210
210
210
210
217
206
133
116
137
212
223
214
211
210
210
210
210
210
210
210
210
210
210
210
210
211
215
210
208
193
125
118
125
118
133
207
221
213
214
218
220
218
214
211
210
211
214
123
125
127
127
128
134
122
127
122
134
128
127
127
127
127
125
123
214
211
207
220
230
243
240
240
240
240
240
240
240
240
240
240
240
240
240
240
240
240
240
226
145
125
128
146
213
165
217
154
143
147
137
128
118
127
147
221
164
214
156
226
239
243
242
245
249
252
254
240
228
217
213
137
134
207
213
210
217
205
134
118
124
145
209
215
214
123
125
127
130
118
111
99
116
125
134
128
127
127
127
127
127
127
127
127
127
128
138
120
110
85
99
113
127
130
127
127
127
127
127
127
127
127
127
127
127
127
127
127
128
130
135
127
123
105
102
89
109
118
135
134
125
116
99
111
118
130
127
125
123
214
211
210
211
217
213
189
80
184
206
213
210
210
210
210
209
224
238
254
252
249
245
242
240
240
240
240
240
240
240
240
240
240
240
240
240
240
240
240
240
228
148
126
133
144
135
144
126
127
116
116
128
138
147
149
233
237
247
232
243
237
245
241
240
240
240
240
242
245
249
253
246
236
236
246
254
253
255
237
153
125
140
197
250
255
238
224
209
210
211
214
218
220
218
214
211
210
210
210
210
210
210
210
210
210
210
213
207
190
82
79
84
138
205
215
210
210
210
210
210
210
210
210
210
210
210
210
210
210
210
210
211
213
219
214
145
122
132
199
219
206
187
71
71
94
207
214
210
209
224
238
254
253
255
249
233
101
103
124
253
255
253
253
253
253
252
249
245
242
240
240
240
240
240
240
240
240
240
240
240
240
240
240
240
240
240
240
240
240
240
225
142
118
125
125
121
129
136
148
147
145
152
223
229
233
241
247
245
244
244
242
241
240
240
240
240
240
240
240
240
241
243
245
245
243
241
240
248
225
139
121
147
233
244
243
245
249
252
253
253
253
253
253
253
253
253
253
253
253
253
253
253
253
253
253
253
255
253
124
97
84
123
153
243
255
255
254
253
253
253
253
253
253
253
253
253
253
253
253
253
253
253
253
254
247
241
220
166
238
255
253
122
101
96
230
247
255
253
252
249
245
242
240
245
240
111
91
88
220
235
243
240
240
240
240
240
240
240
240
240
240
240
240
240
240
240
240
240
240
240
240
240
240
240
240
240
240
240
240
240
232
155
142
146
147
146
151
224
231
228
226
234
243
250
246
243
241
240
240
240
240
240
240
240
240
240
240
240
240
240
240
240
240
240
240
240
240
246
231
152
142
229
241
244
241
240
240
240
240
240
240
240
240
240
240
240
240
240
240
240
240
240
240
240
240
240
243
235
217
111
134
132
153
223
249
235
247
242
240
240
240
240
240
240
240
240
240
240
240
240
240
240
240
241
243
248
239
240
235
246
235
214
111
220
243
247
242
240
240
240
240
240
240
243
235
214
111
220
243
247
242
240
240
240
240
240
240
240
240
240
240
240
240
240
240
240
240
240
240
240
240
240
240
240
240
240
240
240
240
240
237
232
225
228
228
226
234
243
251
249
248
246
243
241
240
240
240
240
240
240
240
240
240
240
240
240
240
240
240
240
240
240
240
240
240
240
240
243
237
230
231
240
245
241
240
240
240
240
240
240
240
240
240
240
240
240
240
240
240
240
240
240
240
240
240
240
242
247
238
241
217
142
143
206
119
214
235
243
240
240
240
240
240
240
240
240
240
240
240
240
240
240
240
240
240
241
242
243
242
243
247
235
240
235
247
242
240
240
240
240
240
240
240
242
247
235
240
235
247
242
240
240
240
240
240
240
240
240
240
240
240
240
240
240
240
240
240
240
240
240
240
240
240
240
240
240
240
240
240
240
243
246
248
249
249
248
246
243
241
240
240
240
240
240
240
240
240
240
240
240
240
240
240
240
240
240
240
240
240
240
240
240
240
240
240
240
240
241
243
245
245
243
241
240
240
240
240
240
240
240
240
240
240
240
240
240
240
240
240
240
240
240
240
242
243
245
243
243
244
254
232
141
122
82
97
111
240
245
240
240
240
240
240
240
240
240
240
240
240
240
240
240
240
240
240
240
240
240
240
240
242
243
245
243
242
240
240
240
240
240
240
240
240
240
242
243
245
243
242
240
240
240
240
240
240
240
240
240
240
240
240
240
240
240
240
240
240
240
240
240
240
240
240
240
240
240
240
240
240
240
240
240
240
240
240
240
240
240
240
240
240
240
240
240
240
240
240
240
240
240
240
240
240
240
240
240
240
240
240
240
240
240
240
240
240
240
240
240
240
240
240
240
240
240
240
240
240
240
240
240
240
240
240
240
240
240
240
240
240
240
240
240
242
247
235
240
235
247
242
246
233
156
92
90
91
220
235
243
240
240
240
240
240
240
240
240
240
240
240
240
240
240
240
240
240
240
240
240
240
240
240
240
240
240
240
240
240
240
240
240
240
240
240
240
240
240
240
240
240
240
240
240
240
240
240
240
240
240
240
240
240
240
240
240
240
240
240
240
240
240
240
240
240
240
240
240
240
240
240
240
242
242
240
240
240
240
240
240
240
240
240
240
240
240
240
240
240
240
240
240
240
240
240
240
240
240
240
240
240
240
240
240
240
240
240
240
240
240
240
240
240
240
240
240
240
240
240
240
240
240
240
240
240
240
240
240
242
243
245
243
242
242
247
243
220
111
214
235
243
243
237
234
210
116
221
243
247
242
240
240
240
240
240
240
240
240
240
240
240
240
240
240
240
240
240
240
240
240
240
240
240
240
240
240
240
240
240
240
240
240
240
240
240
240
240
240
240
240
240
240
240
240
240
240
240
240
240
240
240
240
240
240
240
240
240
240
240
240
240
240
240
240
240
240
240
240
240
240
240
240
241
247
242
240
240
240
240
240
240
240
240
240
240
240
240
240
240
240
240
240
240
240
240
240
240
240
240
240
240
240
240
240
240
240
240
240
240
240
240
240
240
240
240
240
240
240
240
240
240
240
240
240
240
240
240
242
247
235
240
235
247
245
235
220
88
91
111
240
245
241
244
250
237
241
235
247
242
240
240
240
240
240
240
240
240
240
240
240
240
240
240
240
240
240
240
240
240
240
240
240
240
240
240
240
240
240
240
240
240
240
240
240
240
240
240
240
240
240
240
240
240
240
240
240
240
240
240
240
240
240
240
240
240
240
240
240
240
240
240
240
240
240
240
240
240
240
240
240
240
92
224
235
243
240
240
240
240
240
240
240
240
240
240
240
240
240
240
240
240
240
240
240
240
240
240
240
240
240
240
240
240
240
240
240
240
240
240
240
240
240
240
240
240
240
240
240
240
240
240
240
240
240
240
240
242
247
243
220
111
214
235
247
240
111
91
88
220
235
243
240
240
242
243
245
243
242
240
240
240
240
240
240
240
240
240
240
240
240
240
240
240
240
240
240
240
240
240
240
240
240
240
240
240
240
240
240
240
240
240
240
240
240
240
240
240
240
240
240
240
240
240
240
240
240
240
240
240
240
240
240
240
240
240
240
240
240
240
240
240
240
240
240
240
240
240
240
240
240
240
92
127
240
245
240
240
240
240
240
240
240
240
240
240
240
240
240
240
240
240
240
240
240
240
240
240
240
240
240
240
240
240
240
240
240
240
240
240
240
240
240
240
240
240
240
240
240
240
240
240
240
240
240
240
240
243
235
220
88
91
111
240
247
235
214
111
220
243
247
242
240
240
240
240
240
240
240
240
240
240
240
240
240
240
240
240
240
240
240
240
240
240
240
240
240
240
240
240
240
240
240
240
242
243
245
243
242
240
240
240
240
240
240
240
240
240
240
240
240
240
240
240
240
242
243
245
243
242
240
240
240
240
240
240
240
240
240
240
240
240
240
240
240
240
240
240
240
240
240
240
92
224
235
243
240
240
240
240
240
240
240
240
240
240
240
240
240
240
240
240
240
240
240
240
240
240
240
240
240
240
240
240
240
240
240
240
240
240
240
240
240
240
240
240
240
240
240
240
240
240
240
240
240
240
240
245
240
111
91
88
220
235
245
247
235
240
235
247
242
240
240
240
240
240
240
240
240
240
240
240
240
240
240
240
240
240
240
240
240
240
240
240
240
240
240
240
240
240
240
240
240
242
247
235
240
235
247
242
240
240
240
240
240
240
240
240
240
240
240
240
240
240
242
247
235
240
235
247
242
240
240
240
240
240
240
240
240
240
240
240
240
240
240
240
240
240
240
240
240
240
240
241
247
242
240
240
240
240
240
240
240
240
240
240
240
240
240
240
240
240
240
240
240
240
240
240
240
240
240
240
240
240
240
240
240
240
240
240
240
240
240
240
240
240
240
240
240
240
240
240
240
240
240
240
240
243
234
211
107
217
241
247
242
242
243
245
243
242
240
240
240
240
240
240
240
240
240
240
240
240
240
240
240
240
240
240
240
240
240
240
240
240
240
240
240
240
240
240
240
240
240
242
241
224
127
224
241
242
240
240
240
240
240
240
240
240
240
240
240
240
240
240
242
241
224
127
224
241
242
240
240
240
240
240
240
240
240
240
240
240
240
240
240
240
240
240
240
240
240
240
240
240
240
240
240
240
240
240
240
240
240
240
240
240
240
240
240
240
240
240
240
240
240
240
240
240
240
240
240
240
240
240
240
240
240
240
240
240
240
240
240
240
240
240
240
240
240
240
240
240
240
240
240
240
240
240
240
240
240
240
240
240
240
240
240
240
240
240
240
240
240
240
240
240
240
240
240
240
240
240
240
240
240
240
240
240
240
240
240
240
240
240
240
240
240
240
240
240
240
240
240
240
240
92
92
92
240
240
240
240
240
240
240
240
240
240
240
240
240
240
240
240
240
240
92
92
92
240
240
240
240
240
240
240
240
240
240
240
240
240
240
240
240
240
240
240
240
240
240
240
