249
249
249
249
249
249
249
249
249
249
249
249
249
249
249
249
249
249
249
249
249
249
249
249
249
249
249
249
249
249
249
249
249
249
249
249
249
249
249
249
249
249
249
249
249
249
249
249
249
249
249
249
249
249
249
249
249
75
75
75
249
249
249
249
249
249
249
249
249
249
249
249
249
249
249
249
249
249
249
249
249
249
249
249
249
249
249
249
249
249
249
249
249
249
249
249
249
249
249
249
249
249
249
249
249
249
249
249
249
249
249
249
249
249
249
249
249
249
249
249
249
249
249
249
249
249
249
249
249
249
249
249
249
249
249
249
249
249
249
249
249
249
249
249
249
249
249
249
249
249
249
249
249
249
249
249
249
250
252
252
252
250
249
249
249
249
249
249
249
249
249
249
249
249
249
249
249
249
250
253
244
249
244
253
250
249
249
249
249
249
249
249
249
249
249
249
249
249
249
249
249
249
249
249
252
242
95
79
89
237
251
250
249
249
249
249
249
249
249
249
249
249
249
249
250
253
244
249
244
253
250
249
249
249
249
249
249
249
249
249
249
249
249
249
249
249
249
249
249
249
249
249
249
249
249
249
249
249
249
249
249
249
249
249
249
249
249
249
249
249
249
249
249
249
249
249
249
249
249
249
249
249
249
249
249
249
249
249
249
249
249
249
249
249
249
249
249
249
249
249
249
249
249
249
249
249
250
253
244
249
244
253
250
249
249
249
249
250
252
252
252
250
249
249
249
249
251
253
254
253
226
97
218
244
252
249
249
249
249
249
249
249
249
249
249
249
249
249
249
249
249
249
249
249
252
244
218
97
225
252
253
250
249
249
249
249
249
249
249
249
249
249
249
250
253
252
225
97
218
244
252
249
249
249
249
249
249
249
249
249
249
249
249
249
249
249
249
249
249
249
249
249
249
249
249
249
249
249
249
249
249
249
249
249
249
249
249
249
249
249
249
249
249
249
249
249
249
249
249
249
249
249
249
249
249
249
249
249
249
249
249
249
249
249
249
249
249
249
249
249
249
249
249
249
249
250
253
252
225
97
218
244
252
249
249
250
252
254
246
250
244
253
250
249
249
251
246
244
237
225
78
81
105
254
254
253
253
253
252
250
249
249
249
249
249
249
249
249
249
249
249
249
249
249
250
253
245
252
249
254
252
252
251
249
249
249
249
249
249
249
249
249
249
252
244
225
71
74
97
249
252
249
249
249
249
249
249
249
249
249
249
249
249
249
249
249
249
249
249
249
249
249
249
249
249
249
249
249
249
249
249
249
249
249
249
249
249
249
249
249
249
249
249
249
249
249
249
249
249
249
249
249
249
249
249
249
249
249
249
249
249
250
252
252
252
250
249
249
249
249
249
249
249
249
249
252
244
225
71
74
97
249
253
251
252
253
251
245
218
99
218
244
252
249
249
252
245
186
159
89
72
67
213
232
241
237
235
239
245
252
250
249
249
249
249
249
249
249
249
249
249
249
249
249
249
252
251
253
247
243
239
247
252
252
251
249
249
249
249
249
249
249
249
252
249
97
74
71
225
244
252
249
249
249
249
249
249
249
249
249
249
249
249
249
249
249
249
249
249
249
249
249
249
249
249
249
249
249
249
249
249
249
249
249
249
249
249
249
249
249
249
249
249
249
249
249
249
249
249
249
249
249
249
249
249
249
249
249
249
249
250
253
244
249
244
253
250
249
249
249
249
249
249
249
249
252
249
97
74
71
225
245
251
249
245
247
216
146
69
79
97
249
252
249
249
253
239
170
134
129
80
145
161
170
163
161
158
157
220
252
253
251
249
249
249
249
249
249
249
249
249
249
249
249
252
253
246
198
207
168
155
203
238
247
252
252
252
250
249
249
249
249
249
252
244
218
97
225
253
254
252
250
249
249
249
249
249
249
249
249
249
249
249
249
249
249
249
249
249
249
249
250
252
253
253
252
250
249
249
249
249
249
249
249
249
249
249
249
249
249
249
249
249
249
249
249
249
249
249
249
249
249
249
249
249
249
249
249
249
250
253
252
225
97
218
244
252
249
249
249
249
249
249
249
249
252
244
218
98
229
254
254
253
216
210
178
151
79
67
79
228
245
252
249
250
254
248
175
147
146
148
145
148
142
139
140
139
143
159
229
248
249
252
249
249
249
249
249
249
249
249
249
249
252
249
248
203
154
146
144
142
150
155
175
235
244
245
251
249
249
249
249
249
250
253
244
249
244
253
247
248
249
252
250
249
249
249
249
249
249
249
249
249
249
249
249
249
249
249
249
249
250
245
239
239
248
253
253
251
249
249
249
249
249
249
249
249
249
249
249
249
249
249
249
249
249
249
249
249
249
249
249
249
249
249
249
249
249
249
252
244
225
71
74
97
249
252
249
249
249
249
249
249
249
249
250
253
246
254
238
254
244
249
199
146
147
142
132
83
212
248
254
250
250
253
251
240
162
150
150
151
151
150
149
149
150
148
146
151
151
185
245
252
251
249
249
249
249
249
249
249
249
252
252
240
168
150
147
144
147
147
143
140
148
150
175
234
253
252
249
249
249
249
249
250
252
252
252
253
223
195
238
249
252
250
249
249
249
249
249
249
249
249
249
249
249
249
249
249
249
249
253
237
168
158
212
242
247
251
253
251
249
249
249
249
249
249
249
249
249
249
249
249
249
249
249
249
249
249
249
249
249
249
249
249
249
249
249
249
252
249
97
74
71
225
244
252
249
249
249
249
249
249
249
249
249
252
254
254
229
107
211
164
152
147
145
152
145
148
167
249
253
250
253
252
231
93
140
138
142
139
140
140
140
140
143
145
145
146
143
140
191
248
252
249
249
249
249
249
249
249
250
252
247
183
143
141
148
150
149
149
145
143
144
140
144
219
252
253
250
249
249
249
249
249
249
249
251
252
220
154
151
227
249
252
249
249
249
249
249
249
249
249
249
249
249
249
249
249
249
249
253
233
154
138
148
159
186
240
248
252
254
253
252
250
249
249
249
249
249
249
249
249
249
249
249
249
249
249
249
249
249
249
249
249
249
249
249
249
252
244
218
97
225
252
253
250
249
249
249
249
249
249
249
249
249
252
244
226
75
78
81
144
144
147
148
150
149
143
164
238
253
252
244
225
74
74
86
163
161
161
160
162
160
163
162
155
151
147
147
144
154
222
253
252
249
249
249
249
249
249
252
252
211
157
144
146
148
146
144
148
149
150
147
145
148
159
232
248
250
251
249
249
249
249
249
249
251
253
223
152
136
164
242
253
249
249
249
249
249
249
249
249
249
249
249
249
249
249
249
251
254
237
151
76
130
140
150
164
186
231
237
241
248
253
252
251
249
249
249
249
249
249
249
249
249
249
249
249
249
249
249
249
249
249
249
249
249
249
250
253
244
249
244
253
250
249
249
249
249
249
249
249
249
249
249
252
249
98
75
64
147
144
149
149
146
143
140
133
162
235
253
252
249
97
75
75
224
238
239
238
238
237
237
240
241
209
149
145
150
143
149
213
249
252
249
249
249
249
249
249
252
251
201
151
143
145
151
149
156
160
208
178
147
140
141
148
149
195
248
252
250
249
249
249
249
249
251
253
228
162
133
164
242
254
252
250
249
249
249
249
249
249
249
249
249
249
249
249
249
252
248
218
76
70
84
148
149
145
149
156
160
160
214
242
246
252
252
250
249
249
249
249
249
249
249
249
249
249
249
249
249
249
249
249
249
249
249
249
249
250
252
252
252
250
249
249
249
249
249
249
249
249
249
249
249
252
244
224
98
165
151
152
147
145
151
158
166
154
167
242
252
252
244
218
97
226
253
254
254
253
253
253
253
253
254
230
163
144
147
146
146
171
239
253
249
249
249
249
249
249
253
251
198
147
141
146
155
210
193
240
249
240
169
157
154
145
141
152
210
249
252
249
249
249
249
249
249
252
235
172
141
164
226
251
246
253
250
249
249
249
249
249
249
249
249
249
249
249
249
253
248
104
79
75
142
145
145
141
139
136
137
144
151
156
185
242
249
252
250
249
249
249
249
249
249
249
249
249
249
249
249
249
249
249
249
249
249
249
249
249
249
249
249
249
249
249
249
249
249
249
249
249
249
249
249
250
253
247
241
176
149
145
152
157
190
240
242
235
241
245
251
250
253
244
249
244
253
250
249
249
249
249
249
249
252
250
201
149
146
146
142
161
231
253
249
249
249
249
249
249
253
252
199
146
142
150
208
247
252
250
253
248
246
235
185
143
143
146
160
230
253
250
249
249
249
249
249
252
249
206
148
150
156
99
221
244
252
252
253
253
253
251
249
249
249
249
249
249
250
254
237
152
63
129
142
157
158
165
161
156
151
144
140
141
148
154
221
250
253
249
249
249
249
249
249
249
249
249
249
249
249
249
249
249
249
249
249
249
249
249
249
249
249
249
249
249
249
249
249
249
249
249
249
249
249
249
252
253
212
153
147
146
157
199
248
251
254
253
252
251
250
249
250
252
252
252
250
249
249
249
249
249
249
249
250
253
244
178
143
148
142
160
231
254
249
249
249
249
249
249
253
245
192
140
140
183
246
253
252
250
250
252
253
253
207
157
148
142
150
219
251
252
249
249
249
249
249
252
253
210
147
130
62
74
98
250
254
246
243
234
249
252
253
250
249
249
249
249
252
249
227
84
74
86
152
172
238
242
239
232
191
163
149
140
140
144
154
234
252
252
249
249
249
249
249
249
249
249
249
249
249
249
249
249
249
249
249
249
249
249
249
249
249
249
249
249
249
249
249
249
249
249
249
249
249
249
252
249
201
143
141
154
155
190
103
223
244
252
249
249
249
249
249
249
249
249
249
249
249
249
249
249
249
249
250
254
252
187
145
147
141
158
230
254
249
249
249
249
249
251
253
217
154
140
152
199
253
252
249
249
249
249
250
252
242
189
147
144
148
178
243
253
249
249
249
249
249
252
252
209
148
76
76
82
231
252
253
229
97
145
184
239
243
249
249
249
249
249
253
249
101
74
69
134
152
230
253
254
254
252
249
240
182
150
148
141
147
167
242
251
250
249
249
249
249
249
249
249
249
249
249
249
249
249
249
249
249
249
249
249
249
249
249
249
249
249
249
249
249
249
249
249
249
249
249
249
252
253
212
155
145
139
163
65
76
97
249
252
249
249
249
249
249
249
249
249
249
249
249
249
249
249
249
250
253
250
245
171
150
147
141
158
231
253
249
249
249
249
249
252
253
209
145
133
168
239
252
250
249
249
249
249
249
253
247
182
144
144
143
163
236
253
249
249
249
249
249
252
251
206
144
122
86
224
254
253
232
79
70
74
147
163
224
253
249
249
249
249
253
240
168
79
136
145
162
232
253
250
249
251
253
252
248
228
158
147
142
150
194
253
254
253
253
253
253
253
251
249
249
249
249
249
249
249
249
249
249
249
249
249
249
249
249
249
249
249
249
249
249
249
249
249
249
249
249
249
251
252
240
179
143
156
89
81
74
225
244
252
249
249
249
249
249
249
249
249
249
249
249
249
249
249
250
253
252
231
97
158
145
147
140
155
229
253
249
249
249
249
249
252
252
212
148
134
172
243
253
249
249
249
249
249
249
252
249
179
149
146
142
162
235
253
249
249
249
249
249
252
253
207
151
138
148
190
255
251
98
70
69
132
136
186
241
251
249
249
249
249
253
251
184
144
143
146
158
229
253
249
249
249
249
251
253
253
214
149
142
143
179
235
241
237
238
237
235
241
246
251
249
249
249
249
249
249
249
249
249
249
249
249
249
249
249
249
249
249
249
249
249
249
249
249
249
249
249
249
251
253
213
155
142
167
211
102
228
252
253
250
249
249
249
249
249
249
249
249
249
249
249
249
249
249
252
244
225
75
73
80
148
147
146
165
237
253
249
249
249
249
249
252
252
213
150
135
171
242
253
249
249
249
249
249
249
251
251
236
162
145
142
161
234
253
249
249
249
249
249
250
253
243
184
139
144
195
254
240
151
75
137
145
153
201
252
252
249
249
249
249
253
249
189
147
145
147
172
237
253
249
249
249
249
249
252
253
219
154
141
148
154
156
160
160
159
160
157
181
249
253
250
249
249
249
249
249
249
249
249
249
249
249
249
249
249
249
249
249
249
249
249
249
249
249
249
249
249
249
251
252
201
143
140
159
192
253
248
253
250
249
249
249
249
249
249
249
249
249
249
249
249
249
249
249
252
249
97
79
72
164
144
143
147
212
249
252
249
249
249
249
249
252
252
213
148
136
174
244
253
250
250
249
249
249
249
249
253
242
179
143
137
161
236
253
249
249
249
249
249
249
253
250
191
140
145
196
251
237
153
144
142
149
175
245
251
250
249
249
249
249
252
242
180
143
142
146
212
250
252
249
249
249
249
249
253
247
210
145
143
145
140
142
141
140
132
135
133
160
232
250
251
251
249
249
249
249
249
249
249
249
249
249
249
249
249
249
249
249
249
249
249
249
249
249
249
249
249
249
251
252
214
155
134
146
196
253
254
250
249
249
249
249
249
249
249
249
249
249
249
249
249
249
249
249
252
244
219
104
224
189
150
145
158
224
253
252
249
249
249
249
249
252
252
211
147
135
176
241
253
250
253
253
253
253
253
253
254
248
181
149
136
165
238
254
250
249
249
249
249
249
253
246
184
138
142
191
198
160
151
150
155
176
242
251
252
249
249
249
249
252
253
206
151
144
145
167
227
253
252
249
249
249
249
249
253
242
166
151
141
152
154
173
217
176
160
154
148
150
153
208
249
253
250
249
249
249
249
249
249
249
249
249
249
249
249
249
249
249
249
249
249
249
249
249
249
249
249
249
251
253
222
164
140
144
194
249
253
249
250
252
253
253
252
250
249
249
249
249
249
249
249
249
249
249
250
253
245
252
237
187
141
140
195
245
252
249
249
249
249
249
249
252
253
212
147
144
190
252
218
221
237
237
239
239
237
239
251
253
228
153
139
157
233
251
251
249
249
249
249
249
252
251
190
147
146
151
152
147
139
144
201
246
251
252
249
249
249
249
249
252
251
198
144
138
145
194
248
253
249
249
249
249
249
250
253
244
206
137
146
171
240
251
246
248
239
199
149
139
144
148
219
250
251
249
249
249
249
249
249
249
249
249
249
249
249
249
249
249
249
249
249
249
249
249
249
249
249
249
249
252
245
187
139
142
192
250
253
249
252
237
224
227
247
254
254
252
250
249
249
249
249
249
249
249
249
250
253
254
208
153
140
152
205
253
252
249
249
249
249
249
249
252
253
212
146
145
226
235
191
151
154
162
164
173
162
157
206
247
220
153
141
148
177
248
252
249
249
249
249
249
251
253
243
170
143
146
144
144
147
157
219
254
252
249
249
249
249
249
249
253
253
204
148
139
146
199
250
253
249
249
249
249
249
252
253
235
159
154
169
230
249
244
253
253
253
226
168
150
143
143
159
235
252
249
249
249
249
249
249
249
249
249
249
249
249
249
249
249
249
249
249
249
249
249
249
249
250
252
252
254
250
189
139
139
193
248
253
249
252
242
121
105
218
214
230
247
254
254
254
254
254
252
250
249
249
250
253
247
195
140
138
178
242
252
249
249
249
249
249
249
249
252
253
212
147
147
160
164
152
143
141
140
144
144
141
144
151
161
157
152
143
139
169
240
252
249
249
249
249
249
252
253
242
170
143
145
150
152
179
238
246
250
249
249
249
249
249
249
249
253
247
199
144
141
154
206
253
252
249
250
252
254
254
254
252
171
140
128
187
216
123
241
252
249
249
251
234
160
141
145
158
240
253
250
249
249
249
249
249
249
249
249
249
249
249
249
249
249
249
249
249
249
249
249
249
250
253
244
249
248
254
194
146
142
195
251
253
249
252
237
227
215
110
112
110
218
215
214
214
212
230
247
254
254
254
254
255
223
152
144
139
179
247
253
249
249
249
249
249
249
249
252
252
211
148
139
144
144
147
149
149
149
146
146
148
146
144
142
143
145
143
146
177
248
252
249
249
249
249
250
252
249
181
145
145
147
157
224
250
252
252
250
249
249
249
249
249
249
251
253
223
156
144
145
184
253
255
254
254
254
247
230
215
219
164
129
133
100
114
110
232
239
252
249
250
254
242
167
140
155
211
249
248
253
250
249
249
249
249
249
249
249
249
249
249
249
249
249
249
249
249
249
249
249
250
253
252
225
98
224
252
244
164
135
188
246
252
249
250
252
254
246
230
214
218
110
114
116
116
114
110
218
215
214
215
218
205
145
143
151
159
199
254
254
254
254
254
254
254
254
254
254
254
213
149
140
147
144
145
146
147
151
151
149
142
138
149
148
148
138
143
157
236
250
251
249
249
249
250
253
251
204
146
144
144
148
212
252
254
253
254
254
254
254
254
254
254
254
254
255
228
159
147
145
170
216
220
214
214
215
218
111
120
113
102
85
96
220
222
230
243
253
250
249
249
254
241
168
140
161
201
104
221
244
252
249
249
249
249
249
249
249
249
249
249
249
249
249
249
249
249
249
249
249
252
244
225
73
82
92
253
250
185
146
152
217
253
252
249
249
250
252
254
254
247
230
212
214
214
215
218
110
114
116
116
120
108
95
127
127
148
207
214
216
214
214
214
214
214
214
212
234
251
224
158
148
164
173
175
164
152
161
214
198
175
174
180
230
188
170
171
239
254
255
254
254
254
254
254
254
233
157
152
153
153
153
216
254
255
247
230
212
214
214
214
214
214
214
216
220
191
133
128
139
99
110
120
115
116
114
110
221
218
211
151
118
174
248
255
254
252
250
249
249
252
252
236
164
139
134
64
79
98
249
252
249
249
249
249
249
249
249
249
249
249
249
249
249
249
249
249
249
249
249
252
249
98
82
74
202
95
225
226
153
141
207
250
252
249
249
249
249
249
250
252
254
254
254
254
254
247
230
212
214
219
217
202
132
87
98
112
117
119
116
116
116
116
116
116
116
113
114
224
188
132
126
146
206
206
146
120
140
189
213
204
200
209
208
210
199
205
211
218
216
214
214
214
217
222
216
146
129
126
133
131
132
132
200
222
220
110
114
116
116
116
116
116
115
118
118
104
93
83
92
161
220
217
214
214
212
230
252
255
217
156
150
190
252
252
249
249
249
249
251
252
248
177
148
171
85
72
74
225
244
252
249
249
249
249
249
249
249
249
249
249
249
249
249
249
249
249
249
249
249
252
244
222
92
202
74
83
108
236
164
139
179
239
253
249
249
249
249
249
249
249
249
249
249
249
250
252
254
254
254
255
253
183
147
140
194
223
218
214
214
214
214
214
214
214
214
215
221
113
103
94
86
107
119
126
112
104
108
115
122
123
123
123
121
122
123
122
119
116
116
116
116
118
118
113
100
89
87
99
100
98
82
95
104
117
112
218
215
214
214
214
214
214
214
215
220
195
134
122
148
235
254
254
254
254
254
254
254
249
192
143
162
243
250
250
250
252
252
252
252
247
195
142
150
185
224
104
226
252
253
250
249
249
249
249
249
249
249
249
249
249
249
249
249
249
249
249
249
249
249
250
253
249
248
92
82
73
233
228
160
133
159
230
253
250
249
249
249
249
249
249
249
249
249
249
249
249
249
250
252
249
186
146
141
176
242
255
254
254
254
254
254
254
254
254
254
254
250
236
185
132
124
145
211
220
221
220
219
217
215
214
214
214
214
214
214
214
214
214
214
214
218
219
214
163
123
126
134
196
215
141
121
137
201
221
232
247
254
254
254
254
254
254
254
254
254
254
222
165
179
247
253
249
249
249
249
252
252
219
147
152
227
253
252
251
253
244
249
247
255
219
150
136
163
244
247
250
244
253
250
249
249
249
249
249
249
249
249
249
249
249
249
249
249
249
249
249
249
249
249
249
250
253
249
222
98
226
253
248
164
141
148
224
252
252
249
249
249
249
249
249
249
249
249
249
249
249
249
252
251
206
150
141
149
202
251
252
249
249
249
249
249
249
249
249
249
250
253
254
223
158
146
163
213
254
254
254
254
254
254
254
254
254
254
254
254
254
254
254
254
254
254
254
219
163
152
155
200
254
253
171
149
158
234
255
254
252
250
249
249
249
249
249
249
249
250
251
246
238
240
245
251
249
249
249
251
251
233
156
139
156
232
253
252
253
252
225
98
224
245
212
140
141
174
250
253
253
252
250
249
249
249
249
249
249
249
249
249
249
249
249
249
249
249
249
249
249
249
249
249
249
249
250
253
244
249
244
254
251
215
143
141
164
240
249
251
249
249
249
249
249
249
249
249
249
249
249
252
253
232
173
141
138
175
243
252
250
249
249
249
249
249
249
249
249
249
249
252
253
213
150
137
145
189
247
253
249
249
249
249
250
252
252
252
250
249
249
249
249
252
250
241
182
152
146
140
171
241
253
252
217
147
144
169
245
253
249
249
249
249
249
249
249
249
249
249
250
252
253
253
251
250
249
249
249
252
247
176
145
134
155
230
253
252
244
225
71
77
98
231
159
147
157
237
253
253
250
249
249
249
249
249
249
249
249
249
249
249
249
249
249
249
249
249
249
249
249
249
249
249
249
249
249
250
252
252
252
252
253
227
156
140
143
176
252
253
250
249
249
249
249
249
249
249
249
249
249
252
251
215
147
139
148
191
252
252
249
249
249
249
249
249
249
249
249
249
249
252
252
212
150
137
146
188
249
253
249
249
249
250
253
244
249
244
253
250
249
249
250
250
241
170
147
144
139
147
182
250
254
253
226
159
132
171
237
254
250
249
249
249
249
249
249
249
249
249
249
249
249
249
249
249
249
249
249
253
243
171
139
142
164
235
253
252
249
97
75
77
223
167
145
147
226
247
252
245
253
250
249
249
249
249
249
249
249
249
249
249
249
249
249
249
249
249
249
249
249
249
249
249
249
249
249
249
249
249
249
249
252
249
206
149
138
169
235
248
249
249
249
249
249
249
249
249
249
249
251
249
234
158
144
144
167
243
250
250
249
249
249
249
249
249
249
249
249
249
249
252
253
214
153
138
142
185
247
253
252
250
250
253
252
225
97
218
244
252
249
249
250
253
196
154
140
148
153
168
238
249
252
253
225
155
125
89
218
246
252
249
249
249
249
249
249
249
249
249
249
249
249
249
249
249
249
249
250
251
236
162
140
150
217
251
252
252
244
218
100
228
238
165
140
184
241
233
100
218
244
252
249
249
249
249
249
249
249
249
249
249
249
249
249
249
249
249
249
249
249
249
249
249
249
249
249
249
249
249
249
249
250
253
246
183
142
150
167
224
253
252
249
249
249
249
249
250
251
251
253
248
173
145
138
149
226
252
252
249
249
249
249
249
249
249
249
249
249
249
249
251
253
228
169
143
144
163
206
253
245
253
252
244
225
71
74
97
249
252
249
249
250
251
236
165
135
144
200
246
250
252
252
254
219
142
59
78
103
250
252
249
249
249
249
249
249
249
249
249
249
249
249
249
249
249
249
249
250
252
187
146
132
192
247
253
250
250
253
244
253
247
195
148
152
202
229
73
74
97
249
252
249
249
249
249
249
249
249
249
249
249
249
249
249
249
249
249
249
249
249
249
249
249
249
249
249
249
249
249
249
249
249
253
249
188
142
137
146
211
252
253
252
251
252
252
253
247
250
250
253
238
161
138
143
160
236
253
250
249
249
250
252
252
251
250
249
249
249
249
249
249
253
248
192
144
144
152
180
99
222
244
253
249
97
74
72
228
249
254
253
253
252
253
249
186
144
147
204
254
252
249
251
253
228
91
64
77
223
246
252
249
249
249
249
249
249
249
249
249
249
249
249
249
249
249
249
249
250
249
239
166
154
206
253
252
249
249
250
252
254
244
174
137
184
246
103
75
71
225
244
252
249
249
249
249
249
249
249
249
249
249
249
249
249
249
249
249
249
249
249
249
249
249
249
249
249
249
249
249
249
249
249
252
250
210
157
148
147
156
224
249
253
252
252
248
252
237
183
236
248
188
147
143
150
216
249
252
249
251
253
253
247
246
245
252
249
249
249
249
249
249
253
250
194
147
141
143
69
83
105
252
254
247
222
102
234
253
252
238
233
238
243
252
248
246
213
155
210
252
252
249
249
254
233
162
77
175
245
254
250
249
249
249
249
249
249
249
249
249
249
249
249
249
249
249
249
249
249
252
249
241
236
243
248
250
249
249
249
252
254
204
147
142
197
243
225
97
225
252
253
250
249
249
249
249
249
249
249
249
249
249
249
249
249
249
249
249
249
249
249
249
249
249
249
249
249
249
249
249
249
249
249
250
249
249
226
153
141
148
150
181
241
241
181
212
204
182
157
188
212
157
140
140
192
248
253
252
253
250
246
238
199
183
237
252
249
249
249
249
249
249
252
253
207
157
144
83
69
69
209
240
253
254
243
242
238
245
182
157
160
173
244
252
251
252
246
242
241
250
250
249
249
253
252
200
143
165
249
254
250
249
249
249
249
249
249
249
249
249
249
249
249
249
249
249
249
249
249
249
251
252
253
252
251
249
249
249
250
253
246
190
136
145
190
254
248
249
244
253
250
249
249
249
249
249
249
249
249
249
249
249
249
249
249
249
249
249
249
249
249
249
249
249
249
249
249
249
249
249
250
252
252
252
252
254
243
175
145
142
145
151
161
157
148
85
142
143
152
202
194
146
139
151
203
254
254
252
247
238
169
152
146
157
227
253
249
249
249
249
249
249
249
252
241
175
139
133
84
144
158
202
248
246
200
182
182
165
149
136
141
213
247
252
249
250
252
252
252
251
249
249
249
253
253
208
150
155
238
251
253
250
249
249
249
249
249
249
249
249
249
249
249
249
249
249
249
249
249
249
249
249
249
249
249
249
249
249
252
252
217
149
145
172
243
251
252
252
252
250
249
249
249
249
249
249
249
249
249
249
249
249
249
249
249
249
249
249
249
249
249
249
249
249
249
249
249
249
249
250
253
244
249
244
253
252
251
220
148
144
146
148
143
135
69
71
82
147
152
160
162
148
147
183
249
253
252
245
197
149
146
137
137
157
234
253
249
249
249
250
252
252
252
253
247
177
147
144
148
143
148
152
201
182
154
149
147
146
147
137
149
221
254
252
249
249
249
249
249
249
249
249
249
252
253
209
149
138
93
224
244
252
249
249
249
249
249
249
249
249
249
249
249
249
249
249
249
249
249
249
249
249
249
249
249
249
249
249
253
240
173
138
149
229
252
252
249
249
249
249
249
249
249
249
249
249
249
249
249
249
249
249
249
249
249
249
249
249
249
249
249
249
249
249
249
249
249
249
250
253
252
227
100
224
247
253
252
251
202
145
143
149
149
85
74
73
139
144
138
123
146
143
162
242
253
251
229
159
147
144
140
147
153
220
249
252
249
249
250
253
244
249
244
254
251
201
150
144
151
151
147
150
151
152
148
147
148
148
149
150
162
229
252
249
249
249
249
249
249
249
249
249
249
252
252
201
134
55
73
100
249
252
249
249
249
249
249
249
249
249
249
249
249
249
249
249
249
249
249
249
249
249
249
249
249
249
249
251
251
227
151
144
170
240
253
249
249
249
249
249
249
249
249
249
249
249
249
249
249
249
249
249
249
249
249
249
249
249
249
249
249
249
249
249
249
249
249
249
252
244
227
79
69
97
243
254
252
252
246
195
151
149
142
135
84
136
147
152
120
132
145
153
180
249
249
180
149
146
137
146
150
183
241
248
252
250
249
250
253
252
225
97
218
245
252
242
164
144
145
148
148
147
148
148
148
146
143
139
137
176
238
248
250
249
249
249
249
249
249
249
249
249
249
252
253
213
89
71
75
226
244
252
249
249
249
249
249
249
249
249
249
249
249
249
249
249
249
249
249
249
249
249
249
249
249
249
249
252
245
172
139
154
220
249
252
249
249
249
249
249
249
249
249
249
249
249
249
249
249
249
249
249
249
249
249
249
249
249
249
249
249
249
249
249
249
249
249
249
252
251
105
78
49
75
214
247
252
252
251
248
230
163
152
140
139
146
153
148
148
146
147
152
224
219
158
144
139
141
147
160
227
248
252
252
250
249
249
252
244
225
71
74
97
249
253
250
232
163
151
147
147
148
149
148
148
153
159
160
157
197
253
253
250
249
249
249
249
249
249
250
252
252
252
251
250
244
221
100
224
252
253
250
249
249
249
249
249
249
249
249
249
249
249
249
249
249
249
249
249
249
249
249
249
249
249
249
249
252
243
164
139
150
224
253
252
249
249
249
249
249
249
249
249
249
249
249
249
249
249
249
249
249
249
249
249
249
249
249
249
249
249
249
249
249
249
249
249
249
252
247
214
75
49
78
105
251
252
249
251
253
250
246
202
158
159
189
204
162
150
149
150
161
161
158
145
138
146
151
198
245
251
253
251
249
249
249
249
252
249
97
74
71
225
244
252
252
249
247
190
146
140
141
141
139
144
184
241
238
237
242
248
250
249
249
249
249
249
249
250
253
244
249
244
253
252
253
245
249
244
253
250
249
249
249
249
249
249
249
249
249
249
249
249
249
249
249
249
249
249
249
249
249
249
249
249
249
249
252
249
228
153
199
245
252
249
249
249
249
249
249
249
249
249
249
249
249
249
249
249
249
249
249
249
249
249
249
249
249
249
249
249
249
249
249
249
249
249
249
250
254
243
99
72
85
230
246
252
249
250
252
253
254
249
239
238
245
235
174
134
140
142
140
139
135
142
149
169
237
248
252
252
250
249
249
249
249
249
252
244
218
97
225
252
253
250
250
252
253
247
183
155
162
161
156
175
246
253
253
253
252
251
249
249
249
249
249
249
250
253
252
225
97
218
244
252
250
252
252
252
250
249
249
249
249
249
249
249
249
249
249
249
249
249
249
249
249
249
249
249
249
249
249
249
249
249
249
249
249
252
245
243
243
251
251
249
249
249
249
249
249
249
249
249
249
249
249
249
249
249
249
249
249
249
249
249
249
249
249
249
249
249
249
249
249
249
249
249
249
249
252
249
232
96
228
246
254
252
250
253
244
249
246
254
253
253
254
218
167
160
161
161
161
161
156
157
212
247
252
253
250
249
249
249
249
249
249
249
250
253
244
249
244
253
250
249
249
249
252
250
244
238
237
237
236
244
249
252
249
249
249
249
249
249
249
249
249
249
252
244
225
71
74
97
249
252
249
249
249
249
249
249
249
249
249
249
249
249
249
249
249
249
249
249
249
249
249
249
249
249
249
249
249
249
249
249
249
249
249
250
252
252
252
251
249
249
249
249
249
249
249
249
249
249
249
249
249
249
249
249
249
249
249
249
249
249
249
249
249
249
249
249
249
249
249
249
249
249
249
249
252
254
246
225
92
227
246
252
253
252
225
97
218
244
252
249
248
241
236
234
237
237
237
238
235
241
247
252
252
249
249
249
249
249
249
249
249
249
249
250
252
252
252
250
249
249
249
249
249
251
253
253
253
253
253
252
252
249
249
249
249
249
249
249
249
249
249
249
252
249
97
74
71
225
244
252
249
249
249
249
249
249
249
249
249
249
249
249
249
249
249
249
249
249
249
249
249
249
249
249
249
249
249
249
249
249
249
249
249
249
249
249
249
249
249
249
249
249
249
249
249
249
249
249
249
249
249
249
249
249
249
249
249
249
249
249
249
249
249
249
249
249
249
249
249
249
249
249
249
249
252
246
229
76
78
98
249
253
244
225
71
74
97
249
252
249
250
252
253
253
253
253
253
253
253
253
252
250
249
249
249
249
249
249
249
249
249
249
249
249
249
249
249
249
249
249
249
249
249
249
249
249
249
249
249
249
249
249
249
249
249
249
249
249
249
249
249
249
252
244
218
97
225
252
253
250
249
249
249
249
249
249
249
249
249
249
249
249
249
249
249
249
249
249
249
249
249
249
249
249
249
249
249
249
249
249
249
249
249
249
249
249
249
249
249
249
249
249
249
249
249
249
249
249
249
249
249
249
249
249
249
249
249
249
249
249
249
249
249
249
249
249
249
249
249
249
249
249
249
249
252
249
97
74
71
225
244
253
249
97
74
71
225
244
252
249
249
249
249
249
249
249
249
249
249
249
249
249
249
249
249
249
249
249
249
249
249
249
249
249
249
249
249
249
249
249
249
249
249
249
249
249
249
249
249
249
249
249
249
249
249
249
249
249
249
249
249
249
250
253
244
249
244
253
250
249
249
249
249
249
249
249
249
249
249
249
249
249
249
249
249
249
249
249
249
249
249
249
249
249
249
249
249
249
249
249
249
249
249
249
249
249
249
249
249
249
249
249
249
249
249
249
249
249
249
249
249
249
249
249
249
249
249
249
249
249
249
249
249
249
249
249
249
249
249
249
249
249
249
249
252
242
215
92
222
251
253
252
242
215
92
222
251
253
250
249
249
249
249
249
249
249
249
249
249
249
249
249
249
249
249
249
249
249
249
249
249
249
249
249
249
249
249
249
249
249
249
249
249
249
249
249
249
249
249
249
249
249
249
249
249
249
249
249
249
249
249
249
249
250
252
252
252
250
249
249
249
249
249
249
249
249
249
249
249
249
249
249
249
249
249
249
249
249
249
249
249
249
249
249
249
249
249
249
249
249
249
249
249
249
249
249
249
249
249
249
249
249
249
249
249
249
249
249
249
249
249
249
249
249
249
249
249
249
249
249
249
249
249
249
249
249
249
249
249
249
249
249
249
249
249
249
249
249
249
249
249
249
249
249
249
249
249
249
249
249
249
249
249
249
249
249
249
249
249
249
249
249
249
249
249
249
249
249
249
249
249
249
249
249
249
249
249
249
249
249
249
249
249
249
249
249
249
249
249
249
249
249
249
249
249
249
249
249
249
249
249
249
249
249
249
249
249
249
249
249
249
249
249
249
249
249
249
249
249
249
249
249
249
249
249
249
249
249
249
249
249
249
249
249
249
249
249
249
249
249
249
249
249
249
249
249
249
249
249
249
249
249
249
249
249
249
249
249
249
249
249
249
249
249
249
249
249
249
249
249
249
249
249
249
249
249
