243
243
243
243
243
243
243
243
243
243
243
243
243
243
243
243
243
243
243
243
243
243
243
243
243
243
243
243
243
243
243
243
243
243
243
243
243
243
243
243
243
243
243
243
243
243
243
243
243
243
243
243
243
243
243
243
243
243
243
243
243
243
243
243
243
243
243
243
243
243
243
243
243
243
243
243
243
243
243
243
243
243
243
243
243
243
243
243
243
243
243
243
243
243
243
243
243
243
243
243
243
243
243
243
243
243
243
243
243
243
243
243
243
243
243
243
243
243
243
243
243
243
243
243
243
243
243
243
243
243
243
243
243
243
243
243
243
83
243
243
243
243
243
243
243
243
243
243
243
243
243
243
243
243
243
243
243
243
243
243
243
243
243
243
243
243
243
243
243
243
243
243
243
243
243
243
247
246
240
230
231
238
245
244
243
243
243
243
243
243
243
243
243
243
247
242
225
147
143
145
145
143
142
199
235
233
232
232
230
240
247
253
252
252
252
250
247
245
243
243
243
243
243
243
243
243
243
243
243
243
243
243
243
243
243
243
243
243
243
243
243
243
243
243
243
243
243
243
243
243
243
243
243
243
243
243
243
243
243
243
243
243
243
243
243
243
243
243
243
243
243
243
243
243
243
243
243
243
243
243
243
243
243
247
237
215
80
80
104
237
247
243
243
243
243
243
243
243
243
243
243
243
243
243
243
243
243
243
243
243
243
243
243
243
243
243
243
243
243
243
243
243
243
243
245
248
252
247
199
143
144
213
249
246
243
243
243
243
243
243
243
243
243
243
250
236
156
134
131
134
134
132
137
144
153
155
152
152
150
169
234
237
233
233
230
234
239
245
243
243
243
243
243
243
243
243
243
243
243
243
243
243
243
243
243
243
243
243
243
243
243
243
243
243
243
243
243
243
243
243
243
243
243
243
243
243
243
243
243
243
243
243
243
243
243
243
243
243
243
243
243
243
243
243
243
243
243
243
243
243
243
243
243
249
243
103
82
78
222
238
247
243
243
243
243
243
243
243
243
243
243
243
243
243
243
243
243
243
243
243
243
243
243
243
243
243
243
243
243
243
243
243
243
245
247
243
241
198
141
124
132
207
248
246
243
243
243
243
243
243
243
243
245
247
254
231
150
126
133
137
140
140
139
137
136
133
132
132
131
142
153
161
158
159
154
156
220
252
247
243
243
243
243
243
243
243
243
243
243
243
243
243
243
243
243
243
243
243
243
243
243
243
243
243
243
243
243
243
243
243
243
243
243
243
243
243
243
243
243
243
243
243
243
244
246
250
250
250
247
245
243
243
243
243
243
243
243
243
243
243
243
243
243
247
238
215
103
222
246
251
245
243
243
243
243
243
243
243
243
243
243
243
243
243
243
243
243
243
243
243
243
243
243
243
243
243
243
243
243
243
243
243
244
248
245
219
149
141
139
127
140
209
249
246
243
243
243
243
243
243
243
245
251
238
249
232
177
152
154
147
142
138
141
141
141
142
142
143
142
138
137
136
134
135
129
132
205
244
249
249
247
245
243
243
243
243
243
243
243
243
243
243
243
243
243
243
243
243
243
243
243
243
243
243
243
243
243
243
243
243
243
243
244
246
249
251
252
252
252
252
252
253
253
254
246
239
229
235
243
247
246
244
243
243
243
243
243
243
243
243
243
243
243
245
251
238
243
238
251
245
243
243
243
243
243
243
243
243
243
243
243
243
243
243
243
243
243
243
243
243
243
243
244
247
249
251
250
249
248
249
250
249
250
244
223
143
135
133
140
143
160
222
249
246
243
243
243
243
243
243
245
251
246
222
105
213
232
234
237
208
142
133
132
139
139
136
135
139
141
142
142
142
141
140
139
138
153
234
245
245
238
251
245
243
243
243
243
243
243
243
243
245
247
249
248
246
244
243
243
243
243
243
243
243
243
243
243
243
243
243
243
243
246
241
237
231
231
233
233
234
233
232
232
235
228
160
148
158
205
240
244
246
243
243
243
243
243
243
243
243
243
243
243
243
245
247
249
247
245
243
243
243
243
243
243
243
243
245
245
243
243
243
243
243
243
243
243
243
243
243
243
245
248
243
238
230
233
244
246
243
230
237
249
240
158
137
136
133
136
187
237
242
245
243
243
243
243
243
243
243
247
238
222
78
82
105
249
254
254
249
203
138
159
175
174
156
146
142
135
135
136
135
134
138
139
133
152
221
228
104
215
238
247
243
243
243
243
243
243
243
243
247
239
236
237
245
247
243
243
243
243
243
243
243
243
243
243
243
243
243
243
243
249
234
170
148
153
158
153
154
151
157
154
156
147
141
131
133
139
190
249
250
243
243
243
243
243
243
243
243
243
243
243
243
243
243
243
243
243
243
243
243
243
243
243
243
245
251
244
243
243
243
243
243
243
243
243
243
243
243
244
248
245
227
168
152
149
198
238
181
148
152
227
221
144
131
137
140
145
205
253
251
244
243
243
243
243
243
243
243
249
243
103
82
78
222
238
247
246
246
239
233
232
237
236
236
230
177
150
156
159
157
157
151
144
136
144
199
85
82
103
243
249
243
243
243
243
243
243
243
245
253
225
152
173
241
245
245
243
245
247
249
247
245
243
243
243
243
243
243
243
243
249
235
155
135
133
135
127
81
123
131
134
134
136
139
140
137
131
174
238
247
246
243
243
243
243
243
243
243
243
243
243
243
243
243
243
243
243
243
243
243
243
243
243
243
247
238
227
83
243
243
243
243
243
243
243
243
243
244
249
245
229
153
138
131
135
145
149
145
129
138
146
148
139
140
148
185
235
238
244
246
243
243
243
243
243
243
243
243
247
238
215
103
222
246
251
245
244
245
248
250
251
251
251
253
248
240
232
232
235
238
234
185
139
136
147
89
88
79
222
238
247
243
243
243
243
243
245
249
254
251
209
83
128
190
253
246
245
251
238
243
238
251
245
243
243
243
243
243
243
243
247
245
222
146
134
134
81
81
86
134
135
133
135
137
140
140
139
145
196
251
249
243
243
243
243
243
243
243
243
243
243
243
243
243
243
243
243
243
243
243
243
243
243
243
249
243
120
83
243
243
243
243
243
243
243
243
244
248
245
234
153
139
137
140
141
139
138
144
139
117
130
143
145
175
235
243
248
250
245
243
243
243
243
243
243
243
243
243
245
251
238
243
238
251
245
243
243
243
243
243
243
243
243
244
246
249
251
254
254
250
212
152
144
135
144
192
111
223
246
251
245
243
243
243
243
245
251
241
239
219
94
76
95
234
250
247
251
246
222
104
219
243
251
246
244
243
243
243
243
243
245
253
228
154
135
93
79
82
140
155
157
154
159
151
147
140
137
133
180
239
247
245
243
243
243
243
243
243
243
243
243
243
243
243
243
243
243
243
243
243
243
243
243
243
247
238
227
83
243
243
243
243
243
243
243
243
247
244
235
153
141
139
141
142
141
144
143
142
132
110
123
152
224
244
246
250
245
244
243
243
243
243
243
243
243
243
243
243
243
245
247
249
247
245
243
243
243
243
243
243
243
243
243
243
243
243
243
246
250
208
141
136
139
135
155
215
250
241
251
245
243
243
243
243
245
251
246
227
105
80
78
72
171
243
254
247
238
222
79
85
100
237
242
246
251
245
244
243
243
243
245
253
228
155
136
133
80
77
178
231
237
232
236
220
147
134
138
136
142
198
250
247
243
243
243
243
243
243
243
243
243
243
243
243
243
243
243
243
243
243
243
243
243
243
245
251
244
243
243
243
243
243
243
243
244
246
250
243
160
139
136
138
137
135
136
139
136
115
99
113
143
179
245
253
246
244
243
243
243
243
243
243
243
243
243
243
243
243
243
243
243
243
243
243
243
243
243
243
243
243
243
243
243
243
243
243
243
247
248
202
135
132
142
132
151
223
254
248
245
243
243
243
243
243
247
238
222
82
79
73
89
125
177
243
249
249
243
103
84
77
206
146
169
232
239
241
246
243
243
243
247
243
221
145
137
131
75
81
115
250
254
252
254
239
164
139
140
134
137
195
249
250
243
243
243
243
243
243
243
243
243
243
243
243
243
243
243
243
243
243
243
243
243
243
243
245
245
243
243
243
243
243
243
243
246
243
241
196
146
132
134
142
152
154
149
147
125
107
99
106
210
239
248
248
243
243
243
243
243
243
243
243
243
243
243
243
243
243
243
243
243
243
243
243
243
243
243
243
243
243
243
243
243
243
243
243
243
249
252
207
140
135
140
139
156
228
250
244
243
243
243
243
243
243
249
243
103
83
91
206
145
131
166
217
251
247
238
215
109
217
162
140
137
143
187
246
248
243
243
243
249
236
152
140
141
87
83
87
224
239
247
243
247
242
232
174
141
133
136
190
243
248
243
243
243
243
243
243
243
243
243
243
243
243
243
243
243
243
243
243
243
243
243
243
243
243
243
243
243
243
243
243
243
243
251
248
182
145
138
142
146
175
235
236
196
189
179
136
109
125
100
227
243
248
243
243
243
243
243
243
243
243
243
243
243
243
243
243
243
243
243
243
243
243
243
243
243
243
243
243
243
243
243
243
243
243
243
248
244
202
137
137
138
140
209
244
247
243
243
243
243
243
243
243
247
238
215
103
230
230
159
130
176
240
249
245
251
239
252
228
162
134
134
131
178
242
250
243
243
243
250
229
155
130
138
155
105
227
246
251
245
243
244
249
251
220
146
134
139
146
207
250
246
243
243
243
243
243
243
243
243
243
243
243
243
243
243
243
243
243
243
243
243
243
243
243
243
243
243
243
243
243
243
246
246
236
163
131
131
149
222
245
250
251
250
245
189
140
124
70
83
106
244
248
243
243
243
243
243
243
243
243
243
243
243
243
243
243
243
243
243
243
243
243
243
243
245
247
249
247
245
243
243
243
243
243
245
252
224
154
140
139
134
146
216
252
247
243
243
243
243
243
243
243
245
251
238
245
248
234
149
129
182
246
252
243
246
251
253
234
151
136
138
138
185
245
251
243
243
243
251
230
156
133
145
174
242
246
251
245
243
243
243
246
251
219
149
133
132
136
198
247
247
243
243
243
243
243
243
243
243
243
243
243
243
243
243
243
243
243
243
243
243
243
243
243
243
243
243
243
243
243
243
250
251
180
140
136
141
161
243
253
246
245
253
251
192
140
84
82
87
224
240
247
243
243
243
244
244
246
248
250
251
252
250
248
245
244
243
243
243
243
243
243
243
245
251
238
243
238
251
245
243
243
243
243
247
241
208
139
136
140
135
146
215
250
246
243
243
243
243
243
243
243
243
245
247
249
253
228
146
128
179
243
251
243
245
244
238
161
143
140
138
138
182
245
250
243
243
243
252
235
156
131
135
183
251
254
244
243
243
243
243
246
251
217
142
133
139
146
208
250
247
243
243
243
243
243
243
243
243
243
243
243
243
243
243
243
243
243
243
243
243
243
243
243
243
243
243
243
243
243
246
247
237
170
131
133
146
226
244
247
243
245
246
238
178
133
124
96
218
251
252
245
243
243
244
246
244
248
241
239
231
232
231
238
241
247
243
243
243
243
243
243
245
251
246
222
103
215
238
247
243
243
243
244
251
223
145
141
139
140
140
175
230
248
244
243
243
243
243
243
243
243
243
243
243
244
251
226
148
128
178
243
251
243
249
244
171
138
137
143
139
136
181
245
250
243
243
245
254
236
174
96
107
178
244
252
243
243
243
243
243
246
251
217
145
130
137
190
242
248
243
243
243
243
243
245
247
249
247
245
243
243
243
243
243
243
243
243
243
243
243
243
243
243
243
243
243
243
243
245
251
253
193
143
134
137
172
238
250
244
243
246
252
201
149
141
131
150
226
253
247
243
243
245
250
249
241
197
217
166
152
153
155
183
244
248
243
243
243
243
243
243
247
238
222
78
82
103
243
249
243
243
243
244
249
217
147
132
139
136
157
219
247
247
243
243
243
243
243
243
243
243
243
243
243
244
251
226
146
127
180
243
251
243
252
240
166
133
137
140
136
137
186
248
252
243
245
251
249
227
96
89
94
156
248
253
243
243
243
243
243
246
251
217
145
129
142
198
250
251
243
243
243
243
245
251
238
243
238
251
245
243
243
243
243
243
243
243
243
243
243
243
243
243
243
243
243
243
244
243
242
235
176
132
136
148
228
246
247
243
243
245
246
238
176
135
135
147
190
243
248
243
246
247
243
239
175
149
141
140
132
132
130
171
242
253
243
243
243
243
243
243
249
243
103
82
78
222
238
247
243
243
243
245
253
222
150
134
140
141
204
247
248
244
243
243
243
243
243
243
243
243
243
243
243
244
251
226
148
129
181
246
254
249
251
237
159
133
145
146
144
131
175
237
245
245
246
238
224
90
79
75
93
147
238
250
246
243
243
243
243
246
251
218
145
128
139
196
248
249
243
243
243
245
251
246
222
103
215
238
247
243
243
243
243
243
243
243
243
243
243
243
243
243
243
243
243
243
247
248
213
156
143
137
140
216
246
248
244
243
243
243
252
247
186
139
136
137
171
234
251
247
249
245
204
150
142
138
136
140
142
140
135
166
237
248
246
243
243
243
243
243
247
238
215
103
222
246
251
245
243
243
244
249
247
217
143
133
136
189
244
250
245
243
243
243
243
243
243
243
243
243
243
243
243
245
253
228
150
127
171
239
247
243
238
170
140
137
164
215
147
135
150
199
254
246
248
245
107
86
72
98
97
120
190
252
247
243
243
243
243
246
251
218
149
128
139
195
248
249
243
243
243
247
238
222
78
82
103
243
249
243
243
243
243
243
243
243
243
243
243
243
243
243
243
243
243
243
247
248
199
136
132
131
146
219
252
245
243
243
243
243
250
245
184
135
136
135
156
233
252
242
240
199
140
136
135
137
139
139
141
140
137
142
184
248
248
243
243
243
243
243
245
253
242
248
242
253
245
243
243
243
247
244
230
153
143
132
137
194
248
250
243
243
243
243
243
243
243
243
243
243
243
243
243
247
245
222
142
132
139
187
248
209
154
138
139
152
243
226
153
126
168
232
242
247
247
244
218
98
121
106
95
111
182
246
249
243
243
243
243
247
253
221
149
129
138
195
248
249
243
243
243
249
243
103
82
78
222
238
247
243
243
243
243
243
243
243
243
243
243
243
243
243
243
243
243
243
247
249
202
140
134
137
145
222
250
244
243
243
243
243
248
249
191
143
138
133
155
235
254
231
170
140
140
136
145
142
152
142
144
138
136
135
180
245
252
243
243
243
243
243
245
253
242
248
242
253
245
243
243
244
251
239
162
141
137
135
143
198
249
247
243
243
243
243
243
243
243
243
243
243
243
243
243
250
236
155
139
133
147
206
248
187
135
129
143
224
254
228
149
131
147
196
251
248
247
250
231
157
128
109
98
115
188
247
250
243
243
243
243
247
243
213
140
131
138
196
247
248
243
243
243
247
238
215
103
222
246
251
245
243
243
243
243
243
243
243
243
243
243
243
243
243
243
243
243
243
247
249
201
141
131
139
194
239
248
243
243
243
243
243
246
247
238
170
134
133
149
232
248
214
137
132
136
130
137
199
177
218
158
140
136
134
173
239
247
246
243
243
243
245
251
246
222
103
215
238
247
243
245
248
249
229
149
136
137
137
181
242
246
245
243
243
243
243
243
243
243
243
243
243
243
243
243
250
231
160
132
134
175
245
246
180
134
130
150
229
254
225
149
128
137
188
245
250
251
248
174
148
133
105
104
134
186
246
250
243
243
243
245
253
231
147
138
135
153
211
250
247
243
243
243
245
251
238
243
238
251
245
243
243
243
243
243
243
243
243
243
243
243
243
243
243
243
243
243
243
249
252
204
142
131
153
218
250
246
243
243
243
243
243
243
250
249
184
144
134
148
169
226
150
140
138
147
148
161
215
252
242
234
149
138
132
142
191
249
248
243
243
243
247
238
222
78
82
103
243
249
243
247
241
236
170
145
138
137
158
215
251
248
243
243
243
243
243
243
243
243
243
243
243
243
243
243
251
235
175
132
136
184
253
210
145
132
135
162
234
254
223
149
128
139
190
246
252
245
233
164
138
131
108
109
138
188
246
250
243
243
243
247
243
217
140
130
135
182
241
248
244
243
243
243
243
245
247
249
247
245
243
243
243
243
243
243
243
243
243
243
243
243
243
243
243
243
243
243
243
248
243
196
136
131
157
219
250
246
243
243
243
243
243
243
246
247
238
165
134
144
185
147
143
133
136
184
232
239
239
249
251
248
231
149
138
133
184
244
250
243
243
243
249
243
103
82
78
222
238
247
245
252
244
163
140
140
138
137
176
242
250
243
243
243
243
243
243
243
243
243
243
243
243
243
243
243
251
234
164
134
136
182
240
193
131
135
143
221
246
254
223
149
128
138
190
246
254
246
172
143
141
132
112
130
139
186
245
250
243
244
246
253
239
155
141
136
145
195
251
249
243
243
243
243
243
243
243
243
243
243
243
243
243
243
243
243
243
243
243
243
243
243
243
243
243
243
243
243
247
252
217
148
138
133
150
216
250
246
243
243
243
243
243
243
243
253
243
175
139
144
153
142
137
133
149
209
254
253
247
245
245
251
241
214
133
135
188
245
250
243
243
243
247
238
215
103
222
246
251
248
240
245
226
158
134
140
139
136
180
244
252
243
243
243
243
243
243
243
243
243
243
243
243
243
243
243
252
229
155
130
138
181
202
148
138
148
219
245
249
253
223
151
129
140
191
251
254
236
161
134
140
134
120
135
142
190
245
250
243
246
241
240
216
147
129
132
173
238
248
246
243
243
243
243
243
243
243
243
243
243
243
243
243
243
243
243
243
243
243
243
243
243
243
243
243
243
243
243
247
243
202
135
136
135
142
211
251
246
243
243
243
243
243
243
243
252
242
175
136
133
89
132
142
148
190
243
246
244
243
243
244
251
235
163
136
135
188
245
250
243
243
243
245
251
238
243
238
251
246
252
248
183
177
153
139
141
135
133
176
243
252
246
249
247
245
243
243
243
243
243
243
243
243
243
243
243
252
229
151
131
142
161
167
136
131
202
247
250
245
252
225
153
130
135
183
245
251
199
152
138
143
141
142
137
140
190
253
254
252
254
245
176
148
145
135
143
188
251
250
243
243
243
243
243
243
243
243
243
243
243
243
243
243
243
243
243
243
243
243
243
243
243
243
243
243
243
243
243
249
221
149
136
140
134
144
211
250
246
243
243
243
243
243
243
243
252
242
172
127
77
77
82
161
231
243
244
247
243
243
243
244
250
223
150
128
137
186
245
250
243
243
243
243
245
247
249
249
250
254
248
238
166
139
141
141
139
144
152
201
247
254
238
243
238
251
245
243
243
243
243
243
243
243
243
243
243
252
229
150
132
142
147
143
139
146
215
252
247
244
251
221
146
131
136
141
205
248
180
137
138
139
142
141
141
139
181
234
236
232
239
225
152
132
137
132
166
236
248
246
243
243
243
243
243
243
243
243
243
243
243
243
243
243
243
243
243
243
243
243
243
243
243
243
243
243
243
243
243
251
222
150
139
140
136
142
213
250
246
243
243
243
243
243
243
243
252
243
171
85
77
84
140
185
249
253
245
244
243
243
243
244
251
226
151
130
137
188
245
250
243
245
247
249
247
245
245
251
242
239
215
107
151
137
141
141
137
160
232
246
252
249
222
103
215
238
247
243
243
243
243
243
243
243
243
243
244
253
233
155
134
142
141
135
133
193
242
247
243
243
251
232
155
142
134
138
205
249
182
135
138
140
122
141
141
141
148
153
150
162
164
150
145
137
133
134
170
248
250
243
243
243
243
243
245
247
249
247
245
243
243
243
243
243
243
243
243
243
243
243
243
243
243
243
243
243
243
243
243
248
237
199
133
140
134
156
219
250
246
243
243
243
243
243
243
243
252
242
169
123
80
143
223
246
243
245
243
243
243
243
243
244
252
229
153
130
139
191
247
249
244
251
238
243
238
253
253
246
228
106
81
86
85
143
144
140
133
163
240
254
240
222
78
82
103
243
249
243
243
243
243
243
243
243
243
243
247
245
226
148
137
141
140
136
144
207
252
248
243
245
254
240
211
136
137
150
208
238
172
134
136
135
142
140
141
140
138
135
134
135
136
136
137
146
145
162
238
245
246
243
243
243
243
245
251
238
243
238
251
245
243
243
243
243
243
245
249
251
251
249
245
243
243
243
243
243
243
243
243
250
224
151
140
140
136
151
217
251
247
248
253
254
254
254
254
254
255
250
175
128
136
153
246
253
246
244
243
243
243
243
243
246
254
231
150
77
144
206
251
249
251
246
222
103
215
242
242
223
86
69
70
81
134
138
142
138
138
165
243
254
243
103
82
78
222
238
247
243
243
243
243
243
243
243
243
243
249
238
158
139
140
140
136
138
191
243
246
244
245
252
248
225
101
133
137
144
168
164
145
145
152
160
151
139
141
142
142
142
139
136
136
134
132
150
223
242
243
247
244
243
243
243
245
251
246
222
103
217
243
254
254
254
254
254
254
254
241
224
221
232
247
243
245
247
249
247
245
243
243
248
225
161
138
138
135
147
217
252
250
232
222
208
210
210
210
210
216
219
170
159
174
247
254
254
254
254
254
254
254
254
254
254
253
221
89
78
111
250
254
252
240
222
78
82
103
248
248
105
89
73
97
160
143
142
138
140
160
237
243
250
238
215
103
222
246
251
245
243
243
243
243
243
243
243
243
243
251
233
150
134
138
137
140
176
235
248
248
243
247
238
221
84
76
84
140
142
141
141
136
136
215
220
154
137
143
142
142
141
149
157
168
162
159
184
254
255
254
254
254
254
254
254
254
250
232
88
92
116
242
232
209
210
210
210
210
212
215
111
124
237
249
245
251
238
243
238
251
243
243
247
245
206
140
137
137
140
209
246
254
239
126
116
121
121
121
120
123
108
152
183
208
212
215
212
210
210
210
210
210
210
210
216
211
91
71
63
145
209
234
246
254
116
95
92
236
254
254
230
111
170
146
147
154
146
151
167
251
254
255
254
255
252
254
252
255
254
254
254
254
254
254
254
254
254
254
254
255
245
181
142
146
151
189
254
254
254
254
254
255
254
117
100
84
143
144
149
147
146
143
155
179
241
169
140
146
146
150
138
132
175
208
201
152
199
210
213
210
210
210
210
210
210
215
209
84
60
60
188
212
119
119
121
121
121
121
119
116
212
224
232
249
251
246
222
103
215
238
243
243
248
250
210
144
135
139
141
145
222
249
237
223
208
210
210
210
210
215
211
113
117
125
123
121
121
121
121
121
121
121
121
121
125
107
94
76
96
112
123
118
218
209
183
70
189
215
221
225
216
191
130
137
129
129
122
129
199
212
215
211
210
212
214
215
214
212
210
210
210
210
210
210
210
210
210
210
210
216
208
134
123
123
147
211
216
216
211
211
210
214
207
183
75
168
127
127
131
130
129
124
123
197
201
137
124
130
125
124
164
108
126
125
124
118
127
125
121
121
121
121
121
121
121
123
110
102
91
108
116
123
217
212
210
210
210
210
209
227
240
254
249
249
238
222
78
82
103
243
243
243
245
250
222
160
139
139
139
138
145
230
253
254
254
254
254
254
254
254
243
230
211
212
211
210
210
210
210
210
210
210
210
212
220
208
138
123
157
218
220
215
117
126
115
120
115
128
123
118
114
104
99
96
94
99
102
115
120
123
121
121
121
121
121
121
121
121
121
121
121
121
121
121
121
121
121
121
121
123
118
104
89
86
104
116
126
121
120
121
121
122
128
115
123
111
112
96
94
96
94
97
107
126
117
105
91
95
97
104
114
229
221
191
71
185
209
215
210
210
210
210
210
210
210
212
215
220
222
220
214
228
241
254
254
254
254
254
254
253
249
245
243
249
243
103
82
78
222
238
243
243
243
247
244
199
139
137
140
139
142
155
226
240
242
246
243
243
243
245
249
253
254
254
254
254
254
254
254
254
254
254
254
255
254
238
153
138
183
253
255
241
227
210
214
215
214
215
218
193
132
121
127
129
125
131
198
222
216
211
211
210
210
210
210
210
210
210
210
210
210
210
210
210
210
210
210
210
210
212
217
211
143
136
162
215
215
210
210
210
210
210
212
214
220
222
192
128
123
128
125
129
195
225
207
136
123
126
132
176
237
244
237
92
95
116
254
255
254
254
254
254
254
254
254
254
254
254
254
254
254
253
249
245
243
243
243
243
243
243
243
243
243
247
238
215
103
222
246
251
243
243
243
247
251
217
155
135
139
143
139
143
148
181
245
253
245
244
243
243
243
243
243
243
243
243
243
243
243
243
243
243
245
246
238
157
138
130
171
239
253
248
253
254
254
254
254
255
254
225
150
143
148
148
139
153
227
255
254
254
254
254
254
254
254
254
254
254
254
254
254
254
254
254
254
254
254
254
254
254
254
250
243
235
247
253
254
254
254
254
254
254
254
254
254
254
221
151
140
146
145
164
236
255
243
164
140
143
145
193
254
253
104
82
78
222
238
247
243
243
243
243
243
243
243
243
243
243
243
243
243
243
243
243
243
243
243
243
243
243
243
243
243
245
251
238
243
238
251
245
243
243
243
243
246
246
196
140
135
137
139
138
134
155
225
246
249
254
251
249
246
244
243
243
243
243
243
243
243
243
243
243
249
243
180
140
131
135
169
245
249
243
243
243
243
243
245
252
231
153
139
140
143
140
135
146
219
249
246
243
243
243
243
243
243
243
243
243
243
243
243
243
243
243
243
243
243
243
243
243
244
247
249
250
249
246
244
243
243
243
243
243
243
243
246
250
212
144
131
133
135
204
243
254
228
151
132
134
129
174
246
246
215
103
222
246
251
245
243
243
243
243
243
243
243
243
243
243
243
243
243
243
243
243
243
243
243
243
243
243
243
243
243
243
245
247
249
247
245
243
243
243
243
243
246
248
244
192
145
143
138
140
141
146
148
178
235
234
233
239
248
252
250
247
244
243
243
243
243
243
243
244
253
240
165
132
140
163
240
243
247
243
243
243
243
243
247
244
216
139
135
142
142
140
139
172
230
249
244
243
243
243
243
243
243
243
243
243
243
243
243
243
243
243
243
243
243
243
243
243
243
243
243
243
243
243
243
243
243
243
243
243
243
243
245
248
225
165
139
137
143
216
251
252
237
159
139
134
139
183
251
254
238
243
238
251
245
243
243
243
243
243
243
243
243
243
243
243
243
243
243
243
243
243
243
243
243
243
243
243
243
243
243
243
243
243
243
243
243
243
243
243
243
243
243
247
246
243
237
170
140
137
139
139
136
144
150
156
151
177
222
232
237
241
247
244
243
243
243
243
244
247
250
235
154
128
153
234
249
247
244
243
243
243
243
244
252
236
159
141
140
145
140
145
152
222
248
247
243
243
243
243
243
243
243
243
243
243
243
243
243
243
243
243
243
243
243
243
243
243
243
243
243
243
243
243
243
243
243
243
243
243
243
243
244
244
242
239
192
154
210
241
246
248
245
223
143
130
172
239
248
247
246
249
247
245
243
243
243
243
243
243
243
243
243
243
243
243
243
243
243
243
243
243
243
243
243
243
243
243
243
243
243
243
243
243
243
243
243
243
243
243
247
247
245
243
245
250
249
243
164
137
132
134
136
135
135
133
133
141
148
152
153
227
243
247
243
243
243
243
246
244
241
165
138
139
168
245
250
244
243
243
243
243
243
246
242
218
139
135
144
142
129
85
196
237
250
244
243
243
243
243
243
243
243
243
243
243
245
247
249
247
245
243
243
243
243
243
243
243
243
243
243
243
243
243
243
243
243
243
243
243
243
243
243
244
249
247
241
239
240
248
245
245
253
228
148
131
183
247
253
243
243
243
243
243
243
243
243
243
243
243
243
243
243
243
243
243
243
243
243
243
243
243
243
243
243
243
243
243
243
243
243
243
243
243
243
243
243
243
243
243
237
238
251
245
243
244
247
246
238
168
148
154
146
140
136
140
140
139
135
131
133
152
234
249
243
243
243
243
250
248
177
138
130
149
227
245
246
243
243
243
243
243
243
247
243
153
142
136
140
129
74
83
109
246
250
243
243
243
243
243
243
243
243
243
243
245
251
238
243
238
251
245
243
243
243
243
243
243
243
243
243
243
243
243
243
243
243
243
243
243
243
243
243
243
243
245
247
248
247
245
243
244
251
226
147
129
179
244
251
243
243
243
243
243
243
243
243
243
243
243
243
243
243
243
243
243
243
243
243
243
243
243
243
243
243
243
243
243
243
243
243
243
243
243
243
243
243
243
243
243
101
215
238
247
243
243
244
248
244
239
232
233
217
155
144
137
132
135
133
130
131
153
234
249
243
243
243
246
248
237
165
129
139
165
241
251
244
243
243
243
243
243
243
246
240
226
142
136
136
82
80
85
223
238
247
243
243
243
243
243
243
243
243
243
245
251
246
222
103
215
238
247
243
243
243
243
243
243
243
243
243
243
243
243
243
243
243
243
243
243
243
243
243
245
247
249
247
245
243
243
243
245
253
228
148
127
178
243
251
243
243
243
243
243
243
243
243
243
243
243
243
243
243
243
243
243
243
243
243
243
243
243
243
243
243
243
243
243
243
243
243
243
243
243
243
243
243
243
243
83
86
103
243
249
243
243
243
244
246
249
251
253
246
241
203
150
152
154
152
151
155
226
243
247
243
243
243
249
250
189
143
131
144
224
245
247
243
243
243
243
243
243
243
244
249
246
226
147
135
160
104
226
246
251
245
243
243
243
243
243
243
243
243
243
247
238
222
78
82
103
243
249
243
243
243
243
243
243
243
243
243
245
247
249
247
245
243
243
243
243
243
243
245
251
238
243
238
251
245
243
243
246
243
218
134
122
170
242
251
243
243
243
243
243
243
243
243
243
243
243
243
243
243
243
243
243
243
243
243
243
243
243
243
243
243
243
243
243
243
243
243
243
243
243
243
243
243
243
243
83
95
222
238
247
243
243
243
243
243
243
243
244
247
249
242
236
231
232
232
230
237
241
247
244
243
243
247
250
241
174
129
134
161
237
250
244
243
243
243
243
243
243
243
243
244
247
243
237
214
191
241
242
251
245
243
243
243
243
243
243
243
243
243
243
249
243
103
82
78
222
238
247
243
243
243
243
243
243
243
243
245
251
238
243
238
251
245
243
243
243
243
245
251
246
222
103
215
238
247
243
243
246
242
175
153
146
184
245
248
243
243
243
243
243
243
243
243
243
243
243
243
243
243
243
243
243
243
243
243
243
243
243
243
243
243
243
243
243
243
243
243
243
243
243
243
243
243
243
243
83
232
246
251
245
243
243
243
243
243
243
243
243
243
245
248
250
252
253
253
251
250
247
244
243
243
247
248
246
189
137
136
142
225
244
247
243
243
243
243
243
243
243
243
243
243
244
247
249
246
246
247
249
245
243
243
243
243
243
243
243
243
243
243
243
247
238
215
103
222
246
251
245
243
243
243
243
243
243
243
245
251
246
222
103
215
238
247
243
243
243
243
247
238
222
78
82
103
243
249
243
245
248
244
237
229
229
238
242
246
243
243
243
243
243
243
243
243
243
243
243
243
243
243
243
243
243
243
243
243
243
243
243
243
243
243
243
243
243
243
243
243
243
243
243
243
243
243
243
243
243
244
251
245
243
243
243
243
243
243
243
243
243
243
243
243
243
243
243
243
243
243
243
243
243
245
246
245
194
137
137
143
221
246
248
244
243
243
243
243
243
243
243
243
243
243
243
243
244
245
245
244
244
243
243
243
243
243
243
243
243
243
243
243
243
245
251
238
243
238
251
245
243
243
243
243
243
243
243
243
247
238
222
78
82
103
243
249
243
243
243
243
249
243
103
82
78
222
238
247
245
251
239
246
244
254
252
249
246
244
243
243
243
243
243
243
243
243
243
243
243
243
243
243
243
243
243
243
243
243
243
243
243
243
243
243
243
243
243
243
243
243
243
243
243
243
243
243
243
243
243
245
245
243
243
243
243
243
243
243
243
243
243
243
243
243
243
243
243
243
243
243
243
243
243
246
247
204
138
128
131
205
245
249
245
243
243
243
243
243
243
243
243
243
243
243
243
243
243
243
243
243
243
243
243
243
243
243
243
243
243
243
243
243
243
243
245
247
249
247
245
243
243
243
243
243
243
243
243
243
249
243
103
82
78
222
238
247
243
243
243
243
247
238
215
103
222
246
251
247
251
246
222
103
215
238
247
243
243
243
243
243
243
243
243
243
243
243
243
243
243
243
243
243
243
243
243
243
243
243
243
243
243
243
243
243
243
243
243
243
243
243
243
243
243
243
243
243
243
243
243
243
243
243
243
243
243
243
243
243
243
243
243
243
243
243
243
243
243
243
243
243
243
243
243
247
227
169
138
135
150
218
249
247
243
243
243
243
243
243
243
243
243
243
243
243
243
243
243
243
243
243
243
243
243
243
243
243
243
243
243
243
243
243
243
243
243
243
243
243
243
243
243
243
243
243
243
243
243
243
247
237
212
98
219
244
251
245
243
243
243
243
245
251
238
243
238
251
245
245
244
232
95
86
101
237
247
243
243
243
243
243
243
243
243
243
243
243
243
243
243
243
243
243
243
243
243
243
243
243
243
243
243
243
243
243
243
243
243
243
243
243
243
243
243
243
243
243
243
243
243
243
243
243
243
243
243
243
243
243
243
243
243
243
243
243
243
243
243
243
243
243
243
243
243
247
216
137
136
199
249
243
243
243
243
243
243
243
243
243
243
243
243
243
243
243
243
243
243
243
243
243
243
243
243
243
243
243
243
243
243
243
243
243
243
243
243
243
243
243
243
243
243
243
243
243
243
243
243
243
243
243
243
243
243
243
243
243
243
243
243
243
243
243
243
243
243
243
243
243
243
83
83
83
243
243
243
243
243
243
243
243
243
243
243
243
243
243
243
243
243
243
243
243
243
243
243
243
243
243
243
243
243
243
243
243
243
243
243
243
243
243
243
243
243
243
243
243
243
243
