250
250
250
250
250
250
250
250
250
250
250
250
250
250
250
250
250
250
250
250
250
250
250
250
250
250
250
250
250
250
250
250
250
250
250
250
250
250
250
250
250
250
250
250
250
250
250
250
250
250
250
250
250
86
86
86
250
250
250
250
250
250
250
250
250
250
86
250
250
250
250
250
250
250
250
250
250
250
250
250
250
250
250
250
250
250
250
250
250
250
250
250
250
250
250
250
86
86
86
250
250
250
250
250
250
250
250
250
250
250
250
250
250
250
250
250
250
250
250
250
250
250
250
250
250
250
250
250
250
250
250
250
250
250
250
250
250
250
250
250
250
250
250
250
250
250
250
250
250
250
250
250
250
251
254
246
250
246
254
251
250
250
250
250
250
250
250
250
250
250
250
250
250
250
250
250
250
250
250
250
250
250
250
250
250
250
250
250
250
250
250
250
250
250
250
250
250
250
250
250
250
251
251
233
124
233
251
251
250
250
250
250
252
244
222
83
83
110
251
249
253
236
253
246
254
251
250
250
250
250
250
250
250
250
250
250
250
250
250
250
250
250
250
252
244
105
89
98
239
251
251
250
250
251
254
251
225
102
219
244
252
250
250
250
250
250
250
250
250
250
250
250
250
250
250
250
250
250
250
250
250
250
250
250
250
250
250
250
250
250
250
250
250
250
250
250
250
250
250
250
250
251
253
255
254
230
107
222
246
252
250
250
250
250
250
250
250
250
250
250
250
250
250
250
250
250
250
250
250
250
250
250
250
250
250
250
250
250
250
250
250
250
250
250
250
250
250
250
250
250
250
251
254
246
250
246
254
251
250
250
250
250
253
250
107
85
83
236
249
233
119
208
114
222
246
252
250
250
250
250
250
250
250
250
250
250
250
250
250
250
250
250
250
252
246
222
107
228
252
254
251
250
250
252
246
228
82
85
107
250
253
250
250
250
250
250
250
250
250
250
250
250
250
250
250
250
250
250
250
250
250
250
250
250
250
250
250
250
250
250
250
250
250
250
250
250
250
251
251
250
250
254
249
246
223
89
86
107
250
253
250
250
250
250
250
250
250
250
250
250
250
250
250
250
250
250
250
250
250
250
250
250
250
250
250
250
250
250
250
250
250
250
250
250
250
250
250
250
250
250
250
250
251
252
253
252
251
250
250
250
250
250
252
246
222
107
231
249
236
88
85
67
92
107
250
253
250
250
250
250
250
250
250
250
250
250
250
250
250
250
250
250
250
251
254
246
250
246
254
251
250
250
250
253
250
107
85
82
228
246
252
250
250
250
250
250
250
250
250
250
250
250
250
250
250
250
250
250
250
250
250
250
250
250
250
250
250
250
250
250
250
250
250
250
250
250
251
254
251
250
250
251
233
107
78
80
85
228
246
252
250
250
250
250
250
250
250
250
250
250
250
250
250
250
250
250
250
250
250
250
250
250
250
250
250
250
250
251
252
253
252
251
250
250
250
250
250
250
250
251
252
253
253
253
253
253
252
251
250
250
250
250
251
254
246
250
250
254
108
92
67
85
86
228
246
252
250
250
250
250
250
250
250
250
250
250
250
250
250
250
250
250
250
250
251
252
253
252
251
250
250
250
250
252
246
222
107
228
252
254
251
250
250
250
250
250
250
250
250
250
250
250
250
250
250
250
250
250
250
250
250
250
250
250
250
250
250
250
250
250
250
250
250
250
250
250
252
246
233
86
250
225
85
80
78
107
233
252
254
251
250
250
250
250
250
250
250
250
250
250
250
250
250
250
250
250
250
250
250
250
250
250
250
250
250
250
251
254
246
250
246
254
251
250
250
250
250
251
252
254
250
243
243
254
251
252
248
255
252
251
250
250
250
251
252
253
254
250
225
117
212
125
235
254
255
251
250
250
250
250
250
250
250
250
250
250
250
250
250
250
250
250
250
250
250
250
250
250
250
250
250
250
250
251
254
246
250
246
254
251
250
250
250
250
250
250
250
250
250
250
250
250
250
250
250
250
250
250
250
250
250
250
250
250
250
250
250
250
250
250
250
250
250
250
250
250
253
250
124
86
250
102
86
89
223
246
249
254
251
250
250
250
250
250
250
250
250
250
250
250
250
250
250
250
250
250
250
250
250
250
250
250
250
250
250
251
254
252
228
107
222
246
252
250
250
250
250
252
248
246
233
155
156
238
226
114
219
246
252
254
252
251
250
250
251
253
247
254
245
255
235
243
239
254
255
252
251
250
250
250
250
250
250
250
250
250
250
250
250
250
250
250
250
250
250
250
250
250
250
250
250
250
250
250
251
252
253
252
251
250
250
250
250
250
250
250
250
250
250
250
250
250
250
250
250
250
250
250
250
250
250
250
250
250
250
250
250
250
250
250
250
250
250
250
250
250
252
246
233
86
250
219
107
230
254
255
253
251
250
250
250
250
250
250
250
250
250
250
250
250
250
250
250
250
250
250
250
250
250
250
250
250
250
250
250
252
246
228
82
85
107
250
253
250
250
250
250
253
245
186
144
137
136
148
90
90
93
161
232
245
248
253
253
252
253
249
235
155
234
247
205
160
160
233
248
251
254
252
251
250
250
250
250
250
250
250
250
250
250
250
250
250
250
250
251
252
252
252
251
250
250
250
250
250
250
250
250
250
250
250
250
250
250
250
250
250
250
250
250
250
250
250
250
250
250
250
250
250
250
250
250
250
250
250
250
250
250
250
250
250
250
250
250
250
250
250
251
254
251
250
250
244
250
246
254
251
250
250
250
250
250
250
250
250
250
250
250
250
250
250
250
250
250
250
250
250
250
250
250
250
250
250
250
250
250
253
250
107
85
82
228
246
252
250
250
250
250
254
238
156
131
139
140
88
81
78
125
139
142
171
252
252
251
246
255
245
157
141
142
155
145
134
139
144
163
231
245
246
252
250
250
250
250
250
250
250
250
250
250
250
250
250
250
250
252
243
249
248
254
252
251
250
250
250
250
250
250
250
250
250
250
250
250
250
250
250
250
250
250
250
250
250
250
250
250
250
250
250
250
250
250
250
250
250
250
250
250
250
250
250
250
250
250
250
250
250
250
251
251
250
250
252
253
252
251
250
250
250
250
250
250
250
250
250
250
250
250
250
250
250
250
250
250
250
250
250
250
250
250
250
250
250
250
250
250
252
246
222
107
228
252
254
251
250
250
250
251
255
241
157
134
144
142
133
93
135
142
142
132
151
233
228
109
223
253
242
153
130
136
137
139
140
139
134
142
143
168
245
254
251
250
250
250
250
250
250
250
250
250
250
250
250
250
251
255
241
168
225
245
246
252
250
250
250
250
250
250
250
250
250
250
250
250
250
250
250
250
250
250
250
250
250
250
250
250
250
250
250
250
250
250
250
250
250
250
250
250
250
250
250
250
250
250
250
250
250
250
250
250
250
250
250
250
250
250
250
250
250
250
250
250
250
250
250
250
250
250
250
251
251
251
251
251
250
250
250
250
250
250
250
250
250
250
251
252
253
255
246
250
246
254
251
250
250
250
250
252
250
233
146
136
141
141
132
134
131
138
140
135
144
146
88
89
108
250
235
146
136
143
142
140
137
134
135
137
130
145
231
252
252
250
250
250
250
250
250
250
250
250
250
250
250
250
252
251
228
149
137
165
242
253
250
250
250
250
250
250
250
250
250
250
250
250
250
250
250
250
250
250
250
250
250
250
250
250
250
250
250
250
250
250
250
250
250
250
250
250
250
250
250
250
250
250
250
250
250
250
250
250
250
250
250
250
250
250
250
250
250
250
250
250
250
250
250
250
250
250
251
252
251
252
250
251
250
250
250
250
250
250
250
251
252
253
254
250
252
252
255
254
253
251
250
250
250
250
250
254
244
151
139
136
135
143
143
150
157
178
156
140
89
76
79
90
232
247
164
142
128
134
131
142
147
160
149
143
134
141
165
248
254
251
250
250
250
251
252
253
252
251
250
250
250
250
253
245
157
138
125
148
233
255
250
250
250
250
250
250
250
250
250
250
250
250
250
250
250
250
250
250
250
250
250
250
250
250
250
250
250
250
250
250
250
250
250
250
250
250
250
250
250
250
250
250
250
250
250
250
250
250
250
250
250
250
250
250
250
250
250
250
250
250
250
250
251
252
253
254
255
252
241
209
248
255
252
251
250
250
250
250
251
253
248
248
241
236
169
228
245
246
252
250
250
250
250
251
252
255
238
151
127
145
149
169
233
238
243
235
217
84
80
77
99
229
254
252
236
153
153
155
154
152
233
244
236
152
139
129
145
232
251
252
250
250
251
254
246
250
246
254
251
250
250
250
255
236
155
132
132
154
238
254
250
250
250
250
250
250
250
250
250
250
250
250
250
250
250
250
250
250
250
250
250
250
250
250
250
250
250
250
250
250
250
250
250
250
250
250
250
250
250
250
250
250
250
250
250
250
250
250
250
250
250
250
250
250
250
250
250
250
250
250
250
250
251
252
245
239
240
235
157
156
227
248
249
253
251
250
250
250
252
249
235
156
194
148
146
138
165
244
255
251
250
250
251
254
246
255
234
163
129
149
229
252
252
254
255
255
117
91
80
124
156
240
255
254
249
244
235
238
235
244
250
255
253
244
152
140
137
158
245
253
250
251
254
252
228
107
222
246
252
250
250
251
255
239
158
128
146
185
246
254
250
250
250
250
250
250
250
250
250
250
250
250
250
250
250
250
250
250
250
250
250
250
250
250
250
250
250
250
250
250
250
250
250
250
250
250
250
250
250
250
250
250
250
250
250
250
250
250
250
250
250
250
250
250
250
250
250
250
250
250
250
250
252
246
203
153
155
149
139
141
147
159
240
252
254
252
251
251
254
247
157
140
135
140
134
129
143
231
251
252
250
251
254
252
229
118
212
150
129
156
243
255
252
251
252
246
228
100
137
131
158
239
255
251
252
254
255
255
255
254
252
252
253
253
236
148
125
151
235
254
250
252
246
228
82
85
107
250
253
250
251
254
253
228
99
120
148
237
249
252
250
250
250
250
250
250
250
250
250
250
250
250
250
250
250
250
250
250
250
250
250
250
250
250
250
250
250
250
250
250
250
250
250
250
250
250
250
250
250
250
250
250
250
250
250
250
250
250
250
250
250
250
250
250
250
250
250
250
250
250
250
251
255
243
157
134
132
134
136
135
131
136
150
237
249
251
251
252
251
232
144
133
139
141
140
138
140
163
251
255
254
254
247
228
85
87
90
144
140
173
247
253
250
250
251
254
252
236
147
129
155
237
255
250
250
250
250
250
250
250
250
250
251
255
240
154
124
155
241
255
251
253
250
107
85
82
228
246
252
250
253
248
233
93
85
81
156
241
255
251
250
250
250
250
250
250
250
250
250
250
250
250
250
250
250
250
250
250
250
250
250
250
250
250
250
250
250
250
250
250
250
250
250
250
250
250
250
250
250
250
250
250
250
251
252
253
252
251
250
250
250
250
250
250
250
250
250
250
250
250
250
252
251
232
147
135
138
136
135
145
143
141
137
145
208
249
254
255
249
162
141
136
138
150
148
150
132
147
228
239
241
250
252
107
91
76
142
129
149
235
252
252
250
250
250
251
255
242
158
126
155
237
255
250
250
250
250
250
250
250
250
250
250
253
246
160
135
144
234
252
252
252
247
225
111
231
253
254
251
251
255
247
109
80
74
130
169
247
253
250
250
250
250
250
250
250
250
250
250
250
250
250
250
250
250
250
250
250
250
250
250
250
250
250
250
250
250
250
250
250
250
250
250
250
250
250
250
250
250
250
250
250
251
254
246
250
246
254
250
250
250
250
250
250
250
250
250
250
250
250
251
254
248
160
141
134
144
150
160
177
234
156
139
134
145
236
252
254
234
145
128
144
136
164
213
149
124
137
146
149
164
248
252
223
115
214
156
132
157
240
255
251
250
250
250
251
255
240
158
126
156
238
255
250
250
250
250
250
250
250
250
250
250
252
252
234
144
133
158
245
253
252
255
240
250
240
255
252
250
252
252
229
134
83
138
161
250
253
252
250
250
250
250
250
250
250
250
250
250
250
250
250
250
250
250
250
250
250
250
250
250
251
252
253
252
251
250
250
250
250
250
250
250
250
250
250
250
250
250
250
250
251
254
252
228
107
222
246
250
250
250
250
250
250
250
250
250
250
250
250
252
251
231
145
131
143
157
237
241
248
251
235
145
130
136
150
240
246
152
142
140
154
228
177
234
165
145
156
144
133
138
233
255
249
255
236
164
126
156
238
255
250
250
250
250
252
252
233
147
126
152
236
254
250
250
250
250
250
250
250
250
250
250
251
255
241
157
124
153
237
255
254
253
231
111
225
247
252
251
254
248
164
141
137
144
228
246
252
253
251
250
250
250
250
250
250
250
250
250
250
250
250
250
250
250
250
250
250
250
250
251
254
246
250
246
254
251
250
250
250
250
250
250
250
250
250
250
250
250
250
250
252
246
228
82
85
107
250
250
250
250
250
250
250
250
250
250
250
250
251
254
248
161
140
132
147
236
254
255
254
255
248
159
138
135
156
236
161
136
128
145
236
246
252
238
244
233
243
230
146
131
159
244
255
254
236
148
126
151
236
254
250
250
250
250
253
246
165
139
138
161
245
253
250
250
250
250
250
250
250
250
250
250
250
254
237
159
125
152
238
255
248
228
82
85
107
250
253
253
252
232
146
134
139
146
150
163
241
252
253
251
250
250
250
250
250
250
250
250
250
250
250
250
250
250
250
250
250
250
251
254
252
228
107
222
246
252
250
250
250
250
250
250
250
250
250
250
250
250
250
250
253
250
107
85
82
230
247
250
250
250
250
250
250
250
250
250
250
250
252
251
231
144
129
137
161
248
254
251
250
252
251
231
138
138
239
237
155
128
140
158
249
255
253
254
254
254
255
241
148
127
149
243
255
247
159
137
137
164
245
253
250
250
250
251
255
240
156
127
147
234
252
252
250
250
251
252
253
252
251
250
250
250
250
254
237
148
127
141
195
251
252
107
85
82
228
246
253
249
241
151
142
136
147
142
140
135
151
242
252
253
251
250
250
250
250
250
250
250
250
250
250
250
250
250
250
250
250
250
252
246
228
82
85
107
250
253
250
250
250
250
250
250
250
250
250
250
250
250
250
250
252
246
222
107
230
255
255
250
250
250
250
250
250
250
250
250
250
250
254
245
158
137
137
147
236
250
252
250
250
252
255
252
160
156
247
250
158
128
147
233
251
252
250
250
250
250
254
242
163
151
237
251
248
231
144
127
147
234
253
252
250
250
250
252
251
233
147
128
156
240
255
251
250
251
254
246
250
246
254
251
250
250
250
254
236
154
129
144
156
252
251
222
107
228
252
255
255
247
159
136
131
142
166
226
149
127
137
151
242
252
253
251
250
250
250
250
250
250
250
250
250
250
250
250
250
250
250
250
253
250
107
85
82
228
246
252
250
250
250
250
250
250
250
250
250
250
250
250
250
250
251
254
246
250
249
252
234
86
250
250
250
250
250
250
250
250
250
251
255
238
154
127
145
201
251
253
251
250
250
252
241
240
225
198
248
242
152
127
157
241
255
251
250
250
250
250
252
247
241
242
249
255
245
164
141
131
156
240
255
251
250
250
251
253
246
156
141
130
155
238
255
250
251
254
252
228
107
222
246
252
250
250
251
255
238
156
130
139
228
245
255
246
250
246
254
253
251
231
142
129
140
155
248
245
178
142
137
132
146
239
250
252
251
250
250
250
250
250
250
250
250
250
250
250
250
250
250
250
252
246
222
107
228
252
254
251
250
250
250
250
250
250
250
250
250
250
250
250
250
250
250
251
252
253
254
251
124
86
250
250
250
250
250
250
250
250
250
252
251
232
146
129
153
237
254
252
250
250
250
253
244
128
230
248
248
203
143
129
155
238
255
250
250
250
250
250
251
252
253
253
252
255
237
156
131
131
154
237
255
250
250
250
252
254
235
151
131
129
151
234
254
250
252
246
228
82
85
107
250
253
250
250
251
254
237
152
132
142
169
247
254
252
253
252
252
254
248
159
139
136
150
239
253
252
246
232
163
144
144
153
244
253
251
250
250
250
250
250
250
250
250
250
250
250
250
250
250
250
251
254
246
250
246
254
251
250
250
250
250
250
250
250
250
250
250
250
250
250
250
250
250
250
250
250
253
249
236
86
250
250
250
250
250
250
250
250
250
252
248
165
142
129
160
240
255
251
250
250
250
252
241
232
111
244
239
168
138
130
152
236
254
250
250
250
250
250
250
250
250
250
250
255
238
157
133
138
159
244
255
251
250
251
253
251
201
147
136
140
152
244
254
250
253
250
107
85
82
228
246
252
250
250
252
250
201
145
134
140
161
244
253
250
250
251
253
253
234
146
130
144
202
252
254
252
254
250
250
227
145
136
199
250
253
251
250
250
250
250
250
250
250
250
250
250
250
250
250
250
250
251
252
253
252
251
250
250
250
250
250
250
250
250
250
250
250
250
250
250
250
250
250
250
251
253
255
251
242
250
250
250
250
250
250
250
250
250
250
253
249
200
144
128
161
239
255
250
250
250
250
251
254
246
234
119
214
144
133
148
165
248
254
250
250
250
250
250
250
250
250
250
251
255
241
157
134
137
173
237
253
253
252
253
252
239
150
138
134
145
232
250
252
250
252
246
222
107
228
252
254
251
250
250
254
242
164
136
136
140
210
243
253
250
251
253
252
242
152
143
130
154
235
254
251
250
251
252
255
242
155
130
151
238
251
252
250
250
250
250
250
250
250
250
251
252
253
252
251
250
250
250
250
250
250
250
250
250
250
250
250
250
250
250
250
250
250
250
250
250
250
251
253
255
255
249
234
217
123
250
250
250
250
250
250
250
250
250
250
253
250
233
145
130
156
239
255
250
250
250
250
250
251
254
246
242
108
104
123
127
223
248
255
255
255
253
251
250
250
250
250
250
252
251
233
147
136
142
143
166
241
253
251
254
244
155
140
135
142
167
248
255
251
250
251
254
246
250
246
254
251
250
250
250
254
238
155
133
137
149
179
252
252
250
252
249
240
149
141
134
141
157
246
254
251
250
250
250
255
237
154
129
141
172
245
253
250
250
250
250
250
250
250
251
254
246
250
246
254
251
250
250
250
250
250
250
250
250
250
250
250
250
250
250
250
250
250
251
253
255
255
255
249
233
217
222
117
114
230
250
250
250
250
250
250
250
250
250
250
254
245
160
140
131
163
238
255
250
250
250
250
250
250
251
254
250
229
140
87
110
117
232
221
215
233
249
255
255
255
255
253
251
254
244
153
139
139
141
132
150
220
168
233
239
155
141
137
133
145
232
251
252
250
250
250
251
252
253
252
251
250
250
250
251
255
241
156
134
135
149
233
251
252
250
253
244
158
138
136
134
147
232
250
252
250
250
250
251
255
240
156
132
134
150
237
254
250
250
250
250
250
250
251
254
252
228
107
222
246
252
250
250
250
250
250
250
250
250
250
250
250
250
251
253
255
255
255
255
249
233
215
219
222
119
121
119
220
233
242
250
250
250
250
250
250
250
250
250
250
254
236
152
131
135
156
242
255
251
250
250
250
250
250
250
251
255
245
166
125
129
211
118
126
122
119
222
219
217
215
233
249
255
255
247
158
133
142
138
137
147
142
151
148
150
143
134
133
135
151
246
254
251
250
250
250
250
250
250
250
250
250
250
250
252
252
234
149
136
135
158
241
255
251
250
254
236
152
132
137
142
166
248
254
251
250
250
250
252
253
236
150
135
132
152
235
254
250
250
250
250
250
250
252
246
228
82
85
107
250
253
250
250
250
250
250
250
251
253
255
255
255
255
255
249
233
215
217
219
222
119
122
122
119
222
217
233
247
255
253
250
250
250
250
250
250
250
250
250
250
254
236
154
132
135
148
234
252
252
250
250
250
250
250
250
250
254
240
156
136
147
149
228
224
220
222
119
122
124
122
119
222
220
226
215
138
127
150
154
157
144
144
143
139
140
138
147
147
154
236
248
252
250
250
250
250
250
250
250
250
250
250
250
250
254
245
165
140
138
132
158
237
255
250
250
255
238
156
133
136
148
234
252
252
250
250
250
251
254
250
182
142
132
136
158
244
253
250
250
250
250
250
250
253
250
107
85
82
228
247
254
255
255
255
255
255
255
255
249
233
215
217
217
219
222
119
122
124
122
119
222
219
215
233
249
255
255
253
251
250
250
250
250
250
250
250
250
250
250
250
253
246
166
142
137
141
164
244
253
250
250
250
250
250
250
250
254
242
169
136
132
149
242
254
255
249
233
215
217
219
222
119
126
123
112
99
90
136
200
131
120
122
121
121
130
134
160
239
255
255
255
255
255
255
255
255
255
255
255
253
251
250
250
251
254
238
151
132
139
135
153
239
255
250
250
255
238
156
134
136
157
243
255
252
250
250
251
253
253
237
149
133
141
151
241
250
254
255
255
255
255
255
255
255
255
236
121
242
255
255
250
233
215
217
217
217
217
219
222
119
122
124
124
122
119
222
219
217
215
233
249
255
255
255
253
251
250
250
250
250
250
250
250
250
250
250
250
250
250
250
252
251
231
146
135
131
153
242
255
252
251
250
250
250
250
250
252
250
201
149
135
144
177
252
255
254
255
255
255
255
249
233
222
209
134
123
128
111
116
126
114
115
112
112
102
125
137
214
228
220
218
217
217
217
217
217
217
215
233
249
255
255
255
255
255
245
157
139
144
151
195
251
255
255
255
255
244
158
135
143
153
242
255
255
255
255
255
255
249
163
148
138
156
246
255
255
250
233
215
217
217
217
217
219
225
212
217
212
225
220
222
119
122
124
124
124
124
122
119
222
219
217
217
215
233
249
255
255
255
255
253
251
250
250
250
250
250
250
250
250
250
250
250
250
250
250
250
250
250
250
251
254
247
159
138
131
148
225
248
246
252
250
250
250
250
250
251
254
237
157
134
136
152
228
250
252
255
253
253
252
253
255
255
252
165
140
134
144
220
225
225
222
234
232
224
111
112
120
127
124
124
124
124
124
124
124
124
122
119
222
219
217
218
221
227
183
137
125
125
131
209
219
219
219
222
234
216
99
117
123
126
141
224
229
226
226
229
225
148
128
123
118
133
212
226
220
222
119
122
124
124
124
124
124
126
127
129
127
126
122
119
222
219
217
217
217
217
215
233
249
255
255
255
255
255
253
251
250
250
250
250
250
250
250
250
250
250
250
250
250
250
250
250
250
250
250
250
250
250
250
250
252
250
241
152
141
143
145
169
246
255
253
252
252
251
250
251
255
239
155
133
139
144
148
170
233
249
241
251
244
252
252
252
233
147
134
146
177
254
247
121
236
255
255
251
238
220
220
218
217
217
217
217
217
217
217
217
219
222
119
122
124
127
120
113
100
99
94
101
113
124
128
124
127
114
109
80
93
94
117
99
99
96
109
111
112
114
106
100
91
102
104
119
120
127
122
119
222
219
217
217
217
217
217
217
217
217
217
217
215
233
249
255
255
255
255
255
255
255
253
251
250
250
250
250
250
250
250
250
250
250
250
250
250
250
250
250
250
250
250
250
250
250
250
250
250
251
252
253
252
251
251
253
253
233
142
127
128
144
228
251
244
251
248
253
251
250
254
235
150
127
137
138
135
142
147
164
222
165
238
254
253
245
158
139
131
148
228
230
84
86
110
253
255
254
255
255
255
255
255
255
255
255
255
255
255
255
255
249
233
215
217
224
208
124
119
130
125
140
216
226
218
217
223
216
90
81
96
226
235
221
147
129
126
118
121
122
124
126
122
137
216
228
220
218
215
233
249
255
255
255
255
255
255
255
255
255
255
255
255
255
253
251
250
250
250
250
250
250
250
250
250
250
250
250
250
250
250
250
250
250
250
250
250
250
250
250
250
250
250
250
250
250
250
250
251
254
246
250
246
254
251
251
255
244
166
145
145
144
150
188
212
168
233
246
252
250
253
242
168
143
142
135
139
137
134
145
132
158
232
255
255
238
153
129
140
168
247
115
87
89
223
246
249
254
251
250
250
250
250
250
250
250
250
250
250
250
251
253
255
255
255
255
251
164
138
147
139
169
251
255
255
255
255
254
228
96
225
252
255
254
252
230
150
132
138
138
138
135
141
175
253
255
255
255
255
255
253
251
250
250
250
250
250
250
250
250
250
250
250
250
250
250
250
250
250
250
250
250
250
250
250
250
250
250
250
250
250
250
250
250
250
250
250
250
250
250
250
250
250
250
250
250
250
251
254
252
228
107
222
246
252
250
252
245
246
223
147
128
134
143
141
155
159
250
252
250
252
245
246
231
161
154
145
135
136
136
124
149
234
255
252
235
150
129
147
237
247
227
114
231
231
114
224
246
252
250
250
250
250
250
250
250
250
250
250
250
250
250
250
250
252
252
234
151
136
141
148
149
248
246
254
242
252
239
153
161
169
249
254
252
255
247
166
150
155
159
155
154
160
239
250
252
250
250
250
250
250
250
250
250
250
250
250
250
250
250
250
250
250
250
250
250
250
250
250
250
250
250
250
250
250
250
250
250
250
250
250
250
250
250
250
250
250
250
250
250
250
250
250
250
250
250
250
252
246
228
82
85
107
250
253
250
251
252
255
246
168
142
140
132
130
144
230
249
252
250
251
252
254
250
249
235
150
146
135
151
139
165
242
255
244
168
137
128
157
243
255
250
246
223
89
86
107
250
253
250
250
250
250
250
250
250
250
250
250
250
250
250
250
250
253
245
160
141
140
140
149
216
157
225
168
227
164
145
146
132
158
240
255
251
252
246
242
235
238
238
239
236
244
249
253
251
250
250
250
250
250
250
250
250
250
250
250
250
250
250
250
250
250
250
250
250
250
250
250
250
250
250
250
250
250
250
250
250
250
250
250
250
250
250
250
250
250
250
250
250
250
250
250
250
250
250
250
253
250
107
85
82
228
246
252
250
250
250
252
246
245
231
161
144
133
150
237
255
251
250
250
250
251
252
254
252
237
165
223
165
227
245
246
254
243
166
141
130
147
234
255
254
253
110
86
82
228
246
252
250
250
250
250
250
250
250
250
250
250
250
250
250
250
251
255
238
154
132
142
142
152
145
154
136
151
139
143
133
136
130
143
230
251
252
251
252
254
254
255
255
255
254
253
252
251
250
250
250
250
250
250
250
250
250
250
250
250
250
250
250
250
250
250
250
250
250
250
250
250
250
250
250
250
250
250
250
250
250
250
250
250
250
250
250
250
250
250
250
250
250
250
250
250
250
250
250
250
252
246
222
107
228
252
254
251
250
250
250
251
252
254
251
247
231
154
157
242
253
250
250
250
250
250
250
251
253
247
252
241
253
249
254
252
252
245
244
230
153
161
242
253
252
246
222
107
228
252
254
251
250
250
250
250
250
250
250
250
250
250
250
250
250
251
252
252
235
148
136
143
143
138
136
135
133
133
133
133
131
141
148
148
160
239
253
250
250
250
250
250
250
250
250
250
250
250
250
250
250
250
250
250
250
250
250
250
250
250
250
250
250
250
250
250
250
250
250
250
250
250
250
250
250
250
250
250
250
250
250
250
250
250
250
250
250
250
250
250
250
250
250
250
250
250
250
250
250
250
251
254
246
250
246
254
251
250
250
250
250
250
250
251
252
254
251
242
239
246
252
250
250
250
250
250
250
250
251
252
253
253
253
252
251
250
251
252
254
251
242
240
246
252
251
254
246
250
246
254
251
250
250
250
250
250
250
250
250
250
250
250
250
250
250
251
252
240
153
139
137
139
135
133
142
138
150
139
154
148
158
168
237
228
162
236
253
250
250
250
250
250
250
250
250
250
250
250
250
250
250
250
250
250
250
250
250
250
250
250
250
250
250
250
250
250
250
250
250
250
250
250
250
250
250
250
250
250
250
250
250
250
250
250
250
250
250
250
250
250
250
250
250
250
250
250
250
250
250
250
250
251
252
253
252
251
250
250
250
250
250
250
250
250
250
251
252
253
253
252
251
250
250
250
250
250
250
250
250
250
250
250
250
250
250
250
250
250
251
252
253
253
252
251
250
251
252
253
252
251
250
250
250
250
250
250
250
250
250
250
250
250
250
250
250
251
253
196
153
131
139
138
147
153
162
226
167
225
192
232
239
246
253
250
248
244
252
250
250
250
250
250
250
250
250
250
250
250
250
250
250
250
250
250
250
250
250
250
250
250
250
250
250
250
250
250
250
250
250
250
250
250
250
250
250
250
250
250
250
250
250
250
250
250
250
250
251
252
253
252
251
250
250
250
250
250
250
250
250
250
250
250
250
250
250
250
250
250
250
250
250
250
250
250
250
250
250
250
250
250
250
250
250
250
250
250
250
250
250
250
250
250
250
250
250
250
250
250
250
250
250
250
250
250
250
250
250
250
250
250
250
250
250
250
250
250
250
250
250
250
250
250
250
250
250
251
252
236
168
224
157
155
233
238
247
243
254
244
251
248
255
253
253
252
252
252
251
250
250
250
250
250
250
250
250
250
250
250
250
250
250
250
250
250
250
250
250
250
250
250
250
250
250
250
250
250
250
250
250
250
250
250
250
250
250
250
250
250
250
250
250
250
250
250
250
251
254
246
250
246
254
251
250
250
250
250
250
250
250
250
250
250
250
250
250
250
250
250
250
250
250
250
250
250
250
250
250
251
252
253
252
251
250
250
250
250
250
250
250
250
250
250
250
250
250
250
250
250
250
250
250
250
250
250
250
250
250
250
251
252
253
252
251
250
250
250
250
250
250
250
250
250
250
250
250
251
252
246
252
243
245
243
252
255
254
253
253
253
253
252
251
250
250
250
250
250
250
250
250
250
250
250
250
250
250
250
250
250
250
250
250
250
250
250
250
250
250
250
250
250
250
250
250
250
250
250
250
250
250
250
250
250
250
250
250
250
250
250
250
250
250
250
250
250
251
254
252
228
107
222
246
252
250
250
250
250
250
250
250
250
250
250
250
250
250
250
250
250
250
250
250
250
250
250
250
250
251
254
246
250
246
254
251
250
250
250
250
250
250
250
250
250
250
250
250
250
250
250
250
250
250
250
250
250
250
250
250
251
254
246
250
246
254
251
250
250
250
250
250
250
250
250
250
250
250
250
251
252
252
253
253
253
252
251
250
250
250
250
250
250
250
250
250
250
250
250
250
250
250
250
250
250
250
250
250
250
250
250
250
250
250
250
250
250
250
250
250
250
250
250
250
250
250
250
250
250
250
250
250
250
250
250
250
250
250
250
250
250
250
250
250
250
250
250
252
246
228
82
85
107
250
253
250
250
250
250
250
250
250
250
250
250
250
250
250
250
250
250
250
250
250
250
250
250
250
251
254
252
228
107
222
246
252
250
250
250
250
250
250
250
250
250
250
250
250
250
250
250
250
250
250
250
250
250
250
250
251
254
252
228
107
222
246
252
250
250
250
250
250
250
250
250
250
250
250
250
250
250
250
250
250
250
250
250
250
250
250
250
250
250
250
250
250
250
250
250
250
250
250
250
250
250
250
250
250
250
250
250
250
250
250
250
250
250
250
250
250
250
250
250
250
250
250
250
250
250
250
250
250
250
250
250
250
250
250
250
250
250
250
250
250
250
250
250
253
250
107
85
82
228
246
252
250
250
250
250
250
250
250
250
250
250
250
250
250
250
250
250
250
250
250
250
250
250
250
252
246
228
82
85
107
250
253
250
250
250
250
250
250
250
250
250
250
250
250
250
250
250
250
250
250
250
250
250
250
250
252
246
228
82
85
107
250
253
250
250
250
250
250
250
250
250
250
250
250
250
250
250
250
250
250
250
250
250
250
250
250
250
250
250
250
250
250
250
250
250
250
250
250
250
250
250
250
250
250
250
250
250
250
250
250
250
250
250
250
250
250
250
250
250
250
250
250
250
250
250
250
250
250
250
250
250
250
250
250
250
250
250
250
250
250
250
250
250
252
246
222
107
228
252
255
253
253
252
251
250
250
250
250
250
250
250
250
250
250
250
250
250
250
250
250
250
250
250
250
253
250
107
85
82
228
246
252
250
250
250
250
250
250
250
250
250
250
250
250
250
250
250
250
250
250
250
250
250
250
250
253
250
107
85
82
228
246
252
250
250
250
250
250
250
250
250
250
250
250
250
250
250
250
250
250
250
250
250
250
250
250
250
250
250
250
250
250
250
250
250
250
250
250
250
250
250
250
250
250
250
250
250
250
250
250
250
250
250
250
250
250
250
250
250
250
250
250
250
250
250
250
250
250
250
250
250
250
250
250
250
250
250
250
250
250
250
250
250
251
254
246
250
246
255
255
246
250
246
254
251
250
250
250
250
250
250
250
250
250
250
250
250
250
250
250
250
250
250
250
252
244
219
102
225
251
254
251
250
250
250
250
250
250
250
250
250
250
250
250
250
250
250
250
250
250
250
250
250
250
250
252
244
219
102
225
251
254
251
250
250
250
250
250
250
250
250
250
250
250
250
250
250
250
250
250
250
250
250
250
250
250
250
250
250
250
250
250
250
250
250
250
250
250
250
250
250
250
250
250
250
250
250
250
250
250
250
250
250
250
250
250
250
250
250
250
250
250
250
250
250
250
250
250
250
250
250
250
250
250
250
250
250
250
250
250
250
250
250
250
251
252
253
252
252
251
233
124
233
251
251
250
250
250
250
250
250
250
250
250
250
250
250
250
250
250
250
250
250
250
250
250
250
250
250
250
250
250
250
250
250
250
250
250
250
250
250
250
250
250
250
250
250
250
250
250
250
250
250
250
250
250
250
250
250
250
250
250
250
250
250
250
250
250
250
250
250
250
250
250
250
250
250
250
250
250
250
250
250
250
250
250
250
250
250
250
250
250
250
250
250
250
250
250
250
250
250
250
250
250
250
250
250
250
250
250
250
250
250
250
250
250
250
250
250
250
250
250
250
250
250
250
250
250
250
250
250
250
250
250
250
250
250
250
250
250
250
250
250
250
250
250
250
250
250
250
86
86
86
250
250
250
