251
251
251
251
251
251
251
251
251
251
251
251
251
251
251
251
251
251
251
251
251
251
251
251
251
251
251
251
251
251
251
251
251
251
251
251
251
251
251
251
251
251
251
251
251
251
251
251
251
251
251
251
251
251
251
251
251
251
251
251
251
251
251
251
251
251
251
251
251
251
251
251
251
251
251
251
251
251
251
251
251
251
251
251
251
251
251
251
251
251
251
251
251
251
251
251
251
251
251
251
251
251
251
251
251
251
251
251
251
251
251
251
251
251
251
251
251
251
251
251
251
251
251
251
251
251
251
251
251
251
251
251
251
251
251
251
251
251
251
251
251
251
251
251
251
251
251
251
251
251
251
251
251
251
251
251
251
251
251
251
251
251
251
251
251
251
251
251
251
251
251
251
251
251
251
251
251
251
251
251
251
251
251
251
251
251
251
251
251
251
252
254
246
251
246
254
252
251
251
251
251
251
251
251
251
251
251
251
251
251
251
251
251
251
251
251
251
251
251
251
251
251
251
251
251
251
251
252
254
254
254
252
251
251
251
251
251
251
251
251
251
251
251
251
251
251
251
251
251
251
251
251
251
251
251
251
251
251
251
251
251
251
251
251
251
251
251
251
251
252
254
252
226
103
219
244
254
251
251
251
252
254
246
251
248
255
254
226
103
219
244
254
251
251
251
251
251
251
251
251
251
251
251
251
251
251
251
251
251
251
251
251
251
251
251
251
251
251
251
251
251
251
251
251
251
251
251
251
251
251
251
251
251
251
251
251
251
251
251
252
254
254
229
108
222
246
254
251
251
251
251
251
251
251
251
251
251
251
251
251
251
251
251
252
254
254
254
254
254
253
252
251
251
251
251
251
252
254
246
251
246
254
252
251
251
251
251
252
253
252
251
251
251
251
251
251
251
251
251
251
251
251
251
251
251
251
251
251
251
251
251
251
251
251
251
251
251
251
251
254
246
229
82
84
108
251
254
251
251
252
254
254
229
108
226
241
232
82
84
108
251
254
251
251
251
251
251
251
251
251
251
251
251
251
251
251
251
251
251
251
251
251
251
251
251
251
251
251
251
251
251
251
251
251
251
251
251
251
251
251
251
251
251
251
251
251
251
251
251
254
246
229
82
84
108
251
254
251
251
251
251
251
251
251
251
251
251
251
251
251
251
251
253
253
247
242
236
238
245
250
254
252
251
251
251
252
254
254
229
108
222
246
254
251
251
251
253
248
253
252
254
254
253
252
251
251
251
252
254
254
254
254
253
251
251
251
251
251
251
251
251
251
251
251
251
251
251
251
251
254
251
108
84
82
229
246
254
251
251
254
246
229
82
84
113
251
113
84
82
229
246
254
251
251
251
251
251
251
251
251
251
251
251
251
251
251
251
251
251
251
251
251
251
251
251
251
251
252
253
254
254
254
252
252
251
251
251
251
251
251
251
251
251
251
251
251
251
251
251
254
251
108
84
82
229
246
254
251
251
251
251
251
251
251
251
251
251
251
251
251
251
251
253
249
215
150
152
156
165
231
249
254
251
251
251
254
246
229
82
84
108
251
254
251
251
251
254
240
192
230
241
247
252
254
252
251
251
253
246
240
238
248
253
253
251
251
251
251
251
251
251
251
251
251
251
251
251
251
251
254
246
222
108
229
254
254
252
251
251
254
251
108
84
82
232
241
226
108
229
254
254
252
251
251
251
251
251
251
251
251
251
251
251
251
251
251
251
251
251
251
251
251
251
251
251
251
252
254
250
250
246
254
254
254
254
252
251
251
251
251
251
251
251
251
251
251
251
251
251
254
246
222
108
230
254
255
254
254
254
254
253
251
251
251
251
251
251
251
251
251
251
253
254
229
150
132
132
133
134
156
240
254
251
251
251
254
251
108
84
82
229
246
254
251
251
251
254
234
153
139
149
187
245
252
252
251
253
254
230
153
141
201
247
253
252
251
252
254
254
254
253
252
251
251
251
251
251
251
251
252
254
246
251
246
254
252
251
251
251
254
246
222
108
229
254
255
248
251
246
254
252
251
251
251
251
251
251
251
251
251
251
251
251
251
251
251
251
251
251
251
251
251
251
251
252
253
254
251
228
173
204
191
234
243
246
253
251
251
251
251
251
251
251
251
251
251
251
251
251
252
254
249
254
254
254
247
237
236
239
246
253
254
252
251
251
251
251
251
251
251
252
254
253
217
139
133
140
141
132
152
235
254
252
251
251
254
246
222
108
229
254
254
252
251
251
251
254
243
160
131
127
141
200
254
254
252
254
254
226
89
111
139
211
254
254
251
253
244
241
244
253
253
251
251
251
251
251
251
251
251
252
254
254
254
252
251
251
251
251
252
254
246
251
246
254
254
254
254
254
252
251
251
251
251
251
251
251
251
251
251
251
251
251
251
251
251
251
251
251
251
251
251
251
251
253
245
253
236
158
141
141
149
144
156
224
254
253
251
251
251
251
251
251
251
251
251
251
251
251
252
254
254
251
244
230
157
153
146
156
212
254
251
253
252
251
251
251
251
251
252
254
253
234
148
137
137
140
141
134
145
230
253
254
251
251
252
254
246
251
246
254
252
251
251
251
251
254
253
233
148
130
139
194
250
254
253
246
232
91
83
81
137
208
254
254
253
254
226
149
185
248
254
253
251
251
251
251
251
251
251
251
251
251
251
251
251
251
251
251
251
252
254
254
254
252
251
251
251
251
251
251
251
251
251
251
251
251
251
251
251
251
251
251
251
251
251
251
251
251
251
251
251
252
253
254
249
189
213
149
134
139
136
127
139
216
254
253
252
254
254
254
252
251
251
251
251
251
251
253
254
254
246
174
151
146
140
131
128
135
194
180
225
247
254
251
251
251
252
253
254
254
242
151
137
135
143
176
171
143
137
161
245
254
251
251
251
252
254
254
254
252
251
251
251
251
251
254
252
230
147
129
137
194
251
254
254
251
108
89
74
126
131
203
248
254
254
254
217
138
128
197
248
253
251
251
251
251
251
251
251
251
251
251
251
251
251
251
251
251
251
251
251
251
251
251
251
251
251
251
251
251
251
251
251
251
251
251
251
251
251
251
251
251
251
251
251
251
251
251
251
251
251
252
250
250
231
165
139
147
141
144
142
134
146
220
254
254
254
246
251
246
254
252
251
251
251
251
253
253
248
243
176
139
133
137
140
142
139
144
143
145
154
239
254
253
251
251
253
248
245
235
157
139
132
139
188
250
241
169
126
154
237
254
251
251
251
251
251
251
251
251
251
252
254
254
254
254
251
170
145
133
147
203
254
254
253
246
223
113
197
145
140
148
222
254
254
254
223
145
126
146
215
254
254
253
252
251
251
251
251
251
251
251
251
251
251
251
251
251
251
251
251
251
251
251
251
251
251
251
251
251
251
251
251
251
251
251
251
251
251
251
251
251
251
251
251
251
251
251
251
251
251
254
252
203
150
142
138
140
142
142
142
134
146
219
254
254
254
229
108
222
246
254
251
251
251
252
252
247
201
146
143
138
138
137
137
137
140
140
140
135
139
227
252
254
252
251
254
248
179
141
141
136
138
174
250
255
253
176
128
156
240
254
251
251
251
251
251
251
251
251
252
254
246
251
246
254
252
227
146
129
173
238
252
254
252
254
247
254
243
208
130
140
218
254
254
254
222
146
124
143
215
249
254
246
254
252
251
251
251
251
251
251
251
251
251
251
251
251
251
251
251
251
251
251
251
251
251
251
251
251
251
251
251
251
251
251
252
252
251
251
251
251
251
251
251
251
251
251
251
251
252
254
242
175
129
132
136
135
137
138
141
129
141
216
254
249
229
82
84
108
251
254
251
251
251
254
254
214
144
133
134
132
141
148
157
148
142
138
143
140
135
100
228
246
254
251
254
244
170
129
131
134
165
242
254
254
245
170
125
155
240
254
251
251
251
251
251
251
251
252
254
254
229
108
222
247
255
236
162
131
142
200
254
254
251
252
254
255
254
193
112
132
212
252
254
254
223
145
129
158
219
235
109
222
246
254
251
251
251
251
251
251
251
251
251
251
251
251
251
251
251
251
251
251
251
251
251
251
251
251
251
251
251
251
251
252
254
252
251
251
251
251
251
251
251
251
251
251
251
252
254
254
204
143
143
139
151
147
149
138
134
140
155
226
254
253
108
84
82
229
246
254
251
251
252
254
250
203
136
133
144
145
155
233
244
221
158
144
139
132
77
87
112
252
254
251
254
247
178
132
138
153
201
252
254
254
251
178
135
157
242
254
252
251
251
251
251
251
251
254
246
229
82
84
108
251
254
241
162
135
130
188
246
254
251
252
254
254
224
140
103
98
153
236
254
254
222
142
130
189
224
85
85
108
251
254
251
251
251
251
251
251
251
251
251
251
251
251
251
251
251
251
251
251
251
251
251
251
251
251
251
251
251
251
252
254
254
240
86
251
251
251
251
251
251
251
251
251
252
253
249
240
182
128
141
211
178
236
223
152
147
198
243
247
254
247
222
108
229
254
254
252
251
251
253
251
219
144
140
134
143
212
248
252
254
254
244
188
135
88
80
89
223
250
254
251
254
245
169
132
154
237
249
250
252
253
254
239
153
143
231
251
252
251
251
251
251
251
251
254
251
108
84
83
232
251
254
253
223
140
134
159
221
254
254
254
252
226
148
138
115
90
111
219
254
254
222
140
136
201
109
90
82
229
246
254
251
251
251
251
251
251
251
251
251
251
251
251
251
251
251
251
251
251
251
251
251
251
251
251
251
251
251
251
254
246
229
99
86
251
251
251
251
251
251
251
251
251
253
254
228
164
141
139
155
231
254
253
252
241
238
248
254
254
253
254
246
251
246
254
252
251
251
252
254
235
153
136
130
133
166
238
254
253
253
254
254
215
150
128
84
152
241
255
252
251
254
248
178
150
234
253
254
253
251
252
254
248
164
142
170
254
253
251
251
251
251
251
251
254
246
222
109
237
249
254
252
254
224
142
127
153
216
254
254
254
244
168
139
139
124
92
100
209
254
254
223
139
135
195
224
112
229
254
254
252
251
251
251
251
251
251
251
251
251
251
251
251
251
251
251
251
251
251
251
251
251
251
251
251
251
251
251
251
254
251
108
90
86
251
251
251
251
251
251
251
251
252
254
252
209
138
125
134
210
251
254
254
254
254
254
254
253
251
251
252
254
254
254
252
251
251
252
254
254
222
139
135
145
150
218
251
254
251
251
251
254
247
186
135
130
155
241
254
251
251
253
249
241
242
248
254
252
251
252
254
254
241
155
145
233
253
253
251
251
251
251
251
251
252
254
248
254
249
237
110
226
243
167
144
129
142
209
252
254
250
232
147
136
142
122
98
102
150
244
255
224
140
134
207
248
254
246
254
252
251
251
251
251
251
251
251
251
251
251
251
251
251
251
251
251
251
251
251
251
251
251
251
251
251
251
251
251
251
254
246
222
106
251
251
251
251
251
251
251
251
251
254
250
224
141
140
145
155
225
254
253
251
251
251
251
251
251
251
251
251
251
252
254
254
254
252
253
251
237
150
137
135
184
241
250
253
252
251
251
251
254
252
192
142
130
158
238
254
251
251
252
253
254
254
253
252
251
252
254
250
249
168
143
154
243
254
254
253
252
251
251
251
251
251
252
254
251
232
83
85
109
249
221
138
127
141
210
250
205
224
156
143
138
145
147
126
121
148
236
255
224
140
131
201
254
254
253
252
251
251
251
251
251
251
251
251
251
251
251
251
251
251
251
251
251
251
251
251
251
251
251
251
251
251
251
251
251
251
252
254
246
244
251
251
251
251
251
251
251
251
251
254
235
149
134
141
195
245
247
252
251
251
251
251
251
251
251
251
251
251
252
254
246
251
246
254
254
244
157
137
130
136
194
253
254
252
251
251
251
251
254
249
188
138
128
156
237
254
251
251
251
251
251
251
251
251
252
254
253
235
106
149
133
147
168
241
250
254
254
253
251
251
251
251
251
254
251
108
84
82
232
254
238
156
130
140
208
240
173
136
142
136
135
143
193
180
130
141
232
254
226
141
130
198
252
254
251
251
251
251
251
251
251
251
251
251
251
251
251
251
251
251
251
251
251
251
252
254
254
254
252
251
251
251
251
251
251
251
251
252
254
254
251
251
251
251
251
251
251
251
252
254
230
145
126
185
249
254
254
252
251
251
251
251
251
251
251
251
251
252
254
254
229
108
222
247
254
240
155
132
146
164
221
254
254
252
251
251
251
251
254
250
185
137
129
157
237
254
251
251
251
251
251
251
251
251
253
247
234
90
85
88
142
140
144
146
183
240
247
250
252
251
251
252
254
254
250
224
108
229
254
254
253
212
138
144
213
185
143
135
138
136
143
160
215
198
144
136
165
253
230
140
129
196
253
254
251
251
251
251
251
251
251
251
251
251
251
251
251
251
251
251
251
251
251
252
254
246
251
246
254
252
251
251
251
251
251
251
251
251
251
251
251
251
251
251
251
251
251
251
254
252
226
138
130
188
252
254
251
251
251
251
251
251
251
251
251
251
251
254
246
229
82
84
108
253
254
235
150
132
163
228
235
243
249
254
254
252
251
251
254
250
186
136
128
158
237
254
251
251
251
251
251
251
251
251
254
251
112
86
78
133
140
142
137
136
139
153
214
254
254
251
252
254
246
252
254
254
252
246
254
254
254
218
143
181
184
143
138
138
138
141
173
244
251
242
171
127
161
250
236
143
128
197
253
254
251
251
251
251
251
251
251
251
251
251
251
251
251
251
251
251
251
251
252
254
254
229
108
222
246
254
251
251
251
251
251
251
251
251
251
251
251
251
251
251
251
251
251
251
254
243
156
135
140
193
253
254
251
251
251
251
251
251
251
251
251
251
251
254
251
108
84
82
229
253
254
171
140
139
150
156
160
153
209
247
252
254
254
253
254
250
186
137
130
157
237
254
251
251
251
251
251
251
251
252
254
243
182
87
132
143
143
140
139
140
134
133
194
246
254
253
254
254
229
108
224
250
254
254
252
254
254
217
150
140
148
144
138
140
146
181
248
254
255
249
175
128
150
234
222
137
133
197
253
254
251
251
251
251
251
251
251
251
251
251
251
251
251
251
251
251
251
251
254
246
229
82
84
108
251
254
251
251
251
251
251
251
251
251
251
251
251
251
251
251
251
251
251
252
254
238
152
126
174
243
254
252
251
251
251
251
251
251
251
251
251
251
251
254
246
222
108
229
254
254
239
155
133
137
137
135
131
137
141
154
226
243
249
254
255
253
188
137
129
156
238
254
251
251
251
251
251
251
251
253
251
222
149
143
138
140
146
144
143
137
137
138
149
220
254
254
246
229
82
84
108
251
254
251
252
254
254
224
152
133
140
142
136
144
189
248
254
254
254
251
178
138
143
150
147
138
137
199
253
254
251
251
251
251
251
251
251
251
251
251
251
251
251
251
251
251
251
251
254
251
108
84
82
229
246
254
251
251
251
251
251
251
251
251
251
251
251
251
251
251
251
251
252
254
254
234
145
134
187
249
254
251
251
251
251
251
251
251
251
251
251
251
251
252
254
246
251
246
255
252
175
140
136
148
145
146
138
140
135
142
146
154
182
237
250
248
190
138
127
155
235
254
251
251
251
251
251
251
253
254
229
152
137
135
133
139
156
226
175
147
143
130
133
204
248
254
251
108
84
82
229
246
254
252
254
251
249
209
143
138
141
138
139
156
244
254
254
251
253
253
239
161
134
134
134
134
138
198
253
254
251
251
251
251
251
251
251
251
251
251
251
251
251
251
251
251
251
251
254
246
222
108
229
254
254
252
251
251
251
251
251
251
251
251
251
251
251
251
251
251
251
251
253
251
244
155
136
142
194
252
254
251
251
251
251
251
251
251
251
251
251
251
251
251
252
254
254
253
254
243
170
131
132
166
211
148
134
134
135
136
134
133
141
145
164
209
187
137
137
163
245
254
251
251
251
251
251
251
253
254
219
140
131
146
154
160
234
251
251
225
169
143
139
151
229
254
248
222
108
229
254
254
253
254
253
236
157
147
144
140
140
142
151
235
252
254
252
251
251
254
245
169
133
140
148
138
139
198
253
254
251
251
251
251
251
251
251
251
251
251
251
251
251
251
251
251
251
251
252
254
246
251
246
254
252
251
251
251
251
251
251
251
251
251
251
251
251
251
251
251
251
251
254
249
170
135
137
169
247
252
252
251
251
251
251
251
251
251
251
251
251
251
251
251
251
251
251
251
254
246
173
133
135
174
243
218
149
146
150
142
145
138
136
134
141
148
146
137
140
231
254
254
251
251
251
251
251
251
253
254
219
142
133
198
240
246
250
254
254
254
248
194
130
147
223
254
254
246
251
246
254
254
254
254
244
154
139
135
142
140
135
144
220
253
254
252
251
251
251
254
250
172
141
140
144
145
136
200
249
254
252
251
251
251
251
251
251
251
251
251
251
251
251
251
251
251
251
251
251
252
254
254
254
252
251
251
251
251
251
251
251
251
251
251
251
251
251
251
251
251
251
251
254
245
167
127
155
240
254
254
253
254
254
254
252
251
251
251
251
251
251
251
251
251
251
251
251
251
254
247
174
133
138
188
249
253
243
234
184
210
156
134
136
139
142
141
132
83
143
232
254
252
251
251
251
251
251
251
253
254
216
144
185
253
254
254
254
252
252
254
254
205
133
142
223
254
253
253
254
254
253
246
243
237
161
139
136
141
143
139
139
156
233
254
252
251
251
251
251
253
253
237
156
137
142
139
160
102
224
247
253
251
251
251
251
251
251
251
251
251
251
251
251
251
251
251
251
251
251
251
251
251
251
251
251
251
251
251
251
251
251
251
251
251
251
251
251
251
251
251
251
253
254
239
161
128
163
245
254
253
254
246
251
246
254
252
251
251
251
251
251
251
251
251
251
251
251
252
254
241
165
133
140
186
251
254
254
253
254
245
193
156
145
140
133
134
83
77
104
231
254
251
251
251
251
251
251
251
253
254
223
189
241
254
253
251
251
251
251
254
254
202
133
140
223
254
253
252
254
254
247
194
152
147
144
136
136
136
138
133
137
209
250
254
251
251
251
251
251
252
254
244
163
136
137
133
78
90
111
251
254
251
251
251
251
251
251
251
251
251
251
251
251
251
251
251
251
251
251
251
251
251
251
251
251
251
251
251
251
251
251
251
251
251
251
251
251
251
251
251
251
254
251
180
141
132
164
244
254
254
254
229
108
222
246
254
251
251
251
251
251
251
251
251
251
251
251
254
252
185
141
134
137
185
246
254
251
252
254
251
247
242
223
154
144
91
78
71
140
229
254
251
251
251
251
251
251
251
251
252
247
249
249
254
252
251
251
251
251
254
254
202
133
138
224
254
254
254
253
254
205
145
131
134
136
135
144
155
162
145
146
218
254
254
251
251
251
251
251
251
254
248
174
144
136
88
83
90
232
246
254
251
251
251
251
251
251
251
251
251
251
251
251
251
251
251
251
251
251
251
251
251
251
251
251
251
251
251
251
251
251
251
251
251
251
251
251
251
251
251
251
254
247
175
134
132
173
242
254
246
229
82
84
108
251
254
251
251
251
251
251
251
251
251
251
251
251
254
247
179
134
134
137
167
246
254
251
251
253
254
254
254
253
244
196
138
92
136
164
241
254
251
251
251
251
251
251
251
251
252
253
253
252
252
251
251
251
251
252
254
253
193
85
132
219
254
252
247
216
188
191
139
137
139
145
152
186
244
246
190
136
206
250
254
251
251
251
251
251
251
253
252
231
148
130
125
100
235
254
254
252
251
251
251
251
251
251
251
251
251
251
251
251
251
251
251
251
251
251
251
251
251
251
251
251
251
251
251
251
251
251
251
251
251
251
251
251
251
251
251
252
254
242
170
134
133
161
244
255
251
108
84
82
229
246
254
251
251
251
251
251
251
251
251
251
251
251
254
248
185
138
136
139
185
246
254
251
252
254
246
251
248
255
254
217
200
232
182
227
251
254
251
251
251
251
251
251
251
251
251
251
251
251
251
251
251
251
251
253
248
230
91
74
99
220
254
243
177
159
149
142
144
137
133
146
226
254
254
254
194
134
150
233
254
252
251
251
251
251
251
252
254
246
163
139
130
189
249
254
252
251
251
251
251
251
251
251
251
251
251
251
251
251
251
251
251
251
251
251
251
251
251
251
251
251
251
251
251
251
251
251
251
251
251
251
251
251
251
251
251
254
253
190
143
135
130
163
240
254
246
222
108
229
254
254
252
251
251
251
251
251
251
251
251
251
251
251
254
249
185
139
136
140
185
251
254
253
254
254
229
108
222
247
252
247
252
251
254
249
253
252
251
251
251
251
251
251
251
251
251
251
251
251
251
251
251
251
251
254
253
114
90
69
136
220
255
232
149
128
138
138
138
143
140
178
247
254
254
214
146
130
137
218
252
254
251
251
251
251
251
251
254
252
227
141
133
191
252
254
251
251
251
251
251
251
251
251
251
251
251
251
251
251
251
251
251
251
251
251
251
251
251
251
251
251
251
251
251
251
251
251
251
251
251
251
251
251
251
251
251
254
247
181
134
134
144
172
251
254
254
246
251
246
254
252
251
251
251
251
251
251
251
251
251
251
251
251
254
247
180
135
138
136
162
241
253
254
246
229
82
84
108
252
254
253
254
254
253
253
252
251
251
251
251
251
251
251
251
251
251
251
251
251
251
251
251
251
251
254
247
223
93
113
146
223
255
242
154
137
137
135
138
150
219
247
249
254
254
205
140
129
139
166
240
254
251
251
251
251
251
251
252
254
233
148
128
188
250
254
251
251
251
251
251
251
251
251
251
251
251
251
251
251
251
251
251
251
251
251
251
251
251
251
251
251
251
251
251
251
251
251
251
251
251
251
251
251
251
251
251
254
252
189
139
136
146
232
250
254
253
254
254
254
252
251
251
251
251
251
251
251
251
251
251
251
251
251
253
243
171
130
136
138
143
183
252
254
252
111
90
85
230
246
254
251
251
251
251
251
251
251
251
251
251
251
251
251
251
251
251
251
251
251
251
251
251
251
251
254
254
214
145
122
146
219
254
253
219
140
137
143
149
216
254
254
253
253
254
222
158
136
131
154
233
254
252
251
251
251
251
251
251
254
231
146
128
188
250
254
251
251
251
251
251
251
251
251
251
251
251
251
251
251
251
251
251
251
251
251
251
251
251
251
251
251
251
251
251
251
251
251
251
251
251
251
251
251
251
251
251
254
244
189
142
138
145
164
248
254
254
252
251
251
251
251
251
251
251
251
251
251
251
251
251
251
251
251
253
249
177
138
137
137
135
178
247
255
254
217
107
223
254
254
252
251
251
251
251
251
251
251
251
251
251
251
251
251
251
251
251
251
251
251
251
251
251
251
251
254
254
222
148
135
152
227
254
254
231
148
174
194
210
247
253
252
251
251
254
250
195
138
130
147
227
252
253
251
251
251
251
251
251
254
232
146
128
188
250
254
251
251
251
251
251
251
251
251
251
251
251
251
251
251
251
251
251
251
251
251
251
251
251
251
251
251
251
251
251
251
251
251
251
251
251
251
251
251
251
252
254
255
230
169
144
139
139
140
164
245
252
252
251
251
251
251
251
251
251
251
251
251
251
251
251
251
251
251
253
251
247
177
144
138
136
171
247
255
255
225
107
217
254
254
251
251
251
251
251
251
251
251
251
251
251
251
251
251
251
251
251
251
251
251
251
251
251
251
251
253
249
235
187
139
213
252
254
254
247
216
185
246
254
252
253
251
251
251
254
254
207
147
129
149
182
253
253
251
251
251
251
251
251
254
230
146
127
188
250
254
251
251
251
251
251
252
254
254
254
254
252
251
251
251
251
251
251
251
251
251
251
251
251
251
251
251
251
251
251
251
251
252
254
254
254
252
251
251
251
254
240
231
208
153
121
136
145
140
145
191
255
255
254
255
255
255
255
255
255
255
255
255
255
254
254
254
252
251
251
253
254
239
157
133
137
145
186
242
230
89
90
111
252
254
251
251
251
251
251
251
251
251
252
254
254
254
252
251
251
251
251
251
251
251
251
251
251
251
253
254
234
163
137
194
241
254
254
252
253
248
249
250
254
252
251
251
251
251
254
253
197
140
128
146
225
253
254
254
254
255
255
255
255
255
241
152
135
197
255
255
254
255
255
255
255
255
250
230
227
240
254
251
251
251
251
251
251
251
251
251
251
251
251
251
251
251
251
251
251
251
252
254
246
251
246
254
252
251
251
254
245
134
120
124
109
136
130
128
123
160
224
232
226
226
226
224
221
218
217
217
217
217
217
216
233
250
255
255
255
255
255
254
181
150
142
144
153
166
108
100
97
243
254
255
255
255
255
255
255
255
255
255
255
251
254
251
255
255
255
255
255
255
255
255
255
255
255
255
255
254
222
142
136
154
229
255
255
255
255
255
255
255
255
255
255
255
255
254
255
255
215
152
136
158
243
255
250
233
216
217
217
217
219
227
208
132
119
167
221
223
217
217
217
217
217
219
222
116
128
245
254
251
251
251
251
251
251
251
251
251
251
251
251
251
251
251
251
251
251
252
254
254
229
108
222
246
254
251
251
254
240
229
220
222
213
98
93
99
98
104
110
115
113
112
110
119
123
133
128
127
125
125
125
124
122
225
224
221
219
217
221
217
206
131
124
128
127
126
159
85
205
228
231
222
218
217
217
217
217
217
219
222
232
217
114
210
224
217
217
217
217
217
217
217
217
217
217
219
225
212
138
129
118
127
187
220
220
217
217
217
217
217
217
217
217
217
217
217
220
222
217
162
118
135
209
228
224
120
124
125
125
125
127
123
112
96
93
108
121
128
125
125
125
125
125
124
120
219
230
240
254
251
251
251
251
251
251
251
251
251
251
251
251
251
251
251
251
251
251
254
246
229
82
84
108
251
254
251
251
252
254
254
255
255
183
141
123
128
129
127
123
123
124
123
120
143
205
223
213
226
219
217
217
221
230
116
124
120
133
127
126
130
124
112
99
94
97
107
100
111
108
120
122
128
132
128
126
125
125
125
128
116
109
75
94
101
131
125
125
125
125
125
125
125
125
125
125
127
122
109
96
91
97
108
120
127
126
125
125
125
125
125
125
125
125
125
125
125
127
126
118
107
95
97
111
120
123
223
219
217
217
218
225
211
139
122
131
172
224
221
217
217
217
217
217
216
233
248
254
254
252
251
251
251
251
251
251
251
251
251
251
251
251
251
251
251
251
251
251
254
251
108
84
82
229
246
254
251
251
251
251
251
252
249
241
179
147
146
140
145
147
148
147
148
146
167
226
129
237
254
255
255
255
255
252
210
72
188
213
221
217
219
224
217
143
127
125
128
129
128
127
125
141
203
215
218
223
218
217
217
222
214
84
73
88
217
224
217
217
217
217
217
219
221
222
221
221
224
210
138
121
125
141
197
226
221
217
217
217
217
217
217
217
217
217
217
217
217
221
220
172
123
124
121
130
207
240
250
255
255
255
255
255
247
161
133
181
251
255
255
255
255
255
255
255
254
254
254
252
251
251
251
251
251
251
251
251
251
251
251
251
251
251
251
251
251
251
251
251
254
246
222
108
229
254
254
252
251
251
251
251
251
252
254
252
250
232
157
142
138
130
135
138
141
137
142
78
92
108
251
254
251
254
248
233
91
97
122
255
255
255
255
255
254
239
166
146
141
138
143
146
147
156
156
186
253
254
255
255
255
255
254
232
113
232
254
255
255
255
255
255
255
255
254
255
254
255
255
245
156
140
147
199
255
255
255
255
255
255
255
255
255
255
255
255
255
255
254
255
255
232
167
142
137
163
246
255
254
252
251
253
251
245
172
143
124
99
229
251
254
251
251
251
251
251
251
251
251
251
251
251
251
251
251
251
251
251
251
251
251
251
251
251
251
251
251
251
251
251
252
254
246
251
246
254
252
251
251
251
251
251
251
251
251
253
254
252
248
216
147
155
152
143
134
133
81
79
86
229
246
254
251
254
251
108
84
82
229
246
254
251
251
252
254
251
247
206
153
148
143
136
137
136
132
143
191
254
252
251
251
252
254
246
251
246
254
252
251
251
251
252
254
254
229
108
228
249
248
160
139
133
178
245
254
253
251
251
251
251
251
251
251
251
251
251
251
251
251
251
254
248
186
137
130
158
240
254
252
251
251
254
249
174
139
129
74
88
112
252
254
251
251
251
251
251
251
251
251
251
251
251
251
251
251
251
251
251
251
251
251
251
251
251
251
251
251
251
251
251
251
252
254
254
254
252
251
251
251
251
251
251
251
251
251
251
252
254
254
249
243
238
239
186
151
152
156
110
232
254
254
252
251
254
246
222
108
229
254
254
252
251
251
251
252
254
254
249
245
237
183
146
143
135
131
166
236
253
251
251
251
251
252
254
254
254
252
251
251
251
251
254
246
229
82
88
111
246
170
139
130
133
183
248
254
251
251
251
251
251
251
251
251
251
251
251
251
251
251
251
254
251
189
138
130
149
233
253
253
251
251
254
240
160
124
79
79
88
232
246
254
251
251
251
251
251
251
251
251
251
251
251
251
251
251
251
251
251
251
251
251
251
251
251
251
251
251
251
251
251
251
251
251
251
251
251
251
251
251
251
251
251
251
251
251
251
251
251
252
254
254
254
254
248
240
242
237
246
248
254
252
251
251
252
254
246
251
246
254
252
251
251
251
251
251
251
252
254
254
254
251
240
157
132
134
180
254
254
251
251
251
251
251
251
251
251
251
251
251
251
251
254
251
107
86
84
225
176
143
132
141
148
194
249
254
251
251
251
251
251
251
251
251
251
251
251
251
251
251
251
254
253
198
142
126
132
159
245
254
251
251
254
247
177
147
138
108
235
254
254
252
251
251
251
251
251
251
251
251
251
251
251
251
251
251
251
251
251
251
251
251
251
251
251
251
251
251
251
251
251
251
251
251
251
251
251
251
251
251
251
251
251
251
251
251
251
251
251
251
251
251
252
253
254
254
254
254
254
254
252
251
251
251
251
252
254
254
254
252
251
251
251
251
251
251
251
251
251
252
253
254
254
240
148
165
243
251
253
251
251
251
251
251
251
251
251
251
251
251
251
251
254
246
222
111
230
201
154
133
139
161
238
247
250
253
251
251
251
251
251
251
251
251
251
251
251
251
251
251
251
252
253
245
181
148
146
170
244
254
251
251
253
248
243
239
234
244
248
254
252
251
251
251
251
251
251
251
251
251
251
251
251
251
251
251
251
251
251
251
251
251
251
251
251
251
251
251
251
251
251
251
251
251
251
251
251
251
251
251
251
251
251
251
251
251
251
251
251
251
251
251
251
251
251
251
251
251
251
251
251
251
251
251
251
251
251
251
251
251
251
251
251
251
251
251
251
251
251
251
251
252
254
248
242
243
250
254
254
254
254
252
251
251
251
251
251
251
251
251
251
251
252
254
246
254
241
185
128
132
152
244
254
254
253
252
251
251
251
251
251
251
251
251
251
251
251
251
251
251
251
251
254
251
246
237
235
243
247
253
251
251
252
253
254
254
254
254
254
252
251
251
251
251
251
251
251
251
251
251
251
251
251
251
251
251
251
251
252
254
254
254
252
251
251
251
251
251
251
251
251
251
251
251
251
251
251
251
251
251
251
251
251
251
251
251
251
251
251
251
251
251
251
251
251
251
251
251
251
251
251
251
251
251
251
251
251
251
251
251
251
251
251
251
251
251
251
251
251
251
251
251
252
254
254
254
254
254
246
251
246
254
252
251
251
251
251
251
251
251
251
251
251
252
253
254
253
190
147
153
237
253
254
252
251
251
251
251
251
251
251
251
251
251
251
251
251
251
251
251
251
251
252
253
254
254
254
254
253
252
251
251
251
251
251
251
251
251
251
251
251
251
251
251
251
251
251
251
251
251
251
251
251
251
251
251
251
252
254
246
251
246
254
252
251
251
251
251
251
251
251
251
251
251
251
251
251
251
251
251
251
251
251
251
251
251
251
251
251
251
251
251
251
251
251
251
251
251
251
251
251
251
251
251
251
251
251
251
251
251
251
251
251
251
251
251
251
251
251
251
251
251
251
251
251
252
254
254
229
108
222
246
254
251
251
251
251
251
251
251
251
251
251
251
251
252
250
244
236
243
249
254
252
251
251
251
251
251
251
251
251
251
251
251
251
251
251
251
251
251
251
251
251
251
251
251
251
251
251
251
251
251
251
251
251
251
251
251
251
251
251
251
251
251
251
251
251
251
251
251
251
251
251
251
251
251
252
254
254
229
108
222
246
254
251
251
251
251
251
251
251
251
251
251
251
251
251
251
251
251
251
251
251
251
251
251
251
251
251
251
251
251
251
251
251
251
251
251
251
251
251
251
251
251
251
251
251
251
251
251
251
251
251
251
251
251
251
251
251
251
251
251
251
251
251
252
252
240
99
90
106
244
254
251
251
251
251
251
251
251
251
251
251
251
251
252
253
254
254
254
254
252
251
251
251
251
251
251
251
251
251
251
251
251
251
251
251
251
251
251
251
251
251
251
251
251
251
251
251
251
251
251
251
251
251
251
251
251
251
251
251
251
251
251
251
251
251
251
251
251
251
251
251
251
251
251
252
252
240
99
90
106
244
254
251
251
251
251
251
251
251
251
251
251
251
251
251
251
251
251
251
251
251
251
251
251
251
251
251
251
251
251
251
251
251
251
251
251
251
251
251
251
251
251
251
251
251
251
251
251
251
251
251
251
251
251
251
251
251
251
251
251
251
251
251
251
251
86
86
86
251
251
251
251
251
251
251
251
251
251
251
251
251
251
251
251
251
251
251
251
251
251
251
251
251
251
251
251
251
251
251
251
251
251
251
251
251
251
251
251
251
251
251
251
251
251
251
251
251
251
251
251
251
251
251
251
251
251
251
251
251
251
251
251
251
251
251
251
251
251
251
251
251
251
251
251
251
251
86
86
86
251
251
251
251
251
251
251
251
251
251
251
251
251
251
251
251
251
251
251
