251
251
251
251
251
251
251
251
251
251
251
251
251
251
251
251
251
251
251
251
251
251
251
251
251
251
251
251
251
251
251
251
251
251
251
251
251
251
251
251
251
251
251
251
251
251
251
251
251
251
251
251
251
251
251
251
251
251
251
251
251
251
251
251
251
251
251
251
251
251
251
251
251
251
251
251
251
251
251
251
251
251
251
251
251
251
251
251
253
231
154
255
251
251
251
251
251
251
251
251
251
251
251
251
251
251
251
251
251
251
251
251
251
251
251
251
251
251
251
251
251
251
251
251
251
251
251
251
251
251
251
251
251
251
251
251
251
251
251
251
251
251
251
251
251
251
251
251
251
251
251
251
251
251
251
251
251
251
251
251
251
251
251
251
251
251
251
251
251
251
251
251
251
251
251
251
251
251
251
251
251
251
251
251
251
251
251
251
251
251
251
251
251
251
251
251
251
251
251
251
251
251
251
251
251
251
251
251
251
251
251
251
251
251
251
251
251
251
251
251
251
251
251
251
251
251
251
251
251
251
251
251
251
254
248
244
238
239
220
138
158
239
252
253
251
251
251
251
251
251
251
251
251
251
251
251
251
251
251
251
251
251
251
251
251
251
251
251
251
251
251
251
251
251
251
251
251
251
251
251
251
251
251
251
251
251
251
251
251
251
251
251
251
251
251
251
251
251
251
251
251
251
251
251
251
251
251
251
251
251
251
251
251
251
251
251
251
251
251
251
251
251
251
251
251
251
251
251
251
251
251
251
251
251
251
251
251
251
251
251
251
251
251
251
251
251
251
251
251
251
251
251
251
251
251
251
251
251
251
251
251
251
251
251
251
251
251
251
251
251
251
251
251
251
251
251
251
251
251
251
251
251
251
255
245
174
145
151
141
132
131
176
252
255
251
251
251
251
251
251
251
251
251
251
251
251
251
251
251
251
251
251
251
251
251
251
251
251
251
251
251
251
251
251
251
251
251
251
251
251
251
251
251
251
251
251
251
251
251
251
251
251
251
251
251
251
251
251
251
251
251
251
251
251
251
251
251
251
251
251
251
251
251
251
251
251
251
251
251
251
251
251
251
251
251
251
251
251
251
251
251
251
251
251
251
251
251
251
251
251
251
251
251
251
251
251
251
251
251
251
251
251
251
251
251
251
251
251
251
251
251
251
251
251
251
251
251
251
251
251
251
251
251
251
251
251
251
251
251
251
251
251
251
255
238
145
120
127
130
129
126
169
245
255
251
251
251
251
251
251
251
251
251
251
251
251
251
251
251
251
251
251
251
251
251
251
251
251
251
251
251
251
251
251
251
251
251
251
251
251
251
251
251
251
251
251
251
251
251
251
251
251
251
251
251
251
251
251
251
251
251
251
251
251
251
251
251
251
251
251
251
251
251
251
251
253
254
255
254
253
251
251
251
251
251
251
251
251
251
251
251
251
251
251
251
251
251
251
251
251
251
251
251
251
251
251
251
251
251
251
251
251
251
251
251
251
251
251
251
251
251
251
251
251
251
251
251
251
251
251
251
251
251
251
251
251
251
251
251
251
251
251
252
255
242
155
127
136
138
133
129
171
247
255
251
251
251
251
251
251
251
251
251
251
251
251
251
251
251
251
251
251
251
251
251
251
251
251
251
251
251
251
251
252
254
255
255
255
255
255
254
252
251
251
251
251
251
251
251
251
251
251
251
251
251
251
251
251
251
251
251
251
251
251
251
251
251
251
251
251
251
251
251
251
253
255
247
252
247
255
253
251
251
251
251
251
251
251
251
251
251
251
251
251
251
251
251
251
251
251
251
251
251
251
251
251
251
251
251
251
251
251
251
251
251
251
251
251
251
251
251
251
251
251
251
251
251
251
251
251
251
251
251
251
251
251
251
251
251
251
251
251
254
251
235
146
130
136
137
133
129
170
247
255
251
251
251
251
251
251
251
251
251
251
251
251
251
251
251
251
251
251
251
251
251
251
251
251
251
251
251
251
251
253
248
243
236
238
235
243
247
254
251
251
251
251
251
251
251
251
251
251
251
251
251
251
251
251
251
251
251
251
251
251
251
251
251
251
251
251
251
251
251
253
255
254
231
115
225
247
254
251
251
251
251
251
251
251
251
251
251
251
252
253
254
254
254
254
253
253
251
251
251
251
251
251
251
251
251
251
251
251
251
251
251
251
251
251
251
251
251
251
251
251
251
251
251
251
251
251
251
251
251
251
251
251
251
251
251
251
251
251
255
247
158
135
133
136
136
133
129
170
247
255
251
251
251
251
251
251
251
251
251
251
251
251
251
251
251
251
251
251
251
251
251
251
251
251
251
251
251
251
251
255
247
167
144
149
144
164
244
255
251
251
251
251
251
251
251
251
251
251
251
251
251
251
251
251
251
251
251
251
251
251
251
251
251
251
251
251
251
251
252
254
249
234
96
101
122
255
255
251
251
251
251
251
251
251
251
251
252
253
255
250
249
252
252
254
250
255
255
253
251
251
251
251
251
251
251
251
251
251
251
251
251
251
251
251
251
251
251
251
252
253
255
255
255
255
254
253
251
251
251
251
251
251
251
251
251
251
251
252
255
241
151
126
134
135
133
131
128
172
247
255
251
251
251
251
251
251
251
251
251
251
251
251
251
251
251
251
251
251
251
251
251
251
251
251
251
251
251
251
251
255
241
155
119
125
119
147
238
255
251
251
251
251
251
251
251
251
251
251
251
251
251
251
251
251
251
251
251
251
251
251
251
251
251
251
251
251
252
253
255
255
255
122
97
85
220
245
255
255
255
255
255
254
252
251
252
253
255
255
255
248
187
209
232
172
213
247
252
255
255
252
251
251
251
251
251
251
251
251
251
251
251
251
251
251
251
251
251
251
253
249
245
237
234
240
244
251
252
251
251
251
251
251
251
251
251
251
251
254
252
236
147
128
131
142
140
139
128
174
250
255
252
251
251
251
251
251
251
251
251
251
251
251
251
251
251
251
251
251
251
251
251
251
251
251
251
251
251
251
251
255
244
162
127
135
128
155
241
255
251
251
251
251
251
251
251
251
251
251
251
251
251
251
251
251
251
251
251
251
251
251
251
251
251
251
251
251
253
250
246
239
188
201
100
127
160
242
251
246
245
243
240
247
254
251
254
253
248
240
190
194
178
140
138
143
138
149
223
247
248
255
253
251
251
251
251
251
251
251
251
251
251
251
251
251
251
251
251
251
254
245
181
144
140
160
219
255
254
253
251
251
251
251
251
251
251
251
251
255
249
160
135
129
139
163
222
142
124
167
245
255
254
252
251
251
251
251
251
251
251
251
251
251
251
251
251
251
251
251
251
251
251
251
251
251
251
251
251
251
251
255
245
160
127
135
128
155
241
255
251
251
251
251
251
251
251
251
251
251
251
251
251
251
251
251
251
251
251
251
251
251
251
251
251
251
251
252
255
254
197
143
149
144
141
124
143
219
160
156
225
147
162
246
255
252
254
248
201
137
140
139
138
133
129
130
126
134
139
149
236
249
254
251
251
251
251
251
251
251
251
251
251
251
251
251
251
251
251
251
255
249
169
129
126
162
239
253
248
255
253
251
251
251
251
251
251
251
251
255
241
158
125
128
148
248
233
149
123
137
172
249
253
253
251
251
251
251
251
251
251
251
251
251
251
251
251
251
251
251
251
251
251
251
251
251
251
251
251
251
251
255
242
160
125
134
127
154
241
255
251
251
251
251
251
251
251
251
251
251
251
251
251
251
251
251
251
251
251
251
251
251
251
251
251
251
252
254
253
242
172
123
129
133
130
99
138
138
135
134
131
127
147
242
255
254
255
214
141
128
128
132
132
134
134
135
134
134
128
129
153
246
255
252
251
251
251
251
251
251
251
251
252
253
254
253
253
251
251
251
255
246
227
130
155
242
235
121
225
247
254
251
251
251
251
251
251
251
252
255
247
163
128
127
155
252
240
143
119
96
128
182
253
255
251
251
251
251
251
251
251
251
251
251
251
251
251
251
251
251
251
251
251
251
251
251
251
253
254
255
253
255
246
158
128
134
127
154
241
255
251
251
251
251
251
251
251
251
251
251
251
251
251
251
251
251
251
251
251
251
251
251
251
251
251
251
255
255
233
172
136
136
134
130
94
92
98
132
134
132
129
137
186
252
255
254
249
198
128
129
135
131
126
133
136
137
129
129
132
126
140
232
254
254
251
251
251
251
251
251
251
251
253
248
247
245
251
252
251
251
255
246
153
130
153
225
104
96
115
252
255
251
251
251
251
251
251
251
253
254
239
152
128
130
157
253
235
139
86
92
97
177
248
255
251
251
251
251
251
251
251
251
251
251
251
251
251
251
251
251
251
251
251
251
251
251
253
255
247
252
247
255
248
184
135
133
128
156
244
255
252
251
251
251
251
251
251
251
251
251
251
251
251
251
251
251
251
251
251
251
251
251
251
251
251
253
255
251
191
129
126
130
127
90
96
93
133
127
133
133
126
150
238
255
255
255
222
146
133
130
137
144
145
146
212
181
152
145
141
131
137
169
252
255
252
251
251
251
251
251
252
253
255
252
201
222
255
255
251
252
255
238
147
119
154
104
104
92
231
247
254
251
251
251
251
251
251
251
255
252
167
136
127
140
202
255
232
112
88
92
126
180
250
255
251
251
251
251
251
251
251
251
251
251
251
251
251
251
251
251
251
251
251
251
251
253
255
254
231
115
225
254
254
188
139
134
129
147
237
254
253
251
251
251
251
251
251
251
251
251
251
251
251
251
251
251
251
251
251
251
253
254
255
254
253
253
249
202
137
129
133
141
148
140
121
216
168
140
133
123
128
158
250
255
254
247
202
129
130
129
129
190
237
247
246
248
245
234
154
130
129
144
235
253
254
251
251
251
251
252
254
253
252
232
167
202
249
255
253
254
253
233
140
131
158
223
123
231
254
255
253
251
251
251
251
251
251
252
255
242
157
127
126
148
238
255
227
134
91
126
131
181
250
255
251
251
251
251
251
251
251
251
251
251
251
251
251
251
251
251
251
251
251
251
251
254
247
232
95
101
124
255
255
190
137
134
135
137
161
249
255
251
251
251
251
251
251
251
251
251
251
251
251
251
251
251
251
251
251
253
255
247
252
247
255
255
213
141
128
131
139
207
245
236
246
245
250
234
159
143
155
240
253
255
255
228
146
135
132
133
141
211
255
255
255
255
255
246
166
125
129
135
163
252
255
252
251
251
251
253
252
245
192
138
139
136
215
253
255
255
248
157
128
145
244
250
254
247
255
253
251
251
251
251
251
251
252
255
255
213
148
129
126
150
240
255
238
148
134
129
133
180
250
255
251
251
251
251
251
251
251
251
251
251
251
251
251
251
253
254
255
254
253
251
251
255
253
121
97
88
217
237
240
171
137
133
135
123
154
240
255
251
251
251
251
251
251
251
251
251
251
251
251
251
251
251
251
251
251
255
254
231
115
225
251
251
197
128
124
130
197
254
255
255
255
255
255
254
246
236
245
250
255
248
243
198
136
130
137
136
197
255
255
255
255
255
255
255
181
152
145
130
151
242
255
255
255
255
255
255
255
205
139
129
129
132
142
230
255
255
248
156
122
163
255
255
255
255
255
255
255
255
255
255
255
255
255
255
251
167
137
133
143
177
255
255
255
230
143
131
137
187
255
255
255
255
255
255
255
255
255
255
255
255
255
255
255
255
255
252
254
252
255
255
255
255
255
232
111
159
150
160
151
150
139
132
103
124
161
254
255
255
255
255
255
255
255
255
255
255
253
251
251
251
251
251
251
251
251
247
231
92
95
118
255
222
145
128
127
148
217
255
255
251
251
251
252
254
255
255
255
254
255
236
121
93
101
123
124
119
173
225
226
221
221
221
224
219
221
209
135
123
128
147
226
224
221
221
221
224
221
169
118
120
127
122
126
153
218
237
222
138
112
136
214
227
221
221
221
221
221
221
221
221
221
221
224
225
157
128
124
123
129
209
221
226
229
204
127
120
124
164
225
228
221
221
221
221
221
221
221
221
221
221
221
221
222
225
234
220
122
215
230
228
230
233
240
203
148
116
120
116
120
125
127
97
94
91
141
220
227
221
221
221
221
221
221
217
231
241
254
251
251
251
251
251
251
251
251
252
115
95
93
236
254
212
132
125
137
199
251
254
252
251
251
251
251
251
251
251
251
251
255
236
122
91
100
98
105
112
125
134
134
134
135
139
144
139
137
119
114
103
98
113
124
138
132
133
132
134
134
124
110
102
103
104
104
106
124
131
126
106
105
120
131
136
133
133
133
133
133
133
133
133
133
133
140
128
117
101
103
100
117
126
140
134
137
125
114
101
102
112
123
134
134
132
133
133
133
133
133
134
136
138
136
134
136
123
118
88
110
118
138
125
117
118
116
105
104
110
115
109
99
101
97
98
97
96
116
128
144
134
133
133
133
133
133
128
138
246
255
251
251
251
251
251
251
251
251
247
225
115
231
255
255
205
127
126
188
249
255
253
251
251
251
251
251
251
251
251
251
251
255
247
245
198
131
120
125
174
226
227
221
223
217
212
209
205
133
118
124
125
118
139
217
227
221
221
221
221
224
229
179
128
123
125
128
121
127
195
134
115
136
221
232
223
221
221
221
221
221
221
221
221
221
222
221
215
143
121
125
120
134
212
226
222
227
208
148
121
123
120
163
221
225
221
221
221
221
221
222
228
215
220
215
228
227
217
97
90
97
214
184
121
113
117
123
131
136
205
224
156
128
140
132
103
128
120
91
202
217
223
221
221
221
221
221
217
231
241
254
251
251
251
251
251
251
251
251
255
247
252
249
255
221
142
125
128
192
253
255
251
251
251
251
251
251
251
251
251
251
251
253
255
255
223
145
127
138
200
255
255
255
255
255
193
161
156
150
137
136
131
134
168
255
255
255
255
255
255
255
255
255
183
134
133
135
136
148
148
148
146
159
255
255
255
255
255
255
255
255
255
255
255
255
255
255
185
143
136
133
138
169
253
255
255
255
230
145
133
134
136
192
255
255
255
255
255
255
255
255
255
244
129
238
255
255
255
239
119
206
156
154
141
134
139
198
243
247
255
254
180
225
235
150
127
130
94
110
134
255
255
255
255
255
255
255
255
255
255
253
251
251
251
251
251
251
251
251
253
254
255
255
255
214
134
123
138
196
254
255
251
251
251
251
251
251
251
251
251
251
251
251
254
255
214
138
122
136
196
255
255
247
244
231
158
123
128
133
131
138
140
159
241
251
253
251
251
251
251
252
254
255
248
184
143
141
134
133
134
132
141
210
117
228
247
254
251
251
251
251
251
251
251
251
255
248
175
130
130
137
146
238
251
254
252
255
227
144
134
128
131
184
250
255
253
255
255
254
255
247
231
92
95
115
252
255
255
249
225
133
137
128
130
133
192
254
255
255
255
247
247
253
254
165
136
98
89
100
227
250
254
251
251
251
251
251
251
251
251
251
251
251
251
251
251
251
251
251
251
251
251
254
250
208
129
124
182
244
253
252
251
251
251
251
251
251
251
251
251
251
251
251
254
255
215
138
121
140
198
251
246
181
149
146
141
133
129
127
131
148
232
248
251
255
252
251
251
251
251
251
252
254
252
251
233
158
125
131
137
134
140
95
110
122
254
255
251
251
251
251
251
251
251
252
255
248
188
137
127
139
227
254
255
252
252
254
249
216
136
126
131
185
251
255
252
244
241
245
255
253
115
95
92
231
247
255
250
230
145
136
130
130
137
190
251
255
254
252
252
254
255
255
253
237
146
123
94
154
246
255
253
251
251
251
251
251
251
251
251
251
251
251
251
251
251
251
251
251
251
251
253
255
225
146
127
132
194
254
255
252
251
251
251
251
251
251
253
254
255
254
253
251
254
255
214
138
124
133
186
199
145
133
128
125
124
133
142
148
156
240
253
255
254
252
251
251
251
251
251
251
251
252
253
255
253
183
143
140
136
135
100
89
92
220
245
255
251
251
251
251
253
254
254
255
255
208
153
133
125
144
230
255
253
251
251
255
255
221
140
121
132
189
255
255
250
182
149
222
255
250
225
115
231
254
255
255
238
147
130
129
133
137
187
251
255
254
252
251
251
251
251
252
255
245
160
127
127
157
244
255
251
251
251
251
251
251
251
251
251
251
251
251
251
251
251
251
251
251
251
251
254
255
218
138
121
132
191
253
255
251
251
251
251
251
251
253
255
247
252
247
255
253
254
255
215
138
126
138
141
138
130
125
124
134
139
149
223
240
246
253
255
255
253
251
251
251
251
251
251
251
251
251
251
253
249
249
232
157
131
134
129
99
134
179
255
255
253
252
251
253
255
247
251
253
255
182
132
129
133
151
237
255
252
251
251
253
255
233
148
132
130
179
240
247
185
129
125
203
250
255
248
252
247
255
255
252
223
134
125
130
143
196
252
254
254
252
251
251
251
251
251
251
255
242
156
127
128
157
243
255
251
251
251
251
251
251
251
251
251
251
251
251
251
251
251
251
251
251
251
251
255
251
212
133
125
131
188
251
255
251
251
251
251
251
253
255
254
231
115
225
247
253
254
255
212
134
125
136
135
132
136
142
147
159
218
247
253
255
255
250
253
247
255
253
251
251
251
251
251
251
251
251
251
252
254
255
253
169
132
136
134
134
128
152
235
253
255
255
255
255
254
231
115
232
244
179
129
126
137
222
253
254
251
253
254
255
252
241
200
130
133
143
151
150
141
130
125
137
220
255
255
255
255
254
255
244
156
134
131
138
178
252
255
254
252
251
251
251
251
251
251
253
255
242
155
125
128
157
242
255
251
251
251
251
251
251
251
251
251
251
251
251
251
251
251
251
251
251
251
252
255
229
144
133
126
130
186
253
255
253
251
251
251
251
254
247
231
92
95
115
252
254
253
255
221
142
132
132
132
125
128
194
239
247
252
255
255
255
254
231
115
225
247
254
251
251
251
251
251
251
251
251
251
251
253
255
241
155
129
136
137
136
134
141
150
195
239
246
254
254
236
95
97
126
251
184
130
121
144
228
255
255
255
255
253
249
221
150
145
142
133
133
132
129
128
133
136
147
228
251
253
247
255
255
252
226
137
126
128
165
242
255
254
252
251
251
251
251
251
251
253
255
255
233
110
122
125
157
242
255
251
251
251
251
251
251
251
251
251
251
251
251
251
251
251
251
251
251
251
254
255
219
136
125
136
146
187
254
250
255
253
251
251
251
255
252
115
95
92
231
247
254
252
255
254
207
131
132
142
143
159
222
255
255
254
253
254
247
231
92
95
115
252
255
254
255
254
252
251
251
251
251
251
252
255
254
175
134
139
157
142
128
132
132
134
140
142
175
255
248
119
92
103
237
240
175
129
133
152
244
255
247
237
242
228
156
138
133
129
134
136
139
138
130
95
129
198
254
249
232
118
225
247
255
242
153
134
130
132
174
255
255
254
253
251
251
251
251
251
251
254
247
233
104
96
98
128
158
242
255
251
251
251
251
251
251
251
251
251
251
251
251
251
251
251
251
251
251
251
254
255
221
140
126
133
175
216
120
226
247
254
251
251
251
254
247
225
115
231
254
255
253
252
255
254
210
129
126
184
238
244
246
253
252
251
251
255
252
115
95
94
235
255
255
248
247
246
254
251
251
251
251
251
253
254
240
156
118
142
219
169
141
138
131
133
131
130
140
181
222
94
90
230
255
194
138
129
130
213
241
242
158
158
147
137
135
129
133
135
136
137
136
131
92
88
115
249
255
236
94
95
115
253
255
236
147
124
131
148
216
249
254
247
255
253
251
251
251
251
251
255
252
119
96
86
129
127
158
242
255
251
251
251
251
251
251
251
251
251
251
251
251
251
251
251
251
251
251
251
254
255
222
140
127
136
135
96
105
116
252
255
251
251
251
253
255
247
252
247
255
253
251
253
255
221
143
127
133
198
255
255
255
253
251
251
251
254
247
225
116
234
247
249
238
214
175
246
255
251
251
251
251
251
255
253
175
134
130
153
238
254
232
149
134
131
136
137
132
133
98
96
119
251
234
159
128
131
143
147
178
149
136
125
129
129
132
132
130
128
132
136
136
98
99
104
205
254
255
116
95
92
231
250
255
230
141
128
131
170
248
238
118
225
247
254
251
251
251
251
251
254
247
231
111
136
133
129
158
242
255
251
251
251
251
251
251
251
251
251
251
251
251
251
251
251
251
251
251
251
253
255
219
139
126
132
93
90
101
231
247
254
251
251
251
251
253
254
255
254
253
251
251
253
255
209
131
119
129
185
247
255
253
251
251
251
251
253
255
247
253
255
246
158
144
139
176
242
255
251
251
251
251
252
255
248
170
122
132
223
254
255
255
239
143
134
130
132
127
87
87
101
240
252
200
138
130
136
133
132
131
133
132
134
135
133
129
137
145
161
148
141
133
120
107
229
251
255
249
225
115
231
254
255
246
155
134
131
133
164
226
102
95
115
252
255
251
251
251
251
251
253
255
254
239
147
132
127
157
242
255
251
251
251
251
251
251
251
251
251
251
251
251
251
251
251
251
251
251
251
252
255
232
151
135
132
126
113
239
255
255
253
251
251
251
251
251
251
251
251
251
251
251
253
255
223
144
131
131
139
201
255
254
252
251
251
251
251
253
254
255
255
226
134
118
125
166
245
255
251
251
251
251
253
254
242
164
121
143
230
255
255
255
253
234
138
129
134
142
146
118
237
255
255
188
130
130
136
137
136
134
134
129
127
126
136
142
168
240
237
197
130
134
128
146
211
255
255
255
247
252
247
255
255
236
147
126
132
136
173
109
103
92
231
247
254
251
251
251
251
251
251
253
255
243
154
126
125
156
242
255
251
251
251
251
251
251
251
251
251
251
251
251
251
251
251
251
251
251
251
252
255
245
208
129
132
128
186
246
255
253
251
251
251
251
251
251
251
251
251
251
251
251
251
254
250
205
132
126
130
167
233
255
255
253
252
253
254
255
255
255
241
140
100
119
132
175
251
255
251
251
251
251
255
253
181
135
121
140
226
255
252
253
255
254
228
143
168
240
239
245
249
255
252
186
131
131
135
131
129
125
133
141
149
151
172
236
251
255
241
154
139
134
131
132
197
254
254
253
254
255
254
253
255
238
151
127
133
134
163
220
124
231
254
255
253
251
251
251
251
251
251
251
255
251
164
137
126
159
246
255
252
251
251
251
251
251
251
251
251
251
251
251
251
251
251
251
251
251
251
252
255
235
158
136
131
134
155
216
255
255
252
251
251
251
251
251
251
251
251
251
251
251
251
255
255
213
138
128
133
136
194
245
252
255
255
251
254
244
252
232
142
91
83
98
161
247
251
253
251
251
251
251
255
249
175
125
129
150
236
255
252
251
253
255
249
243
245
255
255
255
254
255
249
181
124
119
132
141
150
147
152
228
241
238
248
254
255
255
248
202
130
130
128
133
196
254
255
251
253
254
255
254
255
237
150
127
135
132
176
244
255
248
255
253
251
251
251
251
251
251
251
253
255
248
232
136
128
149
238
254
253
251
251
251
251
251
251
251
251
251
251
251
251
251
251
251
251
251
251
252
255
234
163
131
131
131
136
194
252
254
251
252
251
251
251
251
251
251
251
251
251
251
251
254
255
208
134
126
133
137
140
145
207
249
249
244
172
221
166
139
97
92
99
162
244
255
254
252
251
251
251
253
255
243
170
123
134
219
252
254
251
251
251
253
254
255
255
254
252
251
251
255
252
193
146
143
147
216
241
237
245
253
255
255
255
254
252
254
255
223
147
133
126
133
198
254
255
253
255
247
252
247
255
241
151
126
135
131
163
243
255
255
253
251
251
251
251
251
251
251
253
255
255
242
116
132
130
136
165
250
255
251
251
251
251
251
251
251
251
251
251
251
251
251
251
251
251
251
251
251
255
252
210
130
128
131
133
184
207
222
255
255
255
255
255
255
253
251
251
251
251
251
251
254
255
217
141
132
134
135
128
132
137
149
222
165
144
134
138
120
125
113
232
250
253
255
252
251
251
251
251
255
254
193
142
122
142
227
255
254
251
251
251
251
251
251
251
251
251
251
251
253
250
244
238
233
243
251
255
255
255
254
253
251
251
251
251
252
255
250
202
132
123
131
196
255
255
255
254
231
115
225
255
240
151
127
136
134
138
171
249
255
251
251
251
251
251
251
252
253
255
254
241
104
95
96
132
126
157
242
255
251
251
251
251
251
251
251
251
251
251
251
251
251
251
251
251
251
251
251
254
255
225
142
130
130
138
135
143
201
252
255
254
244
241
244
253
252
251
251
251
251
251
252
255
249
198
127
130
137
136
135
130
137
138
141
131
125
94
126
150
247
254
255
254
252
251
251
251
251
251
255
252
183
131
122
139
223
255
253
251
251
251
251
251
251
251
251
251
251
251
252
253
255
255
255
255
254
253
251
251
251
251
251
251
251
251
251
255
255
211
141
122
136
201
255
255
247
231
92
95
116
255
243
151
127
136
134
130
167
246
255
254
255
254
253
252
254
255
254
252
239
111
92
86
126
127
121
154
242
255
251
251
251
251
251
251
251
251
251
251
251
251
251
251
251
251
251
251
251
252
254
250
215
136
135
133
128
132
194
182
211
238
166
148
231
255
252
251
251
251
251
251
251
255
255
215
143
133
135
137
137
135
135
135
134
129
90
94
112
244
255
255
253
251
251
251
251
251
251
253
254
245
175
126
130
167
236
255
251
251
251
251
251
251
251
251
251
251
251
251
251
251
251
251
251
251
251
251
251
251
251
251
251
251
251
251
251
254
255
210
140
124
131
193
247
255
253
115
95
92
231
255
241
151
128
136
134
132
175
245
255
249
252
249
255
255
251
248
238
174
139
126
100
131
146
141
146
168
247
255
251
251
251
251
251
251
251
251
251
251
251
251
251
251
251
251
251
251
251
251
253
255
251
202
128
129
134
139
138
142
143
143
128
134
222
255
252
251
251
251
251
251
251
252
254
247
192
126
128
134
137
137
136
135
130
91
91
103
237
252
255
252
251
251
251
251
251
251
251
254
252
194
136
116
126
214
253
255
251
251
251
251
251
251
251
251
251
251
251
251
251
251
251
251
251
251
251
251
251
251
251
251
251
251
251
251
251
254
255
207
135
127
133
142
212
255
250
225
115
231
254
255
239
151
127
137
135
133
145
199
255
237
120
225
247
253
247
180
138
135
125
127
147
223
167
231
239
243
248
253
251
251
251
251
251
251
251
251
251
251
251
251
251
251
251
251
251
251
251
251
251
255
255
217
139
124
125
127
129
130
130
130
120
138
224
255
252
251
251
251
251
251
251
251
255
255
213
147
136
134
132
134
128
134
137
138
119
235
254
255
253
251
251
251
251
251
251
251
251
254
250
190
144
140
151
228
255
254
251
251
251
251
251
251
251
251
251
251
251
251
251
251
251
251
251
251
251
251
251
251
251
251
251
251
251
251
251
254
255
206
134
126
131
130
196
251
255
248
252
247
255
255
237
148
126
134
135
131
132
172
228
108
99
108
187
205
185
137
124
124
131
141
237
248
255
252
255
255
254
252
251
251
251
251
251
251
251
251
251
251
251
251
251
251
251
251
251
251
251
251
251
252
253
249
205
141
150
148
140
130
128
129
128
145
234
255
252
251
251
251
251
251
251
251
252
252
248
242
187
133
124
130
137
147
221
238
245
250
255
253
251
251
251
251
251
251
251
251
251
253
250
244
237
233
240
246
253
252
251
251
251
251
251
251
251
251
251
251
251
251
251
251
251
251
251
251
251
251
251
251
251
251
251
251
251
251
251
254
255
203
131
127
134
133
147
218
255
255
254
254
253
255
246
157
133
134
136
136
137
144
106
102
85
125
132
140
132
125
129
136
157
232
254
255
255
253
252
251
251
251
251
251
251
251
251
251
251
251
251
251
251
251
251
251
251
251
251
251
251
251
251
251
253
254
248
241
240
234
179
138
137
139
136
223
250
254
251
251
251
251
251
251
251
251
252
253
255
255
251
198
144
146
212
250
255
255
255
254
253
251
251
251
251
251
251
251
251
251
251
252
253
255
255
255
255
254
253
251
251
251
251
251
251
251
251
251
251
251
251
251
251
251
251
251
251
251
251
251
251
251
251
251
251
251
251
251
251
254
255
213
140
133
134
127
135
206
255
254
251
251
251
254
252
228
137
128
136
135
136
132
127
100
123
99
121
126
135
144
147
216
247
251
255
253
251
251
251
251
251
251
251
251
251
251
251
251
251
251
251
251
251
251
251
251
251
251
251
251
251
251
251
251
252
253
255
255
255
255
195
206
232
171
218
252
255
253
251
251
251
251
251
251
251
251
251
251
252
255
255
251
241
244
255
254
255
249
255
253
251
251
251
251
251
251
251
251
251
251
251
251
251
251
251
251
251
251
251
251
251
251
251
251
251
251
251
251
251
251
251
251
251
251
251
251
251
251
251
251
251
251
251
251
251
251
251
251
251
252
254
249
197
130
131
127
133
205
255
254
251
251
251
253
255
245
151
127
125
125
127
129
126
122
87
94
103
142
207
239
244
250
255
254
253
251
251
251
251
251
251
251
251
251
251
251
251
251
251
251
251
251
251
251
251
251
251
251
251
251
251
251
251
251
251
251
251
251
253
248
248
253
252
253
248
255
253
251
251
251
251
251
251
251
251
251
251
251
253
255
249
255
255
255
255
233
116
225
247
254
251
251
251
251
251
251
251
251
251
251
251
251
251
251
251
251
251
251
251
251
251
251
251
251
251
251
251
251
251
251
251
251
251
251
251
251
251
251
251
251
251
251
251
251
251
251
251
251
251
251
255
255
205
135
126
130
138
213
255
254
251
251
251
251
254
250
233
153
147
150
150
151
153
107
102
100
192
242
253
255
255
255
255
255
254
253
251
251
251
251
251
251
251
251
251
251
251
251
251
251
251
251
251
251
251
251
251
251
251
251
251
251
251
251
251
251
251
251
252
253
254
254
254
254
253
253
251
251
251
251
251
251
251
251
251
251
251
253
255
254
231
115
228
242
234
92
95
115
253
255
255
254
253
251
251
251
251
251
251
251
251
251
251
251
251
251
251
251
251
251
251
251
251
251
251
251
251
251
251
251
251
251
251
251
251
251
251
251
251
251
251
251
251
251
251
251
251
251
251
251
255
255
203
131
126
137
204
249
254
252
251
251
251
251
253
255
249
245
237
238
238
240
241
223
122
228
254
255
255
253
253
255
247
252
247
255
253
251
251
251
251
251
251
251
251
251
251
251
251
251
251
251
251
251
251
251
251
251
251
251
251
251
251
251
251
251
251
251
251
251
251
251
251
251
251
251
251
251
251
251
251
251
251
251
251
251
251
254
247
231
92
95
120
251
120
95
92
233
254
250
252
247
255
253
251
251
251
251
251
251
251
251
251
251
251
251
251
251
251
251
251
251
251
251
251
251
251
251
251
251
251
251
251
251
251
251
251
251
251
251
251
251
251
251
251
251
251
251
251
251
255
253
198
121
116
190
248
255
253
251
251
251
251
251
251
253
254
255
255
255
255
255
255
250
253
248
255
253
252
253
255
254
231
115
225
247
254
251
251
251
251
251
251
251
251
251
251
251
251
251
251
251
251
251
251
251
251
251
251
251
251
251
251
251
251
251
251
251
251
251
251
251
251
251
251
251
251
251
251
251
251
251
251
251
251
251
251
255
252
115
95
92
234
242
228
115
233
255
255
233
115
225
247
254
251
251
251
251
251
251
251
251
251
251
251
251
251
251
251
251
251
251
251
251
251
251
251
251
251
251
251
251
251
251
251
251
251
251
251
251
251
251
251
251
251
251
251
251
251
251
254
254
207
144
146
208
255
255
251
251
251
251
251
251
251
251
251
251
251
251
251
251
253
254
255
254
253
251
251
254
247
231
92
95
115
252
255
251
251
251
251
251
251
251
251
251
251
251
251
251
251
251
251
251
251
251
251
251
251
251
251
251
251
251
251
251
251
251
251
251
251
251
251
251
251
251
251
251
251
251
251
251
251
251
251
251
251
254
247
225
115
231
255
255
249
252
250
254
233
92
95
115
252
255
251
251
251
251
251
251
251
251
251
251
251
251
251
251
251
251
251
251
251
251
251
251
251
251
251
251
251
251
251
251
251
251
251
251
251
251
251
251
251
251
251
251
251
251
251
251
252
251
244
237
237
246
251
253
251
251
251
251
251
251
251
251
251
251
251
251
251
251
251
251
251
251
251
251
251
255
252
115
95
92
231
247
254
251
251
251
251
251
251
251
251
251
251
251
251
251
251
251
251
251
251
251
251
251
251
251
251
251
251
251
251
251
251
251
251
251
251
251
251
251
251
251
251
251
251
251
251
251
251
251
251
251
251
253
255
247
252
247
255
254
254
255
255
247
117
94
94
225
246
254
251
251
251
251
251
251
251
251
251
251
251
251
251
251
251
251
251
251
251
251
251
251
251
251
251
251
251
251
251
251
251
251
251
251
251
251
251
251
251
251
251
251
251
251
251
251
252
253
255
255
255
255
253
252
251
251
251
251
251
251
251
251
251
251
251
251
251
251
251
251
251
251
251
251
251
254
246
222
112
228
253
255
253
251
251
251
251
251
251
251
251
251
251
251
251
251
251
251
251
251
251
251
251
251
251
251
251
251
251
251
251
251
251
251
251
251
251
251
251
251
251
251
251
251
251
251
251
251
251
251
251
251
251
251
251
251
251
251
251
251
251
251
251
251
251
97
251
251
251
251
251
251
251
251
251
251
251
251
251
251
251
251
251
251
251
251
251
251
251
251
251
251
251
251
251
251
251
251
251
251
251
251
251
251
251
251
251
251
251
251
251
251
251
251
251
251
251
251
251
251
251
251
251
251
251
251
251
251
251
251
251
251
251
251
251
251
251
251
251
251
251
251
251
251
251
251
251
251
251
251
251
251
251
251
251
251
251
251
251
251
251
251
251
251
251
251
251
251
251
251
251
251
251
251
