252
252
252
252
252
252
252
252
252
252
252
252
252
252
252
252
252
252
252
252
252
252
55
55
55
252
252
252
252
252
252
252
252
252
252
252
252
252
252
252
252
252
252
252
252
252
252
252
252
252
252
252
252
252
252
252
252
252
252
252
252
252
252
252
252
252
252
252
252
252
252
252
252
252
252
252
252
252
252
252
252
252
252
252
252
252
252
252
252
252
252
252
252
252
252
252
252
252
252
252
252
252
252
252
252
252
252
252
252
252
252
252
252
252
252
252
252
252
252
252
252
252
252
252
252
252
252
252
252
252
252
252
252
252
252
252
252
252
252
252
252
55
252
252
252
252
252
252
252
252
252
252
252
252
252
252
252
252
252
252
252
252
252
252
252
252
252
252
252
252
254
254
232
100
232
254
254
252
252
252
252
252
252
252
252
252
252
252
252
252
252
252
252
252
252
252
252
252
253
255
252
247
240
249
254
255
255
255
255
255
254
253
252
252
252
252
252
252
252
252
252
252
252
252
252
252
252
252
252
252
252
252
252
252
252
252
252
252
252
252
252
252
252
252
252
252
252
252
252
252
252
252
252
252
252
252
252
252
252
252
252
252
252
252
252
252
252
252
252
252
252
252
252
252
252
252
252
252
252
252
252
252
252
252
252
252
252
255
245
219
52
53
91
239
255
246
255
254
252
252
252
252
252
252
252
252
252
252
252
252
252
252
252
252
252
252
252
252
252
252
254
255
246
253
246
255
254
252
252
252
252
252
252
252
252
252
252
252
252
252
252
252
252
252
252
252
252
253
255
254
244
178
175
182
240
245
243
243
241
249
253
255
254
253
252
252
252
252
252
252
252
252
252
252
252
252
252
252
252
254
255
255
255
254
252
252
252
252
252
252
252
252
252
252
252
252
252
252
252
252
252
252
252
252
252
252
252
252
252
252
252
252
252
252
252
252
252
252
252
252
252
252
252
252
252
252
252
252
252
252
252
252
252
252
252
252
252
255
253
80
55
59
229
220
84
219
246
255
252
252
252
252
252
252
252
252
252
252
252
252
252
252
252
252
252
252
252
253
254
255
255
255
255
255
255
254
252
252
252
252
252
252
252
252
252
252
252
252
252
252
252
252
252
252
252
252
252
254
251
243
172
165
159
168
174
179
178
180
178
184
238
249
252
255
253
252
252
252
252
252
252
252
252
252
252
252
252
252
254
255
246
253
246
255
254
252
252
252
252
252
252
252
252
252
253
254
255
255
255
255
255
254
253
252
252
252
252
252
252
252
252
252
252
252
252
252
252
252
252
252
252
252
252
252
252
252
252
252
252
252
252
252
252
252
252
252
252
255
246
219
84
220
229
59
55
80
253
255
252
252
252
252
252
252
252
252
252
252
252
252
252
252
252
252
253
254
255
255
254
247
245
249
254
252
252
252
252
252
252
252
252
252
252
252
252
252
252
252
252
252
252
252
252
252
252
252
252
254
253
185
168
160
166
166
164
161
159
161
161
169
166
180
244
253
255
253
252
252
252
252
252
252
252
252
252
252
252
254
255
255
226
80
219
246
255
252
252
252
252
252
252
252
252
253
255
251
255
246
255
245
254
250
255
255
255
254
253
252
252
252
252
252
252
252
252
252
252
252
252
252
252
252
252
252
252
252
252
252
252
252
252
252
252
252
252
252
252
254
255
246
255
247
89
55
50
226
246
255
252
252
252
252
252
252
252
252
252
252
252
252
252
253
254
255
255
253
248
242
240
179
185
246
255
252
252
252
252
252
252
252
252
252
252
252
252
252
252
252
252
252
252
252
252
252
252
252
252
254
251
241
183
170
167
163
168
176
172
172
165
168
163
166
172
246
255
255
253
252
252
252
252
252
252
252
252
252
252
255
246
226
50
53
80
253
255
252
252
252
252
252
252
252
252
254
251
241
190
233
192
231
200
242
255
245
255
251
255
253
252
252
252
252
252
252
252
252
252
252
252
252
252
252
252
252
252
252
252
252
252
252
252
252
252
252
252
252
252
252
254
255
255
251
220
80
226
255
255
254
252
252
252
252
252
252
252
252
252
252
252
253
255
255
253
249
244
239
179
178
170
164
177
243
255
253
252
252
252
254
255
255
255
254
252
252
252
252
252
252
252
252
252
252
252
252
252
252
252
253
255
251
251
238
177
178
197
210
240
180
168
166
169
167
168
178
244
251
254
252
252
252
252
252
252
252
253
254
255
255
255
82
54
50
226
246
255
252
252
252
252
252
252
252
253
255
251
179
173
168
178
165
180
228
192
232
189
244
254
255
253
252
252
252
252
252
252
252
252
252
252
252
252
252
252
252
252
252
252
252
252
252
252
252
252
252
252
252
252
252
252
252
254
255
246
253
246
255
254
252
252
252
252
252
252
252
252
252
252
253
254
255
249
247
236
183
179
173
170
162
165
162
172
237
252
254
252
252
254
255
246
253
246
255
254
252
252
252
252
252
252
252
252
252
252
252
252
252
252
252
253
254
255
252
247
242
245
254
254
247
165
168
163
167
166
167
183
250
255
253
252
252
252
252
254
255
255
251
246
240
242
220
88
232
255
255
255
255
255
255
254
253
252
252
254
253
238
171
162
166
167
165
172
167
178
166
174
175
242
249
254
252
252
252
252
252
252
252
252
252
252
252
252
252
252
252
252
254
255
255
255
254
252
252
252
254
255
255
255
254
252
254
255
255
255
255
255
254
252
252
252
252
252
252
252
252
252
252
252
254
247
255
241
173
167
169
163
165
168
170
170
165
173
185
254
254
252
254
255
255
226
80
219
246
255
252
252
252
252
252
252
252
252
252
252
252
252
252
252
252
252
252
253
254
255
255
255
255
255
253
242
169
179
170
165
164
175
240
254
254
252
252
252
254
255
246
255
241
182
171
195
234
245
238
255
252
250
241
241
245
249
254
252
252
255
249
182
167
164
167
167
168
166
167
167
166
167
164
169
249
255
253
252
252
252
252
252
252
252
252
252
252
252
252
252
252
254
255
246
253
246
255
254
252
254
255
246
253
246
255
255
255
246
253
246
255
254
252
252
252
252
252
252
252
252
252
252
252
253
255
246
194
224
173
157
169
168
166
165
163
164
161
173
236
251
254
252
255
246
226
50
53
80
253
255
252
252
252
252
252
252
252
252
252
252
252
252
252
252
252
252
252
252
252
252
252
252
252
253
255
250
249
240
181
171
167
172
195
250
255
252
252
254
255
255
227
87
208
175
160
169
179
186
184
203
238
184
178
174
186
245
255
252
252
255
240
175
164
167
178
168
172
164
169
169
171
170
161
176
239
255
254
252
252
252
252
252
252
252
252
252
252
252
252
252
254
255
255
226
80
219
246
255
254
255
255
226
80
219
248
255
255
226
80
219
246
255
252
252
252
252
252
252
252
252
252
252
252
254
255
238
184
166
174
167
164
164
168
176
182
177
179
195
251
255
253
252
255
253
80
53
50
226
246
255
252
252
252
253
254
254
254
253
252
252
252
252
252
252
252
252
252
252
252
252
252
252
252
252
253
254
255
255
242
174
165
164
183
244
255
252
252
255
247
229
55
57
68
172
166
165
166
166
165
175
169
168
160
156
174
241
255
252
252
255
247
188
184
234
192
234
186
187
172
163
168
169
167
174
199
249
255
252
252
252
252
252
252
252
252
252
252
252
252
252
255
246
226
50
53
80
253
255
255
251
231
53
55
80
255
253
226
50
53
80
253
255
252
252
252
252
252
252
252
252
252
252
252
255
250
198
169
164
164
170
174
178
197
242
246
241
217
245
251
254
252
252
255
246
219
80
226
255
255
254
252
252
253
255
251
254
252
255
254
253
252
252
252
252
252
252
252
252
252
252
252
252
252
252
252
252
253
255
246
182
162
163
184
244
255
252
252
255
253
89
59
51
156
171
185
182
171
168
165
173
167
166
164
158
175
241
255
252
252
254
250
245
248
247
255
247
254
239
192
175
173
166
167
163
178
242
255
252
252
252
252
252
252
252
252
252
252
252
252
252
255
253
80
53
50
226
246
255
255
247
81
48
59
228
253
255
80
53
50
226
246
255
252
252
252
252
252
252
252
252
252
252
253
255
245
179
164
165
168
178
241
245
249
255
255
255
254
253
255
253
252
252
254
255
246
253
246
255
254
252
252
252
254
251
242
186
236
251
253
255
254
253
252
252
252
252
252
252
252
252
252
252
252
252
252
252
252
255
243
183
163
164
183
244
255
252
254
255
241
167
42
133
166
225
255
242
166
66
149
167
172
178
189
181
187
247
255
252
252
253
254
255
255
255
255
255
255
253
252
235
177
165
167
168
184
249
255
252
252
252
252
252
252
252
252
252
252
252
252
252
255
246
219
80
226
255
255
255
255
220
46
46
220
255
255
248
219
80
226
255
255
254
252
252
252
252
252
252
252
252
252
252
254
255
241
175
163
171
177
248
255
255
255
254
253
253
253
253
252
252
252
252
252
254
255
255
255
254
252
252
252
253
255
251
184
170
171
184
237
249
249
254
252
252
252
252
252
252
252
252
252
252
252
252
252
252
253
255
245
183
166
164
184
243
255
252
255
251
230
64
57
74
172
255
255
227
56
48
69
167
169
200
240
246
247
249
254
252
252
252
252
252
252
252
252
252
253
254
255
249
184
167
167
175
242
254
255
252
252
252
252
252
252
252
252
252
252
252
252
252
254
255
246
253
246
255
255
246
228
59
48
81
247
255
255
255
246
253
246
255
254
252
252
252
252
252
252
252
252
252
252
253
255
252
200
169
161
174
240
254
255
253
252
252
252
252
252
252
252
252
252
252
252
252
252
252
252
253
254
255
255
255
252
239
170
161
161
166
168
187
249
255
253
252
252
252
252
252
252
252
252
252
252
252
252
252
254
255
242
177
165
163
178
242
255
252
255
248
83
52
45
157
235
255
255
81
61
50
160
163
168
187
250
255
255
254
253
252
252
252
252
252
252
252
252
252
252
252
255
250
210
173
164
175
240
254
254
252
252
252
252
252
252
252
252
252
252
252
252
252
252
254
255
255
255
254
255
253
80
55
53
231
251
255
252
254
255
255
255
254
252
252
252
252
252
252
252
252
252
252
252
254
254
242
176
162
166
190
250
255
253
252
252
252
252
252
252
252
252
252
252
252
252
252
252
252
252
254
250
244
244
254
249
168
168
166
173
168
164
165
235
252
254
252
252
253
254
255
255
255
255
255
255
255
254
255
255
254
208
170
167
162
179
242
255
252
255
239
164
62
147
182
250
255
248
219
86
215
183
169
166
183
243
255
252
252
252
252
252
252
252
252
252
252
252
252
252
252
254
255
245
178
161
175
189
254
254
252
252
252
252
252
252
252
252
252
252
252
252
252
252
252
252
252
252
252
255
246
219
80
226
255
255
254
252
252
252
252
252
252
252
252
252
252
252
252
252
252
252
252
252
255
251
197
168
168
179
246
252
254
252
252
252
252
252
252
252
252
252
252
252
252
252
252
252
252
252
255
246
184
183
255
249
173
159
165
177
234
195
171
183
243
255
252
252
254
249
245
242
245
247
249
245
251
252
255
253
239
179
167
168
163
178
242
255
252
255
250
178
163
158
179
243
255
255
246
255
237
186
165
166
188
244
255
252
252
252
252
252
252
252
252
252
252
252
252
252
252
255
254
241
174
161
176
239
253
254
252
252
252
252
252
252
252
252
252
252
252
252
252
252
252
252
252
252
252
254
255
246
253
246
255
254
252
252
252
252
252
252
252
252
252
252
252
252
252
252
252
252
252
252
255
244
182
159
173
242
254
255
253
252
252
252
252
252
252
252
252
252
252
252
252
252
252
252
252
252
255
239
168
163
238
240
178
164
172
194
249
254
231
172
241
255
252
252
255
245
180
176
195
188
205
209
171
238
245
201
180
173
167
168
171
198
250
255
252
255
243
179
163
169
187
248
255
254
255
255
249
186
163
162
187
242
255
252
252
252
252
252
252
252
252
252
252
252
252
252
253
255
249
181
167
160
184
243
255
253
252
252
252
252
252
252
252
252
252
252
252
252
252
252
252
252
252
252
252
252
254
255
255
255
254
252
252
252
252
252
252
252
252
252
252
252
252
252
252
252
252
252
252
252
255
243
181
157
184
246
255
253
252
252
252
252
252
252
252
252
252
252
252
252
252
252
252
252
252
252
255
247
176
168
173
176
173
163
177
242
255
255
249
250
246
254
252
252
255
239
173
157
164
168
170
168
171
172
176
176
168
167
168
160
170
238
255
254
252
255
249
185
164
173
243
255
255
254
255
255
241
175
164
169
175
249
255
252
252
252
252
254
255
255
255
254
252
252
252
252
254
255
238
172
162
168
181
249
255
252
252
252
252
252
252
252
252
252
252
252
252
252
252
252
252
252
252
252
252
252
252
252
252
252
252
252
252
252
252
252
252
252
252
252
252
252
252
252
252
252
252
252
252
252
255
243
181
155
182
243
255
252
252
252
252
252
252
252
252
252
252
252
252
252
252
252
252
252
252
252
254
252
243
176
166
164
165
164
187
247
255
254
254
254
254
253
252
252
255
248
184
167
166
168
169
167
168
165
167
167
166
164
161
161
167
248
255
253
252
254
254
240
170
173
237
254
254
255
255
248
175
170
161
171
236
252
254
252
252
252
254
255
246
253
246
255
254
252
252
252
255
250
199
170
163
176
239
254
254
252
252
252
252
252
252
252
252
252
252
252
252
252
252
252
252
252
252
252
252
252
252
252
252
252
252
252
252
252
252
252
252
252
252
252
252
252
252
252
252
252
252
252
252
253
255
245
178
163
192
250
255
252
252
252
252
252
252
252
252
252
252
252
252
252
252
252
252
252
252
252
253
255
253
249
199
172
168
166
174
241
255
255
253
252
252
252
252
252
254
252
244
174
167
162
163
164
166
170
170
168
172
177
181
178
242
250
254
252
252
253
255
246
180
168
171
185
240
248
241
177
171
162
165
178
250
255
253
252
252
254
255
255
226
80
219
246
255
252
252
253
255
245
181
164
162
178
245
255
253
252
252
252
252
252
252
252
252
252
252
252
252
252
252
252
252
252
252
252
252
252
252
252
252
252
252
252
252
252
252
252
252
252
252
252
252
252
252
252
252
252
252
252
252
254
255
239
171
172
242
255
254
252
252
252
252
252
252
252
252
252
252
252
252
252
252
252
252
252
252
252
252
253
255
255
246
178
167
168
170
177
247
255
255
253
252
252
252
252
253
255
253
244
185
184
187
179
172
164
169
167
182
239
248
250
252
255
253
252
252
253
255
245
186
161
164
168
173
182
174
170
162
168
174
244
251
254
252
252
252
255
246
226
50
53
80
253
255
252
253
255
255
242
174
163
170
186
248
255
252
252
252
252
252
252
252
252
252
252
252
252
252
252
252
252
252
252
252
252
252
252
252
252
252
252
252
252
252
252
252
252
252
252
252
252
252
252
252
252
252
252
252
252
252
255
251
190
167
176
243
255
254
252
252
252
252
252
252
252
252
252
252
252
252
252
252
252
252
252
252
252
252
252
255
253
240
171
165
169
164
168
180
245
250
255
252
252
252
252
252
253
255
253
255
236
245
236
190
172
168
168
184
247
255
255
255
253
252
252
252
254
254
240
175
162
164
161
161
165
164
164
169
176
246
254
255
253
252
252
252
255
253
80
53
50
226
246
255
253
255
254
248
183
170
162
174
240
253
254
252
252
252
252
252
252
252
252
252
252
252
252
252
252
252
252
252
252
252
252
252
252
252
252
252
252
252
252
252
252
252
252
252
252
252
252
252
252
252
252
252
252
252
252
254
255
242
182
155
174
198
251
255
252
252
252
252
252
252
254
255
255
255
254
252
252
252
252
252
252
252
252
252
252
255
248
169
166
164
175
176
169
158
169
244
255
252
252
252
252
252
252
255
255
255
232
88
224
233
174
161
167
173
176
246
253
255
253
252
252
252
255
249
189
174
175
181
180
174
171
162
169
176
246
254
255
253
252
252
252
252
255
246
219
80
226
255
255
254
255
253
245
178
167
165
168
192
249
255
253
252
252
252
252
252
252
252
252
252
252
252
252
252
252
252
252
252
252
252
252
252
252
252
252
252
252
252
252
252
252
252
252
252
252
252
252
252
252
252
252
252
252
252
254
255
255
227
75
141
166
200
251
255
252
252
252
252
252
254
255
246
253
246
255
254
252
252
252
252
252
252
252
252
252
255
239
176
157
170
189
241
175
163
171
244
255
252
252
252
252
252
252
255
246
226
50
54
86
249
194
172
173
164
169
176
245
252
254
252
252
252
255
243
174
169
237
249
247
241
168
172
176
246
254
255
253
252
252
252
252
252
254
255
246
253
246
255
254
254
253
245
174
167
163
172
199
248
251
254
252
252
252
252
252
252
252
252
252
252
252
252
252
252
252
252
252
252
252
252
252
252
252
252
252
252
252
252
252
252
252
252
252
252
252
252
252
252
252
252
252
252
252
252
255
246
227
55
52
61
177
246
255
254
252
252
252
252
254
255
255
226
80
219
246
255
252
252
252
252
252
252
252
252
252
255
243
182
159
174
244
255
244
184
241
251
254
252
252
252
252
252
252
255
253
80
53
50
229
243
253
232
175
163
165
167
184
248
255
252
252
252
255
242
173
177
249
255
255
255
247
189
247
255
255
253
252
252
252
252
252
252
252
254
255
255
255
254
253
255
251
184
165
163
162
176
243
255
255
253
252
252
252
252
252
252
252
252
252
252
252
252
252
252
252
252
252
252
252
252
252
252
252
252
252
252
252
252
252
252
252
252
252
252
252
252
252
252
252
254
255
255
252
252
255
253
80
59
48
154
170
245
255
255
252
252
252
252
255
246
226
50
53
80
253
255
252
252
252
252
252
252
252
252
252
255
243
184
157
181
246
255
252
253
251
255
253
252
252
252
252
252
252
255
246
219
80
226
255
255
255
252
181
169
167
162
179
242
255
252
252
252
255
243
175
171
234
216
246
255
254
247
243
253
255
252
252
252
252
252
252
252
252
252
252
252
252
253
255
254
239
171
160
170
176
204
249
255
253
252
252
252
252
252
252
252
252
252
252
252
252
252
252
252
252
252
252
252
252
252
252
252
252
252
252
252
252
252
252
252
252
252
252
252
252
252
252
252
254
255
246
245
252
252
255
246
219
86
215
178
170
189
249
255
252
252
252
252
255
253
80
53
50
226
246
255
252
252
252
252
252
252
252
252
252
255
243
180
156
178
242
255
255
255
255
255
254
252
252
252
252
252
252
254
255
246
253
246
255
254
254
253
238
175
165
165
184
246
255
253
252
253
255
246
180
167
171
177
181
243
244
183
190
249
255
253
252
252
252
252
252
252
252
252
252
253
254
255
255
248
178
167
167
180
242
250
251
254
252
252
252
252
252
252
252
252
252
252
252
252
252
252
252
252
252
252
252
252
252
252
252
252
252
252
252
252
252
252
252
252
252
252
252
252
252
252
252
254
255
255
226
82
252
252
254
255
247
255
239
189
159
177
242
255
252
252
252
252
255
246
219
80
226
255
255
254
253
253
254
253
253
252
252
252
252
255
243
180
156
176
243
255
255
246
253
246
255
254
252
252
252
252
252
252
254
255
255
255
254
252
253
255
243
178
162
164
175
240
253
254
253
255
255
241
174
162
166
164
169
177
174
165
170
240
255
255
254
253
252
252
252
252
252
253
254
255
253
251
239
182
168
161
173
241
255
255
254
253
252
252
252
252
252
252
252
252
252
252
252
252
252
252
252
252
252
252
252
252
252
252
252
252
252
252
252
252
252
252
252
252
252
252
252
252
252
252
252
255
246
226
50
52
55
252
252
254
255
255
243
175
159
182
247
255
254
253
252
252
254
255
246
253
246
255
254
252
254
249
251
249
254
252
252
252
252
255
243
177
155
180
243
255
255
226
80
219
246
255
252
252
252
252
252
252
252
252
252
252
252
252
252
255
247
180
169
166
168
174
247
255
255
255
248
178
169
166
170
167
165
163
165
165
169
180
241
248
250
254
252
252
252
252
253
255
251
251
239
184
174
171
162
168
193
251
255
253
252
252
252
252
252
252
252
252
252
252
252
252
252
252
252
252
252
252
252
252
252
252
252
252
252
252
252
252
252
252
252
252
252
252
252
252
252
252
252
252
252
255
253
80
53
52
252
252
252
252
255
247
182
168
163
177
236
251
252
254
252
252
252
254
255
255
255
254
253
254
255
246
210
244
255
252
252
252
252
255
243
176
161
186
254
251
226
50
53
80
253
255
252
252
252
252
252
252
252
252
252
252
252
252
252
254
254
240
174
166
162
175
241
255
251
245
184
166
167
169
171
160
170
170
173
165
166
170
170
191
247
255
252
252
253
254
255
255
246
187
178
170
163
164
168
178
245
254
254
252
252
252
252
252
252
252
252
252
252
252
252
252
252
252
252
252
252
252
252
252
252
252
252
252
252
252
252
252
252
252
252
252
252
252
252
252
252
252
252
252
252
255
246
219
80
219
252
252
252
252
255
247
178
166
165
173
174
203
247
255
252
252
252
252
252
252
252
253
255
251
252
230
188
239
255
252
252
252
253
255
248
182
172
241
255
254
80
53
50
226
246
255
252
252
252
252
252
252
252
252
252
252
252
252
252
253
255
245
182
165
162
182
243
255
247
176
164
165
176
238
188
174
184
239
184
169
165
167
160
179
241
255
252
253
255
251
249
239
181
169
164
165
163
169
177
246
253
255
253
252
252
252
252
252
252
252
252
252
252
252
252
252
252
252
252
252
252
252
252
252
252
252
252
252
252
252
252
252
252
252
252
252
252
252
252
252
252
252
252
252
252
254
255
246
253
245
252
252
252
252
254
253
239
174
165
167
160
178
243
255
252
252
252
252
252
252
253
255
254
245
183
168
185
241
255
252
252
252
255
255
237
170
173
251
255
247
219
80
226
255
255
254
252
252
252
252
252
252
252
252
252
252
252
252
252
252
255
243
180
162
161
175
243
255
240
173
160
174
248
251
250
240
249
251
249
187
171
168
162
182
243
255
253
255
254
245
180
172
169
164
166
173
178
190
245
252
255
253
252
252
252
252
252
252
252
252
252
252
252
252
252
252
252
252
252
252
252
252
252
252
252
252
252
252
252
254
255
255
255
254
252
252
252
252
252
252
252
252
252
252
252
252
254
255
255
255
252
252
252
252
253
255
244
180
163
169
162
181
244
255
255
255
254
253
253
254
255
255
247
177
168
156
175
241
255
252
252
254
255
253
172
60
155
238
255
255
246
253
246
255
254
252
252
252
252
252
252
252
252
252
252
252
252
252
252
253
255
245
180
164
161
176
242
255
243
174
166
241
255
255
255
255
255
255
255
249
190
172
161
179
243
255
254
252
244
177
166
160
162
159
167
197
243
250
253
255
253
252
252
252
252
252
252
252
252
252
252
252
252
252
252
252
252
252
252
252
252
252
252
252
252
252
252
252
254
255
246
253
246
255
254
252
252
252
252
252
252
252
252
252
252
252
252
252
252
252
252
252
252
252
252
255
249
182
169
168
162
183
241
255
244
254
251
255
255
254
250
241
182
168
163
165
180
247
255
252
252
255
248
220
51
45
82
248
255
254
255
255
255
255
255
255
255
255
254
253
252
252
252
252
252
252
252
252
253
255
255
243
177
166
163
180
243
255
243
171
172
246
255
253
252
252
252
253
255
255
245
177
159
180
243
255
255
248
181
167
165
175
180
183
181
247
255
255
254
253
252
252
252
252
252
252
252
252
252
252
252
252
252
252
252
252
252
252
252
252
252
252
252
252
252
252
252
254
255
255
226
80
219
246
255
252
252
252
252
252
252
252
252
252
252
252
252
252
252
252
252
252
252
252
252
254
254
239
173
166
165
178
231
196
233
202
250
255
253
251
202
185
182
175
181
191
255
255
255
255
255
255
255
100
66
64
239
255
255
255
255
255
255
255
255
254
253
255
255
255
255
255
255
255
255
255
255
255
255
255
255
193
184
178
173
188
255
255
255
186
186
255
255
255
255
255
255
255
255
255
250
186
170
193
255
255
255
255
189
172
177
181
247
254
255
255
255
255
255
255
255
255
255
255
255
255
255
255
255
255
255
255
255
255
255
255
255
255
255
255
255
255
255
255
255
255
255
255
255
239
61
67
95
255
255
255
255
255
255
255
255
255
255
255
255
255
255
255
255
255
252
252
252
252
252
253
255
246
184
164
165
174
170
178
167
175
215
159
155
151
144
137
139
137
141
205
214
217
214
213
213
217
207
181
35
129
212
225
215
213
213
213
214
212
182
162
159
163
216
223
220
220
220
218
216
214
213
213
218
214
140
146
146
145
139
144
207
223
209
147
149
212
222
215
214
215
217
220
224
218
142
147
139
146
207
218
218
206
147
136
140
147
160
224
227
221
217
216
214
214
213
213
213
213
213
213
213
213
213
213
213
213
213
213
213
213
213
213
213
213
213
213
213
213
213
213
213
219
208
57
29
29
183
207
217
213
213
213
213
213
213
213
213
213
213
213
213
209
226
239
252
252
252
252
252
252
255
250
199
170
165
169
166
167
169
170
87
79
74
75
83
87
94
90
96
100
104
102
101
101
101
103
110
96
94
90
103
104
101
101
101
101
102
100
88
78
71
81
86
93
92
90
88
95
102
110
107
109
105
91
81
76
81
80
82
91
101
109
97
87
84
88
100
98
106
112
97
98
91
92
81
73
79
91
99
103
103
97
95
91
85
78
78
85
91
99
95
104
100
104
102
101
101
101
101
101
101
101
101
101
101
101
101
101
101
101
101
101
101
101
101
101
101
101
101
101
101
104
89
81
65
88
98
110
103
101
101
101
101
101
101
101
101
101
101
101
101
95
108
245
252
252
252
252
252
252
254
254
240
176
163
168
170
170
172
161
152
144
144
141
150
211
224
219
218
215
214
213
213
213
213
213
215
217
220
219
216
214
213
213
213
213
213
217
214
153
143
141
140
141
139
139
128
137
200
206
204
206
202
156
142
145
147
144
153
212
222
212
204
144
142
154
153
213
224
214
184
43
134
144
145
146
158
216
218
214
214
215
218
222
218
152
141
135
137
144
195
151
203
215
218
215
213
213
213
213
213
213
213
213
213
213
213
213
213
213
213
213
213
213
213
213
213
213
213
213
213
215
218
225
226
225
218
215
213
213
213
213
213
213
213
213
213
213
213
213
213
209
226
239
252
252
252
252
252
252
253
255
252
188
172
168
169
170
172
174
176
179
179
178
192
255
255
255
255
255
255
255
255
255
255
255
255
255
255
255
255
255
255
255
255
255
255
255
255
255
190
180
175
180
181
180
178
183
191
201
200
200
193
186
178
178
179
173
193
255
255
255
203
185
177
178
187
255
255
190
71
71
80
182
177
182
251
255
255
255
255
255
255
255
255
254
190
179
177
180
180
191
194
255
255
255
255
255
255
255
255
255
255
255
255
255
255
255
255
255
255
255
255
255
255
255
255
255
255
255
255
255
255
255
255
255
255
255
255
255
255
255
255
255
255
255
255
255
255
255
255
255
255
255
252
252
252
252
252
252
252
254
254
237
171
158
164
168
166
167
173
163
174
177
252
253
254
252
252
252
252
252
252
252
252
252
252
252
252
252
252
252
252
252
252
252
254
255
251
255
240
183
167
163
168
170
170
167
166
165
164
164
166
166
167
166
171
176
194
247
255
250
243
179
170
164
172
182
176
69
48
49
152
163
170
186
249
255
253
252
252
252
252
253
255
252
249
238
183
169
170
162
167
174
203
248
255
252
252
252
252
252
252
252
252
252
252
252
254
255
246
253
246
255
254
252
252
252
252
252
252
252
252
252
252
252
252
252
252
252
252
252
252
252
252
252
252
252
252
252
252
252
252
252
252
252
252
252
252
252
252
253
255
248
179
180
175
177
168
185
176
160
67
217
246
255
253
252
252
252
252
252
252
252
252
252
252
252
252
252
252
252
252
252
252
254
255
255
227
84
219
239
185
170
172
165
165
163
163
165
166
170
169
168
163
168
186
241
249
250
255
255
255
241
175
164
168
166
161
146
66
150
164
173
181
245
252
254
252
252
252
252
252
252
253
254
255
253
252
232
169
157
158
166
201
250
255
252
252
252
252
252
252
252
252
252
252
254
255
255
226
80
219
246
255
252
252
252
252
252
252
252
252
252
252
252
252
252
252
252
252
252
252
252
252
252
252
252
252
252
252
252
252
252
252
252
252
252
252
252
252
252
254
248
245
242
239
193
236
181
209
49
54
86
254
255
252
252
252
252
252
252
252
252
252
252
252
252
252
252
252
252
252
252
252
255
246
226
50
54
84
252
254
239
191
187
181
180
179
173
167
160
160
171
173
184
246
255
255
254
253
253
255
241
176
156
161
173
172
166
168
170
183
182
245
254
255
253
252
252
252
252
252
252
252
252
253
254
255
250
187
175
167
177
237
254
254
252
252
252
252
252
252
252
252
252
252
255
246
226
50
53
80
253
255
252
252
252
252
252
252
252
252
252
252
252
252
252
252
252
252
252
252
252
252
252
252
252
252
252
252
252
252
252
252
252
252
252
252
252
252
252
253
254
255
255
253
255
250
254
79
60
52
227
246
255
252
252
252
252
252
252
252
252
252
252
252
252
252
252
252
252
252
252
252
255
253
80
53
50
227
249
255
254
250
243
244
243
245
242
189
164
180
184
237
250
250
255
253
252
252
252
255
246
178
170
178
187
238
186
184
242
245
247
251
255
253
252
254
255
255
255
254
252
252
252
252
252
254
249
245
243
236
190
246
255
253
252
252
252
252
252
252
252
252
252
252
255
253
80
53
50
226
246
255
252
252
252
252
252
252
252
252
252
252
252
252
252
252
252
252
252
252
252
252
252
252
252
252
252
252
252
252
252
252
252
252
252
252
252
252
252
252
252
252
253
254
255
255
250
220
80
226
255
255
254
252
252
252
252
252
252
252
252
252
252
252
252
252
252
252
252
252
252
252
255
246
219
80
226
255
255
254
254
255
255
255
255
255
255
248
241
240
249
253
255
254
253
252
252
252
252
255
249
245
239
242
251
249
249
248
254
255
255
254
253
252
254
255
246
253
246
255
254
252
252
252
252
253
254
255
255
252
252
247
254
252
252
252
252
252
252
252
252
252
252
252
255
246
219
80
226
255
255
254
252
252
252
252
252
252
254
255
255
255
254
252
252
252
252
252
252
252
252
252
252
252
252
252
252
254
255
255
255
252
252
252
252
252
252
252
252
252
252
252
252
252
252
254
255
246
253
246
255
254
252
252
252
252
252
252
252
252
252
252
252
252
252
252
252
252
252
252
252
254
255
255
250
254
246
255
254
252
252
252
252
252
252
253
254
255
255
255
255
254
253
252
252
252
252
252
252
253
255
255
255
255
255
255
255
255
254
253
252
252
252
254
255
255
226
80
219
246
255
254
255
255
255
254
252
252
253
254
254
254
253
252
252
252
252
252
252
252
252
252
252
252
254
255
246
253
246
255
254
252
252
252
252
252
252
254
255
246
253
246
255
254
252
252
252
252
252
252
252
252
252
252
252
252
254
255
246
253
245
252
252
252
252
252
252
252
252
252
252
252
252
252
252
252
254
255
255
255
254
252
252
252
252
252
252
252
252
252
252
252
252
252
252
252
252
252
252
252
254
255
246
254
250
255
255
254
252
252
252
252
252
252
252
252
252
252
252
252
252
252
252
252
252
252
252
252
252
252
252
252
252
252
252
252
252
252
252
252
252
252
252
255
246
226
50
53
80
253
255
255
246
253
246
255
254
252
252
252
252
252
252
252
252
252
252
252
252
252
252
252
252
252
252
254
255
255
255
254
252
252
252
252
252
252
254
255
255
226
80
219
246
255
252
252
252
252
252
252
252
252
252
254
255
255
255
255
226
80
215
252
252
252
252
252
252
252
252
252
252
252
252
252
252
252
252
252
252
252
252
252
252
252
252
252
252
252
252
252
252
252
252
252
252
252
252
252
252
254
255
255
226
80
219
246
255
252
252
252
252
252
252
252
252
252
252
252
252
252
252
252
252
252
252
252
252
252
252
252
252
252
252
252
252
252
252
252
252
252
252
252
252
255
253
80
53
50
226
248
255
255
226
80
219
246
255
252
252
252
252
252
252
252
252
252
252
252
252
252
252
252
252
252
252
252
252
252
252
252
252
252
252
252
252
252
255
246
226
50
53
80
253
255
252
252
252
252
252
252
252
252
254
255
246
255
241
236
52
53
74
252
252
252
252
252
252
252
252
252
252
252
252
252
252
252
252
252
252
252
252
252
252
252
252
252
252
252
252
252
252
252
252
252
252
252
252
252
252
254
254
239
71
59
78
245
255
252
252
252
252
252
252
252
252
252
252
252
252
252
252
252
252
252
252
252
252
252
252
252
252
252
252
252
252
252
252
252
252
252
252
252
252
255
245
215
74
223
254
255
255
239
71
59
78
245
255
252
252
252
252
252
252
252
252
252
252
252
252
252
252
252
252
252
252
252
252
252
252
252
252
252
252
252
252
252
255
245
82
52
52
219
245
255
252
252
252
252
252
252
252
252
254
254
232
105
223
84
53
52
215
252
252
252
252
252
252
252
252
252
252
252
252
252
252
252
252
252
252
252
252
252
252
252
252
252
252
252
252
252
252
252
252
252
252
252
252
252
252
252
252
55
55
55
252
252
252
252
252
252
252
252
252
252
252
252
252
252
252
252
252
252
252
252
252
252
252
252
252
252
252
252
252
252
252
252
252
252
252
252
252
252
252
252
252
252
252
252
252
252
252
55
55
55
252
252
252
252
252
252
252
252
252
252
252
252
252
252
252
252
252
252
252
252
252
252
252
252
252
252
252
252
252
252
252
252
252
252
252
55
252
252
252
252
252
252
252
252
252
252
252
252
252
252
55
55
55
252
55
252
252
252
