247
247
247
247
247
247
247
247
247
247
247
247
247
247
247
247
247
247
247
247
247
247
247
247
247
247
247
247
247
247
247
247
247
247
247
247
247
247
247
247
247
247
247
247
247
247
247
247
247
247
247
247
247
247
247
247
247
247
247
247
247
247
247
247
247
247
247
247
247
247
247
247
247
247
247
247
247
247
247
247
247
247
247
247
247
247
247
247
247
247
247
247
98
98
98
247
247
247
98
247
247
247
247
247
247
247
247
247
247
247
247
247
247
247
247
98
98
98
247
247
247
247
247
247
247
247
247
247
247
247
247
247
247
247
247
247
247
247
247
247
247
247
247
247
247
247
247
247
247
247
247
247
247
247
247
247
247
247
247
247
247
247
247
247
247
247
247
247
247
247
247
247
247
247
247
247
247
248
253
235
158
224
245
248
249
247
247
247
247
247
247
247
247
247
247
247
247
247
247
247
247
247
247
247
247
247
247
247
247
247
247
247
247
247
249
253
248
224
112
218
241
250
247
248
251
251
244
245
246
252
248
247
247
247
247
247
247
247
247
250
241
115
100
109
240
242
223
95
95
118
241
250
247
247
247
247
247
247
247
247
247
247
247
249
248
232
133
232
248
249
247
247
247
247
247
247
247
247
247
247
247
247
247
247
247
247
247
247
247
247
247
247
247
247
247
247
247
247
247
247
247
247
247
247
247
247
247
247
247
247
247
247
247
247
247
247
247
247
247
247
247
247
247
247
247
247
247
249
248
221
138
130
202
242
251
247
247
247
247
247
247
247
247
247
247
247
247
247
247
247
247
247
247
247
247
247
247
247
247
247
247
247
247
247
250
242
227
93
96
117
247
252
248
252
246
239
191
160
235
252
254
254
253
252
252
253
253
253
250
251
242
221
117
227
253
253
118
96
93
227
242
250
247
247
247
247
247
247
247
247
247
247
247
249
253
242
247
242
253
249
247
247
247
247
247
247
247
247
247
247
247
247
247
247
247
247
247
247
247
247
247
247
247
247
247
247
247
247
247
247
247
247
247
247
247
247
249
250
252
250
249
247
247
247
247
247
247
247
247
247
247
247
247
247
247
247
247
251
250
167
138
119
150
236
253
247
247
247
247
247
247
247
247
247
247
247
247
247
247
247
247
247
247
247
247
247
247
247
247
247
249
250
252
250
253
247
117
96
93
227
242
251
252
251
238
147
134
134
144
232
238
232
240
249
248
239
228
241
248
254
254
243
247
242
254
244
221
117
229
253
254
252
249
247
247
247
249
250
252
250
249
247
247
247
249
250
252
250
249
247
247
247
247
247
247
247
247
247
247
247
247
247
247
247
247
247
247
247
247
247
247
247
247
247
247
247
247
247
247
247
247
247
247
247
247
249
253
242
247
242
253
249
247
247
247
247
247
247
247
247
247
247
247
247
247
247
247
251
244
225
135
119
147
233
254
247
247
247
247
247
247
247
247
247
247
247
247
247
247
247
247
247
247
247
247
247
247
247
247
249
253
242
247
242
254
244
221
117
227
250
254
253
248
240
162
136
125
128
134
141
155
146
149
243
242
160
140
153
228
243
247
254
253
250
250
253
242
248
250
250
248
242
253
249
247
249
253
242
247
242
253
249
247
247
247
247
247
247
247
247
247
247
247
247
247
247
247
247
247
247
247
247
247
247
247
247
247
247
247
247
247
247
247
247
247
247
247
247
247
247
247
247
247
247
249
253
250
227
117
221
242
250
247
247
247
247
247
247
247
247
247
247
247
247
247
247
247
252
243
176
136
120
147
234
254
247
247
247
247
247
247
247
247
247
247
247
247
247
247
247
247
247
247
247
247
247
247
247
249
253
250
229
119
226
247
254
242
247
242
253
252
245
236
144
135
132
133
130
125
124
124
122
130
162
222
143
117
132
138
152
234
245
250
247
247
249
252
254
253
229
117
221
242
250
249
253
250
227
117
221
242
250
247
247
247
247
247
247
247
247
247
247
247
247
247
247
247
247
247
247
247
247
247
247
247
247
247
247
247
247
247
247
247
247
247
247
247
247
247
247
247
247
247
247
250
242
227
93
96
117
248
253
253
254
254
253
250
248
247
247
247
247
247
247
247
247
247
251
242
150
135
121
147
234
254
247
247
247
247
247
247
247
247
247
247
247
247
247
247
247
247
247
247
247
247
247
247
247
252
245
233
102
90
110
234
254
250
252
250
249
253
241
153
130
126
130
126
135
143
143
135
127
130
142
150
143
131
132
127
128
149
241
253
247
247
249
253
247
230
95
96
117
247
252
250
242
227
93
96
117
247
252
247
247
247
247
247
247
247
247
247
247
247
247
247
247
247
247
247
247
247
247
247
247
247
247
247
247
247
247
247
247
247
247
247
247
247
247
247
247
247
247
247
247
252
247
117
96
94
230
250
251
243
233
232
241
249
254
254
254
254
253
250
248
247
247
247
250
248
228
140
119
148
234
254
247
247
247
247
248
250
253
253
252
252
253
254
254
254
254
254
254
254
254
254
253
250
248
253
234
112
79
79
112
234
253
247
247
247
247
254
232
145
124
130
137
141
159
233
235
145
133
129
133
132
131
127
126
125
115
140
230
253
247
249
253
247
246
112
103
95
227
242
250
252
247
117
96
93
227
242
250
247
247
247
247
247
247
247
247
247
247
247
247
247
247
247
247
247
247
247
247
247
247
247
247
247
249
250
252
250
249
247
247
247
247
247
247
247
247
247
250
250
249
250
242
221
118
232
249
251
231
163
145
143
152
230
238
234
234
230
238
242
250
247
247
247
248
254
237
150
119
150
238
254
248
247
247
247
250
243
237
233
246
244
240
230
234
233
235
234
233
233
233
231
241
248
254
254
236
110
90
102
233
245
252
247
247
247
248
254
237
150
125
130
144
224
247
251
253
241
147
136
132
133
141
146
153
148
146
161
239
253
249
253
250
230
112
195
112
230
250
253
249
250
242
221
117
227
250
253
249
247
247
247
247
247
247
247
247
247
247
247
247
247
247
247
247
247
247
247
247
247
247
247
247
249
253
242
247
242
253
249
247
247
247
247
247
247
247
247
241
242
253
250
253
243
252
245
244
158
138
136
125
122
133
141
151
149
149
143
157
238
253
247
247
247
247
254
232
145
116
141
230
249
250
247
247
247
253
238
150
139
209
236
163
143
147
148
148
148
148
148
148
144
151
228
244
252
253
229
121
229
250
253
249
247
247
247
250
249
229
139
123
135
178
248
254
251
253
252
230
139
127
129
137
222
234
237
231
240
243
250
250
242
227
95
103
112
246
247
253
249
247
249
254
245
253
251
255
254
254
254
254
254
253
250
248
247
247
247
247
247
247
247
247
247
247
247
247
247
247
247
247
247
249
253
250
227
117
221
242
250
247
247
247
247
247
247
247
247
115
221
242
250
249
253
249
238
147
133
126
131
133
133
131
129
128
124
125
116
146
234
254
248
247
247
247
253
241
151
131
130
152
241
253
247
247
247
254
230
140
115
147
216
142
120
126
124
125
124
126
125
125
123
132
138
155
229
250
241
252
243
253
249
247
247
247
247
253
241
151
131
134
153
241
249
250
247
248
254
244
158
133
129
137
172
253
255
254
253
250
248
252
247
117
96
95
230
247
253
249
248
250
253
254
252
246
235
236
235
234
234
233
231
238
242
250
247
247
247
247
247
247
247
247
247
247
247
247
247
247
247
247
247
250
242
227
93
96
117
247
252
247
247
247
247
247
247
247
98
100
117
247
252
248
254
243
148
131
131
132
134
130
128
128
132
133
128
103
121
139
231
249
250
247
247
247
250
249
229
140
117
144
232
254
247
247
248
254
237
148
122
142
139
142
132
134
134
136
134
132
129
129
131
131
126
135
138
153
239
253
253
250
247
247
247
247
247
254
232
148
117
142
233
254
253
248
247
247
250
246
237
155
134
121
139
231
249
250
247
247
247
250
242
221
117
227
250
253
249
248
252
246
242
236
230
154
146
147
148
148
148
148
142
157
239
253
247
247
247
247
247
247
247
247
247
247
247
247
247
247
247
247
247
252
247
117
96
93
227
242
250
247
247
247
247
247
247
247
98
109
227
242
251
252
251
229
137
126
132
131
138
138
146
148
142
131
90
92
94
128
150
238
252
247
247
247
248
254
237
149
115
149
234
254
247
248
252
253
232
141
126
132
128
130
133
134
133
132
127
135
143
143
133
124
126
128
127
132
146
239
249
252
248
247
247
247
247
254
236
150
113
108
223
248
251
247
247
247
248
252
250
241
147
131
131
167
242
253
247
247
247
249
253
242
247
242
253
249
247
250
246
235
162
147
139
133
124
125
124
121
119
117
109
136
229
253
247
247
247
247
247
247
247
247
247
247
247
247
247
247
247
247
247
250
242
221
117
227
250
253
249
247
247
247
247
247
247
247
98
237
250
254
253
250
241
150
135
130
129
134
147
229
203
236
233
109
102
90
137
135
156
236
252
247
247
247
247
254
233
148
116
148
235
254
247
249
243
234
144
134
127
142
138
143
132
135
131
140
149
159
233
233
153
146
141
137
130
127
133
144
241
250
252
248
247
247
247
254
233
142
82
104
128
251
253
247
247
247
247
248
252
252
232
140
120
146
233
254
247
247
247
247
249
250
252
250
249
247
248
254
244
160
129
126
128
130
132
129
124
133
141
144
137
152
239
253
247
247
247
247
247
247
247
247
247
247
247
247
247
247
247
247
247
249
253
242
247
242
253
249
247
247
247
247
247
247
247
247
247
248
253
252
246
237
155
134
128
128
132
143
240
248
254
254
252
228
125
214
168
226
243
242
250
247
247
247
247
254
234
145
116
149
233
254
247
252
250
154
140
127
128
149
217
149
128
135
129
142
224
250
251
251
241
236
233
150
137
126
97
127
143
238
248
252
248
247
247
254
234
115
84
93
220
243
254
248
247
247
247
247
249
255
241
152
117
146
233
254
247
247
247
247
247
247
247
247
248
250
254
253
231
140
126
131
129
124
135
142
147
153
231
234
197
235
244
250
247
247
247
247
247
247
247
247
247
247
247
247
247
247
247
247
247
247
249
250
252
250
249
247
247
247
247
247
247
247
247
247
247
249
249
253
240
152
133
131
129
135
144
239
249
253
250
250
253
242
250
237
253
247
253
250
248
247
247
247
247
254
235
151
117
148
233
254
248
254
242
223
130
130
126
164
225
160
127
134
126
151
239
255
251
251
253
254
253
230
134
88
95
97
132
142
237
248
250
247
248
255
237
144
92
133
151
242
249
251
248
247
247
248
252
252
232
141
119
145
233
254
247
247
247
247
247
247
247
247
250
244
242
230
149
135
127
137
141
147
157
231
235
242
251
254
253
249
251
248
247
247
247
247
247
247
247
247
247
247
247
247
247
247
247
247
247
247
247
247
247
247
247
247
247
247
247
247
247
247
247
247
247
247
247
254
231
146
123
132
127
138
230
251
253
248
247
247
249
250
253
252
252
249
248
247
247
247
247
247
247
254
233
156
114
146
235
254
250
246
239
145
139
131
125
156
221
160
127
135
128
153
236
254
247
247
247
248
254
244
119
93
92
128
127
132
167
242
253
247
249
246
226
134
123
128
134
148
239
252
249
247
247
250
245
238
146
136
122
148
233
254
247
247
247
247
247
247
247
247
253
239
164
137
136
126
134
147
232
235
242
249
254
253
251
249
249
248
248
247
247
247
247
247
247
247
247
247
247
247
247
247
247
247
247
247
247
247
247
247
247
247
247
247
247
247
247
247
247
247
247
247
247
247
247
254
234
148
125
131
135
159
245
253
248
247
247
247
247
247
247
247
247
247
247
247
247
247
247
247
247
253
243
152
125
144
235
254
253
240
148
131
127
127
130
164
229
158
127
134
128
164
235
254
247
247
247
247
251
244
230
109
128
131
134
127
150
237
254
248
250
246
164
144
136
131
128
133
196
248
253
249
250
254
247
157
131
128
122
146
233
254
247
247
247
247
247
247
247
248
254
234
147
122
130
127
140
233
253
254
253
250
248
247
247
247
247
247
247
247
247
247
247
247
247
247
247
247
247
247
247
247
247
247
247
247
247
247
247
247
247
247
247
247
247
247
247
247
247
247
247
247
247
247
247
254
234
149
126
129
143
230
250
250
247
247
247
247
247
247
247
247
247
247
247
247
247
247
247
247
247
250
248
229
131
143
238
254
254
235
146
125
131
136
144
246
238
163
130
133
127
146
235
254
247
247
247
247
249
253
248
239
143
139
133
128
139
229
249
250
249
241
239
218
140
128
132
131
143
236
250
254
243
242
219
142
127
130
132
152
242
253
247
247
247
247
247
247
247
250
249
230
140
129
132
140
173
252
255
253
253
253
253
252
250
247
247
247
247
247
247
247
247
247
247
247
247
247
247
247
247
247
247
247
247
247
247
247
247
247
247
247
247
247
247
247
247
247
247
247
247
247
247
247
248
254
238
150
127
127
153
238
254
248
247
247
247
247
247
247
247
247
247
247
247
247
247
247
247
247
247
248
254
238
144
131
230
252
251
229
141
127
128
141
232
255
241
172
128
132
123
146
233
254
247
247
247
247
247
249
253
252
230
138
127
131
135
152
242
253
248
250
255
250
164
137
132
130
135
145
240
254
247
159
138
138
131
128
140
230
249
250
247
247
247
247
247
247
247
253
242
156
132
131
133
142
223
232
246
241
243
232
232
242
249
253
250
248
247
247
247
247
247
247
247
247
247
247
247
247
247
247
247
247
247
247
247
247
247
247
247
247
247
247
247
247
247
247
247
247
247
247
247
247
250
249
230
141
127
123
145
231
254
247
247
247
247
247
247
247
247
247
247
247
247
247
247
247
247
247
247
247
254
234
145
124
153
251
251
154
134
130
125
147
235
255
246
158
136
131
125
147
233
254
249
250
252
250
249
247
248
254
244
154
136
130
123
144
233
254
247
247
253
242
226
134
131
135
130
133
146
237
224
138
122
132
132
125
147
236
254
248
247
247
247
247
247
247
248
254
236
147
125
134
136
142
147
150
156
226
155
144
147
161
228
243
245
252
248
247
247
247
247
247
247
247
247
247
247
247
247
247
247
247
247
247
247
247
247
247
247
247
247
247
247
247
247
247
247
247
247
247
247
247
253
241
152
133
128
131
147
242
253
247
247
247
247
247
247
247
247
247
247
247
247
247
247
247
247
247
247
247
254
234
147
115
145
234
235
142
126
132
133
151
241
254
249
228
140
128
125
147
234
254
253
242
247
242
253
249
247
250
249
231
141
125
93
141
233
254
248
250
254
248
158
133
126
126
124
121
129
141
145
140
132
134
131
131
153
241
253
247
247
247
247
247
247
247
250
249
230
139
128
135
135
133
127
122
132
131
134
122
124
134
138
152
232
245
249
247
247
247
247
247
247
247
247
247
247
247
247
247
247
247
247
247
247
247
247
247
247
247
247
247
247
247
247
247
247
247
247
247
247
247
254
232
145
123
129
138
228
248
250
247
247
247
247
247
247
247
247
247
247
247
247
247
247
247
247
247
247
247
254
232
146
118
142
191
155
138
131
127
138
227
247
251
254
237
150
127
125
148
236
255
250
227
117
221
242
250
247
248
254
236
142
88
88
115
234
254
250
245
245
223
138
131
142
151
147
150
137
129
121
128
129
126
132
143
237
245
250
247
247
247
247
247
247
247
253
241
153
133
130
132
128
126
122
134
131
132
122
128
130
130
123
136
165
248
250
247
247
247
247
247
247
247
247
247
247
247
247
247
247
247
247
247
247
247
247
247
247
247
247
247
247
247
247
247
247
247
247
247
247
249
255
236
150
125
130
159
239
254
248
247
247
247
247
247
247
247
247
247
247
247
247
247
247
247
247
247
247
247
253
241
153
131
133
136
136
131
130
134
157
246
254
250
254
239
158
128
125
147
236
252
227
93
96
117
247
252
247
247
254
233
116
87
88
143
233
254
253
239
176
143
132
140
226
240
233
236
230
154
138
131
129
137
151
236
249
253
248
247
247
247
247
247
247
247
254
233
146
122
129
137
141
149
144
155
224
151
148
141
135
129
128
142
231
250
250
247
247
247
247
247
247
247
247
247
247
247
247
247
247
247
247
247
247
247
247
247
247
247
247
247
247
247
247
247
247
247
247
247
247
253
253
227
110
119
135
177
245
252
247
247
247
247
247
247
247
247
247
247
247
247
247
247
247
247
247
247
247
247
250
249
230
140
127
137
143
135
129
141
231
249
252
253
251
233
143
131
126
148
239
254
125
106
102
232
244
250
247
247
254
233
141
92
121
149
236
254
253
234
148
123
124
153
246
255
255
255
250
244
229
149
146
227
243
246
253
248
247
247
247
247
247
247
247
247
254
235
148
120
132
144
232
237
231
243
241
244
235
233
145
135
127
143
233
251
251
247
247
247
247
247
247
247
247
247
247
247
247
247
247
247
247
247
247
247
247
247
247
247
247
247
247
247
247
247
247
247
247
247
247
242
229
104
98
92
142
232
251
249
247
247
247
247
247
247
247
247
247
247
247
247
247
247
247
247
247
247
247
247
248
254
238
151
127
140
137
132
121
146
233
254
254
250
235
114
131
132
125
149
244
250
211
90
211
240
254
249
247
247
254
236
146
126
124
150
234
254
254
233
150
125
128
144
225
238
242
250
254
254
249
239
239
248
254
250
248
247
247
247
247
247
247
247
247
247
254
235
145
127
146
240
251
254
254
253
253
253
254
254
233
141
124
131
148
240
252
247
247
247
247
247
247
247
247
247
247
247
247
247
247
247
247
247
247
247
247
247
247
247
247
247
247
247
247
247
247
247
247
247
247
248
122
99
89
119
148
237
254
248
247
247
247
247
247
247
247
247
247
247
247
247
249
250
252
250
249
247
247
247
247
254
234
149
125
135
132
139
136
156
238
254
242
227
99
91
95
132
127
152
235
243
103
106
125
251
253
247
247
247
254
234
150
127
129
151
236
254
254
237
153
128
130
139
143
148
157
229
246
250
255
255
255
253
249
247
249
250
252
250
249
247
247
247
247
248
254
237
144
133
232
252
252
248
247
247
247
247
248
254
237
150
122
131
152
239
252
247
247
247
247
247
247
247
247
247
247
247
247
247
247
247
247
247
247
247
247
247
247
247
247
247
247
247
247
247
247
247
247
247
247
245
220
105
122
129
153
238
254
248
247
247
247
247
247
247
247
247
247
247
247
249
253
242
247
242
253
249
247
247
247
254
234
148
125
134
128
146
225
247
243
253
247
117
104
91
136
130
129
146
230
118
99
93
227
242
250
247
247
247
254
233
148
125
128
140
230
250
254
243
183
132
132
132
129
126
133
137
157
230
237
232
242
249
254
254
255
246
248
242
253
249
247
247
247
250
249
230
132
144
237
254
248
247
247
247
247
247
248
254
236
150
120
140
230
249
250
247
247
247
247
247
247
247
247
247
247
247
247
247
247
247
247
247
247
247
247
247
247
249
250
252
250
249
247
247
247
247
247
247
247
254
234
146
123
129
142
231
250
251
248
247
247
247
247
247
247
247
247
247
249
253
250
227
117
221
242
250
247
247
247
254
235
150
126
134
126
138
231
251
252
251
242
221
124
209
146
128
131
136
148
215
123
227
250
253
249
247
247
247
254
234
147
124
131
133
153
247
254
238
169
135
134
136
135
134
132
127
134
142
153
147
155
230
237
235
237
219
119
221
242
250
247
247
247
253
241
152
123
147
237
255
250
249
247
247
247
247
250
249
230
140
120
150
236
254
248
247
247
247
247
247
247
247
247
247
247
247
247
247
247
247
247
247
247
247
247
247
249
253
242
247
242
253
249
247
247
247
247
247
247
253
243
155
134
129
135
150
241
252
249
247
247
247
247
247
247
247
247
247
250
242
227
93
96
117
247
252
247
247
249
249
233
144
128
132
136
144
166
246
250
249
253
242
253
238
160
134
131
124
151
228
254
242
253
249
247
247
247
247
254
233
148
124
134
125
149
231
245
153
137
133
132
135
135
134
135
134
132
130
126
124
134
140
150
142
140
94
101
118
250
254
250
249
247
254
231
145
114
154
230
254
242
253
249
247
247
247
253
242
157
134
120
147
232
254
247
247
247
247
247
247
247
247
247
247
247
247
247
247
247
247
247
247
247
247
247
249
253
250
227
117
221
242
250
247
247
249
249
247
247
250
249
230
141
128
129
134
194
244
252
247
247
247
247
247
247
247
247
247
252
247
117
96
93
227
242
250
247
247
251
243
180
133
129
128
143
220
242
240
249
247
249
250
253
252
231
140
128
125
149
237
255
250
249
247
247
247
247
247
254
233
145
125
135
126
158
232
166
130
125
132
131
131
125
125
125
125
127
130
132
134
132
129
127
124
91
93
106
238
239
250
242
253
249
254
234
149
120
147
212
125
221
242
250
247
247
247
253
232
150
122
126
149
236
253
247
247
247
247
247
247
247
247
247
247
247
247
247
247
247
247
247
247
247
247
247
250
242
227
93
96
117
247
252
247
249
253
248
247
247
248
254
237
149
127
133
129
147
240
254
248
247
247
247
247
247
247
247
247
250
242
221
117
227
250
253
249
247
247
251
243
155
134
129
126
151
240
255
250
248
247
247
247
248
254
238
150
127
126
150
234
254
247
247
247
247
247
247
247
254
234
148
125
135
128
149
215
148
125
138
150
188
152
147
147
147
148
150
141
134
127
132
133
136
134
125
104
228
247
236
119
221
242
250
254
235
149
120
134
90
104
117
247
252
247
247
248
254
238
150
122
136
191
244
252
247
247
247
247
247
247
247
247
247
247
247
247
247
247
247
247
247
247
247
247
247
252
247
117
96
93
227
242
250
249
253
250
237
98
247
247
254
236
150
127
134
127
138
229
249
251
248
247
247
247
247
247
247
247
249
253
242
247
243
254
253
253
253
253
254
254
235
143
127
124
147
233
254
247
247
247
247
247
247
254
234
148
127
126
150
234
254
247
247
247
247
247
247
247
254
234
154
126
135
132
141
141
141
124
144
229
243
239
233
233
233
233
238
229
156
140
134
126
129
131
130
139
151
212
102
98
117
247
252
254
234
149
124
96
93
102
228
242
250
248
250
254
253
233
140
121
144
234
252
249
247
247
247
247
247
247
247
247
247
247
247
247
247
247
247
247
247
247
247
247
247
250
242
221
117
227
250
253
249
250
242
227
109
98
247
247
253
232
156
123
133
132
136
146
241
252
249
247
247
247
247
247
247
247
247
249
250
252
253
244
238
229
243
243
246
241
228
145
125
134
159
242
253
247
247
247
247
247
247
254
234
148
126
125
147
234
254
247
247
247
247
247
247
247
254
235
150
126
134
132
132
131
130
135
166
246
255
253
254
254
254
254
254
250
244
230
165
153
147
140
135
130
138
98
98
99
228
242
250
254
233
149
125
124
111
232
254
254
252
253
245
243
230
147
130
129
167
243
253
248
247
247
247
247
247
247
247
247
247
247
247
247
247
247
247
247
247
247
247
247
247
249
253
242
247
242
253
249
247
252
247
117
100
98
247
247
253
242
147
131
130
133
128
134
196
248
253
248
247
247
247
247
247
247
247
247
247
247
253
237
154
139
155
227
166
150
143
139
123
139
228
249
250
247
247
247
247
247
247
254
233
148
126
124
148
235
254
247
247
247
247
247
247
247
254
235
148
126
136
134
134
135
128
144
231
246
250
247
247
247
247
247
248
250
254
248
243
236
236
188
136
126
131
122
109
229
253
254
249
254
234
148
126
129
147
237
249
252
248
253
236
149
138
131
127
145
238
247
250
247
247
247
247
247
247
247
249
250
252
250
249
247
247
247
247
247
247
247
247
247
247
247
249
250
252
250
249
247
247
250
242
221
115
247
247
247
250
245
236
145
134
129
131
132
143
236
252
254
250
248
247
247
247
247
247
247
249
252
255
238
147
119
138
139
142
130
133
134
140
164
254
255
254
254
254
252
249
247
247
254
233
147
125
126
148
234
254
247
247
247
247
247
247
247
254
233
149
125
136
135
135
136
127
151
237
255
248
247
247
247
247
247
247
247
248
250
253
254
255
244
144
131
132
127
143
232
253
252
247
253
236
149
128
130
136
148
225
156
229
236
146
129
120
130
145
239
248
252
248
247
247
247
247
249
252
254
255
247
250
247
255
254
254
254
254
254
254
254
254
254
254
252
249
247
247
247
247
247
247
249
253
242
241
247
247
247
248
252
250
239
148
135
130
129
135
147
231
243
245
253
248
248
248
249
248
248
250
236
232
206
130
115
122
123
125
126
127
121
122
205
215
220
217
215
230
245
255
254
254
255
243
154
130
129
155
244
255
254
254
254
254
254
254
254
255
243
156
130
138
139
138
138
128
154
243
255
254
254
254
254
254
254
254
254
254
254
254
254
255
254
249
153
143
133
139
160
251
255
254
255
254
193
143
133
131
140
134
146
143
148
139
132
142
157
252
255
255
255
254
254
254
254
254
255
247
234
229
216
122
211
223
217
217
217
217
217
217
217
217
214
226
236
250
247
247
247
247
247
247
247
249
250
250
247
247
247
247
248
252
249
236
148
133
132
130
135
139
151
238
252
254
254
253
253
253
254
254
244
141
124
126
110
107
102
103
102
99
103
118
134
138
134
133
131
129
221
218
217
217
224
211
132
120
121
135
214
226
218
217
217
217
217
217
217
223
208
128
112
118
121
121
124
120
135
215
227
218
217
217
217
217
217
217
217
217
217
217
217
218
222
220
209
126
121
118
131
209
223
217
219
221
216
130
122
125
123
119
117
113
112
115
115
121
206
219
222
218
217
217
217
217
217
217
218
224
119
116
89
105
111
139
133
133
133
133
133
133
133
133
129
137
241
252
247
247
247
247
247
247
247
247
247
247
247
247
247
247
247
248
253
249
195
133
124
132
130
126
131
145
232
238
234
231
200
231
233
241
232
230
217
226
223
141
122
113
126
133
154
221
223
218
217
217
218
221
129
131
133
133
138
121
107
92
94
100
114
128
135
133
133
133
133
133
133
136
128
123
115
119
123
114
110
99
108
121
135
138
134
133
133
133
133
133
133
133
133
133
133
133
135
143
129
120
102
101
116
123
139
133
133
139
123
111
91
95
107
102
113
109
121
119
118
126
130
138
134
133
133
133
133
133
133
133
131
133
218
97
87
99
216
223
217
217
217
217
217
217
217
217
214
226
236
250
247
247
247
247
247
247
247
247
247
247
247
247
247
247
247
247
249
252
238
153
138
140
131
135
130
136
141
151
149
143
145
144
143
161
245
255
254
255
253
241
154
146
147
225
241
254
255
254
254
254
255
245
230
215
217
217
221
215
141
135
139
135
141
214
220
217
217
217
217
217
217
218
220
223
226
227
233
218
135
119
121
124
208
221
225
220
218
217
217
217
217
217
217
217
217
218
222
222
211
132
124
119
135
214
227
218
217
221
216
140
135
137
148
215
152
219
230
227
226
223
220
218
217
217
217
217
217
217
217
217
215
233
239
232
121
230
253
255
254
254
254
254
254
254
254
254
254
254
252
249
247
247
247
247
247
247
247
247
247
247
247
247
247
247
247
247
248
251
243
243
221
139
123
124
124
122
120
120
122
126
126
126
122
134
227
248
250
248
252
245
240
232
235
183
248
253
248
247
247
247
249
252
254
254
254
254
255
252
244
236
238
236
246
252
255
254
254
254
254
254
254
254
254
254
254
254
255
244
155
130
137
144
157
242
254
255
255
255
255
255
255
255
255
255
255
255
255
253
175
145
135
128
140
234
254
255
254
255
252
245
235
236
247
242
253
250
255
254
254
254
254
254
254
254
254
254
254
254
254
254
254
254
254
244
247
242
253
249
247
247
247
247
247
247
247
247
247
247
247
247
247
247
247
247
247
247
247
247
247
247
247
247
247
247
247
247
247
248
250
254
246
183
146
148
148
147
149
139
134
127
131
134
132
132
153
241
253
247
248
250
253
254
244
243
239
249
247
247
247
247
247
247
247
247
247
247
248
250
253
254
254
254
253
250
248
247
247
247
247
247
247
247
247
247
247
247
254
232
145
123
133
129
137
137
153
230
238
233
241
248
254
254
247
253
237
247
228
153
137
133
129
135
145
172
247
250
247
248
250
253
254
254
253
253
252
249
248
247
247
247
247
247
247
247
247
247
247
247
247
247
247
247
249
250
252
250
249
247
247
247
247
247
247
247
247
247
247
247
247
247
247
247
247
247
247
247
247
247
247
247
247
247
247
247
247
247
247
247
247
249
245
240
234
233
234
234
236
230
155
138
132
123
124
115
138
228
253
247
247
247
247
248
249
250
249
248
247
247
247
247
247
247
247
247
247
247
247
247
247
247
247
247
247
247
247
247
247
247
247
247
247
247
247
247
247
247
253
241
151
132
131
134
132
127
134
141
156
147
151
230
238
238
229
160
217
126
131
134
129
130
123
138
220
240
241
249
247
247
247
247
247
247
247
247
247
247
247
247
247
247
247
247
247
247
247
247
247
247
247
247
247
247
247
247
247
247
247
247
247
247
247
247
247
247
247
247
247
247
247
247
247
247
247
247
247
247
247
247
247
247
247
247
247
247
247
247
247
247
247
248
249
252
253
254
254
254
254
249
244
228
152
145
148
144
158
238
253
247
247
247
247
247
247
247
247
247
247
247
247
247
247
247
247
247
247
247
247
247
247
247
247
247
247
247
247
247
247
247
247
247
247
247
247
247
247
247
250
250
228
137
126
133
134
134
132
128
127
123
133
142
151
155
142
138
92
98
93
130
132
138
138
168
244
254
250
247
247
247
247
247
247
247
247
247
247
247
247
247
247
247
247
247
247
247
247
247
247
247
247
247
247
247
247
247
247
247
247
247
247
247
247
247
247
247
247
247
247
247
247
247
247
247
247
247
247
247
247
247
247
247
247
247
247
247
247
247
247
247
247
247
247
247
247
247
247
247
248
250
254
248
241
231
234
230
238
243
250
247
247
247
247
247
247
247
247
247
247
247
247
247
247
247
247
247
247
247
247
247
247
247
247
247
247
247
247
247
247
247
247
247
247
247
247
247
247
247
250
255
236
159
129
141
125
128
133
135
135
133
132
129
128
129
129
97
94
94
125
124
134
164
231
241
244
250
247
247
247
247
247
247
247
247
247
247
247
247
247
247
247
247
247
247
247
247
247
247
247
247
247
247
247
247
247
247
247
247
247
247
247
247
247
247
247
247
247
247
247
247
247
247
247
247
247
247
247
247
247
247
247
247
247
247
247
247
249
250
252
250
249
247
247
247
247
247
247
247
247
247
248
250
253
254
254
254
253
250
248
247
247
247
247
247
247
247
247
247
247
247
247
247
247
247
247
247
247
247
247
247
247
247
247
247
247
247
247
247
247
247
247
247
247
247
247
247
247
249
253
253
223
111
200
147
150
141
134
123
125
126
125
124
124
125
123
118
93
119
134
139
155
239
253
254
250
248
247
247
247
247
247
247
247
247
247
247
247
247
247
247
247
247
247
247
247
247
247
247
247
247
247
247
247
247
247
247
247
247
247
247
247
247
247
247
247
247
247
247
247
247
247
247
247
247
247
247
247
247
247
247
247
247
247
247
247
249
253
242
247
242
253
249
247
247
247
247
247
247
247
247
247
247
247
247
247
247
247
247
247
247
247
247
247
247
247
247
247
247
247
247
247
247
247
247
247
247
247
247
247
247
247
247
247
247
247
247
247
247
247
247
247
247
247
247
247
247
247
250
242
228
96
105
117
242
239
230
152
145
147
149
149
149
148
147
148
147
148
145
155
227
242
245
252
248
247
247
247
247
247
247
247
247
247
247
247
247
247
247
247
247
247
247
247
247
247
247
247
247
247
247
247
247
247
247
247
247
247
247
247
247
247
247
247
247
247
247
247
247
247
247
247
247
247
247
247
247
247
247
247
247
247
247
247
247
249
253
250
227
117
221
242
250
247
247
247
247
247
247
247
247
247
247
247
247
247
247
247
247
247
247
247
247
247
247
247
247
247
247
247
247
247
247
247
247
247
247
247
247
247
247
247
247
247
247
247
247
247
247
247
247
247
247
247
247
247
247
247
252
247
117
96
94
230
249
254
249
241
232
233
233
235
235
234
234
234
234
236
233
243
248
254
250
248
247
247
247
247
247
247
247
247
247
247
247
247
247
247
247
247
247
247
247
247
247
247
247
247
247
247
247
247
247
247
247
247
247
247
247
247
247
247
247
247
247
247
247
247
247
247
247
247
247
247
247
247
247
247
247
247
247
247
247
247
247
249
248
237
109
100
115
241
250
247
247
247
247
247
247
247
247
247
247
247
247
247
247
247
247
247
247
247
247
247
247
247
247
247
247
247
247
247
247
247
247
247
247
247
247
247
247
247
247
247
247
247
247
247
247
247
247
247
247
247
247
247
247
247
250
241
218
112
224
248
253
250
250
253
254
254
254
254
254
254
254
254
254
254
254
253
250
248
247
247
247
247
247
247
247
247
247
247
247
247
247
247
247
247
247
247
247
247
247
247
247
247
247
247
247
247
247
247
247
247
247
247
247
247
247
247
247
247
247
247
247
247
247
247
247
247
247
247
247
247
247
247
247
247
247
247
247
247
247
247
247
247
247
98
98
98
247
247
247
247
247
247
247
247
247
247
247
247
247
247
247
247
247
247
247
247
247
247
247
247
247
247
247
247
247
247
247
247
247
247
247
247
247
247
247
247
247
247
247
247
247
247
247
247
247
247
247
247
247
247
247
247
247
247
247
247
247
247
247
247
247
247
247
247
247
247
247
247
247
247
247
247
247
247
247
247
247
247
247
247
247
247
247
247
247
247
247
247
247
247
247
247
247
247
247
247
247
247
247
247
247
247
247
247
247
247
247
247
247
247
247
247
247
247
247
247
247
247
247
247
247
247
247
247
247
247
247
247
247
247
247
247
247
247
247
247
247
247
247
247
