249
249
249
249
249
249
249
249
249
249
249
249
249
249
249
249
249
249
249
249
249
249
249
249
249
249
249
249
249
249
249
249
249
249
249
249
249
249
249
249
249
249
249
249
249
249
249
249
249
249
249
249
249
249
249
249
249
249
249
249
249
249
249
65
249
249
249
249
249
249
249
249
249
249
249
249
249
249
249
249
249
249
249
249
249
249
249
249
249
249
249
249
249
249
249
249
249
249
249
249
249
249
249
249
249
249
249
249
249
249
65
65
65
249
249
249
249
249
249
249
249
249
249
249
249
249
249
249
249
249
249
249
249
249
249
249
249
249
249
249
249
249
249
249
249
249
249
249
249
249
249
249
249
249
249
249
249
249
249
249
249
249
249
249
249
249
249
249
249
249
249
249
249
249
249
249
249
249
249
249
249
249
249
249
249
249
250
250
251
250
250
249
249
249
249
249
249
249
249
249
249
249
249
249
249
249
249
249
249
250
243
217
61
61
90
243
250
249
249
249
249
249
249
249
249
250
252
250
221
83
213
243
250
249
249
249
249
249
249
249
249
249
249
249
249
249
249
249
249
249
249
249
249
249
249
249
249
250
243
87
68
79
237
250
250
249
249
249
249
249
249
249
249
249
249
249
249
249
249
249
249
249
249
249
249
249
249
249
249
249
249
249
249
249
249
249
249
249
249
249
249
249
249
249
249
249
249
249
249
249
249
249
249
249
249
249
249
249
249
250
250
251
251
250
250
249
249
249
249
249
249
249
249
249
249
250
252
244
249
244
252
250
249
249
249
249
249
249
249
249
249
249
249
249
249
249
249
249
249
251
249
88
63
60
224
244
250
249
249
249
249
249
249
249
249
250
244
224
60
63
88
249
251
249
249
249
249
249
249
249
249
249
249
249
249
249
249
249
249
249
249
249
249
249
249
249
249
250
244
217
88
224
250
252
250
249
249
249
249
249
249
249
249
249
249
249
249
249
249
249
249
249
249
249
249
249
249
249
249
249
249
249
249
249
249
249
249
249
249
249
249
249
249
249
249
249
249
249
249
249
249
249
249
249
249
249
249
250
250
251
249
242
241
245
250
249
249
249
249
249
249
249
249
249
250
252
250
224
88
217
244
250
249
249
249
249
249
249
249
249
249
249
249
249
249
249
249
249
249
250
244
217
88
224
250
252
250
249
249
249
249
249
249
249
249
251
249
88
63
60
224
244
250
249
249
249
249
249
249
249
249
249
249
249
249
249
249
249
249
249
249
249
249
249
249
249
249
250
252
247
251
249
253
250
249
249
249
249
249
249
249
249
249
249
249
249
249
249
249
249
249
249
249
249
249
249
249
249
249
249
249
249
249
249
249
249
249
249
249
249
249
249
249
249
249
249
249
249
249
249
249
249
249
249
249
249
249
250
247
244
233
168
173
243
251
249
249
249
249
249
249
249
249
249
250
244
224
60
63
88
249
251
249
249
249
249
249
249
249
249
249
249
249
249
249
249
249
249
249
250
252
244
249
244
252
250
249
249
249
249
249
249
249
249
249
250
244
217
88
224
250
252
250
249
249
249
249
249
249
250
250
251
251
252
252
251
251
250
250
249
249
249
249
249
249
249
249
249
251
249
246
245
249
251
250
249
249
249
249
249
249
249
249
249
249
249
249
249
249
249
249
249
249
249
249
249
249
249
249
249
249
249
249
249
249
249
249
249
249
249
249
249
249
249
249
249
249
249
249
249
249
249
249
249
249
249
249
251
242
178
159
151
162
235
251
249
249
249
249
249
249
249
249
249
251
249
88
63
60
224
244
250
249
249
249
249
249
249
249
249
249
249
249
249
249
249
249
249
249
249
250
250
251
250
250
249
249
249
249
249
249
249
249
249
249
250
252
244
249
244
252
250
249
249
249
249
249
249
249
250
247
243
235
238
238
237
242
247
250
249
249
249
249
249
249
249
250
250
252
246
177
165
240
250
251
250
249
249
249
249
249
249
249
249
249
249
249
249
249
249
249
249
249
249
249
249
249
249
249
249
249
249
249
249
249
249
249
249
249
249
249
249
249
249
249
249
249
249
249
249
249
249
249
249
249
249
249
251
236
166
148
148
169
238
252
249
249
249
249
249
249
249
249
249
250
244
217
88
224
250
252
250
249
249
249
249
249
249
249
249
249
249
249
249
249
249
249
249
249
249
249
249
249
249
249
249
249
249
249
249
249
249
249
249
249
249
250
250
251
250
250
249
249
249
249
249
249
250
250
252
247
178
166
168
167
165
180
244
251
250
249
249
249
249
249
250
252
244
251
229
168
147
162
243
250
251
250
249
249
249
249
249
249
249
249
249
249
249
249
249
249
249
249
249
249
249
249
249
249
249
249
249
249
249
249
249
249
249
249
249
249
249
249
249
249
249
249
249
249
249
249
249
249
249
249
249
249
251
239
169
151
150
171
241
252
250
249
249
249
249
249
249
249
249
250
252
244
249
244
252
250
249
249
249
249
249
249
249
249
249
249
249
249
249
249
249
249
249
249
249
249
249
249
249
249
249
249
249
249
249
249
249
249
249
249
249
249
249
249
249
249
249
249
249
250
250
251
252
250
249
228
160
146
150
150
146
160
233
249
250
249
249
249
249
250
252
250
224
93
212
165
153
154
166
241
249
250
249
249
249
249
249
249
249
249
249
249
249
249
249
249
249
249
249
249
249
249
249
249
249
249
249
249
249
249
249
250
250
250
249
249
249
249
249
249
249
249
249
249
249
249
249
249
249
249
249
249
251
245
178
157
150
162
235
250
250
249
249
249
249
249
249
249
249
249
250
250
251
250
250
249
249
249
249
249
249
249
250
251
251
251
251
250
250
249
249
249
249
249
249
249
249
249
249
249
249
249
249
249
249
249
249
249
249
249
249
249
249
249
249
249
249
249
249
250
247
243
239
236
174
163
164
156
156
159
157
157
175
248
251
250
249
249
249
250
244
224
60
66
87
242
169
151
148
171
245
251
250
249
249
249
249
249
249
249
249
249
249
249
249
249
249
249
249
249
249
249
249
249
249
249
249
249
249
249
250
252
244
243
249
249
249
249
249
249
249
249
249
249
249
249
249
249
249
249
249
249
250
250
237
165
150
156
175
248
251
250
249
249
249
249
249
249
249
249
249
249
249
249
249
249
250
250
251
250
250
250
247
244
238
236
242
247
250
249
249
249
249
249
249
249
249
249
249
249
249
249
249
249
249
249
249
249
249
249
249
249
249
249
249
249
249
249
249
251
245
178
164
162
156
151
156
158
159
159
157
151
157
233
249
250
249
249
249
251
251
99
75
71
234
248
244
170
157
166
233
251
251
250
250
249
249
249
249
249
249
249
249
249
249
249
249
249
249
249
249
249
249
249
249
249
249
249
249
250
252
250
224
90
249
249
249
249
249
249
249
249
249
249
249
249
249
249
249
249
249
249
250
252
242
177
149
150
158
231
248
250
249
249
249
249
249
249
249
249
249
249
249
249
249
250
252
244
249
244
252
252
245
192
168
165
177
242
251
249
249
249
249
249
249
249
249
249
249
249
249
249
249
249
249
249
249
249
249
249
249
249
249
249
249
249
249
250
250
251
235
159
148
152
153
153
154
152
155
154
155
155
156
171
245
251
249
249
250
253
242
204
55
204
243
254
250
249
228
168
165
235
245
246
250
249
249
249
249
249
249
249
249
249
249
249
249
249
249
249
249
249
249
249
249
249
249
249
249
250
244
224
60
61
65
249
249
249
249
249
249
249
249
249
249
249
249
249
249
249
249
249
249
251
240
169
152
154
165
174
250
250
249
249
249
249
249
249
249
249
249
249
249
249
250
252
250
224
88
218
249
251
235
158
149
144
164
237
251
249
249
250
250
251
251
250
250
249
249
249
249
249
249
249
249
249
249
249
249
249
249
249
249
249
249
249
249
250
249
243
169
159
155
155
159
156
165
162
171
168
162
156
150
167
239
252
250
249
250
246
230
70
75
99
251
252
250
253
239
163
148
156
181
247
252
250
250
249
249
249
249
249
249
249
249
249
249
249
249
249
249
249
249
249
249
249
249
249
249
251
249
88
63
61
249
249
249
249
249
249
249
249
249
249
249
249
249
249
249
249
249
249
249
251
236
166
148
153
154
229
242
251
249
249
249
249
249
249
249
249
249
249
249
249
250
244
224
60
64
93
250
249
165
159
155
149
166
236
251
249
249
250
245
240
241
249
251
250
249
249
249
249
249
249
249
249
249
249
249
249
249
249
249
249
250
250
251
251
246
172
155
153
154
159
174
230
181
232
247
232
169
154
152
161
235
250
250
249
251
249
88
63
60
224
244
250
249
251
243
176
155
150
158
225
246
244
250
249
249
249
249
249
249
249
249
249
249
249
249
249
249
249
249
249
249
249
249
249
249
250
244
217
88
217
249
249
249
249
249
249
249
249
249
249
249
249
249
249
249
249
249
249
249
250
243
164
153
154
157
173
248
252
250
249
249
249
249
249
249
249
249
249
249
249
251
249
88
63
62
223
235
170
157
153
156
158
172
245
251
249
249
251
241
171
165
240
250
251
250
249
249
249
249
249
249
249
249
249
249
249
249
249
250
250
248
244
239
240
190
157
150
152
158
181
247
246
250
249
253
244
176
152
154
157
173
245
251
249
250
244
217
88
225
251
252
250
249
250
245
245
235
168
162
157
174
245
252
250
249
249
249
249
249
249
249
249
249
249
249
249
249
249
249
249
249
249
249
249
249
250
252
244
249
243
249
249
249
249
249
249
249
249
249
249
249
249
249
249
249
249
249
249
250
251
252
247
173
162
149
159
234
250
250
249
249
249
249
249
249
249
249
249
249
249
250
244
217
89
231
249
179
156
154
158
153
163
235
250
250
249
249
251
244
168
155
164
245
250
251
250
249
249
249
249
249
249
249
250
250
251
250
250
251
249
240
170
170
169
163
155
159
164
183
242
250
251
250
250
251
246
180
155
153
147
166
238
251
249
250
252
244
249
247
251
247
243
250
250
250
251
251
235
159
141
157
230
249
250
249
249
249
249
249
249
249
249
249
249
249
249
249
249
249
249
249
249
249
249
249
249
250
250
251
250
249
249
249
249
249
249
249
249
249
249
249
249
249
249
249
249
250
251
252
250
249
240
230
162
153
157
175
245
251
249
249
249
249
249
249
249
249
249
249
249
250
252
245
251
247
244
162
149
155
159
151
170
242
252
250
249
249
251
243
228
149
157
164
243
249
252
250
249
249
249
249
249
250
252
244
249
244
252
249
240
164
154
150
155
154
150
164
229
249
249
250
249
249
249
250
249
243
169
158
147
170
239
251
249
249
250
251
252
253
242
178
239
251
250
250
250
251
248
176
157
153
163
245
251
249
249
249
249
249
249
249
249
249
249
249
249
249
249
249
249
249
249
249
249
249
249
249
249
249
249
249
249
249
249
249
249
249
249
249
249
249
249
249
250
250
251
250
247
242
234
176
170
169
163
153
149
168
240
252
250
249
249
249
249
249
249
249
249
249
249
250
251
253
252
250
171
160
161
160
179
150
168
239
252
249
249
249
250
250
177
168
152
144
81
222
244
250
249
249
249
249
250
252
250
224
88
217
249
247
168
155
153
158
158
155
156
170
248
252
250
249
249
249
249
249
250
250
237
163
145
167
239
251
249
249
250
252
244
251
224
186
227
251
247
250
249
250
250
235
162
142
170
238
252
250
249
249
249
249
249
249
249
249
249
249
249
249
249
249
249
249
249
249
249
249
249
249
249
249
249
249
249
249
249
249
249
249
249
249
249
249
249
250
251
248
246
236
193
170
163
157
150
153
155
155
153
163
235
250
250
249
249
249
249
249
249
249
249
249
249
250
249
250
233
167
151
153
175
227
173
149
168
239
252
249
249
249
250
249
234
157
138
56
66
94
250
251
250
250
250
251
252
249
227
61
63
88
251
244
170
149
156
158
155
159
170
241
248
250
249
249
249
249
249
249
250
252
241
170
145
171
242
252
250
250
252
250
224
96
201
173
221
174
237
251
251
250
253
243
171
146
164
237
250
250
249
249
249
249
249
249
249
249
249
249
249
249
249
249
249
249
249
249
249
249
249
249
249
249
249
249
249
249
249
249
249
249
249
249
249
249
250
251
250
240
169
163
156
147
146
146
152
154
156
155
155
156
169
244
251
249
249
249
249
249
249
249
249
250
251
251
248
179
151
73
137
162
215
239
178
144
168
239
252
249
249
249
250
252
241
162
67
60
61
218
246
248
247
249
250
244
240
244
87
67
61
224
248
250
192
159
156
158
154
166
240
251
251
250
249
249
249
249
249
249
249
252
239
168
144
162
235
250
250
250
244
224
60
70
73
170
153
159
147
233
246
249
252
238
165
148
158
179
245
250
249
249
249
249
249
249
249
249
249
249
249
249
249
249
249
249
249
249
249
249
249
249
249
249
249
249
249
249
249
249
249
249
249
249
249
250
251
250
243
166
154
148
157
164
172
170
168
186
168
160
154
146
157
238
252
250
249
249
249
249
249
249
250
248
247
240
177
145
51
60
84
240
250
235
165
144
168
238
251
249
249
249
249
251
246
167
139
72
151
201
253
249
172
233
238
167
168
168
210
91
231
251
253
250
239
168
156
158
153
172
242
251
250
249
249
249
249
249
249
249
249
252
238
170
147
155
170
244
251
251
249
88
63
65
218
165
154
146
155
156
185
244
249
184
160
152
158
185
245
250
249
249
249
249
249
249
249
249
249
249
249
249
249
249
249
249
249
249
249
249
249
249
249
249
249
249
249
249
249
249
249
249
249
249
249
250
250
241
163
155
151
155
170
237
242
239
240
244
234
164
155
149
157
233
249
250
249
249
249
249
249
250
251
247
200
165
160
67
58
68
230
251
250
182
153
154
175
244
251
249
249
249
249
250
249
238
160
152
150
172
241
233
166
159
165
154
147
164
161
238
243
252
251
251
249
207
161
152
154
161
205
248
250
249
249
249
249
249
249
249
249
251
238
166
148
147
165
237
251
250
244
217
88
227
250
249
165
157
154
149
165
228
172
158
156
152
164
237
250
250
249
249
249
249
249
249
249
249
249
249
249
249
249
249
249
249
249
249
249
249
249
249
249
249
249
249
249
249
249
249
249
249
249
249
250
250
243
166
155
149
154
164
244
250
252
251
251
252
250
195
158
152
155
166
245
251
249
249
249
249
249
250
250
237
159
149
155
148
93
233
251
254
242
166
145
164
239
251
251
250
249
249
249
250
251
249
175
161
155
163
186
173
154
143
154
155
159
151
162
168
192
245
250
251
251
238
166
152
155
153
169
241
251
249
249
249
249
249
249
249
249
251
245
173
157
145
168
239
252
250
252
244
249
245
253
250
243
167
159
153
165
160
162
153
157
149
168
239
252
249
249
249
249
249
249
249
249
249
249
249
249
249
249
249
249
249
249
249
249
249
249
249
249
249
249
249
249
249
249
249
249
249
249
249
251
245
186
155
151
157
159
240
250
251
250
249
249
250
250
240
168
156
149
169
240
252
250
249
249
249
250
248
240
166
155
159
180
248
244
246
251
253
237
165
148
179
236
252
245
252
250
249
249
249
250
250
236
166
152
158
155
161
164
168
175
232
172
154
149
151
156
173
243
250
253
240
170
151
158
148
167
237
251
249
249
249
249
249
249
249
249
250
250
236
164
145
167
238
252
249
250
250
251
250
250
251
250
238
161
152
153
155
156
154
152
153
170
244
251
249
249
249
249
249
249
249
249
249
249
249
249
249
249
249
249
249
249
249
249
249
249
249
249
249
249
249
249
249
249
249
249
249
249
250
252
241
171
149
159
174
243
251
250
250
249
249
249
249
251
242
187
152
151
164
236
250
250
249
249
249
250
249
194
160
149
159
238
249
229
94
224
241
190
160
154
170
213
95
217
244
250
249
249
249
250
252
243
173
152
159
152
165
232
242
247
247
245
192
157
156
149
157
162
239
251
242
168
151
158
151
169
239
252
249
249
249
249
249
249
249
249
250
252
242
173
146
170
241
252
250
249
249
249
249
249
250
251
247
201
163
160
154
163
161
171
174
239
248
250
249
249
249
249
249
249
249
249
249
249
249
249
249
249
249
249
249
250
250
251
250
250
249
249
249
249
249
249
249
249
249
249
249
249
250
250
235
162
147
163
238
250
250
249
249
249
249
249
249
251
247
175
159
152
158
168
240
248
250
249
249
250
248
241
175
154
160
165
167
64
71
100
244
180
155
150
149
55
68
88
249
251
249
249
249
249
251
237
165
148
157
153
176
245
253
251
251
250
249
237
164
158
150
151
158
249
245
171
152
158
150
169
239
252
249
249
249
249
249
249
249
249
249
252
239
170
146
163
238
251
251
250
249
249
249
249
249
250
248
250
230
162
146
168
231
217
243
249
250
249
249
249
249
249
249
249
249
249
249
249
249
249
249
249
249
249
250
252
244
249
244
252
250
249
249
249
249
249
249
249
249
249
249
249
251
244
169
156
148
169
240
252
249
249
249
249
249
249
249
250
250
235
161
151
150
161
194
250
250
249
249
249
250
250
243
165
155
146
68
54
57
220
229
175
153
164
74
64
62
224
244
250
249
249
249
249
250
244
165
156
156
153
176
240
251
249
249
250
251
250
237
162
150
156
170
250
244
172
150
158
151
169
239
252
249
249
249
249
249
249
249
249
249
252
240
171
148
158
165
241
248
250
249
249
249
249
249
249
250
252
249
173
153
163
236
251
250
250
250
249
249
249
249
249
249
249
249
249
249
249
249
249
249
249
249
250
252
250
224
88
217
244
250
249
249
249
249
249
249
249
249
249
249
250
252
239
165
147
149
161
238
251
249
249
249
249
249
249
249
250
252
240
167
149
152
166
237
250
250
249
249
249
249
250
250
241
173
157
144
70
148
176
196
165
149
163
208
97
226
250
252
250
249
249
249
249
250
250
232
158
151
151
174
243
252
250
250
250
251
252
250
178
156
154
233
250
242
159
148
160
151
170
238
252
249
249
249
249
249
249
249
249
249
252
240
174
150
153
152
170
244
251
249
249
249
249
249
249
249
250
250
235
161
153
176
248
252
250
249
249
249
249
249
249
249
249
249
249
249
249
249
249
249
249
249
250
244
224
60
63
88
249
251
250
251
250
249
249
249
249
249
249
249
250
250
235
162
152
159
188
248
251
249
249
249
249
249
249
249
249
251
244
176
156
149
164
236
250
250
249
249
249
249
250
251
248
248
239
165
156
149
161
156
155
158
180
240
251
244
252
250
249
249
249
249
249
249
251
248
176
156
149
163
236
250
251
252
244
249
247
252
239
161
155
176
251
242
159
149
160
151
168
239
252
249
249
249
249
249
249
249
249
249
251
237
170
150
156
144
165
237
251
249
249
249
249
249
249
249
250
252
242
171
146
161
233
250
250
249
249
249
249
249
249
249
249
249
249
249
249
249
249
249
249
249
251
249
88
63
60
224
246
253
244
249
243
249
249
249
249
249
249
249
251
245
173
157
152
160
233
248
250
249
250
250
251
250
250
249
249
250
249
234
160
149
157
171
249
251
250
249
249
249
249
250
250
251
251
245
168
159
154
156
155
166
241
252
252
250
250
249
249
249
249
249
249
249
250
250
235
162
151
156
171
247
253
250
224
88
218
250
245
178
144
168
248
244
168
147
160
151
168
241
252
250
249
249
249
249
249
249
249
249
251
244
169
158
154
145
167
239
252
249
249
249
249
249
249
249
249
251
238
170
148
158
174
245
251
249
249
249
249
249
249
249
249
249
249
249
249
249
249
249
249
249
250
244
217
88
224
251
254
251
224
88
213
249
249
249
249
249
249
249
251
236
168
149
156
158
176
247
251
250
252
244
249
244
252
250
249
250
251
246
173
157
150
166
233
249
250
249
249
249
249
249
249
250
251
250
242
170
157
154
153
165
235
250
249
250
249
249
249
249
249
249
249
249
249
252
239
169
149
149
169
243
250
226
60
63
88
251
249
178
150
164
243
247
172
160
159
154
165
238
250
250
249
249
249
249
249
249
249
249
250
248
242
171
159
144
167
239
252
249
249
249
249
249
249
249
249
251
239
168
150
149
167
236
251
249
249
249
249
249
249
249
249
249
249
249
249
249
249
249
249
249
250
252
244
249
244
253
246
224
60
63
83
249
249
249
249
249
249
249
251
237
166
148
157
148
165
236
251
252
250
224
88
217
244
250
249
249
250
250
236
163
152
158
168
246
251
249
249
249
249
249
249
249
250
251
250
247
172
160
153
160
163
202
247
251
249
249
249
249
249
249
249
249
249
251
245
168
157
152
163
241
251
102
75
70
230
250
245
191
155
154
177
242
252
194
158
152
157
173
242
249
250
249
249
249
249
249
249
249
250
251
251
238
165
143
170
242
252
250
249
249
249
249
249
249
249
251
237
164
150
150
165
239
252
250
251
250
250
249
249
249
249
249
249
249
249
249
249
249
249
249
249
250
250
251
250
251
249
88
63
60
221
249
249
249
249
249
249
249
251
244
169
156
155
149
161
236
252
244
224
61
66
93
250
251
249
249
250
252
241
170
150
150
155
232
250
250
249
249
249
249
249
249
249
250
251
248
232
156
153
153
150
168
238
250
250
249
249
249
249
249
249
249
249
250
250
233
157
148
158
183
237
209
55
204
242
254
243
175
155
137
78
221
252
247
157
70
140
152
165
241
250
249
249
249
249
249
249
249
249
249
252
246
177
144
164
237
251
251
250
250
249
249
249
249
249
251
247
175
157
148
165
239
254
244
249
244
252
250
249
249
249
249
249
249
249
249
249
249
249
249
249
249
249
249
249
250
244
217
88
224
250
249
249
249
249
249
249
249
250
250
237
163
153
149
162
238
252
249
90
72
55
224
238
253
250
249
250
252
241
170
153
155
157
167
246
251
249
249
249
249
249
249
249
249
251
247
173
157
164
161
159
157
194
249
250
249
249
249
249
249
249
249
249
250
251
247
171
156
150
165
218
77
77
102
253
254
245
167
138
54
65
97
248
228
66
59
76
150
155
234
250
249
249
249
249
249
249
249
249
250
251
236
171
149
133
171
237
250
249
251
250
250
249
249
249
251
245
232
156
156
178
250
252
224
88
217
244
250
249
249
249
249
249
249
249
249
249
249
249
249
249
249
249
249
249
250
252
244
249
244
252
249
249
249
249
249
249
249
250
250
236
162
150
152
175
243
253
248
226
91
199
91
226
246
250
250
251
250
237
166
152
157
150
164
235
250
250
249
249
249
249
249
249
250
252
239
169
145
173
225
166
144
185
237
250
249
249
249
249
249
249
249
249
249
250
250
235
162
153
175
84
80
75
222
247
249
247
165
68
64
68
231
245
98
67
57
146
147
168
237
251
249
249
249
249
249
249
249
249
250
243
167
163
149
118
119
171
182
234
248
250
252
251
251
251
253
250
180
156
162
239
247
227
60
63
88
249
251
249
249
249
249
249
249
249
249
249
250
250
251
250
250
249
249
249
249
250
250
251
250
250
249
249
249
249
249
249
249
250
250
174
162
153
153
165
231
249
252
240
224
55
72
90
249
251
250
248
242
166
161
157
159
155
160
192
246
251
249
249
249
249
249
250
251
250
237
163
144
177
232
200
181
172
243
250
249
249
249
249
249
249
249
249
249
250
252
240
169
151
157
201
85
223
224
106
217
171
160
136
83
225
252
251
219
79
140
160
156
175
240
251
249
249
249
249
249
249
249
249
250
233
155
152
156
111
113
147
165
162
172
235
241
241
240
240
244
231
162
142
167
244
252
89
63
60
224
244
250
249
249
249
249
249
249
249
249
250
252
244
249
244
252
250
249
249
249
249
249
249
249
249
249
249
249
249
249
249
249
250
248
231
159
150
153
160
172
206
252
251
93
66
61
224
245
251
252
249
176
154
154
159
158
156
153
170
240
251
249
249
249
249
250
251
250
243
168
158
155
165
241
250
236
243
244
250
249
249
249
249
249
249
249
249
249
249
251
246
175
158
155
80
156
150
76
71
73
161
161
144
174
235
254
254
239
173
149
163
154
175
243
252
250
249
249
249
249
249
249
249
250
243
165
158
157
144
115
148
161
150
157
161
175
172
177
173
173
165
160
155
172
248
249
217
88
224
250
252
250
249
249
249
249
249
249
249
250
252
250
224
88
217
244
250
249
249
249
249
249
249
249
249
249
249
249
249
249
249
249
250
251
247
174
155
152
153
156
231
250
250
219
89
225
251
254
250
249
229
165
150
157
155
154
146
155
191
247
251
249
249
249
249
250
247
241
162
157
149
162
236
249
251
251
250
250
249
249
249
249
249
249
249
249
249
249
249
250
250
231
143
52
60
69
68
59
54
135
147
164
182
164
242
252
252
241
174
154
159
153
164
238
249
250
249
249
249
249
249
249
249
250
250
237
170
160
152
121
149
160
158
156
154
151
153
151
153
154
152
151
172
236
250
253
244
249
244
252
250
249
249
249
249
249
249
249
249
250
244
224
60
63
88
249
251
249
249
249
249
249
249
249
249
249
249
249
249
249
249
249
249
250
249
243
173
162
155
160
169
242
252
248
252
251
252
249
234
179
163
162
152
161
183
169
167
169
240
250
250
249
249
249
249
251
243
160
154
155
152
173
242
252
250
249
249
249
249
249
249
249
249
249
249
249
249
249
249
250
252
247
88
63
68
148
149
79
155
164
175
199
235
245
242
250
252
238
168
151
159
156
156
176
244
251
249
249
249
249
249
249
249
249
251
242
183
153
152
157
149
161
153
157
158
158
158
157
155
155
150
154
178
249
251
250
250
251
250
250
249
249
249
249
249
249
249
249
249
251
249
88
63
60
224
244
250
249
249
249
249
249
249
249
249
249
249
249
249
249
249
249
249
250
252
252
244
169
161
165
168
172
205
249
250
250
245
184
170
166
161
162
169
189
251
253
250
252
253
254
254
254
254
254
254
255
249
178
157
167
158
175
250
254
254
254
254
254
254
254
254
254
254
254
254
254
254
254
254
254
254
253
236
108
239
253
180
231
177
251
252
253
254
255
254
254
255
250
179
158
166
165
156
170
249
255
254
254
254
254
254
254
254
254
254
253
179
168
160
175
240
197
176
173
166
166
167
165
174
179
182
183
250
253
254
254
253
252
251
250
249
249
249
249
249
249
249
249
249
250
244
217
88
224
250
252
250
249
249
249
249
249
249
249
249
249
249
249
249
249
249
249
249
250
240
226
150
135
132
137
136
135
142
147
151
151
144
138
131
131
132
129
136
204
216
221
219
217
215
213
212
212
212
212
212
217
206
144
132
138
133
134
205
218
212
212
212
212
212
212
212
212
212
212
212
212
212
212
212
212
214
221
207
215
216
236
218
91
210
220
220
217
214
212
212
212
217
205
141
127
132
130
124
136
204
217
212
212
212
212
212
212
212
212
214
212
202
131
129
145
207
216
196
136
131
130
133
131
134
198
202
207
210
217
213
212
208
224
238
250
249
249
249
249
249
249
249
249
249
250
252
244
249
244
252
250
249
249
249
249
249
249
249
249
249
249
249
250
250
250
249
249
249
251
244
110
94
96
89
83
76
80
80
80
78
77
76
75
83
91
98
95
102
107
111
108
107
107
107
107
107
107
107
107
107
110
106
95
83
78
83
96
105
110
107
107
107
107
107
107
107
107
107
107
107
107
107
107
107
107
107
109
111
116
102
93
56
77
84
116
108
107
107
107
107
107
111
103
101
93
97
97
94
100
104
111
107
107
107
107
107
107
107
107
109
114
100
91
74
94
102
120
107
103
94
97
97
96
103
109
116
113
111
108
107
107
102
114
243
251
249
249
249
249
249
249
249
249
249
249
250
250
251
250
250
249
249
249
249
249
249
249
249
249
249
249
249
243
244
252
250
249
249
250
238
226
213
222
216
146
147
144
137
131
129
138
144
148
153
216
222
219
217
215
213
212
212
212
212
212
212
212
212
212
212
213
217
214
155
140
152
210
219
213
212
212
212
212
212
212
212
212
212
212
212
212
212
212
212
212
212
212
212
217
209
63
51
66
212
219
212
212
212
212
212
212
213
215
217
219
220
220
219
217
215
213
212
212
212
212
212
212
212
212
212
216
213
139
132
139
205
218
215
217
219
220
220
219
217
215
213
212
212
212
212
212
208
224
238
250
249
249
249
249
249
249
249
249
249
249
249
249
249
249
249
249
249
249
249
249
250
250
251
250
250
249
249
87
217
244
250
249
249
250
251
252
253
254
251
249
247
244
180
173
176
179
243
248
250
252
254
254
254
254
254
254
254
254
254
254
254
254
254
254
254
254
254
252
251
240
212
251
254
254
254
254
254
254
254
254
254
254
254
254
254
254
254
254
254
254
254
254
254
254
252
228
93
228
252
254
254
254
254
254
254
254
254
254
254
254
254
254
254
254
254
254
254
254
254
254
254
254
254
254
254
254
254
250
178
186
251
254
254
254
254
254
254
254
254
254
254
254
254
254
254
254
253
252
251
250
249
249
249
249
249
249
249
249
249
249
249
249
249
249
249
249
249
249
249
250
252
244
249
244
252
249
65
68
88
249
251
249
249
249
249
249
249
250
250
251
252
250
245
236
236
245
250
252
251
250
250
249
249
249
249
249
249
249
249
249
249
249
249
249
249
249
250
250
251
249
249
247
250
249
249
249
249
249
249
249
249
249
249
249
249
249
249
249
249
249
249
249
249
250
252
244
249
244
252
250
249
249
249
249
249
249
249
249
249
249
249
249
249
249
249
249
249
249
249
249
249
249
249
249
249
249
250
249
242
241
246
250
249
249
249
249
249
249
249
249
249
249
249
249
249
249
249
249
249
249
249
249
249
249
249
249
249
249
249
249
249
249
249
249
249
249
249
249
250
252
250
224
88
217
244
249
65
79
224
244
250
249
249
249
249
249
249
249
249
249
250
250
251
251
251
251
250
250
249
249
249
249
249
249
249
249
249
249
249
249
249
249
249
249
249
249
249
249
249
250
250
250
249
249
249
249
249
249
249
249
249
249
249
249
249
249
249
249
249
249
249
249
249
249
250
250
251
250
250
249
249
249
249
249
249
249
249
249
249
249
249
249
249
249
249
249
249
249
249
249
249
249
249
249
249
249
250
250
251
251
250
250
249
249
249
249
249
249
249
249
249
249
249
249
249
249
249
249
249
249
249
249
249
249
249
249
249
249
249
249
249
249
249
249
249
249
249
249
250
244
224
60
63
88
249
249
65
237
250
252
250
249
249
249
249
249
249
249
249
249
249
249
249
249
249
249
249
249
249
249
249
249
249
249
249
249
249
249
249
249
249
249
249
249
249
249
249
249
249
249
249
249
249
249
249
249
249
249
249
249
249
249
249
249
249
249
249
249
249
249
249
249
249
249
249
249
249
249
249
249
249
249
249
249
249
249
249
249
249
249
249
249
249
249
249
249
249
249
249
249
249
249
249
249
249
249
249
249
249
249
249
249
249
249
249
249
249
249
249
249
249
249
249
249
249
249
249
249
249
249
249
249
249
249
249
249
249
249
249
249
249
249
249
249
249
249
249
249
251
249
88
63
60
224
244
249
249
250
252
250
249
249
249
249
249
249
249
249
249
249
249
249
249
249
249
249
249
249
249
249
249
249
249
249
249
249
249
249
249
249
249
249
249
249
249
249
249
249
249
249
249
249
249
249
249
249
249
249
249
249
249
249
249
249
249
249
249
249
249
249
249
249
249
249
249
249
249
249
249
249
249
249
249
249
249
249
249
249
249
249
249
249
249
249
249
249
249
249
249
249
249
249
249
249
249
249
249
249
249
249
249
249
249
249
249
249
249
249
249
249
249
249
249
249
249
249
249
249
249
249
249
249
249
249
249
249
249
249
249
249
249
249
249
249
249
249
249
249
250
244
217
88
224
250
252
249
249
250
250
249
249
249
249
249
249
249
249
249
249
249
249
249
249
249
249
249
249
249
249
249
249
249
249
249
249
249
249
249
249
249
249
249
249
249
249
249
249
249
249
249
249
249
249
249
249
249
249
249
249
249
249
249
249
249
249
249
249
249
249
249
249
249
249
249
249
249
249
249
249
249
249
249
249
249
249
249
249
249
249
249
249
249
249
249
249
249
249
249
249
249
249
249
249
249
249
249
249
249
249
249
249
249
249
249
249
249
249
249
249
249
249
249
249
249
249
249
249
249
249
249
249
249
249
249
249
249
249
249
249
249
249
249
249
249
249
249
249
249
250
252
244
249
244
252
250
249
249
249
249
249
249
249
249
249
249
249
249
249
249
249
249
249
249
249
249
249
249
249
249
249
249
249
249
249
249
249
249
249
249
249
249
249
249
249
249
249
249
249
249
249
249
249
249
249
249
249
249
249
249
249
249
249
249
249
249
249
249
249
249
249
249
249
249
249
249
249
249
249
249
249
249
249
249
249
249
249
249
249
249
249
249
249
249
249
249
249
249
249
249
249
249
249
249
249
249
249
249
249
249
249
249
249
249
249
249
249
249
249
249
249
249
249
249
249
249
249
249
249
249
249
249
249
249
249
249
249
249
249
249
249
249
249
249
249
249
249
249
249
249
250
250
251
250
250
249
249
249
249
249
249
249
249
249
249
249
249
249
249
249
249
249
249
249
249
249
249
249
249
249
249
249
249
249
249
249
249
249
249
249
249
249
249
249
249
249
249
249
249
249
249
249
249
249
249
249
249
249
249
249
249
249
249
249
249
249
249
249
249
249
249
249
249
249
249
249
249
249
249
249
249
249
249
249
249
249
249
249
249
249
249
249
249
249
249
249
249
249
249
249
249
249
249
249
249
249
249
249
249
249
249
249
249
249
249
249
249
249
249
249
249
249
249
249
249
249
249
249
249
249
249
249
249
249
249
249
249
249
249
249
249
249
249
249
249
249
249
249
249
249
249
249
249
249
249
249
249
