242
242
242
242
242
242
242
242
242
242
242
242
242
242
242
242
60
242
242
242
242
242
242
242
242
242
242
242
242
242
242
242
242
242
242
242
242
242
242
242
242
242
242
242
242
242
242
242
242
242
242
242
242
242
242
242
242
242
242
242
242
242
242
60
60
60
242
242
242
242
242
242
242
242
242
242
242
242
242
242
242
242
242
242
242
242
242
242
242
242
242
242
242
242
242
242
242
242
242
242
242
242
242
242
242
242
242
242
242
242
242
242
242
242
242
242
242
242
242
242
242
242
242
242
242
242
242
242
242
242
242
242
242
242
242
242
242
242
242
242
242
242
242
242
242
242
242
242
242
242
242
242
242
242
242
242
242
242
242
242
242
242
246
235
211
56
56
84
235
246
242
242
242
242
242
242
242
242
242
242
242
242
242
242
242
242
242
242
242
242
242
242
242
242
242
242
242
242
242
242
242
242
242
242
242
242
242
242
242
242
242
244
244
223
102
223
244
244
242
242
242
242
242
242
242
242
242
242
242
242
242
242
242
242
242
242
242
242
242
242
242
242
242
242
242
242
242
242
242
242
242
242
242
242
242
242
242
242
242
242
242
242
242
242
242
242
242
242
242
242
242
242
242
242
242
242
242
242
242
242
242
242
242
242
242
242
242
242
242
242
242
242
242
242
242
242
242
242
242
242
242
242
242
242
242
242
242
242
242
242
242
242
247
242
83
58
54
218
237
246
242
242
242
242
242
242
242
242
242
242
242
242
242
242
242
242
242
242
242
242
242
242
242
242
242
242
242
242
242
242
242
242
242
242
242
242
242
242
242
242
244
247
254
240
244
237
250
244
242
242
242
242
242
243
245
246
246
246
245
243
242
242
242
242
242
242
242
242
242
242
242
242
242
242
242
242
242
242
242
242
242
242
242
242
242
242
242
242
242
242
242
242
244
246
247
246
244
242
242
242
242
242
242
242
242
242
242
242
242
242
242
242
242
242
242
242
242
242
242
242
242
242
242
242
242
242
242
242
242
242
242
242
242
242
242
242
242
242
242
242
242
242
246
237
211
83
218
246
250
244
242
242
242
242
242
242
242
242
242
242
242
242
242
242
242
242
242
242
242
242
242
242
242
242
242
242
242
242
242
242
242
242
242
242
242
242
242
242
242
244
250
237
244
240
254
247
244
242
242
242
242
242
242
245
238
237
234
237
241
241
243
242
242
242
242
242
242
242
242
242
242
242
242
242
242
242
242
242
242
242
242
242
242
242
242
242
242
242
242
242
242
244
250
237
242
237
250
244
242
242
242
242
242
242
242
242
242
242
242
242
242
242
242
242
242
242
242
242
242
242
242
242
242
242
242
242
242
242
242
242
242
242
242
242
242
242
242
242
242
242
242
242
244
250
237
242
237
250
244
242
242
242
242
242
242
242
242
242
242
242
242
242
242
242
242
242
242
242
242
242
242
242
242
242
242
242
242
242
242
242
242
242
242
242
242
242
242
242
244
250
246
218
83
211
237
246
242
242
242
242
242
242
243
248
236
175
184
204
210
244
245
242
242
242
242
242
242
242
242
242
242
242
242
242
242
242
242
242
242
244
245
247
248
247
245
243
242
242
242
242
244
250
246
218
83
211
237
246
242
242
242
242
242
242
242
242
242
242
242
242
242
242
242
242
242
242
242
242
242
242
242
242
242
242
242
242
242
242
242
242
242
242
242
242
242
242
242
242
242
242
242
242
242
244
246
247
246
244
242
242
242
242
242
242
242
242
242
242
242
242
242
242
242
242
242
242
242
242
242
242
242
242
242
242
242
242
242
243
245
247
248
249
249
249
247
246
244
242
246
237
218
54
58
83
242
247
242
242
242
242
242
243
245
245
227
163
148
156
206
242
245
242
242
242
242
242
242
242
242
242
242
242
242
242
242
242
242
242
243
245
239
235
229
235
240
246
244
243
242
242
246
237
218
54
58
83
242
247
242
242
242
242
242
242
242
242
242
242
242
242
242
242
242
242
242
242
242
242
242
242
242
242
242
242
242
242
242
242
242
242
242
242
242
242
242
242
242
242
242
242
242
242
242
242
242
242
242
242
242
242
242
242
242
242
242
242
242
242
242
242
242
242
242
242
242
242
242
242
242
242
242
242
242
242
242
242
244
244
242
236
232
232
232
231
235
242
249
248
251
244
83
58
54
218
237
246
242
242
242
242
242
245
245
240
179
157
152
161
211
247
244
242
242
242
242
242
242
242
242
242
242
242
242
242
242
242
242
242
244
239
207
163
163
180
240
247
245
246
247
245
248
242
83
58
54
218
237
246
242
242
242
242
242
242
242
244
246
247
246
244
242
242
242
242
242
242
242
242
242
242
242
242
242
242
242
242
242
242
242
242
242
242
242
242
242
242
242
242
242
242
242
242
242
242
242
242
242
242
242
242
242
242
242
242
242
242
242
242
242
242
242
242
242
242
242
242
242
242
242
242
242
242
242
242
242
243
246
242
219
175
166
170
170
167
165
207
235
233
242
237
215
84
218
246
250
244
242
242
242
242
243
244
241
192
160
153
153
193
241
246
242
242
242
242
242
242
242
242
242
242
242
242
242
242
242
242
242
243
249
222
163
157
145
164
225
216
202
232
238
240
248
238
211
83
218
246
250
244
242
242
242
242
242
242
244
250
237
242
237
250
244
242
242
242
242
242
242
242
242
242
242
242
242
242
242
242
242
242
242
242
242
242
242
242
242
242
242
242
242
242
242
242
242
242
242
242
242
242
242
242
242
242
242
242
242
242
242
242
242
242
242
242
242
242
242
242
242
242
242
242
242
242
242
242
242
245
243
217
161
154
150
148
146
145
149
158
164
165
183
244
237
244
238
250
244
242
242
242
242
242
247
247
208
164
156
155
157
198
245
248
242
242
242
242
243
244
246
247
246
244
243
242
242
242
242
242
242
244
244
234
197
153
156
163
164
164
165
163
170
229
248
254
239
243
237
250
244
242
242
242
242
242
242
244
250
246
218
83
211
237
246
242
242
242
242
242
242
242
242
242
242
242
242
242
242
242
242
242
242
242
242
242
242
242
242
242
242
242
242
242
242
242
242
242
242
242
242
242
242
242
242
242
242
242
242
242
242
242
242
242
242
242
242
242
242
242
242
242
242
242
242
242
242
242
243
248
232
170
156
152
160
163
170
170
172
168
159
154
154
178
228
250
249
244
242
242
242
242
242
243
247
241
194
154
156
156
156
199
244
247
242
242
242
243
245
242
237
232
238
243
245
242
242
242
242
242
242
243
248
221
163
157
159
157
155
156
154
151
154
170
231
243
247
250
246
244
242
242
242
242
242
242
242
246
237
218
54
58
83
242
247
242
242
242
242
242
242
242
242
242
242
242
242
242
242
242
242
242
242
242
242
242
242
242
242
242
242
242
242
242
242
242
242
242
242
242
242
242
242
242
242
242
242
242
242
242
242
242
242
242
242
242
242
242
242
242
242
242
242
242
242
242
242
242
245
243
222
161
152
157
166
223
235
233
236
231
199
158
150
154
200
245
247
243
242
242
242
242
243
246
246
209
160
156
158
157
157
197
245
247
242
244
246
249
246
237
179
162
193
243
247
245
243
242
242
242
242
245
246
215
160
153
160
160
157
156
154
153
151
157
160
194
244
247
246
243
242
242
242
242
242
242
242
247
242
83
58
54
218
237
246
242
242
242
242
242
242
242
242
242
244
246
247
246
244
242
242
242
242
242
242
242
242
242
242
242
242
242
242
242
242
242
242
242
242
242
242
242
242
242
242
244
246
247
246
244
242
242
242
242
243
244
244
243
242
242
242
242
242
242
242
242
242
243
248
240
177
158
156
165
221
248
250
249
250
249
205
168
158
154
165
215
240
243
242
242
242
242
245
243
219
159
154
154
163
157
155
197
244
247
244
250
237
246
235
191
153
148
158
198
240
242
245
243
242
242
242
245
248
220
167
154
157
155
159
164
171
171
164
157
150
156
196
240
240
245
243
242
242
242
242
242
242
246
237
211
83
218
246
250
244
242
242
242
242
242
242
242
242
244
250
237
242
237
250
244
242
242
242
242
242
242
242
242
242
244
246
247
246
244
242
242
242
242
242
242
242
242
242
242
244
250
237
242
237
250
244
242
242
243
242
241
243
246
247
245
243
242
242
242
242
242
242
244
244
228
163
151
156
204
244
247
243
242
243
241
240
222
162
151
158
162
225
248
242
242
242
243
248
232
168
152
158
162
171
155
154
195
243
248
250
246
218
87
209
176
158
151
154
158
166
224
243
246
243
242
242
245
245
214
158
153
162
164
179
232
234
234
232
173
155
154
159
166
225
245
248
248
248
247
245
243
242
244
250
237
242
237
250
244
242
242
242
242
242
242
242
242
244
250
246
218
83
211
237
246
242
242
242
242
242
242
242
242
244
250
237
242
237
250
244
242
242
242
242
242
242
242
242
244
250
246
218
83
211
237
246
242
242
246
241
204
205
232
237
239
244
242
242
242
242
242
242
246
241
182
159
151
158
208
248
247
242
242
243
244
250
239
180
156
152
204
241
249
247
246
245
246
245
224
159
151
166
213
183
154
159
200
247
249
237
218
54
60
83
236
189
162
157
149
153
166
232
244
245
243
242
246
237
189
159
152
162
218
243
245
250
250
248
234
168
157
151
157
188
238
243
235
231
237
242
248
246
244
245
246
247
246
244
242
242
242
242
242
242
242
242
242
246
237
218
54
58
83
242
247
242
242
242
242
242
242
242
244
250
246
218
83
211
237
246
242
242
242
242
242
242
242
242
246
237
218
54
58
83
242
247
242
242
247
228
181
159
160
175
233
246
242
242
242
242
242
242
248
236
177
152
152
158
207
248
247
242
242
242
242
247
241
218
153
158
215
255
241
242
239
254
247
237
169
158
159
208
237
178
151
181
237
245
248
242
83
58
55
221
237
244
226
183
159
152
155
177
238
244
243
242
247
231
184
156
152
172
229
251
245
243
243
246
244
226
167
157
153
167
222
200
168
165
169
220
236
240
244
246
244
242
242
242
242
242
242
242
242
242
242
242
242
247
242
83
58
54
218
237
246
242
242
242
242
242
242
242
246
237
218
54
58
83
242
247
242
242
242
242
242
242
242
242
247
243
84
60
55
218
237
246
242
245
248
223
171
147
152
163
235
246
242
242
242
242
242
242
246
241
183
160
153
153
199
239
244
242
242
242
242
247
238
187
154
160
220
250
221
84
210
235
238
179
156
154
198
243
199
160
151
188
242
249
246
237
211
83
218
246
252
248
245
243
200
159
153
162
199
243
246
243
250
230
172
156
154
168
226
248
243
242
242
243
246
247
216
164
156
162
161
163
154
150
158
162
167
186
236
241
243
244
242
242
242
242
242
242
242
242
242
242
242
246
237
211
83
218
246
250
244
242
242
242
242
242
242
242
247
242
83
58
54
218
237
246
242
242
242
242
243
245
246
248
252
245
214
87
219
250
252
245
242
246
243
211
157
151
161
224
243
245
242
242
242
242
242
242
244
244
229
165
151
159
170
227
248
243
242
242
243
249
234
175
151
164
206
221
59
63
87
212
167
156
148
166
213
246
191
149
150
187
239
248
244
250
237
242
237
250
244
243
245
249
241
188
152
152
184
240
247
245
242
221
159
155
153
169
227
246
243
242
242
242
245
247
239
196
154
157
157
157
156
155
152
149
150
156
162
210
243
246
243
242
242
242
242
242
242
242
242
244
246
249
253
239
242
237
250
244
242
242
242
242
242
242
242
242
246
237
211
83
218
246
250
244
242
242
242
243
246
241
238
231
233
242
226
198
222
249
246
246
245
248
231
172
156
151
171
230
251
243
242
242
242
242
242
242
243
248
239
174
156
150
197
238
246
244
243
243
247
250
226
167
146
168
211
85
63
57
217
187
142
63
139
180
248
242
188
151
159
196
244
246
242
244
246
247
246
244
242
242
242
248
243
193
155
150
184
239
248
247
235
165
158
155
158
182
234
246
242
242
242
242
244
249
219
168
157
157
156
155
162
166
173
172
164
158
152
159
217
246
245
243
242
242
242
242
242
242
244
250
237
242
239
253
249
246
244
242
242
242
242
242
242
242
242
242
244
250
237
242
237
250
244
242
242
242
242
244
242
233
173
166
170
172
168
170
164
186
235
244
249
249
221
160
154
149
158
223
249
242
242
242
242
242
244
246
247
248
246
222
159
155
164
222
247
247
245
245
249
238
162
72
136
164
214
221
85
203
172
156
54
55
80
237
252
244
188
149
170
235
246
243
242
242
242
242
242
242
242
242
242
245
245
206
161
149
182
240
248
248
227
161
151
156
162
217
244
245
242
242
242
242
245
245
209
157
150
163
166
169
193
236
234
237
218
160
149
154
162
227
244
246
243
242
242
242
242
244
250
246
218
83
211
237
246
242
242
242
242
242
242
242
242
242
242
242
242
244
246
247
246
244
242
242
242
242
244
250
246
182
155
149
150
147
145
147
148
155
160
206
238
232
177
161
154
155
158
227
248
242
242
242
242
244
250
237
243
240
255
233
168
152
157
163
228
246
249
243
206
167
58
52
70
201
252
238
225
158
163
65
54
62
221
240
252
241
186
149
176
239
250
242
242
242
242
242
242
242
242
242
242
243
247
237
174
150
187
240
248
249
230
168
151
153
175
225
247
245
242
242
242
242
246
249
217
163
150
165
221
237
241
246
251
251
236
180
158
156
156
169
234
242
244
242
242
242
242
246
237
218
54
58
83
242
247
242
242
242
242
242
242
242
242
242
242
242
242
242
242
242
242
242
242
242
242
243
241
240
227
172
152
157
164
167
166
168
171
161
157
158
169
169
174
156
158
160
218
242
245
242
242
242
244
250
246
218
87
210
236
222
164
155
157
157
164
231
228
193
168
71
55
51
158
221
251
211
169
161
152
143
83
213
246
251
250
243
187
150
175
238
249
242
242
242
242
242
242
242
242
242
242
243
250
241
180
148
185
238
248
250
235
173
151
158
180
229
247
242
242
242
242
242
245
240
220
170
154
173
237
252
246
244
243
243
241
238
199
156
151
158
185
241
245
242
242
242
242
247
242
83
58
54
219
240
250
246
244
242
242
242
242
242
242
242
242
242
242
242
242
242
242
242
242
242
242
246
244
194
157
164
157
163
194
237
233
232
237
214
158
153
153
158
161
156
154
206
244
246
243
242
242
243
248
240
226
61
61
75
174
168
162
158
159
154
159
165
168
163
154
140
68
146
196
254
244
194
151
150
163
195
241
238
250
246
245
237
180
147
174
235
249
242
242
242
242
242
242
242
242
242
242
244
247
236
173
153
182
243
249
243
227
165
150
159
209
244
246
242
242
242
242
243
247
225
167
155
158
217
244
246
242
242
242
243
247
250
216
166
154
152
178
236
248
242
242
242
242
246
237
211
83
219
253
246
244
237
250
244
242
242
242
242
242
242
242
242
242
242
242
242
242
242
242
242
242
247
244
198
158
150
153
168
244
252
250
249
250
246
204
156
155
158
157
156
165
217
249
245
242
242
243
246
246
234
79
57
49
138
148
154
152
153
154
155
156
155
156
158
160
153
150
175
239
250
239
176
160
163
198
245
250
247
244
246
247
195
155
156
179
243
247
242
242
242
242
242
242
242
242
243
245
247
246
193
155
165
231
244
249
239
169
155
152
169
218
247
246
242
242
242
242
243
247
222
166
146
163
223
249
244
242
242
242
242
242
247
241
192
153
151
176
237
249
242
242
242
242
244
250
237
244
246
253
219
83
211
237
246
242
242
242
242
242
242
242
242
242
242
242
242
242
242
242
242
242
246
243
202
157
140
66
163
234
251
242
242
244
247
243
196
159
157
155
154
194
240
246
242
242
242
244
243
237
168
140
68
141
163
162
166
164
173
167
163
160
159
158
155
158
165
184
183
246
251
195
156
162
228
243
250
247
244
242
248
242
193
150
156
225
238
246
242
242
242
242
242
242
242
244
241
243
240
211
162
156
182
243
247
249
234
173
149
153
167
215
247
244
242
242
242
242
244
249
228
173
148
163
221
247
243
242
242
242
242
242
248
246
198
155
152
184
238
249
242
242
242
242
242
244
246
250
240
219
54
58
83
242
247
242
242
242
242
242
242
242
242
242
242
242
242
242
242
242
242
244
247
216
161
142
51
57
86
240
249
242
242
242
244
246
243
202
165
152
155
198
245
247
242
242
242
246
242
184
161
152
156
154
171
216
185
229
239
232
181
157
156
161
164
171
222
234
237
243
243
187
149
155
181
237
238
238
244
243
248
246
198
153
158
180
243
246
242
242
242
242
242
243
244
247
238
221
214
169
151
165
227
244
245
250
240
179
153
157
172
220
247
244
242
242
242
242
245
244
222
164
149
163
222
248
243
242
242
242
242
242
248
246
199
154
151
191
238
248
242
242
242
242
242
242
242
247
242
83
58
54
218
237
246
242
242
242
242
242
242
242
242
242
242
242
242
242
242
242
242
245
246
212
157
63
57
62
220
238
246
242
242
242
242
247
245
234
170
153
161
202
246
246
242
242
242
249
240
180
154
156
159
162
219
240
246
243
254
246
184
153
153
158
195
241
247
250
249
252
247
202
161
157
158
162
167
216
247
249
248
240
192
150
150
176
237
247
242
242
243
244
246
249
245
241
221
190
200
161
149
173
231
250
245
247
236
174
150
154
195
240
246
242
242
242
242
242
247
235
177
157
149
161
219
247
243
242
242
242
242
242
246
240
192
152
155
181
240
248
242
242
242
242
242
242
242
246
237
211
83
218
246
250
244
242
242
242
242
242
242
242
242
242
242
242
242
242
242
242
242
247
249
214
155
137
80
219
246
250
244
244
247
250
250
251
247
193
160
149
182
237
245
243
242
242
243
245
235
177
153
155
163
210
245
248
245
243
247
241
206
165
160
154
197
244
250
252
237
243
236
249
233
173
155
148
152
174
225
244
248
208
156
152
159
196
242
246
243
245
248
245
240
236
234
186
162
167
166
158
161
164
240
250
244
241
186
158
153
160
199
248
247
242
242
242
242
242
247
228
166
150
151
161
220
248
243
242
242
242
242
244
248
211
162
153
157
202
239
247
242
242
242
242
242
242
242
244
250
237
242
237
250
244
242
242
242
242
242
242
242
242
242
242
242
242
242
242
242
242
242
245
242
208
157
154
220
242
251
244
244
249
235
218
216
235
243
184
150
158
195
249
248
242
242
242
247
245
193
160
153
154
191
242
246
244
242
242
243
241
243
224
164
150
163
216
255
249
218
83
212
242
250
232
173
162
158
159
164
188
241
204
157
148
167
230
247
244
245
241
238
226
194
177
167
159
152
158
158
141
68
208
233
250
246
200
160
154
152
181
237
245
243
242
242
242
242
242
249
229
168
151
155
177
231
248
242
242
242
242
242
246
244
204
154
148
163
198
244
245
242
242
242
242
242
242
242
242
244
246
247
246
244
242
242
242
242
242
242
242
242
244
244
242
242
242
242
242
242
242
243
248
225
168
151
164
225
250
245
244
249
237
226
90
107
242
247
184
149
165
228
238
246
242
242
242
247
242
189
154
154
167
208
249
247
242
242
242
243
244
250
233
166
149
153
207
235
221
55
58
83
243
250
242
240
200
152
147
153
160
184
205
159
147
168
230
248
243
244
236
179
161
160
154
152
151
161
156
151
48
61
89
244
252
243
197
155
152
153
185
241
249
242
242
242
242
242
243
250
230
169
150
158
210
244
246
242
242
242
242
242
247
249
203
151
156
172
235
244
243
242
242
242
242
242
242
242
242
242
242
242
242
242
242
242
242
242
242
242
242
242
244
250
244
242
242
242
242
242
242
243
248
218
162
145
154
218
248
243
246
233
225
93
209
222
233
239
178
150
159
185
249
244
242
242
242
247
243
189
152
150
173
232
241
246
242
242
242
242
242
248
231
171
153
155
168
221
86
60
54
218
237
246
247
249
225
177
162
161
153
161
162
161
154
168
235
247
243
248
210
166
148
155
153
158
159
181
229
81
57
58
219
237
250
246
200
158
153
155
187
242
247
242
242
242
242
242
244
244
226
162
149
162
214
248
246
242
242
242
242
242
245
241
202
153
153
221
239
248
243
242
242
242
242
242
242
242
242
242
242
242
242
242
242
242
242
242
242
242
242
60
223
237
246
242
242
242
242
242
242
243
248
220
164
145
165
222
248
243
247
237
88
216
235
255
255
206
161
150
169
234
248
247
244
242
242
247
243
189
154
153
163
193
250
244
242
242
242
242
242
247
238
186
160
148
163
211
215
84
218
246
250
244
243
243
239
237
233
179
158
155
157
155
162
225
247
248
244
247
233
172
154
158
162
168
220
246
238
217
85
219
246
250
248
242
196
157
153
168
216
246
249
247
246
244
242
242
246
242
183
161
149
159
210
246
245
242
242
242
242
244
248
219
163
155
161
184
250
255
252
247
244
242
242
242
242
242
242
242
242
242
242
242
242
242
242
242
242
242
242
60
102
242
247
242
242
242
242
242
242
244
249
222
164
147
167
224
249
243
246
233
225
93
212
213
208
178
151
161
197
238
251
238
250
244
242
246
245
207
164
149
169
230
240
246
242
242
242
242
242
245
245
222
161
148
163
227
243
244
237
250
244
242
242
243
245
248
245
238
193
165
161
154
163
219
240
242
245
251
234
173
150
152
177
228
248
251
253
238
242
237
250
246
249
225
169
154
149
180
239
255
238
242
237
250
244
243
248
237
190
153
152
155
210
247
244
242
242
242
244
249
254
224
166
161
151
153
198
206
218
230
246
242
242
242
242
242
242
242
242
242
242
242
242
242
242
242
242
242
242
60
223
237
246
242
242
242
242
242
242
245
241
216
159
149
168
224
248
243
244
249
237
226
96
102
97
85
138
139
169
206
95
221
250
255
255
255
255
251
189
159
166
208
248
248
242
242
242
242
242
243
250
226
167
148
162
220
252
250
246
244
242
242
242
242
242
243
245
246
239
210
157
156
164
165
168
200
239
247
240
179
158
158
160
210
243
245
251
251
250
247
244
247
251
214
148
67
135
175
248
251
218
83
211
237
246
244
245
235
168
154
156
201
251
255
255
255
255
255
255
243
229
184
138
136
140
87
96
102
109
235
247
242
242
242
242
242
242
242
242
242
242
242
242
242
242
242
242
242
242
242
244
250
244
242
242
242
242
242
242
245
239
177
164
150
169
224
248
243
242
244
249
235
224
207
174
133
75
73
76
52
53
58
202
211
205
205
210
204
178
153
162
198
250
255
255
255
255
255
255
255
255
235
173
157
163
217
244
245
242
242
242
242
242
242
242
242
243
249
238
185
160
155
156
154
153
159
200
248
243
239
218
160
157
160
176
240
237
245
237
250
244
248
238
191
54
55
72
188
245
235
65
70
97
255
255
255
255
201
168
158
194
230
224
208
205
205
205
205
207
212
99
92
87
78
73
149
199
207
218
230
246
242
242
242
242
242
242
242
242
242
242
242
242
242
242
242
242
242
242
242
244
244
242
242
242
242
242
242
242
245
240
215
157
149
168
224
249
244
242
242
244
247
254
255
218
157
143
141
55
57
52
85
91
105
102
102
103
102
91
149
134
136
176
214
208
205
205
205
205
207
211
192
136
141
159
198
251
255
255
255
255
255
255
255
255
255
255
255
240
181
160
172
173
175
164
164
207
255
255
255
255
230
172
163
167
181
214
92
221
250
255
255
255
101
70
62
138
165
200
66
34
34
177
200
209
211
207
154
132
135
143
183
100
101
102
102
102
102
100
98
216
189
137
134
143
157
244
255
252
247
244
242
242
242
242
242
242
242
242
242
242
242
242
242
242
242
242
242
242
242
242
242
242
242
242
242
242
242
242
245
251
232
171
155
159
222
247
246
243
242
242
242
247
248
209
158
161
177
213
96
207
221
211
207
205
205
206
211
213
89
79
76
88
99
108
104
103
102
102
103
107
95
88
73
138
156
199
208
205
205
205
205
205
205
205
205
206
210
196
143
133
138
180
149
130
130
166
208
209
207
210
206
167
127
135
138
57
52
59
202
211
210
201
164
43
113
142
96
92
85
68
90
100
111
104
103
94
84
77
78
84
89
215
208
205
205
205
205
204
228
248
235
174
161
155
185
232
247
242
242
244
246
247
246
244
242
242
242
242
242
242
242
242
242
242
242
242
242
242
242
242
242
242
242
242
242
242
242
244
250
240
241
200
160
157
177
235
244
246
244
242
243
247
242
200
155
164
238
238
247
242
255
255
255
255
255
255
255
246
213
136
126
130
174
205
208
212
210
209
211
209
193
138
135
80
90
101
104
102
102
102
102
102
102
102
102
102
106
95
89
73
87
90
99
87
88
95
107
108
105
105
104
98
95
90
67
58
52
82
93
105
104
110
97
96
84
96
213
216
217
218
216
211
207
208
206
174
140
140
133
163
228
246
255
255
255
255
255
255
247
243
209
160
155
163
182
240
247
242
244
250
237
242
237
250
244
242
242
242
242
242
242
242
242
242
242
242
242
242
242
242
242
242
242
242
242
242
244
250
246
220
86
184
157
158
159
174
235
245
247
250
251
249
217
153
151
208
240
250
248
246
244
242
242
242
242
242
244
250
239
187
171
173
172
185
242
251
255
255
255
245
181
167
154
152
192
212
207
205
205
205
205
205
205
205
205
207
212
198
142
132
133
188
217
202
178
217
203
205
200
214
209
209
214
215
146
72
162
219
214
207
205
207
210
213
212
229
243
255
255
255
255
255
255
255
255
227
224
171
155
195
248
251
244
242
242
242
242
246
235
169
159
159
149
172
222
241
245
244
250
246
218
83
211
237
246
242
242
242
242
242
242
242
242
242
242
242
242
242
242
242
242
242
242
242
242
242
246
237
218
55
62
77
194
158
153
159
169
210
235
234
236
226
172
155
158
173
236
247
242
242
242
242
242
242
242
242
242
245
239
237
234
198
157
160
160
166
199
236
192
163
159
156
163
217
254
255
255
255
255
255
255
255
255
255
255
255
254
237
169
160
213
253
255
254
255
255
234
98
227
252
255
255
255
255
231
171
200
255
255
255
255
255
255
255
255
255
250
246
242
242
242
242
242
243
241
246
236
178
160
194
243
247
242
242
242
242
242
246
234
175
148
151
158
167
231
248
243
246
237
218
54
58
83
242
247
242
242
242
242
242
242
242
242
242
242
242
242
242
242
242
242
242
242
242
242
242
247
242
83
58
58
224
198
163
155
155
156
162
168
167
175
167
162
153
155
210
241
245
242
242
242
242
242
242
242
242
242
243
245
247
247
243
234
172
150
148
161
163
162
155
153
152
192
242
248
243
242
242
242
242
242
242
242
242
242
247
236
166
153
154
202
242
246
247
238
219
55
58
83
242
247
242
243
247
241
238
237
242
243
242
242
242
244
250
237
242
237
250
244
242
242
242
242
242
243
246
240
235
229
237
240
243
242
242
242
242
242
244
242
227
167
165
201
236
238
244
242
247
242
83
58
54
218
237
246
242
242
242
242
242
242
242
242
242
242
242
242
242
242
242
242
242
242
242
242
242
246
237
211
83
219
249
253
192
159
154
152
150
150
150
152
153
154
155
166
223
249
244
242
242
242
242
242
242
242
242
242
242
242
242
244
247
245
236
174
159
153
148
151
152
152
158
200
248
247
242
242
242
242
242
242
242
242
242
243
250
232
169
149
158
170
225
247
247
242
83
58
54
218
237
246
242
242
243
245
246
245
244
243
242
242
244
250
246
218
83
211
237
246
242
242
242
242
242
242
243
245
246
247
246
244
243
242
242
242
242
242
243
245
241
235
233
241
246
245
243
242
246
237
211
83
218
246
250
244
242
242
242
242
242
242
242
242
242
242
242
242
242
242
242
242
242
242
242
242
242
244
250
237
242
239
255
242
238
177
167
167
162
162
153
158
159
158
150
201
240
245
242
242
242
242
242
242
242
242
242
242
242
242
242
242
243
246
242
241
213
168
163
165
163
168
193
239
244
243
242
242
242
242
242
244
246
247
246
246
244
231
168
151
154
199
239
244
246
237
211
83
218
246
250
244
242
242
242
242
242
242
242
242
242
242
246
237
218
54
58
83
242
247
242
242
242
242
242
242
242
242
242
242
242
242
242
242
242
242
242
242
242
243
245
246
247
246
244
242
242
242
244
250
237
242
237
250
244
242
242
242
242
242
242
242
242
242
242
242
242
242
242
242
242
242
242
242
242
242
242
242
244
246
249
253
248
220
82
208
215
191
234
200
166
175
218
166
163
211
250
245
242
242
242
242
242
242
242
242
242
242
242
242
242
242
242
243
245
246
242
239
230
198
221
234
240
243
245
242
242
242
242
242
244
250
237
242
237
254
243
181
159
153
159
206
246
247
244
250
237
242
237
250
244
242
242
242
242
242
242
242
242
242
242
242
247
242
83
58
54
218
237
246
242
242
242
242
242
242
242
242
242
242
242
242
242
242
242
242
242
242
242
242
242
242
242
242
242
242
242
242
242
244
246
247
246
244
242
242
242
242
242
242
242
242
242
242
242
242
242
242
242
242
242
242
242
242
242
242
242
242
242
242
246
237
218
55
61
87
241
250
242
242
232
239
238
209
188
233
247
242
242
242
242
242
242
242
242
242
242
242
242
242
242
242
242
242
242
243
245
248
245
245
244
248
246
244
243
242
242
242
242
244
250
246
218
83
211
243
239
174
149
153
171
220
247
244
242
244
246
247
246
244
242
242
242
242
242
242
242
242
242
242
242
242
246
237
211
83
218
246
250
244
242
242
242
242
242
242
242
242
242
242
242
242
242
242
242
242
242
242
242
242
242
242
242
242
242
242
242
242
242
242
242
242
242
242
242
242
242
242
242
242
242
242
242
242
242
242
242
242
242
242
242
242
242
242
242
242
242
242
242
242
247
242
83
58
54
219
239
248
245
246
247
249
249
216
198
244
246
242
242
242
242
242
242
242
242
242
242
242
242
242
242
242
242
242
242
242
242
243
243
244
243
243
242
242
242
242
242
242
242
246
237
218
54
58
83
247
247
181
157
152
193
242
246
242
242
242
242
242
242
242
242
242
242
242
242
242
242
242
242
242
242
242
244
250
237
242
237
250
244
242
242
242
242
242
242
242
242
242
242
242
242
242
242
242
242
242
242
242
242
242
242
242
242
242
242
242
242
242
242
242
242
242
242
242
242
242
242
242
242
242
242
242
242
242
242
242
242
242
242
242
242
242
242
242
242
242
242
242
242
242
246
237
211
83
218
246
250
244
242
242
242
243
242
236
238
239
245
242
242
242
242
242
242
242
242
242
242
242
242
242
242
242
242
242
242
242
242
242
242
242
242
242
242
242
242
242
242
242
242
247
242
83
58
54
218
239
247
228
159
149
193
243
247
242
242
242
242
242
242
242
242
242
242
242
242
242
242
242
242
242
242
242
242
244
246
247
246
244
242
242
242
242
242
242
242
242
242
242
242
242
242
242
242
242
242
242
242
242
242
242
242
242
242
242
242
242
242
242
242
242
242
242
242
242
242
242
242
242
242
242
242
242
242
242
242
242
242
242
242
242
242
242
242
242
242
242
242
242
242
242
244
250
237
242
237
250
244
242
242
242
242
242
243
244
244
243
244
246
247
246
244
242
242
242
242
242
242
242
242
242
242
242
242
242
242
242
242
242
242
242
242
242
242
242
242
242
242
242
242
246
237
211
83
218
246
251
250
238
169
156
195
247
246
242
242
242
242
242
242
242
242
242
242
242
242
242
242
242
242
242
242
242
242
242
242
242
242
242
242
242
242
242
242
242
242
242
242
242
242
242
242
242
242
242
242
242
242
242
242
242
242
242
242
242
242
242
242
242
242
242
242
242
242
242
242
242
242
242
242
242
242
242
242
242
242
242
242
242
242
242
242
242
242
242
242
242
242
242
242
242
242
244
246
247
246
244
242
242
242
242
242
242
242
242
242
244
250
237
242
237
250
244
242
242
242
242
242
242
242
242
242
242
242
242
242
242
242
242
242
242
242
242
242
242
242
242
242
242
242
244
250
237
242
237
250
244
245
240
221
184
236
245
243
242
242
242
242
242
242
242
242
242
242
242
242
242
242
242
242
242
242
242
242
242
242
242
242
242
242
242
242
242
242
242
242
242
242
242
242
242
242
242
242
242
242
242
242
242
242
242
242
242
242
242
242
242
242
242
242
242
242
242
242
242
242
242
242
242
242
242
242
242
242
242
242
242
242
242
242
242
242
242
242
242
242
242
242
242
242
242
242
242
242
242
242
242
242
242
242
242
242
242
242
242
242
244
244
223
102
223
244
244
242
242
242
242
242
242
242
242
242
242
242
242
242
242
242
242
242
242
242
242
242
242
242
242
242
242
242
242
244
246
247
246
244
242
243
244
240
242
241
245
242
242
242
242
242
242
242
242
242
242
242
242
242
242
242
242
242
242
242
242
242
242
242
242
242
242
242
242
242
242
242
242
242
242
242
242
242
242
242
242
242
242
242
242
242
242
242
242
242
242
242
242
242
242
242
242
242
242
242
242
242
242
242
242
242
242
242
242
242
242
242
242
242
242
242
242
242
242
242
242
242
242
242
242
242
242
242
242
242
242
242
242
242
242
242
242
242
242
242
242
242
242
242
242
242
60
60
60
242
242
242
242
242
242
242
242
242
242
242
242
242
242
242
242
242
242
242
242
242
242
242
242
242
242
242
242
242
242
242
242
242
242
242
242
242
242
242
242
242
242
242
242
242
242
242
242
242
242
242
242
242
242
242
242
242
242
242
242
242
242
242
242
242
242
242
242
242
242
242
242
242
242
242
242
242
242
242
242
242
242
242
242
242
242
242
242
242
242
242
242
242
242
242
242
242
242
242
242
242
242
242
242
242
242
242
242
242
242
242
242
242
242
242
242
242
242
242
