247
247
247
247
247
247
247
247
247
247
247
247
247
247
247
247
247
247
247
247
247
247
247
247
247
247
247
247
247
247
247
247
247
247
247
247
247
247
247
247
247
247
247
247
247
247
247
247
247
247
247
247
247
247
247
247
247
247
247
247
247
247
247
247
247
247
247
247
247
247
247
247
247
247
247
247
247
247
247
247
247
247
247
247
247
247
247
247
247
247
247
247
247
247
247
247
247
247
247
247
247
247
247
247
247
247
247
247
247
247
247
247
247
247
247
247
247
247
247
247
247
247
247
247
247
247
247
247
247
247
247
247
247
247
247
247
247
247
247
247
247
247
247
247
247
247
247
247
247
247
247
247
247
247
247
247
247
247
247
247
247
247
247
247
247
247
247
247
247
247
247
247
247
247
247
247
247
247
247
247
247
247
247
247
247
247
247
247
247
247
247
247
247
247
247
247
247
247
247
247
247
247
247
247
247
247
247
247
247
247
247
247
248
250
251
252
250
248
247
247
247
247
247
247
247
247
247
247
247
247
247
247
247
247
247
247
247
247
247
247
247
247
247
247
247
247
247
247
247
247
247
247
247
247
247
247
247
247
247
247
247
247
247
247
247
247
247
247
247
247
247
247
247
247
247
248
255
241
246
241
255
248
247
247
247
247
247
247
247
247
247
247
247
247
247
247
247
247
247
247
247
247
247
247
247
247
247
247
247
247
247
247
247
247
247
247
247
247
247
247
247
247
247
247
247
247
247
247
247
247
247
247
247
247
247
247
247
247
247
247
247
247
247
247
247
247
247
247
247
247
247
247
247
247
247
247
247
247
247
247
248
250
255
247
239
237
242
250
247
247
248
249
253
255
255
255
255
255
252
249
248
247
247
247
247
247
247
247
247
247
247
247
247
247
247
247
247
247
247
247
247
247
247
247
247
247
247
247
247
247
247
247
247
247
247
247
247
247
247
247
247
247
247
247
248
255
250
224
101
218
241
250
247
247
247
247
247
247
247
247
247
247
247
247
247
247
247
247
247
247
247
247
247
247
247
247
247
247
247
247
247
247
247
247
247
247
247
247
247
247
247
247
247
247
247
247
247
247
247
247
247
247
247
247
247
247
247
247
247
247
247
247
247
247
247
247
247
247
247
247
247
247
247
247
247
247
247
248
250
253
255
249
245
229
156
161
239
253
247
247
248
241
237
230
234
235
235
234
240
244
249
247
247
247
247
247
247
247
247
247
247
247
247
247
247
247
247
247
247
247
247
247
247
247
247
247
247
247
247
247
247
247
247
247
247
247
247
247
247
247
247
247
247
247
250
241
224
74
78
101
246
252
247
247
247
247
247
247
247
247
247
247
247
247
247
247
247
247
247
247
247
247
247
247
247
247
247
247
247
247
247
247
247
247
247
247
247
247
247
247
247
247
247
247
247
247
247
247
247
247
247
247
247
247
247
247
247
247
247
248
250
252
250
248
247
247
247
247
247
247
247
247
247
247
247
247
247
250
243
238
236
231
162
148
137
150
233
255
247
247
249
245
169
158
154
158
160
152
171
240
252
247
247
247
247
247
247
247
247
247
247
247
247
247
247
247
247
247
247
247
247
247
247
247
247
247
247
247
247
247
247
247
247
247
247
247
247
247
247
247
247
247
247
247
252
246
101
78
74
224
241
250
247
247
247
247
247
247
247
247
247
247
247
247
247
247
247
247
247
247
247
247
247
247
247
247
247
247
247
247
247
247
247
247
247
247
247
247
247
247
247
247
247
247
247
247
247
247
247
247
247
247
247
247
247
247
247
247
248
255
241
246
241
255
248
247
247
247
247
247
247
247
247
247
247
248
249
255
243
168
153
150
142
139
135
160
235
255
247
247
248
245
226
143
132
138
137
131
151
236
255
248
247
247
247
247
247
247
247
247
247
247
247
247
247
247
247
247
247
247
247
247
247
247
247
247
247
247
247
247
247
247
247
247
247
247
247
247
247
247
247
247
247
247
250
241
218
101
224
250
255
248
247
247
247
247
247
247
247
247
247
247
247
247
247
247
247
247
247
247
247
247
247
247
247
247
247
247
247
247
247
247
247
247
247
247
247
247
247
247
247
247
247
247
247
247
247
247
247
247
247
247
247
247
247
247
247
248
255
250
224
101
218
241
250
247
247
247
247
247
247
247
247
247
248
252
245
246
222
148
131
136
137
141
135
158
235
255
247
247
248
255
236
156
136
145
146
139
151
231
250
249
247
247
248
250
252
250
248
247
247
248
249
253
254
253
249
248
247
248
250
253
255
255
254
252
249
248
247
247
247
247
247
247
247
247
247
247
247
247
247
247
247
247
248
255
241
246
241
255
248
247
247
247
247
247
247
247
247
247
247
247
247
247
247
247
247
247
247
247
247
247
247
247
247
247
247
247
247
247
247
247
247
247
247
247
247
247
247
247
247
247
247
247
247
247
247
247
247
247
247
247
247
247
247
247
247
250
241
226
78
82
104
248
252
247
247
247
247
247
247
247
248
250
255
251
238
163
149
145
137
146
158
156
142
155
238
255
248
247
247
252
241
159
141
142
145
143
145
167
245
254
248
248
255
241
246
241
255
248
247
249
243
240
231
241
248
255
249
251
242
237
231
235
236
242
247
251
248
247
247
247
247
247
247
247
247
247
247
247
247
247
247
247
247
248
250
252
250
248
247
247
247
247
247
247
247
247
247
247
247
247
247
247
247
247
247
247
247
247
247
247
247
247
247
247
247
247
247
247
247
247
247
247
247
247
247
247
247
247
247
248
250
252
250
250
251
254
254
253
250
248
247
247
247
247
247
253
251
113
76
77
221
252
253
248
247
247
247
247
247
247
249
243
242
230
154
141
132
143
148
180
239
230
147
144
232
250
250
247
247
250
246
237
153
144
141
143
137
149
230
248
251
255
250
224
101
218
241
251
249
255
244
172
149
161
228
244
245
255
243
157
146
158
156
171
238
248
252
248
247
247
247
247
247
247
247
247
247
247
247
247
247
247
247
247
247
247
247
247
247
247
247
247
247
247
247
247
247
247
247
247
247
247
247
247
247
247
247
247
247
247
247
247
247
247
247
247
247
247
247
247
247
247
247
247
247
247
247
247
248
255
241
246
243
255
242
235
232
240
246
252
248
247
247
247
248
255
240
212
66
86
218
248
246
250
247
247
247
247
247
248
255
243
168
146
144
136
143
157
233
248
255
245
158
137
169
243
252
247
247
248
251
249
240
155
147
144
142
144
169
243
255
241
224
74
78
101
246
255
246
245
225
148
130
143
146
172
238
251
221
146
130
136
137
142
157
239
249
251
248
247
247
247
247
247
247
247
247
247
247
247
247
247
247
247
247
247
247
247
247
247
247
247
247
247
247
247
247
247
247
247
247
247
247
247
247
247
247
247
247
247
247
247
247
247
247
247
247
247
247
247
247
247
247
247
247
247
247
248
255
250
224
101
221
241
200
160
153
159
237
249
252
248
247
248
255
251
238
100
76
80
92
170
241
253
247
247
247
247
247
249
247
228
144
135
143
149
162
240
250
255
251
232
150
130
152
234
255
247
247
247
248
252
251
231
149
139
143
136
161
235
255
246
101
78
74
224
242
255
244
187
151
149
142
142
134
149
219
167
151
150
143
146
145
140
144
152
237
247
249
247
247
247
247
247
247
247
247
247
247
247
247
247
247
247
247
247
247
247
247
247
247
247
247
247
247
247
247
247
247
247
247
247
247
247
247
247
247
247
247
247
247
247
247
247
247
247
247
247
247
247
247
247
247
247
247
247
247
250
241
224
74
78
106
237
186
136
133
141
152
237
246
250
247
251
243
228
87
68
63
74
123
151
233
254
247
247
247
247
247
253
243
162
135
145
178
188
239
249
251
254
242
159
143
132
156
234
255
247
247
247
247
248
255
245
168
145
142
138
162
239
255
242
218
101
225
252
255
253
234
150
137
142
143
141
150
160
155
144
136
139
137
138
139
140
139
143
164
244
255
248
247
247
247
247
247
247
247
247
247
247
247
247
247
247
247
247
247
247
247
247
247
247
247
247
247
247
247
247
247
247
247
247
247
247
247
247
247
247
247
247
247
247
247
247
247
247
247
247
247
247
247
247
247
247
247
247
247
252
246
101
78
74
232
234
155
141
144
142
142
159
240
253
247
255
240
102
73
75
94
147
135
156
234
255
248
250
252
250
250
255
233
163
143
172
237
249
248
251
248
255
233
154
134
140
160
239
254
247
247
247
247
247
249
247
232
153
141
139
151
234
253
255
242
246
245
250
244
232
158
145
141
142
151
147
166
213
148
137
145
153
161
156
153
151
144
137
148
229
248
250
247
247
248
250
252
250
248
247
247
247
247
247
247
247
247
247
247
247
247
247
247
247
247
247
247
247
247
247
247
247
247
247
247
247
247
247
247
247
247
247
247
247
247
247
247
247
247
247
247
247
247
249
250
249
247
247
247
250
241
218
101
225
255
245
171
137
145
145
136
153
234
255
248
255
234
143
71
136
224
207
153
159
234
255
255
241
246
243
255
254
220
92
201
237
248
253
248
247
247
255
235
156
135
141
186
238
254
247
247
247
247
247
248
255
243
173
144
141
148
158
238
247
253
253
255
244
170
148
149
141
140
146
155
221
159
150
150
142
155
233
239
236
236
185
151
140
144
160
242
253
247
248
255
241
246
241
255
248
247
247
247
247
247
247
247
247
247
247
247
247
247
247
247
247
247
247
247
247
247
247
247
247
247
247
247
247
247
247
247
247
247
247
247
247
247
248
249
253
255
255
255
246
248
244
252
248
247
248
255
241
246
242
255
234
154
141
145
146
138
161
241
255
255
254
236
144
136
163
249
254
232
196
241
255
250
224
101
221
237
228
78
84
108
252
254
247
247
247
247
255
235
156
135
140
164
239
253
247
247
247
247
247
247
251
246
203
148
140
141
142
163
244
255
252
251
231
151
137
143
140
147
164
239
172
149
138
145
154
241
251
255
255
255
235
154
137
133
154
233
255
248
255
250
224
101
218
241
250
247
247
247
247
247
248
250
252
250
248
247
247
247
247
247
247
247
247
247
247
247
247
247
247
247
247
247
247
247
247
247
247
247
247
247
247
248
251
245
241
234
235
238
229
165
236
252
255
255
253
251
251
252
252
254
193
156
139
145
146
140
156
228
241
239
234
154
149
149
240
248
254
247
248
248
243
224
74
78
106
246
106
78
74
224
241
250
247
247
247
247
255
235
156
134
145
164
242
252
247
247
247
247
247
247
248
251
236
154
140
144
138
149
230
253
252
240
161
147
143
143
149
151
237
225
158
141
136
148
232
251
252
248
247
254
245
162
144
134
159
237
255
250
241
224
74
78
101
246
252
247
247
247
247
248
255
241
246
241
255
248
247
247
247
247
247
247
247
247
247
247
247
247
247
247
247
247
247
247
247
247
247
247
247
248
249
254
251
239
162
157
157
159
149
148
153
233
238
233
242
249
255
255
254
254
233
157
138
146
146
143
151
153
160
162
152
139
143
229
250
252
248
248
248
253
247
101
78
74
227
237
221
101
224
250
255
252
252
250
248
247
255
236
160
134
153
235
251
251
247
247
247
247
247
247
247
252
246
191
148
142
143
144
170
245
245
161
146
140
142
138
155
227
172
155
152
141
145
161
244
255
248
247
247
249
249
231
151
133
152
233
253
254
246
101
78
74
224
241
250
247
247
247
248
255
250
224
101
218
241
250
247
247
247
247
247
247
247
247
247
247
247
247
247
247
247
247
247
247
247
247
247
247
247
250
244
242
232
161
143
137
138
137
139
137
145
151
158
155
161
232
238
233
242
255
241
157
137
147
145
143
140
138
138
140
140
143
166
246
255
248
247
247
247
250
241
218
101
224
251
255
243
246
241
255
255
241
246
241
255
248
255
236
163
133
149
233
248
250
247
247
247
247
247
247
247
249
253
235
155
140
143
138
156
225
166
146
142
142
148
151
206
233
155
133
141
143
151
232
248
250
247
247
247
248
255
239
160
133
146
191
245
255
241
218
101
224
250
255
248
247
247
247
250
241
224
74
78
101
246
252
247
247
247
247
247
247
247
247
247
247
247
247
247
247
247
247
247
247
247
247
247
247
248
250
240
169
149
148
143
145
146
145
144
143
141
138
137
135
143
150
159
154
159
246
237
161
137
146
143
151
147
149
138
145
142
146
230
246
255
248
247
247
247
248
255
241
246
241
255
250
250
252
252
255
250
224
101
218
241
250
255
236
159
135
144
153
243
251
247
247
247
247
247
247
247
247
255
235
159
136
144
142
152
150
150
142
144
139
151
229
255
239
151
80
136
136
160
238
255
248
247
247
247
247
255
235
158
136
140
164
239
255
255
241
246
241
255
248
247
247
247
247
252
246
101
78
74
224
241
250
247
247
247
247
247
247
247
247
247
247
247
247
247
247
247
247
247
247
247
247
247
247
251
244
200
146
137
142
145
145
143
140
152
148
148
134
138
138
139
136
137
135
140
160
226
156
141
145
140
157
223
155
149
145
142
149
164
243
251
255
253
253
250
248
248
250
252
250
248
247
247
247
250
241
224
74
78
101
246
252
255
235
158
131
143
185
243
251
247
247
247
247
247
247
247
247
252
243
166
145
142
146
145
143
143
144
142
141
167
249
254
220
79
68
85
137
160
238
255
247
247
247
247
247
255
235
160
136
134
159
233
254
248
250
252
250
248
247
247
247
247
247
250
241
218
101
224
250
255
248
247
247
247
247
247
247
247
247
247
247
247
247
247
247
247
247
247
247
247
247
247
247
253
239
160
145
144
146
143
147
147
149
159
230
167
158
150
169
152
146
139
144
140
149
150
158
143
145
138
161
235
251
183
156
142
143
145
151
231
250
239
249
241
255
248
247
247
247
247
247
247
247
252
246
101
78
74
224
241
250
255
235
157
130
155
234
253
249
247
247
247
247
247
247
247
247
249
249
230
149
139
146
146
146
145
140
144
153
237
252
250
103
88
73
143
135
154
232
248
250
247
247
247
247
255
235
155
134
144
153
242
253
247
247
247
247
247
247
247
247
247
247
248
255
241
246
241
255
248
247
247
247
247
247
247
247
247
247
247
247
247
247
247
247
247
247
247
247
247
247
247
248
255
237
158
137
146
146
139
150
191
176
239
244
244
232
237
239
232
158
160
148
135
138
141
144
146
147
135
155
240
255
240
157
139
142
138
147
152
167
214
106
218
241
250
247
247
247
247
247
247
247
250
241
218
101
224
250
255
248
255
235
157
130
158
237
255
247
247
247
247
247
247
247
247
247
248
255
240
156
139
145
147
146
143
147
154
240
249
255
242
218
107
209
154
139
145
163
243
254
247
247
247
247
255
235
160
132
149
231
247
250
247
247
247
247
247
247
247
247
247
247
247
248
250
252
250
248
247
247
247
247
247
247
247
247
247
247
247
247
247
247
247
247
247
247
247
247
247
247
247
249
247
229
150
138
146
144
144
163
238
250
246
254
254
255
255
255
248
247
233
172
161
153
149
142
145
147
137
157
238
255
232
146
144
146
149
140
135
138
68
83
101
246
252
247
247
247
247
247
247
247
248
255
241
246
241
255
248
247
255
235
157
128
158
235
255
247
247
247
247
247
247
247
247
247
247
253
245
192
149
144
145
145
140
155
236
251
252
249
255
241
252
237
170
145
136
153
232
252
248
247
247
247
255
236
163
131
160
238
255
248
247
247
247
247
247
247
247
247
247
247
247
247
247
247
247
247
247
247
247
247
247
247
247
247
247
247
247
247
247
247
247
247
247
247
247
247
247
247
247
250
251
175
153
142
147
139
151
232
252
253
248
248
247
247
247
248
251
255
243
242
232
239
158
144
143
145
136
156
239
251
164
146
153
232
161
143
139
78
74
79
224
241
250
247
247
247
247
247
247
247
247
248
250
252
250
248
247
247
255
235
156
128
158
235
255
247
247
247
247
247
247
247
247
247
247
253
248
232
152
141
146
144
142
181
245
255
248
247
248
250
255
252
233
152
136
150
190
246
251
247
247
248
255
238
160
130
158
235
255
247
247
247
247
247
247
247
247
247
247
247
247
247
247
247
247
247
247
247
247
247
247
247
247
247
247
247
247
247
247
247
247
247
247
247
247
247
247
247
247
251
240
225
141
142
146
138
158
238
255
248
247
247
247
247
247
248
255
250
227
106
228
247
208
149
140
143
144
161
253
243
155
143
234
250
240
161
157
171
103
227
250
255
248
247
247
247
247
247
247
247
247
247
247
247
247
247
247
247
255
235
158
128
156
235
255
247
247
247
247
247
247
247
247
247
248
250
242
161
148
144
146
144
144
169
233
246
249
247
247
247
248
255
238
161
137
141
163
241
255
248
247
250
249
232
151
131
156
236
255
247
247
247
247
247
247
247
247
247
247
247
247
247
247
247
247
247
247
247
247
247
247
247
247
247
247
247
247
247
247
247
247
247
247
247
247
247
247
247
247
254
244
163
146
145
146
137
158
234
255
247
247
247
247
247
247
250
241
224
74
78
102
254
240
155
138
142
153
238
251
234
140
152
237
255
246
242
240
234
244
242
255
248
247
247
247
247
247
247
247
247
247
247
247
247
247
247
247
247
255
235
159
128
157
236
255
247
247
247
247
247
247
247
247
248
253
247
189
145
138
144
145
144
145
148
161
244
252
247
247
247
247
255
234
154
135
140
156
230
248
250
248
254
245
171
144
135
161
237
254
247
247
247
247
247
247
247
247
247
247
247
247
247
247
247
247
247
247
247
247
247
247
247
247
247
247
247
247
247
247
247
247
247
247
247
247
247
247
247
247
255
233
154
137
145
144
132
148
232
255
247
247
247
247
247
247
252
246
101
78
74
225
253
243
160
139
141
151
241
246
153
141
161
242
254
249
252
255
255
254
251
248
247
247
247
247
247
247
247
247
247
247
247
247
247
247
247
247
247
255
235
158
128
157
235
255
247
247
247
247
247
247
247
248
252
251
236
156
142
142
147
145
148
143
139
184
239
255
248
247
247
247
254
236
156
137
142
144
164
242
253
251
251
233
150
133
145
187
245
251
247
247
247
247
247
247
247
247
247
247
247
247
247
247
247
247
247
247
247
247
247
247
247
247
247
247
247
247
247
247
247
247
247
247
247
247
247
247
247
247
255
235
158
138
146
143
141
150
240
253
247
247
247
247
247
247
250
241
218
101
224
251
255
230
149
140
144
141
168
227
154
139
231
249
250
247
247
247
247
247
247
247
247
247
247
247
247
247
247
247
247
247
247
247
247
247
247
247
247
255
235
157
128
158
235
255
247
247
247
247
247
247
247
250
246
237
159
147
142
140
154
178
155
141
144
157
235
248
250
247
247
247
252
244
189
147
141
134
160
237
255
251
241
157
145
143
158
241
250
248
247
247
247
247
247
247
247
247
247
247
247
247
247
247
247
247
247
247
247
247
247
247
247
247
247
247
247
247
247
247
247
247
247
247
247
247
247
247
247
247
255
234
155
136
144
142
151
233
249
251
247
247
247
247
247
247
248
255
241
246
241
255
251
164
151
141
146
134
160
222
159
150
236
255
248
247
247
247
247
247
247
247
247
247
247
247
247
247
247
247
247
247
247
247
247
247
247
247
247
255
235
158
129
158
235
255
247
247
247
247
247
247
247
253
241
159
140
142
144
136
151
220
163
139
143
146
164
244
255
248
247
247
249
252
233
157
139
138
163
233
253
231
158
144
134
145
230
249
251
247
247
247
247
247
247
247
247
247
247
247
247
247
247
247
247
247
247
247
247
247
247
247
247
247
247
247
247
247
247
247
247
247
247
247
247
247
247
247
247
247
253
242
163
146
142
141
155
236
253
250
247
248
250
252
250
248
247
248
250
252
252
254
252
232
150
139
145
138
153
215
158
156
243
253
247
247
247
247
247
247
247
247
247
247
247
247
247
247
247
247
247
247
247
247
247
247
247
247
248
255
238
160
129
157
235
255
247
247
247
247
247
247
248
255
236
155
135
144
141
139
169
229
165
136
145
139
148
229
248
249
247
247
247
253
245
169
146
136
158
223
167
150
147
139
142
162
244
255
248
247
247
247
247
247
247
247
247
247
247
247
247
247
247
247
247
247
247
247
247
247
247
247
248
250
252
250
248
247
247
247
247
247
247
247
247
247
247
247
247
247
249
249
231
150
140
143
146
179
243
252
248
255
241
246
241
255
248
247
247
248
255
242
255
233
168
140
144
151
159
156
156
228
249
249
247
247
247
247
247
247
247
247
247
247
247
247
247
247
247
247
247
247
247
247
247
247
247
247
249
249
231
151
132
158
235
255
247
247
247
247
247
248
252
252
233
151
141
143
148
156
245
237
159
140
145
143
148
169
245
252
247
247
247
249
248
229
147
134
152
153
148
137
138
144
157
238
245
250
247
247
247
247
247
248
250
252
250
248
247
247
247
247
247
247
247
247
247
247
247
247
247
248
255
241
246
241
255
248
247
247
247
247
247
247
247
247
247
247
247
247
248
255
238
160
137
144
139
155
236
255
255
250
224
101
218
241
250
247
248
255
250
225
112
210
155
142
140
161
221
151
151
236
255
248
247
247
247
247
247
247
247
247
247
247
247
247
247
247
247
247
247
247
247
247
247
247
247
247
252
243
164
143
135
160
235
255
247
247
247
247
247
250
244
237
149
147
144
141
152
234
254
248
188
144
141
144
140
185
240
255
248
247
247
248
255
244
156
143
143
143
143
139
146
155
240
250
251
248
247
247
247
247
248
255
241
246
241
255
248
247
247
247
247
247
247
247
247
247
247
247
248
255
250
224
101
218
241
250
247
247
247
247
247
247
247
247
247
247
247
247
247
255
235
157
137
146
138
161
234
255
241
224
74
78
101
246
252
247
250
241
224
78
79
84
151
144
140
159
221
154
154
237
254
247
247
247
247
247
247
247
247
247
247
247
247
247
247
247
247
247
247
247
247
247
247
247
247
247
255
233
156
136
136
158
235
255
247
247
247
247
247
253
241
151
139
142
143
136
159
237
255
251
241
158
146
143
145
159
237
249
249
247
247
247
250
248
231
150
141
145
143
147
157
240
248
252
248
247
247
247
247
248
255
250
224
101
218
241
250
247
247
247
247
247
247
247
247
247
247
247
250
241
224
74
78
101
246
252
247
247
247
247
247
247
247
247
247
247
247
247
247
255
236
156
138
145
139
159
239
255
247
101
78
74
224
241
250
247
252
246
101
84
67
127
138
146
143
156
146
153
187
245
251
247
247
247
247
247
247
247
247
247
247
247
247
247
247
247
247
247
247
247
247
247
247
247
247
247
255
235
158
138
137
157
235
255
247
247
247
247
247
255
235
159
136
145
143
144
163
242
253
251
249
231
148
138
142
147
173
242
252
247
247
247
248
255
239
159
138
145
142
158
236
251
252
247
247
247
247
247
247
250
241
224
74
78
101
246
252
247
247
247
247
247
247
247
247
247
247
247
252
246
101
78
74
224
241
250
247
247
247
247
247
247
247
247
247
247
247
247
247
255
234
157
138
146
140
151
231
252
244
218
101
224
250
255
248
247
250
241
218
109
210
153
141
148
143
145
134
153
233
253
248
247
247
247
247
247
247
247
247
247
247
247
247
247
247
247
247
247
247
247
247
247
247
247
247
248
255
238
160
138
135
154
233
255
247
247
247
247
248
253
235
156
141
146
136
144
228
249
250
248
255
245
164
145
144
138
159
238
255
248
247
247
247
255
233
155
136
143
139
176
240
255
247
247
247
247
247
247
247
252
246
101
78
74
224
241
250
247
247
247
247
247
247
247
247
247
247
247
250
241
218
101
224
250
255
248
247
247
247
247
247
247
247
247
247
247
247
248
252
255
248
166
144
146
143
144
159
243
255
241
246
241
255
248
247
247
248
255
241
255
230
167
140
149
142
115
129
157
235
255
247
247
247
247
247
247
247
247
247
247
247
247
247
247
247
247
247
247
247
247
247
247
247
247
247
250
249
232
150
137
147
167
244
253
247
247
247
247
251
246
191
147
139
146
145
154
242
254
248
247
249
249
231
151
141
140
148
229
248
250
247
247
247
253
242
164
144
143
140
160
240
255
248
247
247
247
247
247
247
250
241
218
101
224
250
255
248
247
247
247
247
247
247
247
247
247
247
247
248
255
241
246
241
255
248
247
247
247
247
247
247
247
247
247
247
247
247
252
240
238
216
178
145
152
150
142
155
238
255
251
252
250
248
248
250
252
250
250
250
255
238
159
139
146
138
105
139
162
242
253
247
247
247
247
247
247
247
247
247
247
247
247
247
247
247
247
247
247
247
247
247
247
247
247
247
253
241
160
143
139
144
226
242
251
247
247
247
247
254
237
163
140
139
151
182
240
244
250
247
247
248
255
236
156
136
143
146
154
245
255
248
247
247
249
248
230
152
139
140
151
231
249
250
247
247
247
247
247
247
248
255
241
246
241
255
248
247
247
247
247
247
247
247
247
248
252
255
255
255
255
255
255
255
255
252
248
247
247
247
247
247
247
247
247
247
247
247
255
229
105
74
81
123
128
130
124
145
233
255
255
255
255
255
255
246
250
246
255
255
255
247
165
146
147
117
138
159
243
255
255
248
247
247
247
247
247
247
248
250
252
250
248
247
247
247
247
247
247
247
247
247
247
247
247
248
255
236
155
136
141
154
178
252
250
247
247
247
247
255
238
160
137
138
155
235
255
251
248
247
247
247
253
243
164
147
139
136
144
231
249
249
247
247
248
255
241
161
140
142
144
161
242
254
252
255
255
255
255
255
255
255
255
255
255
255
255
255
255
255
255
255
255
255
255
255
244
229
211
212
212
212
212
210
224
235
250
247
247
247
247
247
247
247
247
247
247
247
255
229
103
77
93
103
103
99
88
96
151
223
225
221
222
223
230
214
108
210
225
221
228
214
140
130
129
103
125
145
209
237
246
255
255
255
255
255
255
255
255
246
250
246
255
255
255
255
255
255
255
255
255
255
255
255
255
255
255
241
159
145
147
158
241
255
255
255
255
255
255
255
242
161
145
144
167
248
255
255
255
255
255
255
255
255
244
156
133
86
142
176
255
255
255
255
255
255
255
201
156
148
142
163
244
255
244
229
211
212
212
212
212
212
214
218
222
224
222
218
214
212
212
212
212
212
212
214
218
113
116
118
118
118
118
113
125
240
252
247
247
247
247
247
247
247
247
247
247
247
252
240
234
222
225
228
212
139
127
126
94
98
111
107
109
103
102
76
96
95
120
104
109
102
100
91
89
85
84
101
109
117
218
214
212
212
212
212
214
218
227
213
107
207
219
212
212
212
212
212
212
212
212
212
212
212
212
216
216
150
136
135
130
140
211
221
213
212
212
213
218
220
165
136
128
127
135
207
219
212
212
212
212
212
213
221
214
138
75
75
74
160
211
216
212
212
212
215
216
206
133
126
125
140
211
223
219
113
116
118
118
118
118
119
126
117
108
91
105
112
123
118
118
118
118
118
118
116
113
218
214
212
212
212
214
213
229
238
252
247
247
247
247
247
247
247
247
247
247
247
248
252
255
255
255
255
255
175
153
132
77
115
122
125
126
125
71
65
80
195
137
119
124
127
131
129
101
89
106
156
220
221
113
116
118
118
118
118
121
109
101
68
88
93
124
118
118
118
118
118
118
118
118
118
118
118
118
123
113
99
84
81
82
98
112
124
118
118
118
121
116
107
95
92
90
96
107
117
120
118
118
118
118
118
118
123
112
93
70
58
80
99
122
120
118
118
118
118
122
119
107
96
89
96
107
115
116
218
214
212
212
212
212
216
208
189
64
50
81
204
226
214
212
212
212
212
212
211
229
244
255
255
255
255
255
254
255
246
255
248
247
247
247
247
247
247
247
247
247
247
247
247
247
247
247
249
250
228
140
71
80
92
151
155
152
148
140
88
147
157
161
146
145
146
151
146
113
95
122
236
255
246
229
211
212
212
212
212
218
210
78
66
81
213
219
212
212
212
212
212
212
212
212
212
212
212
212
221
206
128
63
69
73
139
210
219
212
212
212
218
204
135
121
129
125
139
211
221
214
212
212
212
212
212
212
218
207
145
72
81
87
216
221
213
212
212
212
212
213
221
212
140
124
122
131
203
234
244
255
255
255
255
255
255
255
122
92
63
92
231
255
255
255
255
255
255
255
255
255
252
248
247
248
255
250
224
101
218
241
250
247
247
247
247
247
247
247
247
247
247
247
247
247
247
247
248
255
244
102
75
69
130
135
140
141
142
137
136
134
136
134
145
152
151
148
133
105
86
122
231
255
252
255
255
255
255
255
255
255
254
228
106
228
254
255
255
255
255
255
255
255
255
255
255
255
255
255
255
247
108
76
80
135
165
249
255
255
255
255
255
254
171
150
146
147
164
248
255
255
255
255
255
255
255
255
255
249
180
213
110
228
254
255
255
255
255
255
255
255
255
244
165
137
146
168
250
255
252
248
247
247
247
247
250
245
213
79
60
76
108
244
255
248
247
247
247
247
247
247
247
247
247
250
241
224
74
78
101
246
252
247
247
247
247
247
247
247
247
247
247
247
247
247
247
247
247
251
243
222
102
173
159
161
150
151
150
160
158
158
158
155
166
234
234
168
145
110
89
119
231
255
247
247
247
247
247
247
247
248
255
241
246
241
255
248
247
248
250
252
250
248
247
247
247
247
247
247
255
233
146
76
130
132
163
235
254
247
247
247
249
247
228
144
129
142
187
243
251
247
247
247
247
247
247
247
250
242
250
234
249
241
255
248
247
247
247
247
247
247
253
241
155
142
150
237
246
250
247
247
247
247
247
247
248
255
244
108
76
60
79
213
245
250
247
247
247
247
247
247
247
247
247
252
246
101
78
74
224
241
250
247
247
247
247
247
247
247
247
247
247
247
247
247
247
247
247
248
255
242
244
234
242
237
228
167
229
238
236
236
235
234
243
251
252
246
228
159
142
172
239
254
247
247
247
247
247
247
247
247
248
250
252
250
248
247
248
255
241
246
241
255
248
247
247
247
247
247
255
236
150
137
149
159
172
240
252
247
247
247
248
255
242
167
148
164
239
249
249
247
247
247
247
247
247
247
247
249
251
252
253
250
248
247
247
247
247
247
247
247
249
246
232
161
234
249
252
248
247
247
247
247
247
247
247
252
248
218
81
53
81
109
248
252
247
247
247
247
247
247
247
247
247
250
241
218
101
224
250
255
248
247
247
247
247
247
247
247
247
247
247
247
247
247
247
247
248
250
254
254
255
255
255
255
247
249
246
255
255
255
255
255
252
250
250
255
249
245
234
243
245
250
247
247
247
247
247
247
247
247
247
247
247
247
247
248
255
250
224
101
218
241
250
247
247
247
247
247
253
241
166
160
232
237
239
243
249
247
247
247
247
250
243
239
230
240
245
251
247
247
247
247
247
247
247
247
247
247
247
247
247
247
247
247
247
247
247
247
247
247
248
252
243
247
243
252
248
247
247
247
247
247
247
247
247
248
255
242
99
73
83
226
241
250
247
247
247
247
247
247
247
247
247
248
255
241
246
241
255
248
247
247
247
247
247
247
247
247
247
247
247
247
247
247
247
248
255
241
246
241
255
248
247
248
248
249
248
248
247
247
247
247
247
247
247
248
249
252
253
252
249
248
247
247
247
247
247
247
247
247
247
247
247
247
247
250
241
224
74
78
101
246
252
247
247
247
247
247
249
243
238
240
248
255
252
249
248
247
247
247
247
248
250
253
254
252
250
248
247
247
247
247
247
247
247
247
247
247
247
247
247
247
247
247
247
247
247
247
247
247
247
248
248
249
248
248
247
247
247
247
247
247
247
247
247
247
252
245
222
104
226
250
255
248
247
247
247
247
247
247
247
247
247
247
248
250
252
250
248
247
247
247
247
247
247
247
247
247
247
247
247
247
247
247
248
255
250
224
101
218
241
250
247
247
247
247
247
247
247
247
247
247
247
247
247
247
247
247
247
247
247
247
247
247
247
247
247
247
247
247
247
247
247
247
247
252
246
101
78
74
224
241
250
247
247
247
247
247
248
249
251
251
249
248
247
247
247
247
247
247
247
247
247
247
247
247
247
247
247
247
247
247
247
247
247
247
247
247
247
247
247
247
247
247
247
247
247
247
247
247
247
247
247
247
247
247
247
247
247
247
247
247
247
247
247
247
248
255
241
246
241
255
248
247
247
247
247
247
247
247
247
247
247
247
247
247
247
247
247
247
247
247
247
247
247
247
247
247
247
247
247
247
247
247
248
248
235
92
82
99
240
250
247
247
247
247
247
247
247
247
247
247
247
247
247
247
247
247
247
247
247
247
247
247
247
247
247
247
247
247
247
247
247
247
247
250
240
214
96
221
248
255
248
247
247
247
247
247
247
247
247
247
247
247
247
247
247
247
247
247
247
247
247
247
247
247
247
247
247
247
247
247
247
247
247
247
247
247
247
247
247
247
247
247
247
247
247
247
247
247
247
247
247
247
247
247
247
247
247
247
247
247
247
247
247
247
247
248
250
252
250
248
247
247
247
247
247
247
247
247
247
247
247
247
247
247
247
247
247
247
247
247
247
247
247
247
247
247
247
247
247
247
247
247
247
247
79
79
79
247
247
247
247
247
247
247
247
247
247
247
247
247
247
247
247
247
247
247
247
247
247
247
247
247
247
247
247
247
247
247
247
247
247
247
247
247
247
247
247
247
247
247
247
247
247
247
247
247
247
247
247
247
247
247
247
247
247
247
247
247
247
247
247
247
247
247
247
247
247
247
247
247
247
247
247
247
247
247
247
247
247
247
247
247
247
247
247
247
247
247
247
247
247
247
247
247
247
247
247
247
247
247
247
247
247
247
247
247
247
247
247
247
247
247
247
247
247
247
247
247
247
247
247
247
247
247
247
247
247
247
247
247
247
247
247
247
247
247
247
247
