250
250
250
250
250
250
250
250
250
250
250
250
250
250
250
250
250
250
250
250
250
250
250
250
250
250
250
250
250
250
250
250
250
250
250
250
250
250
250
250
250
250
250
250
250
250
250
250
250
250
250
250
250
250
250
250
250
250
250
250
250
250
250
250
250
250
250
250
250
250
250
250
250
250
250
60
250
250
250
250
250
250
250
250
250
250
250
60
60
60
250
250
250
250
250
250
250
250
250
250
250
250
250
250
250
250
250
250
250
250
250
250
250
250
250
250
250
250
250
250
250
250
250
250
250
250
250
250
250
250
250
250
250
250
250
250
250
250
250
250
250
250
250
250
250
250
250
250
250
250
250
250
250
250
250
250
250
250
250
250
250
250
250
250
250
250
250
250
250
250
250
250
250
250
250
250
250
250
250
250
250
250
250
250
250
250
251
252
253
254
253
252
251
250
250
250
250
250
250
250
250
250
250
250
250
250
250
250
250
250
250
250
250
250
250
250
250
250
250
250
250
252
242
218
56
56
86
242
252
250
250
250
250
250
252
242
82
64
74
238
251
252
250
250
250
250
250
250
250
250
250
250
250
250
250
250
250
250
250
250
250
250
250
250
250
250
250
250
250
250
250
250
250
250
250
250
250
250
250
250
250
250
250
250
250
250
250
250
250
250
250
250
250
250
250
250
250
250
250
250
250
250
250
250
250
250
250
250
250
250
250
250
250
250
250
250
250
250
250
250
250
250
250
250
250
250
250
250
250
250
250
250
250
251
252
253
255
252
246
238
246
252
255
253
252
251
250
250
251
252
252
252
251
250
250
250
250
250
250
250
250
250
250
250
250
250
250
250
250
250
250
254
250
84
58
54
224
244
252
250
250
250
250
250
252
244
217
84
224
253
255
252
250
250
250
250
250
250
250
250
250
250
250
250
250
250
250
250
250
250
250
250
250
250
250
250
250
250
250
250
250
250
250
250
250
250
250
250
250
250
250
250
250
250
250
250
250
250
250
250
250
250
250
250
250
250
250
250
250
250
250
250
250
250
250
250
250
250
250
250
250
250
250
250
250
250
250
250
250
250
250
250
250
250
250
250
250
250
250
250
250
250
251
253
248
245
241
236
180
167
183
237
241
245
249
252
251
252
254
248
251
250
255
254
252
251
250
250
250
250
250
250
250
250
250
250
250
250
250
250
250
252
244
217
84
224
253
255
252
250
250
250
250
250
252
255
244
250
244
255
252
252
252
251
250
250
250
250
250
250
250
250
250
250
250
250
250
250
250
250
250
250
250
250
250
250
250
250
250
250
250
250
250
250
250
250
250
250
250
250
250
250
250
250
250
250
250
250
250
250
250
250
250
250
250
250
250
250
250
250
250
250
250
250
250
250
250
250
250
250
250
250
250
250
250
250
250
250
250
250
250
250
250
250
250
250
250
250
250
250
250
250
252
250
240
177
172
166
162
153
164
169
172
180
242
252
254
252
249
235
180
234
240
243
247
252
250
250
250
250
250
250
250
250
250
250
250
250
250
250
250
252
255
244
250
244
255
252
250
250
250
250
251
251
252
252
253
254
252
253
244
249
248
254
252
251
250
250
250
250
250
250
250
250
250
250
250
250
250
250
250
250
250
250
250
250
250
250
250
250
250
250
250
250
250
250
250
250
250
250
250
250
250
250
250
250
250
250
250
250
250
250
250
250
250
250
250
250
250
250
250
250
250
250
250
250
250
250
250
250
250
250
250
250
250
250
250
250
250
250
250
250
250
250
250
250
250
250
250
250
250
250
253
245
180
157
155
157
159
157
156
156
153
161
174
245
252
247
198
168
167
166
169
186
243
254
250
250
250
250
250
250
250
250
250
250
250
250
250
250
250
250
252
252
254
252
252
251
252
253
254
254
255
250
250
247
253
251
251
253
241
185
231
246
249
253
251
250
250
250
250
250
250
250
250
250
250
250
250
250
250
250
250
250
250
250
250
250
250
250
250
250
250
250
250
250
250
250
250
250
250
250
250
250
250
250
250
250
250
250
250
250
250
250
250
250
250
250
250
250
250
250
250
250
250
250
250
250
250
250
250
250
250
250
250
250
250
250
250
250
250
250
250
250
250
250
250
250
250
250
250
251
255
240
172
155
161
160
160
165
172
171
164
156
161
172
236
195
165
157
160
159
150
167
237
254
250
250
250
250
250
250
250
250
250
250
250
250
250
250
250
250
250
250
250
251
252
254
250
245
239
240
242
233
192
237
253
245
252
254
236
174
159
177
242
252
254
252
251
250
250
250
250
250
250
250
250
250
250
250
250
250
250
250
250
250
250
250
250
250
250
250
250
250
250
250
250
250
250
250
250
250
250
250
250
250
250
250
250
250
250
250
250
250
250
250
250
250
250
250
250
252
254
252
252
250
250
250
250
250
252
252
254
252
252
250
250
250
250
250
250
250
250
250
250
250
250
250
250
250
250
252
252
237
169
152
164
178
186
196
241
241
174
162
156
163
164
168
161
161
161
160
155
173
239
255
250
250
250
251
252
254
254
254
252
251
250
250
250
250
250
250
250
251
252
254
251
249
235
176
171
175
177
165
173
221
190
241
254
255
241
171
149
162
171
236
248
250
254
252
251
250
250
250
250
250
250
250
250
250
250
250
250
250
250
250
250
250
250
250
250
250
250
250
250
250
250
250
250
250
250
250
250
250
250
250
250
250
250
250
250
250
250
250
250
250
250
250
250
250
250
242
250
244
255
252
250
250
250
252
255
244
250
244
255
252
250
250
250
250
250
250
250
250
250
250
250
250
250
250
251
254
248
187
162
162
172
241
245
249
254
254
238
167
155
159
160
160
160
157
165
163
155
165
236
255
252
254
254
255
251
245
236
245
251
255
253
252
251
250
250
250
250
252
247
246
236
185
168
161
155
158
157
155
165
157
179
236
255
253
237
167
152
156
163
165
179
235
245
247
252
250
250
250
250
250
250
250
250
250
250
250
250
250
250
250
252
252
254
252
252
250
250
250
250
250
250
250
250
250
250
250
250
250
250
250
250
250
250
250
250
250
250
250
250
250
250
250
250
250
250
218
84
217
244
252
250
250
252
255
253
224
84
217
244
252
250
250
250
250
250
250
250
250
250
250
250
250
250
250
252
251
236
165
152
166
236
253
254
252
252
254
245
191
169
168
162
162
168
182
189
235
174
170
247
255
251
245
237
241
237
176
166
178
237
243
246
251
254
252
251
250
251
254
246
195
166
163
157
161
164
165
163
162
160
153
172
238
255
248
194
167
170
173
165
154
162
161
181
245
254
251
250
250
250
250
250
250
250
250
250
250
250
250
250
252
255
244
250
244
255
252
250
250
250
250
250
250
250
250
250
250
250
250
250
250
250
250
250
250
250
250
250
250
250
250
250
250
250
250
250
56
58
84
250
254
250
250
252
244
224
54
58
84
250
254
250
250
250
250
250
250
250
250
250
250
250
250
250
250
253
246
183
160
160
173
248
254
251
250
250
252
247
249
230
168
159
160
168
232
253
253
252
242
241
243
237
176
171
175
167
162
152
160
168
175
188
237
247
250
253
251
253
252
237
165
156
159
161
161
158
159
159
161
160
163
184
248
255
244
171
165
236
237
166
153
156
150
163
235
251
252
250
250
250
250
250
250
250
250
250
250
250
250
252
255
253
224
84
217
244
252
250
250
250
250
250
250
250
250
250
250
250
250
250
250
250
250
250
250
250
250
250
250
250
250
250
250
250
250
60
56
54
224
244
252
250
250
254
250
84
58
54
224
244
252
250
250
250
250
250
250
250
250
250
250
250
250
250
250
254
240
172
151
165
236
251
252
250
250
250
251
252
255
250
183
164
158
166
202
248
251
244
241
178
174
167
161
154
157
159
160
161
160
159
156
164
170
181
239
246
253
249
243
172
163
158
160
155
165
161
169
160
162
149
164
234
253
250
234
156
171
248
254
188
173
170
160
153
173
242
253
250
250
250
250
250
250
250
250
252
252
254
252
254
244
224
54
58
84
250
254
250
250
250
250
250
250
250
250
250
250
250
250
250
250
250
250
250
250
250
250
250
250
250
250
250
250
250
250
250
89
229
253
255
252
250
250
252
244
217
84
224
253
255
252
250
250
250
250
250
250
250
250
250
250
250
250
250
250
255
239
172
149
177
244
255
251
250
250
250
250
250
253
244
231
160
156
157
185
236
186
172
170
165
154
155
156
155
158
158
162
161
164
162
162
160
154
169
178
251
255
248
179
160
156
166
171
177
184
231
192
231
178
169
179
245
255
245
157
152
171
241
254
244
241
237
177
163
167
240
253
250
250
250
250
250
250
250
252
255
244
250
244
255
251
84
58
54
224
244
252
250
250
250
250
250
250
250
250
250
250
250
250
250
250
250
250
250
250
250
250
250
250
250
250
250
250
250
250
250
234
238
255
252
250
250
250
252
255
244
250
244
255
252
250
250
250
250
250
250
250
250
250
250
250
250
250
250
250
255
240
173
150
167
236
252
252
250
250
250
250
250
252
248
171
165
162
155
185
233
171
149
153
161
155
162
168
176
177
175
165
160
163
164
163
163
156
167
233
253
253
237
166
155
157
169
233
242
248
245
254
244
248
236
242
246
255
236
169
145
173
240
255
254
255
254
249
236
242
245
252
250
250
250
250
250
250
252
255
253
224
84
217
248
248
217
84
224
253
255
252
250
250
250
250
250
250
250
250
250
250
250
250
250
250
250
250
250
250
250
250
250
250
250
250
250
250
250
250
250
86
221
246
252
250
250
250
250
252
252
254
252
252
250
250
250
250
250
250
250
250
250
250
250
250
250
250
250
250
254
240
174
152
163
182
246
253
250
250
250
250
250
253
240
183
158
162
158
191
234
168
63
146
165
175
177
237
243
243
237
189
176
165
160
164
163
158
168
247
255
245
173
163
157
161
189
250
255
254
252
253
253
254
254
253
252
255
241
173
147
171
239
255
255
245
252
249
255
254
252
251
250
250
250
250
250
250
252
244
224
54
58
84
251
255
244
250
244
255
252
250
250
250
250
250
250
250
250
250
250
250
250
250
250
250
250
250
250
250
250
250
250
250
250
250
250
250
250
250
60
64
84
250
254
250
250
251
252
253
254
255
255
254
254
253
252
251
250
250
250
250
250
250
250
250
250
250
250
250
254
240
174
154
156
176
240
254
250
250
250
250
250
254
245
195
161
160
158
167
208
62
52
81
238
244
245
251
255
255
252
249
239
172
163
163
163
157
182
239
249
170
163
159
165
178
245
250
252
250
250
250
250
250
250
250
251
255
242
172
155
179
247
255
253
224
84
217
244
252
250
250
250
250
250
250
250
250
254
250
84
58
54
224
244
254
252
254
252
252
250
250
250
250
250
250
250
250
250
250
250
250
250
250
250
250
250
250
250
250
250
250
250
250
250
250
250
250
250
250
60
74
224
244
252
250
251
253
250
246
239
239
240
240
238
244
246
252
250
250
250
250
250
251
252
252
252
251
250
250
254
240
173
156
158
182
244
255
251
250
250
250
250
254
243
187
157
157
167
184
82
66
58
230
251
255
253
252
251
251
252
255
255
244
172
160
163
157
183
238
187
162
163
154
172
237
255
254
251
250
250
250
250
250
250
250
252
251
237
163
165
241
255
249
225
54
58
84
250
254
250
250
250
250
250
250
250
250
252
244
217
84
224
253
255
252
250
250
250
250
250
250
250
250
250
250
250
250
250
250
250
250
250
250
250
250
250
250
250
250
250
250
250
250
250
250
250
250
250
250
60
238
253
255
252
251
253
251
242
178
170
174
171
173
172
185
246
254
251
250
250
250
251
253
247
250
247
253
251
250
254
240
173
156
159
170
237
251
252
250
250
250
251
255
242
177
157
155
172
232
219
86
224
253
255
252
250
250
250
250
252
255
252
241
167
164
164
157
167
223
171
162
164
143
76
219
248
253
250
250
250
250
250
250
250
250
253
246
179
159
167
234
255
252
91
61
55
224
244
252
250
250
250
250
250
250
250
250
252
255
244
250
244
255
252
250
250
250
250
250
250
250
250
250
250
250
250
250
250
250
250
250
250
250
250
250
250
250
250
250
250
250
250
250
250
250
250
250
250
250
250
251
255
252
250
252
248
241
170
158
153
153
153
156
153
165
236
253
254
252
251
250
252
250
238
176
238
249
252
250
254
238
172
156
161
162
180
248
254
251
250
250
252
251
236
169
156
155
174
250
252
250
244
255
252
250
250
250
250
252
255
253
230
81
146
159
164
169
177
165
168
158
147
51
60
88
250
254
250
250
250
250
250
250
250
250
254
238
172
153
167
166
186
228
211
79
228
253
255
252
250
250
250
250
250
250
250
250
250
252
252
254
252
252
250
250
250
250
250
250
250
250
250
250
250
250
250
250
250
250
250
250
250
250
250
250
250
250
250
250
250
250
250
250
250
250
250
250
250
250
250
252
252
250
250
253
245
174
158
157
167
164
162
155
156
163
172
238
247
249
252
251
254
248
179
160
171
244
253
250
253
246
182
165
161
157
165
237
252
253
252
253
255
251
180
163
158
159
177
247
255
254
252
252
250
250
250
250
250
252
244
225
61
57
69
163
161
175
223
170
159
161
71
61
66
229
246
252
250
250
250
250
250
250
250
250
254
238
169
150
158
154
163
171
166
243
249
255
252
250
250
250
250
250
250
250
250
250
250
250
250
250
250
250
250
250
250
250
250
250
250
250
250
250
250
250
250
250
250
250
250
250
250
250
250
250
250
250
250
250
250
250
250
250
250
250
250
250
250
250
250
250
250
250
250
254
239
171
154
159
171
229
181
168
169
159
156
163
202
249
255
253
252
236
166
148
170
239
254
250
252
253
240
178
162
161
164
172
245
254
252
245
242
231
167
154
162
171
243
248
252
250
250
250
250
250
250
250
250
254
250
86
59
49
148
159
167
194
238
179
159
160
158
76
230
247
255
252
250
250
250
250
250
250
250
250
253
243
181
171
170
166
158
155
178
247
255
252
250
250
250
250
250
250
250
250
250
250
250
250
250
250
250
250
250
250
250
250
250
250
250
250
250
250
250
250
250
250
250
250
250
250
250
250
250
250
250
250
250
250
250
250
250
250
250
250
250
250
250
250
250
250
250
250
251
255
242
175
151
161
193
246
249
240
237
180
162
158
165
230
248
251
246
180
160
150
172
239
254
250
252
252
240
171
162
163
159
161
172
241
239
178
171
170
166
157
167
239
252
253
251
250
250
250
250
250
250
250
250
252
245
224
81
152
162
164
177
245
243
177
158
173
169
213
84
226
246
252
250
250
250
250
250
250
250
250
252
246
244
242
230
167
156
164
167
239
252
255
255
252
252
250
250
250
250
250
250
250
250
250
250
250
250
250
250
250
250
250
250
250
250
250
250
250
250
250
250
250
250
250
250
250
250
250
250
250
250
250
250
250
250
250
250
250
250
250
250
250
250
250
250
250
250
251
253
253
238
167
159
166
243
253
254
255
251
248
236
171
164
163
195
251
252
179
161
163
180
246
254
251
254
249
181
163
161
162
160
158
162
170
171
161
154
156
156
161
195
248
254
251
250
250
250
250
250
250
250
250
250
252
255
246
234
158
163
166
188
250
243
168
157
157
164
57
66
86
250
254
250
250
250
250
250
250
250
250
251
252
253
255
249
168
163
159
150
83
234
240
253
244
255
252
250
250
250
250
250
250
250
250
250
250
250
250
250
250
250
250
250
250
250
250
250
250
250
250
250
250
250
250
250
250
250
250
250
252
252
254
252
252
250
250
250
250
250
250
250
250
250
250
250
250
250
252
249
242
170
157
164
235
252
253
251
251
252
254
252
243
167
154
162
241
249
237
160
157
231
243
253
252
250
234
165
157
158
155
162
161
161
154
155
156
159
158
160
168
243
251
252
250
250
250
250
250
250
250
250
250
250
251
255
252
186
164
160
171
243
247
180
159
167
172
76
60
56
224
244
252
250
250
250
250
250
250
250
250
250
250
250
252
248
243
163
147
50
62
86
217
91
217
244
252
250
250
250
250
250
250
250
250
250
250
250
250
250
250
250
250
250
250
250
250
250
250
250
250
250
250
250
250
250
250
250
250
252
255
244
250
244
255
252
250
250
250
250
250
250
250
250
250
250
250
251
254
246
177
158
160
179
248
254
251
250
250
250
251
253
251
244
169
164
176
240
179
161
167
183
252
252
254
245
171
161
160
166
158
187
234
178
167
162
161
169
176
177
241
249
252
251
250
250
250
250
250
250
250
250
250
251
253
253
238
166
154
166
204
255
243
172
151
171
233
221
88
225
253
255
252
250
250
250
250
250
250
250
250
250
250
250
251
253
253
244
81
61
47
138
48
65
84
250
254
250
250
250
250
250
250
250
250
250
250
250
250
250
250
250
250
250
250
250
250
250
250
250
250
250
250
250
250
250
250
250
252
255
253
224
84
217
244
252
250
250
250
250
250
250
250
250
250
250
250
251
250
233
166
150
166
237
251
252
250
250
250
250
250
251
253
252
236
161
159
169
168
153
165
234
250
252
254
237
169
153
159
173
233
252
246
249
235
179
179
236
243
249
253
255
252
250
250
250
250
250
250
250
250
250
250
252
248
242
176
165
154
169
236
255
242
173
150
179
252
253
250
244
255
252
250
250
250
250
250
250
250
250
250
250
250
250
250
251
254
251
220
82
145
71
62
62
225
244
252
250
250
250
250
250
250
250
250
250
250
250
250
250
250
250
250
250
250
250
250
250
250
250
250
250
250
250
250
250
250
250
252
244
224
56
62
89
253
255
250
250
250
250
250
250
250
250
250
250
250
252
253
188
171
152
173
242
255
251
250
250
250
250
250
250
251
254
248
178
161
160
163
153
171
238
255
251
255
239
174
155
159
185
248
255
254
255
251
245
245
252
255
249
252
245
255
252
250
250
250
250
250
250
250
250
250
253
244
166
158
158
160
172
248
255
243
176
150
172
242
255
254
252
252
250
250
250
250
250
250
250
250
250
250
250
250
250
250
250
252
255
238
176
148
145
78
225
254
255
252
250
250
250
250
250
250
250
250
250
250
250
250
250
250
250
250
250
250
250
250
250
250
250
250
250
250
250
250
250
250
250
254
250
86
67
50
224
238
255
252
250
250
250
250
250
250
250
250
250
250
252
246
230
163
150
173
240
254
250
250
250
250
250
250
250
250
252
251
235
165
158
161
160
164
244
254
250
255
240
174
155
159
170
240
254
254
253
254
254
254
255
253
224
84
217
244
252
250
250
250
250
250
250
250
250
251
255
239
170
151
151
160
231
252
253
237
168
149
172
240
254
250
250
250
250
250
250
250
250
250
250
250
250
250
250
250
250
250
250
250
254
249
185
170
152
175
240
255
252
250
250
250
250
250
250
250
250
250
250
250
250
250
250
250
250
250
250
250
250
250
250
250
250
250
250
250
250
250
250
250
250
252
246
226
88
198
88
226
246
252
250
250
250
250
250
250
250
250
250
250
252
254
203
173
153
176
240
254
250
250
250
250
250
250
250
250
252
255
244
166
156
158
166
235
250
252
250
254
240
174
157
160
163
175
237
249
245
253
251
255
249
227
55
58
84
250
254
250
250
250
250
250
250
250
251
253
253
238
166
162
165
174
245
255
246
177
161
153
175
240
254
252
252
254
252
252
250
250
250
250
250
250
250
250
250
250
250
250
250
250
254
245
233
163
155
176
241
255
250
250
250
250
250
250
250
250
250
250
250
250
250
250
250
250
250
250
250
250
250
250
250
250
250
250
250
250
250
250
250
250
250
252
255
238
224
50
67
86
250
254
250
250
250
250
250
250
250
250
250
250
252
247
231
162
153
177
240
254
250
250
250
250
250
250
250
250
252
251
235
167
156
155
175
244
255
253
252
255
242
175
156
164
159
164
168
180
231
193
235
248
247
86
64
57
225
244
252
250
250
250
250
250
250
250
252
250
243
170
157
165
227
247
246
255
241
173
155
156
176
240
255
255
244
250
244
255
252
250
250
250
250
250
250
250
250
250
250
250
250
250
254
247
176
163
154
174
239
255
250
250
250
250
250
250
250
250
250
250
250
250
250
250
250
250
250
250
250
252
252
254
252
252
250
250
250
250
250
250
250
250
250
250
255
253
89
62
56
224
244
252
250
250
250
250
250
250
250
250
250
250
253
248
181
164
152
173
240
254
250
250
250
250
250
250
250
250
253
245
175
161
161
165
186
241
254
245
255
254
237
169
157
163
162
162
159
164
161
169
172
181
183
203
81
226
255
255
252
250
250
250
250
250
250
251
254
248
181
157
158
179
250
255
254
253
239
170
159
159
177
242
255
253
224
84
217
244
252
250
250
250
250
250
250
250
250
250
250
250
250
250
254
237
169
154
154
172
237
254
250
250
250
250
250
250
250
250
250
250
250
250
250
250
250
250
250
250
252
255
244
250
244
255
252
250
250
250
250
250
250
250
250
250
252
244
217
84
224
253
255
252
250
250
250
250
250
250
250
250
250
250
252
246
191
159
150
174
242
255
251
250
250
250
250
250
250
251
255
241
173
155
158
166
232
217
88
220
244
247
175
164
160
162
163
164
163
161
159
160
158
161
173
160
180
228
254
248
253
252
254
252
252
250
250
252
251
236
164
149
164
235
251
253
255
248
174
157
159
158
178
244
251
224
54
58
84
250
254
250
250
250
250
250
250
250
250
250
250
250
250
251
255
242
176
156
163
176
245
254
250
250
250
250
250
250
250
250
250
250
250
250
250
250
250
250
250
252
255
253
224
84
217
244
252
250
250
250
250
250
250
250
250
250
252
255
244
250
244
255
252
250
250
250
250
250
250
250
250
250
250
250
252
252
244
173
158
165
238
253
253
251
250
250
250
250
251
253
253
238
169
157
170
168
163
56
62
90
248
194
160
156
157
158
157
159
160
160
162
160
161
160
164
158
168
170
183
246
255
245
250
244
255
254
254
254
247
175
160
159
180
250
255
251
252
227
127
110
158
161
174
248
255
85
58
54
224
244
252
250
250
250
250
250
250
250
250
250
250
250
251
253
253
238
168
153
165
235
250
252
252
252
254
252
252
250
250
250
250
250
250
250
250
250
250
250
250
252
244
224
54
58
84
250
254
250
250
250
250
250
250
250
250
250
250
252
252
254
252
252
250
250
250
250
250
250
250
250
250
250
250
250
251
252
252
236
165
159
171
245
252
254
252
251
250
252
254
252
244
172
163
157
168
223
72
56
61
228
232
169
154
162
170
176
176
177
174
161
163
162
164
157
160
161
160
154
165
243
254
227
84
220
253
248
252
243
215
165
151
166
239
250
251
235
185
163
117
108
155
161
167
239
245
220
84
224
253
255
252
250
251
252
253
254
254
254
253
253
252
252
254
252
244
173
161
161
184
249
254
252
255
244
250
244
255
252
250
250
250
250
250
250
250
250
250
250
250
254
250
84
58
54
224
244
252
250
250
250
250
250
250
250
250
250
250
250
250
250
250
250
250
250
250
250
250
250
250
250
250
250
250
250
250
251
254
248
181
157
157
171
235
246
248
253
252
255
247
251
175
174
158
158
172
178
222
92
223
246
181
163
162
177
239
243
240
243
236
177
178
235
171
157
162
166
169
157
165
174
222
61
60
93
252
231
91
212
173
162
164
188
251
248
180
168
164
149
123
116
159
164
163
181
254
251
250
244
255
252
251
252
254
252
249
242
240
248
243
253
250
254
250
239
172
161
152
164
235
251
253
255
253
224
84
217
244
252
250
250
250
250
250
250
250
250
250
250
250
252
244
217
84
224
253
255
252
250
250
250
250
250
250
250
250
250
250
250
250
250
250
250
250
250
250
250
250
250
250
250
250
250
250
250
250
250
252
250
242
168
155
158
163
166
241
252
255
253
227
86
204
163
159
165
171
249
241
254
238
174
159
154
165
237
254
255
254
255
251
245
246
249
243
166
180
229
172
155
161
165
71
62
62
220
220
62
63
72
169
161
169
233
238
174
158
150
163
161
140
155
160
164
158
167
238
254
255
254
253
254
255
251
249
232
184
188
181
179
228
173
234
242
197
173
164
156
161
178
248
254
253
244
224
54
58
84
250
254
250
250
250
250
250
250
250
250
250
250
250
252
255
244
250
244
255
252
250
250
250
250
250
250
250
250
250
250
250
250
250
250
250
250
250
250
250
250
250
250
250
250
250
250
250
250
250
250
251
253
251
241
178
166
159
160
173
248
248
232
62
64
76
170
162
169
238
254
255
255
241
168
149
164
179
247
254
251
250
251
252
253
253
254
249
242
247
245
187
161
161
157
140
75
230
253
97
62
49
148
159
164
171
178
173
161
161
165
180
236
200
165
163
164
162
164
176
247
254
255
252
243
239
234
177
160
136
151
159
165
158
169
166
172
166
159
160
157
164
235
250
252
254
250
84
58
54
224
244
252
250
250
250
250
250
250
250
250
250
250
250
250
252
252
254
252
252
250
250
250
250
250
250
250
250
250
250
250
250
250
250
250
250
250
250
250
250
250
250
250
250
250
250
250
250
250
250
250
250
251
253
249
249
229
165
151
161
179
236
83
57
52
146
157
156
172
240
255
252
255
242
175
152
167
236
251
252
250
250
250
250
250
250
251
252
253
254
252
245
178
165
162
161
197
250
255
218
75
144
165
168
162
160
158
154
157
169
237
249
253
246
179
161
164
164
159
165
197
241
244
237
170
161
160
163
146
123
150
165
163
161
160
160
159
159
163
160
164
182
248
254
251
252
244
217
84
224
253
255
252
250
250
250
250
250
250
250
250
250
250
250
250
250
250
250
250
250
250
250
250
250
250
250
250
250
250
250
250
250
250
250
250
250
250
250
250
250
250
250
250
250
250
250
250
250
250
250
250
250
250
252
255
255
255
201
179
175
174
168
158
78
156
174
175
173
190
255
255
255
255
249
179
161
187
255
255
255
255
255
255
255
255
255
255
255
255
255
255
255
252
181
163
184
254
255
255
252
184
163
178
173
172
170
178
181
194
255
255
255
255
254
201
168
172
173
172
172
177
181
186
175
169
158
166
173
165
137
166
174
172
172
173
173
174
169
181
206
202
254
255
255
255
255
255
255
255
255
255
255
255
255
255
255
255
255
255
255
255
255
255
255
255
255
255
255
255
255
255
255
255
255
255
255
254
252
250
250
250
250
250
250
250
250
250
250
250
250
250
250
250
250
250
250
250
250
250
250
250
250
250
252
237
226
205
207
197
141
133
139
136
141
138
146
138
138
201
211
214
215
213
152
143
134
147
207
218
212
212
212
212
212
212
212
212
212
212
212
213
221
212
149
133
146
208
219
219
207
145
133
137
134
135
132
137
197
209
211
216
213
216
208
146
137
142
143
143
142
140
137
136
137
141
141
142
139
134
140
135
140
136
133
134
136
137
135
131
198
213
210
215
213
212
212
214
215
217
215
214
212
212
212
212
212
212
212
212
212
212
212
212
212
212
212
212
212
212
212
212
212
212
212
208
224
237
252
250
250
250
250
250
250
250
250
250
250
250
250
250
250
250
250
250
250
250
250
250
250
250
250
250
254
242
111
102
111
105
100
95
92
90
85
86
83
86
96
106
109
105
109
95
88
78
78
90
98
109
104
104
104
104
104
104
104
104
104
104
105
108
105
95
84
78
91
98
108
107
101
97
91
94
94
96
96
106
109
113
107
105
104
107
102
93
83
80
84
84
85
83
82
81
82
81
78
85
82
91
91
88
88
84
95
93
94
95
92
98
102
110
107
105
104
104
104
104
104
104
104
104
104
104
104
104
104
104
104
104
104
104
104
104
104
104
104
104
104
104
104
104
104
104
104
99
110
242
254
250
250
250
250
250
250
250
250
250
250
250
250
250
250
250
250
250
250
250
250
250
250
250
250
250
252
237
224
208
213
214
216
222
211
157
137
140
138
149
210
220
213
212
218
207
147
136
139
148
209
219
213
212
212
212
212
212
212
212
212
213
215
216
207
140
134
144
174
214
214
213
214
217
219
220
221
229
213
216
208
222
214
212
212
213
217
214
154
141
137
141
140
137
144
142
140
138
146
160
211
170
217
213
149
212
223
220
220
219
219
217
215
213
212
212
212
212
212
212
212
212
212
212
212
212
212
212
212
212
212
212
212
212
212
212
212
212
212
212
212
212
212
212
212
212
212
208
224
237
252
250
250
250
250
250
250
250
250
250
250
250
250
250
250
250
250
250
250
250
250
250
250
250
250
250
252
254
255
255
255
255
255
255
255
201
176
172
156
180
251
255
255
255
255
252
186
166
167
180
251
255
255
255
255
255
255
255
255
255
255
255
255
255
210
176
170
195
255
255
255
255
255
255
255
255
255
255
243
104
239
255
255
255
255
255
255
255
253
185
168
163
172
173
190
242
185
184
243
255
252
255
255
255
255
255
255
255
255
255
255
255
255
255
255
255
255
255
255
255
255
255
255
255
255
255
255
255
255
255
255
255
255
255
255
255
255
255
255
255
255
255
255
255
255
255
255
255
255
254
252
250
250
250
250
250
250
250
250
250
250
250
250
250
250
250
250
250
250
250
250
250
250
250
250
250
250
250
250
250
250
250
250
252
247
245
235
175
166
180
242
253
250
250
255
240
174
157
160
163
184
247
253
250
250
250
250
250
250
250
251
254
247
187
164
156
168
237
252
252
251
250
250
250
250
254
248
232
65
50
75
234
255
250
250
250
251
252
252
242
183
173
177
235
249
245
245
243
250
255
253
252
252
252
252
251
251
250
250
250
250
250
250
250
250
250
250
250
250
250
250
250
250
250
250
250
250
250
250
250
250
250
250
250
250
250
250
250
250
250
250
250
250
250
250
250
250
250
250
250
250
250
250
250
250
250
250
250
250
250
250
252
252
254
252
252
250
250
250
250
250
250
250
250
250
250
250
250
250
250
250
250
250
251
252
254
250
245
235
243
246
252
250
250
254
237
171
155
161
157
181
245
255
254
253
252
252
253
254
254
255
254
237
163
151
159
183
247
254
251
250
250
250
250
252
255
240
82
38
38
78
234
255
250
250
250
250
251
253
250
246
237
246
250
255
254
254
253
252
251
250
250
250
250
250
250
250
250
250
250
250
250
250
250
250
250
250
250
250
250
250
250
250
250
250
250
250
250
250
250
250
250
250
250
250
250
250
250
250
250
250
250
250
250
250
250
250
250
250
250
250
250
250
250
250
250
250
250
250
250
252
255
244
250
244
255
252
250
250
250
250
250
250
250
250
250
250
250
250
250
250
250
250
250
250
251
252
254
254
254
252
251
250
250
254
245
170
161
162
159
171
233
244
238
247
253
253
245
237
238
243
239
173
160
160
173
242
249
252
250
250
250
250
252
255
253
236
68
59
67
232
248
254
250
252
252
254
252
252
252
253
254
253
252
251
250
250
250
250
250
250
250
250
250
250
250
250
250
250
250
250
250
250
250
250
250
250
250
250
250
250
250
250
250
252
252
254
252
252
250
250
250
250
250
250
250
250
250
250
250
250
250
250
250
250
250
250
250
250
250
250
250
250
250
250
250
250
250
250
252
255
253
224
84
217
244
252
250
250
250
250
250
250
250
250
250
250
250
250
250
250
250
250
250
250
250
250
250
250
250
250
250
250
250
252
250
236
167
157
159
166
168
174
176
185
240
239
184
162
173
176
167
160
158
176
243
251
253
251
250
250
250
252
255
253
230
82
189
82
230
253
255
252
252
255
244
250
244
255
252
250
250
250
250
250
250
250
250
250
250
250
250
250
250
250
250
250
250
250
250
250
250
250
250
250
250
250
250
250
250
250
250
250
252
255
244
250
244
255
252
250
250
250
250
250
250
250
250
250
250
250
250
250
250
250
250
250
250
250
250
250
250
250
250
250
250
250
250
250
252
244
224
54
58
84
250
254
250
250
250
250
250
250
250
250
250
250
250
250
250
250
250
250
250
250
250
250
250
250
250
250
250
250
250
251
255
241
175
155
162
161
158
156
155
164
172
171
161
156
154
157
155
159
169
243
252
253
251
250
250
250
250
252
244
224
56
67
78
249
250
255
252
252
255
253
224
84
217
244
252
250
250
250
250
250
250
250
250
250
250
250
250
250
250
250
250
250
250
250
250
250
250
250
250
250
250
250
250
250
250
250
250
252
255
253
224
84
217
244
252
250
250
250
250
250
250
250
250
250
250
250
250
250
250
250
250
250
250
250
250
250
250
250
250
250
250
250
250
250
254
250
84
58
54
224
244
252
250
250
250
250
250
250
250
250
250
250
250
250
250
250
250
250
250
250
250
250
250
250
250
250
250
250
250
250
253
241
176
160
162
163
163
163
161
161
159
161
160
162
164
163
164
170
240
250
253
251
250
250
250
250
250
252
242
86
56
58
221
248
255
252
250
252
251
238
74
64
82
242
252
250
250
250
250
250
250
250
250
250
250
250
250
250
250
250
250
250
250
250
250
250
250
250
250
250
250
250
250
250
250
250
250
252
251
238
74
64
82
242
252
250
250
250
250
250
250
250
250
250
250
250
250
250
250
250
250
250
250
250
250
250
250
250
250
250
250
250
250
250
252
242
214
78
221
251
255
252
250
250
250
250
250
250
250
250
250
250
250
250
250
250
250
250
250
250
250
250
250
250
250
250
250
250
250
250
250
250
250
162
165
164
163
163
162
159
164
163
164
163
161
164
167
250
250
250
250
250
250
250
250
250
250
250
250
250
60
250
250
250
250
250
250
250
250
60
60
60
250
250
250
250
250
250
250
250
250
250
250
250
250
250
250
250
250
250
250
250
250
250
250
250
250
250
250
250
250
250
250
250
250
250
250
250
250
60
60
60
250
250
250
250
250
250
250
250
250
250
250
250
250
250
250
250
250
250
250
250
250
250
250
250
250
250
250
250
250
250
250
250
250
250
250
250
250
250
250
250
250
250
250
