248
248
248
248
248
248
248
248
248
248
248
248
248
248
248
248
248
248
248
248
248
248
248
248
248
248
248
248
248
248
248
248
248
248
248
248
248
248
248
248
248
248
248
248
248
248
248
248
248
248
248
248
248
248
248
248
248
248
248
248
248
248
248
248
248
248
248
248
248
248
248
248
248
248
248
248
248
248
248
248
248
248
248
248
248
248
248
248
248
248
248
248
248
248
248
248
248
248
248
248
248
248
248
248
248
248
248
248
248
248
248
248
248
248
248
248
248
248
248
248
248
248
248
248
248
248
248
248
248
248
248
248
248
248
248
248
248
248
248
248
248
248
248
248
248
248
248
248
248
248
248
248
248
248
248
248
248
248
248
248
248
248
248
248
248
248
248
248
248
248
248
248
248
248
248
248
248
248
248
248
248
248
248
248
248
248
248
248
248
248
248
248
248
248
248
248
248
248
248
248
248
248
248
248
248
248
248
248
248
248
248
248
248
248
248
248
248
248
248
248
248
248
248
248
248
248
248
248
248
248
248
248
248
248
248
248
248
248
248
248
248
248
248
248
248
248
248
248
248
248
248
248
248
248
248
248
248
248
248
248
248
248
249
249
249
248
248
248
248
248
248
248
248
248
248
248
248
248
248
248
248
248
248
248
248
248
248
248
248
248
248
248
248
248
248
248
248
248
248
248
248
248
248
248
248
248
248
248
248
248
248
248
248
248
248
248
248
248
248
248
248
248
248
248
248
248
248
248
248
248
248
250
252
253
252
250
248
248
248
248
248
248
248
248
248
248
248
248
248
248
248
248
248
248
248
248
248
248
248
248
249
250
250
250
249
248
248
248
248
248
248
248
248
248
248
248
248
248
248
248
248
248
248
248
248
248
248
248
248
248
248
248
248
248
248
248
248
248
248
248
248
248
248
248
248
248
248
248
248
248
249
252
248
250
248
252
250
249
248
248
248
248
248
248
248
248
248
248
248
248
248
248
248
248
248
248
248
248
248
248
248
248
248
248
248
248
248
248
248
248
248
248
248
248
248
248
248
248
248
248
248
248
248
248
248
248
248
248
248
248
248
248
248
248
248
248
248
248
248
248
250
254
242
248
242
254
250
248
248
248
248
248
248
248
248
248
248
248
248
248
248
248
248
248
248
248
248
249
251
252
252
245
246
247
253
251
249
248
248
248
248
248
248
248
248
248
248
248
248
248
248
248
248
248
248
248
248
248
248
248
248
248
248
248
248
248
248
248
248
248
248
248
248
248
248
248
248
248
248
249
248
246
237
207
236
243
245
249
249
248
248
248
248
248
248
248
248
248
248
248
248
248
248
248
248
248
248
248
248
248
248
248
248
248
248
248
248
248
248
248
248
248
248
248
248
248
248
248
248
248
248
248
248
248
248
248
248
248
248
248
248
248
248
248
248
248
248
248
248
250
254
252
219
66
211
242
252
248
248
248
248
248
248
248
248
248
248
248
248
248
248
248
248
248
248
248
250
247
244
242
243
215
192
232
244
247
251
252
251
250
249
248
248
248
248
248
248
248
248
248
248
248
248
248
248
248
248
248
248
248
248
248
248
248
248
248
248
248
248
248
248
248
248
248
248
248
248
248
248
249
248
210
183
189
188
193
226
249
251
249
248
248
248
248
248
248
248
248
248
248
248
248
248
248
248
248
248
248
248
248
248
248
248
248
248
248
248
248
248
248
248
248
248
248
248
248
248
248
248
248
248
248
248
248
248
248
248
248
248
248
248
248
248
248
248
248
248
248
248
252
242
219
34
38
66
248
253
248
248
248
248
248
249
251
252
252
251
251
250
249
248
248
248
248
248
250
251
246
206
193
192
185
185
185
192
212
242
241
245
247
250
248
248
248
248
248
248
248
248
248
248
250
252
253
252
250
248
248
248
248
248
248
248
248
248
248
248
248
248
248
248
248
248
248
248
248
248
248
249
253
229
189
179
181
180
182
192
234
250
250
248
248
248
248
248
248
248
248
248
248
248
248
248
248
248
248
248
248
248
248
248
248
248
248
248
250
252
253
252
248
248
248
248
248
248
250
252
253
252
250
248
248
248
248
248
248
248
248
248
248
248
248
248
248
248
248
248
248
248
253
248
66
38
34
219
242
252
248
248
249
250
252
252
247
240
244
243
248
246
249
249
248
248
248
249
248
246
212
186
182
182
181
181
180
180
186
191
192
200
245
249
250
248
248
248
248
248
248
248
248
250
254
242
248
242
254
250
248
248
248
248
248
248
248
249
250
252
252
252
250
249
248
248
248
248
248
248
249
252
248
223
184
181
183
185
183
186
200
242
248
249
248
248
248
248
248
248
248
248
248
248
248
248
248
248
248
248
248
248
248
248
248
248
248
250
254
242
248
240
248
248
248
248
248
250
254
242
248
242
254
250
248
248
248
248
248
248
248
248
248
248
248
248
248
248
248
248
248
248
252
242
211
66
219
252
254
250
248
248
250
245
244
240
214
187
200
223
199
230
249
250
249
248
248
251
251
214
180
184
185
186
186
183
185
186
186
179
180
182
207
248
250
249
248
248
248
248
248
248
250
254
252
219
66
211
242
252
248
248
248
248
248
248
249
252
248
244
238
242
245
250
249
248
248
248
248
249
252
251
237
190
184
187
188
188
182
182
184
208
246
250
248
248
248
248
248
248
248
248
248
248
248
248
248
248
248
248
248
248
248
248
248
248
250
254
252
219
66
207
248
248
248
248
250
254
252
219
66
211
242
252
248
248
248
248
248
248
248
248
248
248
248
248
248
248
248
248
248
248
250
254
242
248
242
254
250
248
249
250
254
244
199
187
186
181
186
184
186
190
236
249
250
248
248
252
250
219
182
182
184
187
217
213
193
226
192
180
180
184
185
217
249
250
249
248
248
248
248
248
252
242
219
34
38
66
248
253
248
248
248
249
250
252
250
248
235
195
183
182
232
248
250
248
248
248
249
248
247
239
191
183
180
191
226
204
188
182
178
196
242
251
248
248
248
248
248
248
248
248
248
248
248
248
248
248
248
248
248
248
248
248
248
248
252
242
219
34
38
61
248
248
248
248
252
242
219
34
38
66
248
253
248
248
248
248
248
248
248
248
248
248
248
248
248
248
250
252
253
252
250
250
252
253
252
250
249
251
250
247
244
232
188
177
183
185
186
185
184
185
198
242
248
249
248
250
248
219
184
184
191
209
248
246
247
246
223
191
187
184
179
187
229
251
250
248
248
248
248
248
253
248
66
38
34
219
242
252
248
248
249
249
247
246
242
206
186
182
175
179
193
242
253
252
253
252
251
246
212
187
183
183
196
205
240
250
219
185
183
201
248
251
248
248
248
248
248
248
248
248
248
248
248
248
248
248
248
248
248
248
248
248
248
248
253
248
66
38
34
216
248
248
248
248
253
248
66
38
34
219
242
252
248
248
248
248
248
248
248
248
248
248
248
248
248
250
254
242
248
242
254
250
249
249
249
249
249
246
245
216
194
188
189
184
183
182
181
183
184
182
183
202
247
250
248
252
231
189
183
182
200
245
252
252
252
250
246
244
237
191
182
182
205
243
252
249
248
248
248
248
252
242
211
66
219
252
254
250
248
249
252
249
237
204
192
186
182
183
182
183
198
244
255
242
248
245
255
227
189
180
179
187
218
248
249
254
237
197
183
234
246
251
248
248
248
248
248
248
248
248
248
248
248
248
248
248
248
248
248
248
248
248
248
248
252
242
211
66
219
250
248
248
248
248
252
242
211
66
219
252
254
250
248
248
248
248
248
248
248
248
248
248
248
248
250
254
251
219
66
212
243
254
252
248
249
250
253
236
186
186
182
180
189
218
207
190
194
194
190
185
184
204
250
251
249
252
226
185
179
183
202
245
252
248
248
249
250
253
251
241
202
181
185
233
250
250
248
248
248
248
250
254
242
248
242
254
250
248
249
249
248
239
193
180
181
182
183
184
186
191
234
255
253
219
66
214
240
219
180
181
184
206
248
251
252
250
234
198
182
202
250
252
248
248
248
248
248
250
252
253
252
250
248
248
248
248
248
248
248
248
248
248
248
248
250
254
242
248
242
254
248
248
248
248
250
254
242
248
242
254
250
248
248
248
248
248
248
248
248
248
248
248
248
248
252
242
223
37
44
74
251
252
243
227
209
246
245
209
182
178
181
189
220
245
246
241
241
246
223
191
187
233
245
249
251
250
230
191
182
182
200
245
252
248
248
248
248
248
251
252
226
182
179
197
245
250
249
248
248
248
248
250
252
253
252
250
248
249
249
247
223
190
184
179
183
188
193
208
218
227
250
245
221
34
40
70
232
197
181
183
200
246
249
249
249
252
225
190
179
194
239
249
248
248
248
248
250
254
242
248
242
254
250
248
248
248
248
248
248
248
248
248
248
248
248
250
252
253
252
250
248
248
248
248
248
250
252
253
252
250
248
248
248
248
248
248
248
248
248
248
248
248
248
248
254
249
70
32
31
210
237
209
191
188
189
196
228
198
182
183
190
209
245
252
252
252
254
251
243
200
182
192
224
249
251
251
233
193
184
181
197
242
251
249
248
248
248
248
250
251
231
191
177
187
218
248
250
248
248
248
248
248
248
248
248
248
249
250
249
220
184
179
184
189
196
227
244
244
246
249
254
249
66
38
36
223
222
193
181
194
243
250
250
248
248
249
246
209
180
191
216
252
249
248
248
250
254
252
219
66
211
242
252
248
248
248
248
248
248
248
248
248
248
248
248
248
248
248
248
248
248
248
248
248
248
248
248
248
248
248
248
248
248
248
248
248
248
248
248
248
248
248
248
248
253
240
186
49
140
193
203
189
183
183
182
186
191
191
182
187
224
248
248
250
248
248
250
252
208
176
179
183
208
248
252
249
248
216
182
180
188
216
251
251
248
248
248
248
251
251
230
192
180
183
200
247
251
248
248
248
248
248
248
248
248
249
251
250
230
187
182
182
199
241
245
248
252
252
250
249
252
242
211
66
222
254
239
183
181
228
249
251
248
248
248
253
251
226
185
192
240
250
249
248
248
252
242
219
34
38
66
248
253
248
248
248
248
248
248
248
248
248
248
248
248
248
248
248
248
248
248
248
248
248
248
248
248
248
248
248
249
250
251
251
252
252
252
251
249
248
248
248
248
249
254
238
189
170
147
184
187
182
185
187
186
186
185
183
181
212
248
252
249
248
248
248
250
249
220
185
179
186
220
249
252
250
252
231
196
183
181
206
246
251
249
248
248
248
250
250
225
186
180
187
214
249
250
248
248
248
248
248
248
248
248
250
248
236
188
182
181
196
243
251
252
250
249
248
248
248
250
254
242
248
242
255
238
199
189
234
252
251
252
253
252
252
246
210
185
197
249
253
250
249
248
253
248
66
38
34
219
242
252
248
248
248
248
248
248
248
248
248
248
248
248
248
248
248
248
248
248
248
248
248
248
248
248
248
248
249
245
246
244
245
242
240
242
246
249
251
249
249
251
254
252
222
168
143
154
183
190
187
183
183
184
187
183
181
191
224
252
251
248
248
248
248
248
251
235
198
180
188
224
248
252
248
251
246
207
181
182
185
218
250
250
249
248
249
253
245
209
186
181
195
241
251
249
248
248
248
248
248
248
248
248
252
246
197
182
181
188
236
249
251
248
248
248
248
248
248
248
250
252
253
252
250
247
241
241
243
250
255
242
248
245
255
226
186
189
228
222
243
247
251
250
252
242
211
66
219
252
254
250
248
248
248
248
248
248
248
248
248
248
250
252
253
252
250
248
248
248
248
248
248
248
248
248
248
249
253
243
211
219
213
193
193
194
210
241
249
253
249
244
245
234
180
144
135
148
184
222
216
192
195
203
191
185
182
204
245
251
248
248
248
248
248
248
252
246
208
181
183
210
248
252
248
251
251
213
186
181
183
187
230
252
252
250
247
250
233
193
185
179
196
240
254
248
248
248
248
248
248
248
248
250
250
238
191
180
185
227
250
251
249
248
248
248
248
248
248
248
248
248
248
248
249
250
251
251
252
255
252
219
67
215
243
223
179
190
226
197
189
231
245
248
248
255
242
248
242
254
250
248
248
248
248
248
248
248
248
248
248
250
254
242
248
242
254
250
248
248
248
248
248
248
248
250
253
253
250
234
202
184
185
183
183
182
184
191
237
247
245
209
190
195
169
139
129
148
208
252
246
242
243
242
210
182
180
206
248
253
248
248
248
248
248
248
252
248
210
178
180
210
249
252
248
249
248
244
202
184
181
183
195
236
247
253
252
221
206
189
184
180
180
239
253
248
248
248
248
248
248
248
249
249
246
199
183
188
226
252
253
251
250
249
248
248
248
248
248
248
248
248
248
248
248
248
248
248
252
242
219
34
40
64
232
196
183
188
188
186
181
190
227
214
246
252
252
253
252
250
248
248
248
248
248
248
248
248
248
248
250
254
252
219
66
211
242
252
248
248
248
248
248
248
250
254
244
245
202
198
188
184
182
180
181
179
180
183
188
218
225
193
181
169
153
137
138
156
244
254
252
252
254
253
221
187
179
205
246
252
248
248
248
248
248
248
252
246
202
175
178
207
244
251
248
248
250
249
245
215
188
185
186
189
204
245
241
204
184
184
184
178
192
238
252
248
248
248
248
248
248
248
251
252
216
184
177
202
248
251
248
244
249
252
250
249
248
248
248
248
248
248
248
248
248
248
248
248
253
248
66
39
39
211
182
188
184
184
184
184
183
186
185
210
246
252
248
248
248
248
248
248
248
248
248
248
248
248
248
248
252
242
219
34
38
66
248
253
248
248
248
248
248
250
254
251
224
65
164
177
185
186
190
197
188
187
189
181
181
204
215
186
176
148
140
139
151
233
249
251
248
248
249
249
247
204
182
195
233
251
249
248
248
248
248
248
252
250
203
181
181
188
221
252
250
248
248
250
249
250
226
190
185
183
187
191
204
194
184
184
185
188
196
244
252
248
248
248
248
248
248
248
250
245
208
182
186
194
220
245
201
198
238
245
247
251
250
248
248
248
248
248
248
248
248
248
248
248
252
242
213
70
224
240
196
182
184
182
184
184
183
182
182
202
244
251
249
248
248
248
248
248
248
248
248
248
248
248
248
248
253
248
66
38
34
219
242
252
248
248
248
248
248
252
242
224
40
37
55
184
187
185
226
244
242
242
209
185
182
189
180
180
149
141
135
140
201
248
254
249
248
248
248
250
251
241
190
181
216
250
251
248
248
248
248
248
249
250
242
197
179
185
219
250
251
248
248
249
251
253
249
215
184
184
184
185
184
186
186
184
189
205
241
246
250
248
248
248
248
248
248
249
252
227
192
191
180
185
185
196
188
184
188
196
229
247
248
250
248
248
248
248
248
248
248
248
248
248
250
255
241
244
235
212
189
181
186
191
201
196
187
183
183
185
211
248
250
250
252
253
252
250
248
248
248
248
248
248
248
248
252
242
211
66
219
252
254
250
248
248
248
248
248
254
247
69
39
32
165
179
188
221
251
253
254
252
247
208
190
185
184
179
151
137
138
152
225
254
250
248
248
248
248
248
253
243
194
178
215
251
252
248
248
248
248
248
248
252
246
204
182
198
238
252
249
248
248
250
246
249
234
204
185
187
185
185
184
186
185
185
199
238
252
251
249
250
252
253
252
250
248
251
250
225
196
185
167
56
157
174
181
180
178
183
188
201
243
248
249
248
248
248
248
248
248
248
248
248
248
251
254
226
195
188
183
183
190
231
246
245
211
185
182
182
189
224
253
255
241
248
242
254
250
250
252
253
252
250
248
248
250
254
242
248
242
254
250
248
248
248
248
248
248
252
242
199
58
163
189
194
214
249
251
249
248
250
248
248
229
188
185
182
150
135
140
204
254
255
252
250
248
248
248
248
252
242
193
176
210
247
250
248
248
248
248
248
248
250
249
210
184
203
243
248
249
248
249
253
244
206
206
189
184
181
184
183
186
185
184
182
211
246
251
251
250
254
242
248
242
254
250
251
252
228
184
164
36
44
68
202
199
191
189
186
181
183
205
250
251
248
248
248
248
248
248
248
248
248
248
248
249
242
200
177
178
183
222
251
254
253
249
207
184
181
185
223
255
254
219
66
211
242
253
254
242
248
242
254
250
248
248
250
252
253
252
250
248
248
248
248
248
248
248
251
255
226
188
175
195
212
246
250
249
248
248
248
249
253
239
192
189
185
150
135
156
229
245
252
242
254
250
248
248
248
251
246
204
182
186
227
252
249
248
248
248
248
248
249
251
237
191
183
201
238
251
251
248
248
233
193
183
183
186
190
191
210
212
188
183
184
186
199
241
251
255
252
219
66
211
242
252
251
249
226
184
54
47
36
221
232
253
246
224
191
182
179
201
242
250
249
248
248
248
248
248
248
248
248
248
248
253
247
205
184
188
203
234
251
249
250
251
243
197
179
184
227
246
223
34
38
66
250
255
252
219
66
211
242
252
248
248
248
248
250
252
253
252
250
248
248
248
248
248
249
253
232
190
184
201
243
250
250
248
248
248
248
248
251
246
222
185
183
176
145
168
198
209
70
212
242
252
248
248
248
250
250
234
184
183
225
251
251
248
248
248
248
248
249
254
242
195
176
185
228
252
251
246
216
188
187
183
183
190
230
244
246
245
203
184
182
181
182
195
248
245
223
35
39
66
248
254
250
236
201
179
162
68
196
72
225
249
255
252
214
186
182
186
217
251
250
248
248
248
248
248
248
248
248
248
248
250
247
211
201
236
244
245
248
248
248
252
245
205
180
180
224
247
69
38
34
219
246
246
219
34
38
66
248
253
248
248
248
250
254
242
248
242
254
250
248
248
248
248
250
250
227
182
183
231
250
252
252
253
252
250
248
248
250
254
227
185
188
176
159
174
171
32
41
69
252
255
252
250
248
249
253
236
189
183
227
253
251
248
248
248
248
248
249
248
236
188
177
189
229
253
252
221
187
184
182
182
184
199
243
254
252
251
244
201
189
186
181
184
207
243
64
39
35
220
242
252
252
235
193
190
178
208
33
49
68
248
254
251
243
200
176
182
213
248
252
248
248
248
248
248
248
248
248
248
248
249
247
245
245
249
252
250
249
248
248
250
248
213
186
181
199
230
216
67
219
252
255
250
66
38
34
219
242
252
248
248
250
254
252
219
66
211
242
252
248
248
248
248
252
242
201
183
194
239
252
252
232
240
242
255
255
253
251
250
242
211
181
180
168
185
58
38
40
230
235
252
242
254
250
248
252
236
188
178
222
248
251
248
248
248
248
248
250
250
201
187
178
187
229
254
241
203
183
183
185
184
188
228
249
250
248
250
248
247
227
190
183
181
189
181
190
66
223
252
254
250
251
245
218
185
196
65
47
36
219
242
252
253
249
197
181
182
214
250
252
248
248
248
248
248
248
248
248
248
248
248
249
250
250
249
248
248
248
248
248
249
249
237
190
177
202
246
245
248
242
254
253
242
211
66
219
252
254
250
248
248
253
246
225
38
40
66
248
253
248
248
248
248
252
236
191
176
219
246
250
254
238
89
205
205
225
246
255
255
246
203
193
195
202
182
156
65
229
255
230
68
211
242
252
248
252
240
199
181
190
237
251
248
248
248
248
248
249
248
235
188
175
184
228
254
231
184
180
183
184
185
221
248
250
249
248
248
250
251
249
226
194
185
184
191
188
236
243
255
250
248
252
238
198
181
186
200
71
220
251
254
250
250
248
240
190
177
209
246
250
248
248
248
248
248
248
248
248
248
248
248
248
248
248
248
248
248
248
248
248
249
252
236
189
177
192
235
254
254
252
250
250
254
242
248
244
255
255
255
255
255
255
241
59
22
38
219
242
252
248
248
248
248
252
236
189
183
208
246
252
252
236
226
79
85
83
214
214
217
194
154
165
198
240
212
190
209
240
241
49
50
76
253
254
248
251
249
225
179
185
234
252
249
248
248
248
248
249
254
239
190
175
187
231
254
229
185
179
185
189
215
250
251
249
248
248
248
248
249
249
248
244
219
189
188
188
202
244
249
250
248
250
230
186
181
202
236
252
242
254
250
248
249
252
243
194
181
192
231
252
248
248
248
248
248
248
248
248
248
248
248
248
248
248
248
248
248
248
248
248
248
252
241
193
180
190
237
255
255
255
255
255
255
255
255
255
248
225
203
205
205
211
200
54
57
225
252
254
250
248
248
248
248
252
243
201
181
217
245
250
250
254
240
223
205
214
91
82
85
73
79
65
167
193
164
154
166
168
45
14
12
194
239
255
255
255
255
244
200
192
244
255
255
255
255
255
255
255
255
254
208
193
222
249
254
229
187
180
184
193
240
249
252
248
248
248
248
248
248
249
250
251
249
227
184
180
185
200
247
252
249
251
235
190
179
227
251
255
252
250
248
248
250
249
210
186
178
211
246
250
248
248
248
248
248
248
250
253
255
255
255
255
255
255
255
255
255
255
255
255
255
255
255
244
196
203
227
229
206
205
205
205
205
205
205
207
211
82
87
89
89
89
89
219
235
246
254
250
248
248
248
248
248
250
249
227
185
192
237
252
249
250
253
255
255
254
230
178
26
126
149
163
78
84
82
71
74
65
61
52
73
80
221
209
205
208
209
191
154
152
153
205
209
206
205
205
205
205
207
201
220
238
255
255
255
245
200
194
198
198
217
255
255
255
255
255
255
255
255
255
255
255
255
253
207
197
194
209
254
255
255
255
255
234
197
202
253
255
255
255
255
255
255
255
217
191
197
230
255
255
255
255
255
255
255
255
255
246
225
203
205
205
205
205
205
205
205
205
205
205
205
208
211
195
152
156
200
85
87
89
89
89
89
89
89
87
82
211
207
205
205
203
225
244
255
253
250
248
248
248
248
248
248
249
253
229
185
183
231
250
250
248
248
248
253
248
232
54
53
69
195
188
214
213
189
156
152
164
201
222
223
218
85
87
89
89
89
82
76
68
75
80
89
90
89
89
89
89
89
89
86
215
210
209
209
190
152
154
156
150
173
206
209
205
205
205
205
205
205
205
205
206
208
205
182
150
152
155
176
210
207
208
211
185
151
151
155
206
208
205
205
205
210
207
168
150
151
179
208
208
205
205
205
205
205
207
211
218
87
89
89
89
89
89
89
89
89
89
89
89
89
89
90
81
73
71
77
214
208
205
205
205
205
205
205
203
225
246
255
255
255
255
255
253
250
248
248
248
248
248
248
248
248
248
252
233
190
183
210
247
252
249
248
248
253
248
69
40
32
165
182
203
252
255
243
205
195
198
225
255
255
246
225
203
205
208
209
190
157
152
153
175
206
209
205
205
205
205
205
207
211
82
87
89
92
87
80
73
72
75
82
88
91
89
89
89
89
89
89
89
89
89
90
91
85
77
70
71
80
86
91
89
89
83
76
67
78
84
92
89
89
89
90
83
77
70
77
83
89
89
89
89
91
93
97
103
82
82
205
218
207
205
205
205
205
205
205
205
205
205
205
208
211
194
158
162
221
249
255
255
255
255
255
255
255
255
255
253
250
248
248
248
248
248
248
248
248
248
248
248
248
248
248
250
254
254
228
186
190
240
250
251
249
248
252
243
213
61
163
186
192
226
249
253
246
210
182
181
186
219
252
254
255
255
255
255
255
244
200
192
193
213
255
255
255
255
255
255
255
255
246
225
203
207
218
206
173
138
165
153
171
205
208
206
205
205
205
205
205
205
205
205
205
210
210
172
150
151
168
205
207
208
210
199
167
152
172
209
211
209
205
209
209
187
156
151
172
208
210
205
205
207
216
199
211
197
181
45
209
255
255
255
255
255
255
255
255
255
255
255
255
255
255
242
199
230
255
254
250
248
248
248
248
248
248
248
248
248
248
248
248
248
248
248
248
248
248
248
248
248
248
248
250
254
249
236
212
186
193
197
243
248
249
249
250
255
242
205
178
188
190
228
252
254
247
211
180
178
180
210
250
252
248
248
248
248
251
237
197
182
186
208
247
250
248
248
248
248
248
250
253
255
255
255
255
236
76
184
190
199
205
243
255
255
255
255
255
255
255
255
255
255
255
255
255
229
198
196
202
236
255
255
255
255
227
201
195
228
255
255
255
255
255
231
196
192
217
255
255
255
255
255
255
238
96
215
62
50
72
250
253
248
248
248
248
248
248
248
248
248
248
252
242
194
184
221
251
251
248
248
248
248
248
248
248
248
248
248
248
248
248
248
248
248
248
248
248
248
248
248
248
250
254
251
228
62
54
180
177
187
190
226
248
250
249
254
250
208
183
181
188
229
252
252
251
204
182
180
184
217
248
252
248
248
248
248
251
247
214
187
229
247
247
249
248
248
248
248
248
248
248
248
252
242
220
37
43
59
189
184
183
212
245
248
251
248
248
248
248
248
248
248
248
251
247
212
184
181
184
217
249
251
249
252
239
198
161
60
191
242
250
249
227
190
181
183
207
249
250
248
252
242
219
34
52
29
52
34
219
242
252
248
248
248
248
248
248
248
248
248
248
251
238
189
180
222
251
251
248
248
248
248
248
248
248
248
248
248
248
248
248
248
248
248
248
248
248
248
248
248
248
252
242
221
47
16
30
67
199
186
181
185
230
251
254
254
245
199
179
181
214
248
250
250
249
242
199
182
182
197
233
251
248
248
248
248
251
250
219
226
248
253
249
248
248
248
248
248
248
248
248
248
253
248
66
39
39
220
197
187
183
187
197
241
253
253
252
250
249
248
248
249
250
253
230
194
184
180
184
215
250
252
248
254
240
184
29
34
58
198
216
219
199
183
180
192
242
249
249
248
253
248
66
38
46
197
78
219
252
254
250
248
248
248
248
248
248
248
248
248
250
254
241
196
181
221
250
251
248
248
248
248
248
248
248
248
248
248
248
248
248
248
248
248
248
248
248
248
248
248
248
253
248
70
29
15
49
223
236
195
180
180
190
234
244
245
209
184
182
208
248
250
249
248
253
248
207
183
181
179
223
252
251
248
248
248
249
246
245
245
248
249
248
248
248
248
248
248
248
248
248
248
252
242
211
66
221
253
248
192
180
180
185
209
241
240
241
245
250
250
251
253
249
248
219
186
183
182
183
217
249
251
248
254
246
66
41
36
169
179
185
188
185
184
187
221
247
251
248
248
252
242
211
66
225
239
253
242
254
250
248
248
248
248
248
248
248
248
248
249
244
243
229
191
186
224
251
250
248
248
248
248
248
250
252
253
252
250
248
248
248
248
248
248
248
248
248
248
248
248
248
252
242
218
57
61
228
254
255
239
197
192
190
191
195
192
186
183
196
246
250
250
248
248
252
245
203
181
179
188
228
252
251
248
248
248
248
249
249
249
249
248
248
248
248
248
248
248
248
248
248
248
250
254
242
248
242
255
247
211
188
184
183
189
196
186
186
236
253
250
244
242
236
200
197
186
185
182
191
227
251
250
248
252
242
213
69
220
220
191
180
177
181
185
227
248
249
249
248
248
250
254
242
248
244
255
254
252
250
248
248
248
248
248
248
248
248
248
248
249
250
196
184
185
210
245
251
248
248
248
248
248
250
254
242
248
242
254
250
248
248
248
248
248
248
248
248
248
248
248
248
250
254
246
231
231
246
255
253
254
240
210
179
190
182
180
182
190
241
249
250
248
248
248
250
248
206
188
181
182
223
248
251
248
248
248
248
248
248
248
248
248
248
248
248
248
248
248
248
248
248
248
248
250
252
253
252
251
247
247
226
191
185
182
181
178
182
206
241
234
205
197
193
187
183
186
184
184
207
245
250
248
248
250
254
242
249
243
254
211
191
191
190
225
249
251
249
248
248
248
248
250
252
253
252
250
248
248
248
248
248
248
248
248
248
248
248
248
248
252
245
235
184
178
211
250
252
248
248
248
248
250
254
252
219
66
211
242
252
248
248
248
248
248
248
248
248
248
248
248
248
248
250
253
254
254
253
252
255
254
223
64
173
182
192
181
186
230
250
251
249
248
248
248
249
249
238
193
176
179
185
235
252
248
248
248
248
248
248
248
248
248
248
248
248
248
248
248
248
248
248
248
248
248
248
248
248
248
249
251
248
245
203
184
181
184
185
187
191
190
187
183
184
184
184
184
182
186
215
250
250
248
248
248
250
252
254
253
250
246
240
240
242
246
249
249
248
248
248
248
248
248
248
248
248
248
248
248
248
248
248
248
248
248
248
248
248
248
248
250
250
216
186
185
215
250
250
248
248
248
248
252
242
219
34
38
66
248
253
248
248
248
248
248
248
248
248
248
248
248
248
248
248
248
248
248
248
252
242
220
36
38
65
233
198
178
188
232
253
249
248
248
248
248
248
252
245
202
189
188
207
240
249
248
248
248
248
248
248
248
248
248
248
248
248
248
248
248
248
248
248
248
248
248
248
248
248
248
248
249
251
251
245
195
183
189
190
186
176
176
181
182
183
183
179
184
186
208
244
248
249
248
248
248
248
248
248
248
249
251
252
252
253
254
254
252
250
248
248
248
248
248
248
248
248
248
248
248
248
248
248
248
248
248
248
248
248
248
249
251
233
195
178
198
242
250
249
248
248
248
248
253
248
66
38
34
219
242
252
248
248
248
248
248
248
248
248
248
248
248
248
248
248
248
248
248
248
253
248
66
39
36
225
240
213
185
188
229
251
248
248
248
248
248
248
250
245
243
238
240
244
247
250
248
248
248
248
248
248
248
248
248
248
248
248
248
248
248
248
248
248
248
248
248
248
248
248
248
248
248
248
250
250
239
196
215
243
204
191
193
189
190
191
195
192
192
228
247
249
250
248
248
248
248
248
248
248
248
248
248
248
250
254
242
248
242
254
250
250
252
253
252
250
248
248
248
248
248
248
248
248
248
248
248
248
248
248
248
252
252
219
183
185
208
250
251
248
248
248
248
248
252
242
211
66
219
252
254
250
248
248
248
248
248
248
248
248
248
248
248
248
248
248
248
248
248
248
252
242
211
66
220
253
255
246
212
191
233
251
248
248
248
248
248
248
249
250
251
252
252
251
249
248
248
248
248
248
248
248
248
248
248
248
248
248
248
248
248
248
248
248
248
248
248
248
248
248
248
248
248
248
249
251
246
245
248
249
246
241
242
239
209
231
242
240
243
247
251
249
248
248
248
248
248
248
248
248
248
248
248
250
254
252
219
66
211
242
253
254
242
248
242
254
250
248
248
248
248
248
248
248
248
248
248
248
248
248
250
248
244
210
177
189
239
250
249
248
248
248
248
250
253
255
246
250
242
254
250
248
248
248
248
248
248
248
248
248
248
248
248
248
248
248
248
248
248
248
250
254
242
248
242
255
253
251
224
224
245
251
248
248
248
248
248
248
248
248
248
248
248
248
248
248
248
248
248
248
248
248
248
248
248
248
248
248
248
248
248
248
248
248
248
248
248
248
248
248
248
248
248
248
248
249
250
250
250
251
251
252
253
250
249
249
252
252
252
250
249
248
248
248
248
248
248
248
248
248
248
248
248
252
242
219
34
38
66
250
255
252
219
66
211
242
252
248
248
248
248
248
248
248
248
248
248
248
248
250
252
243
203
186
184
199
246
252
248
248
248
248
250
254
242
250
246
255
253
250
248
248
248
248
248
248
248
248
248
248
248
248
248
248
248
248
248
248
248
248
248
250
252
253
252
250
249
247
246
246
248
249
248
248
248
248
248
248
248
248
248
248
248
248
248
248
248
248
248
248
248
248
248
248
248
248
248
248
248
248
248
248
248
248
248
248
248
248
248
248
248
248
248
248
248
248
248
248
248
248
248
248
248
249
249
249
249
248
248
248
248
248
248
248
248
248
248
248
248
248
248
248
248
253
248
66
38
34
219
246
246
219
34
38
66
248
253
248
248
248
248
248
248
248
248
248
248
248
249
247
247
228
185
177
191
233
249
250
248
248
248
250
254
252
219
66
211
242
252
248
248
248
248
248
248
248
248
248
248
248
248
248
248
248
248
248
248
248
248
248
248
248
248
248
248
248
248
249
249
249
249
248
248
248
248
248
248
248
248
248
248
248
248
248
248
248
248
248
248
248
248
248
248
248
248
248
248
248
248
248
248
248
248
248
248
248
248
248
248
248
248
248
248
248
248
248
248
248
248
248
248
248
248
248
248
248
248
248
248
248
248
248
248
248
248
248
248
248
248
248
248
248
248
252
242
211
66
219
252
255
250
66
38
34
219
242
252
248
248
248
248
248
248
248
248
248
248
248
250
246
208
186
183
181
191
240
253
249
248
248
248
252
242
219
34
38
66
248
253
248
248
248
248
248
248
248
248
248
248
248
248
248
248
248
248
248
248
248
248
248
248
248
248
248
248
248
248
248
248
248
248
248
248
248
248
248
248
248
248
248
248
248
248
248
248
248
248
248
248
248
248
248
248
248
248
248
248
248
248
248
248
248
248
248
248
248
248
248
248
248
248
248
248
248
248
248
248
248
248
248
248
248
248
248
248
248
248
248
248
248
248
248
248
248
248
248
248
248
248
248
248
248
248
250
254
242
248
242
254
253
240
207
61
216
250
254
250
248
248
248
248
248
248
248
248
248
248
248
249
244
201
181
181
184
224
247
250
248
248
248
248
252
240
68
36
36
211
240
252
248
248
248
248
248
248
248
248
248
248
248
248
248
248
248
248
248
248
248
248
248
248
248
248
248
248
248
248
248
248
248
248
248
248
248
248
248
248
248
248
248
248
248
248
248
248
248
248
248
248
248
248
248
248
248
248
248
248
248
248
248
248
248
248
248
248
248
248
248
248
248
248
248
248
248
248
248
248
248
248
248
248
248
248
248
248
248
248
248
248
248
248
248
248
248
248
248
248
248
248
248
248
248
248
248
248
248
248
248
248
248
248
248
248
248
248
248
248
248
248
248
248
248
248
248
248
248
248
248
248
248
247
188
182
217
251
248
248
248
248
248
248
248
248
248
40
248
248
248
248
248
248
248
248
248
248
248
248
248
248
248
248
248
248
