246
246
246
246
246
246
246
246
246
246
246
246
246
246
246
246
246
246
246
246
246
246
246
246
246
246
246
246
246
246
246
246
246
246
246
246
246
246
246
246
246
246
246
246
246
246
246
246
246
246
246
246
246
246
246
246
246
246
246
246
246
246
246
246
246
246
246
246
246
246
246
246
246
246
246
246
246
246
246
246
246
246
246
242
129
130
153
253
246
246
246
246
246
246
246
246
246
246
246
246
246
246
246
246
246
246
246
246
246
246
246
246
246
246
246
246
246
246
246
246
246
246
246
246
246
246
246
246
246
246
246
246
246
246
246
110
110
110
246
110
246
246
246
246
246
246
246
246
110
246
246
246
246
246
246
246
246
246
246
246
246
246
246
246
246
246
246
246
246
246
246
246
246
246
246
246
246
246
246
246
246
246
246
246
246
246
246
246
246
246
246
246
246
246
246
246
246
246
246
246
246
246
246
246
246
246
246
246
246
246
246
246
246
246
246
246
246
246
246
246
246
246
248
245
242
246
252
255
250
248
246
246
251
228
139
117
159
241
253
246
246
246
246
246
246
246
246
247
253
248
225
123
220
241
249
246
246
246
246
246
246
246
246
246
246
246
246
246
246
246
246
246
246
246
246
246
246
246
246
246
246
246
246
247
248
234
136
209
108
109
128
241
249
246
249
241
223
107
110
110
246
246
246
246
246
246
246
246
246
246
246
246
246
246
246
246
246
246
246
246
246
246
246
246
246
246
246
246
246
246
246
246
247
250
253
255
255
255
255
255
255
255
255
254
250
248
246
246
246
246
246
246
246
246
246
246
246
246
246
246
246
246
246
246
246
246
246
246
246
246
246
246
250
248
193
187
228
234
237
246
246
246
254
240
149
122
158
242
255
246
246
246
246
246
246
246
246
249
242
228
106
109
127
247
250
246
246
246
246
246
246
246
246
246
246
246
246
246
246
246
246
246
246
246
246
246
246
246
246
246
246
246
246
247
253
246
247
123
115
107
228
242
249
246
250
247
127
109
107
246
246
246
246
246
246
246
246
246
246
246
246
246
246
246
246
246
246
246
246
246
248
250
254
255
254
251
248
246
246
246
246
246
250
242
236
229
232
232
233
233
233
233
230
236
246
254
254
250
247
246
246
246
246
246
246
246
246
246
246
246
246
246
246
246
246
246
246
246
246
246
246
246
251
247
188
128
136
155
225
254
247
246
253
242
216
118
157
241
255
246
246
246
246
246
246
246
246
250
247
127
109
106
228
242
249
246
247
249
250
249
247
246
246
246
246
246
246
246
246
246
246
246
246
246
246
246
246
246
246
246
246
246
246
246
247
251
246
225
128
228
249
253
247
246
249
242
223
127
223
246
246
246
246
246
246
246
246
246
246
246
246
246
246
246
246
246
246
246
246
247
248
240
235
227
234
240
246
248
246
246
246
246
253
234
151
138
144
146
145
143
143
145
143
141
203
235
238
241
248
246
246
246
246
246
246
246
246
246
246
246
246
246
246
246
246
246
246
246
246
246
246
246
250
252
205
134
109
185
236
249
248
246
253
239
150
120
156
241
255
246
246
246
246
246
246
246
246
249
242
223
127
228
249
253
247
247
253
242
247
242
253
247
246
246
246
246
246
246
246
246
246
246
246
246
246
246
246
246
246
246
246
246
246
246
246
247
253
242
247
242
253
247
246
246
247
253
242
247
241
246
246
246
246
246
246
246
246
246
246
246
246
246
246
246
246
246
246
246
246
248
252
215
144
135
142
201
254
252
246
246
246
246
253
229
139
115
120
121
121
121
122
122
119
126
134
139
155
232
255
250
247
246
246
246
246
246
246
246
246
246
246
246
246
246
246
246
246
246
246
246
246
246
248
252
246
180
122
140
221
254
249
249
254
239
149
118
156
241
255
246
246
246
246
246
246
246
246
247
253
242
247
242
253
247
247
253
249
228
127
223
242
249
246
246
246
246
246
246
246
246
246
246
246
246
246
246
246
246
246
246
246
246
246
246
246
246
247
249
250
249
247
246
246
246
246
247
249
250
249
246
246
246
246
246
246
246
246
246
246
246
246
246
246
246
246
246
246
246
246
249
252
203
125
110
118
180
242
250
247
246
246
246
253
231
159
120
130
131
130
127
125
125
126
126
125
118
127
208
243
246
252
247
246
246
246
246
246
246
246
246
246
246
246
246
246
246
246
246
246
246
246
246
246
254
250
185
116
124
210
255
255
242
250
245
227
127
154
242
255
246
246
246
246
246
246
246
247
249
254
255
255
255
253
249
250
242
228
106
109
127
247
253
251
252
250
247
246
246
246
246
246
246
246
246
246
246
246
246
246
246
246
246
246
246
246
246
246
246
246
246
246
246
246
246
246
246
246
246
246
246
246
246
246
246
246
246
246
246
246
246
246
246
246
246
246
246
246
246
246
250
253
208
131
121
127
135
205
254
249
246
246
246
253
241
154
134
128
129
130
137
145
146
133
123
121
121
130
134
148
234
251
254
249
247
246
246
246
246
246
246
246
246
246
246
246
246
246
246
246
246
246
246
246
251
253
192
127
122
203
253
253
228
128
234
223
137
152
242
255
246
246
246
246
246
246
247
251
246
240
232
231
233
240
244
253
247
127
109
106
227
245
246
236
238
244
254
250
247
246
247
250
254
254
254
251
248
246
246
246
246
246
246
246
246
246
246
246
246
246
246
246
246
246
246
246
246
246
246
246
246
246
246
246
246
246
246
246
246
246
246
246
246
246
246
246
246
246
246
246
250
254
208
131
123
123
127
196
250
251
246
246
246
253
240
218
126
128
128
128
172
239
243
184
141
144
139
130
118
124
141
228
245
248
254
249
247
246
246
246
246
246
246
246
246
246
246
246
246
246
246
246
246
246
248
251
244
171
120
139
218
235
107
109
136
224
136
151
242
255
246
246
246
246
246
246
249
247
237
154
141
142
140
177
246
254
243
223
127
228
250
255
251
171
139
214
240
242
250
246
249
240
236
228
233
240
246
248
246
246
246
246
246
246
246
246
246
246
246
246
246
246
246
246
246
246
246
246
246
246
246
246
246
246
246
246
246
246
246
246
246
246
246
246
246
246
246
246
246
246
250
254
208
132
124
124
128
198
252
251
246
246
246
254
239
153
130
129
127
131
189
255
255
243
235
234
237
159
129
120
130
134
158
231
245
247
251
247
246
246
246
246
246
246
246
246
246
246
246
246
246
246
246
246
246
255
252
183
116
133
214
133
112
107
236
220
135
151
242
255
246
246
246
246
246
246
252
244
156
122
117
120
117
147
237
253
254
242
247
243
255
254
240
152
123
127
152
235
253
248
252
220
145
134
139
192
251
251
246
246
246
246
246
246
246
246
246
246
246
246
246
246
246
246
246
246
246
246
246
246
246
246
246
246
246
246
246
246
246
246
246
246
246
246
246
246
246
246
246
246
249
254
209
134
123
124
128
198
252
251
246
246
246
254
228
140
120
132
127
128
178
250
255
251
254
255
254
245
154
129
123
122
131
133
169
242
250
250
247
246
246
246
246
246
246
246
246
246
246
246
246
246
246
246
246
253
249
180
119
125
206
222
130
230
255
231
135
151
242
255
246
246
246
246
246
246
252
244
157
125
125
129
126
137
189
250
252
249
250
251
249
246
169
131
125
115
138
226
254
249
254
213
128
108
118
181
249
252
246
246
246
246
246
246
246
246
246
246
246
246
246
246
246
246
246
246
246
246
246
246
246
246
246
246
246
246
246
246
246
246
246
246
246
246
246
246
246
246
246
246
249
252
206
129
123
124
129
197
252
251
246
246
246
255
229
145
121
131
125
126
178
247
253
246
246
247
251
249
242
153
128
120
124
122
126
161
244
248
248
246
246
246
246
246
246
246
246
246
246
246
246
246
246
246
246
253
247
178
120
122
149
223
254
244
255
225
133
153
245
255
246
246
246
246
246
246
249
246
240
150
132
128
128
126
168
246
254
246
246
254
254
184
130
124
129
119
140
227
254
250
247
209
128
119
125
185
249
252
246
246
246
246
246
246
246
246
246
246
246
246
246
246
246
246
246
246
246
246
246
246
246
246
246
246
246
246
246
246
246
246
246
247
250
254
255
255
255
255
255
255
255
255
226
146
132
125
134
204
255
255
255
255
255
255
238
147
122
112
125
139
196
255
255
255
255
255
255
255
255
250
164
144
140
129
127
132
182
255
255
255
255
255
255
255
255
255
255
255
255
255
255
255
255
255
255
255
255
197
139
119
138
227
255
255
255
232
139
147
244
255
255
255
255
255
255
255
255
255
255
243
149
129
130
127
160
245
255
255
255
255
246
171
123
129
131
134
157
247
255
255
234
146
128
128
142
204
255
255
255
255
255
255
255
255
255
255
255
255
254
250
247
246
246
246
246
246
246
246
246
246
246
246
246
246
246
246
246
246
246
246
246
249
237
229
216
219
219
219
219
219
220
222
220
181
119
118
123
185
228
223
219
219
219
224
209
128
100
107
105
149
218
221
221
219
219
219
219
220
224
218
216
195
122
117
120
119
160
227
230
224
225
225
223
220
219
219
219
219
219
219
219
219
219
219
219
221
221
218
154
113
127
203
228
222
226
207
126
120
158
227
223
219
219
219
219
219
219
220
226
215
137
116
122
123
131
168
227
221
221
228
172
127
123
125
121
119
201
218
224
227
201
125
116
119
159
219
222
221
219
219
219
219
219
219
219
219
219
216
229
237
249
246
246
246
246
246
246
246
246
246
246
246
246
246
246
246
246
246
246
246
246
250
242
149
142
148
149
148
147
148
149
155
153
138
122
109
115
125
139
147
145
141
141
146
142
126
113
104
113
130
143
150
142
141
141
141
141
141
142
144
149
143
138
120
116
110
120
129
141
140
133
132
139
151
151
147
144
142
141
141
141
141
141
141
141
141
147
139
127
108
110
127
139
145
147
131
118
102
124
135
146
140
141
141
141
141
141
141
144
138
135
118
116
106
110
124
137
146
146
141
127
112
111
111
115
128
142
147
146
139
125
114
108
114
129
143
147
141
141
141
141
141
141
141
141
141
141
137
147
241
250
246
246
246
246
246
246
246
246
246
246
246
246
246
246
246
246
246
246
246
246
250
241
231
214
207
203
214
215
217
205
207
212
178
121
122
123
115
179
218
222
220
219
222
222
204
113
121
122
151
218
222
221
219
219
219
219
219
219
219
220
223
231
207
130
119
120
116
160
181
131
111
176
210
205
212
219
227
222
220
219
219
219
219
219
219
222
228
163
126
115
125
205
229
228
207
127
112
152
221
226
219
219
219
219
219
219
219
220
221
228
222
139
125
117
154
225
231
224
222
163
119
122
118
125
205
227
222
225
203
124
118
123
119
165
225
224
219
219
219
219
219
219
219
219
219
219
216
229
237
249
246
246
246
246
246
246
246
246
246
246
246
246
246
246
246
246
246
246
246
247
251
251
250
201
158
150
165
235
179
154
158
158
146
136
128
112
127
144
227
255
255
255
255
255
180
143
126
130
142
197
255
255
255
255
255
255
255
255
255
255
255
255
226
137
122
131
136
143
145
138
136
146
156
154
158
233
254
255
255
255
255
255
255
255
255
255
255
244
163
119
133
229
255
255
236
142
118
171
253
255
255
255
255
255
255
255
255
255
255
255
255
225
133
121
166
252
255
255
198
139
129
133
136
168
240
255
255
255
232
143
124
129
130
189
255
255
255
255
255
255
255
255
255
255
255
255
255
254
250
247
246
246
246
246
246
246
246
246
246
246
246
246
246
246
246
246
246
246
249
248
255
251
177
131
122
119
130
130
132
122
121
125
125
126
109
110
102
131
208
252
249
246
250
239
214
125
126
127
126
179
247
252
246
246
246
246
246
246
246
246
247
254
229
143
128
129
130
128
127
124
122
119
116
116
126
133
152
238
252
254
249
247
246
246
246
246
254
254
177
130
124
119
226
253
229
138
113
164
244
255
246
246
246
246
246
246
246
246
246
248
255
228
140
119
133
183
251
199
129
127
122
132
209
240
245
244
254
255
224
138
122
126
129
183
246
249
246
253
253
254
243
247
242
253
247
246
246
246
246
246
246
246
246
246
246
246
246
246
246
246
246
246
246
246
246
246
246
249
250
242
215
216
157
122
127
130
126
121
120
123
124
129
131
113
109
110
120
131
208
253
250
246
252
248
156
139
125
125
130
184
246
252
246
246
246
246
246
246
246
246
246
253
242
206
123
128
131
128
124
127
135
147
139
129
117
115
125
144
231
246
249
254
249
247
246
246
248
251
236
152
95
112
137
255
232
137
112
165
244
255
246
246
246
246
246
246
246
246
246
246
253
234
157
122
121
169
200
139
127
127
123
140
217
239
133
224
243
255
223
138
122
128
128
178
193
163
208
242
251
252
229
127
223
242
249
246
246
246
246
246
246
246
246
246
246
246
246
246
246
246
246
246
246
246
246
246
249
251
248
184
139
136
136
129
127
122
130
138
151
147
136
130
125
127
112
129
123
132
208
253
250
246
252
239
215
125
126
130
138
190
255
252
246
246
246
246
246
246
246
246
247
254
237
164
132
128
129
131
134
140
201
241
236
162
143
136
128
124
132
162
234
245
247
250
247
246
246
255
245
131
100
103
214
247
232
138
114
166
244
255
246
246
246
246
246
246
246
246
246
246
251
245
200
126
123
136
135
134
127
126
126
131
198
110
110
126
247
255
224
137
122
130
132
135
132
134
133
141
210
233
116
115
132
250
251
246
246
246
246
246
246
246
246
246
246
246
246
246
246
246
246
246
246
246
246
249
251
250
189
128
122
123
124
121
129
134
152
228
238
239
211
132
126
123
129
131
123
133
210
253
250
246
254
240
150
130
127
123
154
233
245
251
246
246
246
246
246
246
246
246
247
252
225
153
123
129
129
134
189
243
248
255
252
243
236
234
152
130
124
125
132
173
244
250
250
246
246
254
238
155
97
124
153
252
236
138
115
166
244
255
246
246
246
246
246
246
246
246
246
246
248
253
228
140
127
126
128
129
126
127
134
207
123
110
106
228
243
255
223
137
121
130
129
125
123
125
118
107
132
118
107
101
219
242
255
249
247
246
246
246
246
246
246
246
246
246
246
246
246
246
246
246
246
246
248
249
246
196
131
126
126
128
133
136
148
220
244
249
255
255
251
216
145
137
131
128
123
134
211
255
251
246
253
228
139
120
128
130
143
192
255
249
246
246
246
246
246
246
246
246
248
254
222
138
123
130
123
154
223
254
254
248
249
252
255
250
244
224
137
123
118
125
172
248
251
249
246
254
247
180
136
125
133
233
228
141
115
167
244
254
246
246
246
246
246
246
246
246
246
246
247
252
249
214
130
126
131
127
127
129
205
245
228
129
228
249
254
255
223
138
121
128
128
138
136
130
99
104
104
122
105
130
147
231
243
243
249
246
246
246
246
246
246
246
246
246
246
246
246
246
246
247
247
246
250
254
207
134
125
125
123
126
151
218
244
247
254
249
247
248
251
245
244
199
137
130
123
128
204
246
250
247
255
230
147
122
130
122
155
232
245
251
246
246
246
246
246
246
246
246
248
254
220
136
121
131
125
129
191
251
251
246
246
246
247
250
254
250
228
135
125
121
128
180
248
251
249
249
244
246
228
144
125
162
224
146
116
170
245
254
246
246
246
246
246
246
246
246
246
246
246
252
250
214
131
125
130
130
133
201
252
255
245
247
242
253
248
255
224
138
120
129
133
182
238
123
111
117
161
132
125
123
132
132
163
242
253
246
246
246
246
246
246
246
246
246
246
246
246
246
246
248
253
248
250
248
194
125
122
134
137
148
222
252
254
250
247
246
246
246
247
251
255
248
188
125
124
128
141
224
255
249
254
231
143
122
131
128
138
189
254
251
246
246
246
246
246
246
246
246
248
254
220
136
122
129
125
133
198
252
250
246
246
246
246
246
247
252
249
224
135
128
124
127
182
243
247
248
248
255
244
156
115
145
208
140
117
167
246
254
246
246
246
246
246
246
246
246
246
246
248
255
233
148
128
128
130
122
181
242
252
252
249
250
249
247
247
255
223
138
117
123
167
247
252
231
131
229
243
164
129
122
124
118
147
234
254
248
246
246
246
246
247
249
250
249
247
246
246
246
110
232
242
250
253
226
159
126
125
123
184
234
245
251
247
246
246
246
246
246
246
246
253
253
196
131
125
123
126
206
245
250
255
230
144
123
132
121
104
186
240
253
246
246
246
246
246
246
246
246
249
255
223
137
122
128
125
179
245
252
248
246
246
246
246
246
246
247
252
250
211
129
120
128
139
205
255
248
246
255
238
151
118
138
138
137
120
167
244
255
246
246
246
246
246
246
246
246
246
247
252
249
217
130
123
131
130
128
145
211
255
250
246
246
246
246
248
255
226
140
119
134
182
255
255
243
247
247
255
243
165
137
135
124
138
202
248
250
246
246
246
247
253
242
247
242
253
247
246
246
110
141
246
253
253
206
132
123
126
135
151
229
255
248
246
246
246
246
246
246
246
246
249
252
215
153
125
127
127
140
226
254
255
230
144
121
129
105
114
137
252
252
246
246
246
246
246
246
246
246
249
245
213
128
125
124
125
183
251
254
246
246
246
246
246
246
246
246
250
255
218
138
121
121
170
235
248
251
246
253
245
160
128
126
139
128
122
166
244
255
246
246
246
246
246
246
247
249
251
254
251
231
139
131
129
131
131
124
127
196
253
253
246
246
246
246
251
248
219
130
118
161
240
251
249
249
250
250
252
246
247
225
145
121
127
161
246
254
247
246
247
253
249
228
127
223
242
249
246
246
110
232
242
253
252
205
130
123
127
125
193
244
250
246
246
246
246
246
246
246
246
246
247
252
246
181
123
125
121
134
216
254
255
230
143
122
113
102
109
226
242
252
246
246
246
246
246
246
246
246
251
240
147
135
124
128
136
193
254
251
246
246
246
246
246
246
246
246
250
247
209
129
121
133
139
199
247
245
247
248
249
230
139
124
131
129
124
165
244
255
246
246
246
246
246
247
253
242
250
242
237
141
129
126
130
130
129
125
123
189
245
252
247
246
246
246
252
235
146
125
122
171
248
255
246
246
246
246
247
249
255
242
153
122
123
147
234
249
249
246
249
242
228
106
109
127
247
250
246
246
246
248
252
252
254
205
132
123
124
131
203
254
252
246
246
246
246
246
246
246
246
246
246
252
254
193
134
127
120
137
218
255
255
227
138
116
124
106
146
203
255
249
246
246
246
246
246
246
246
246
249
245
213
129
124
124
164
235
248
251
246
246
246
246
246
246
246
246
252
241
166
135
121
125
179
189
207
249
248
247
254
246
158
131
128
128
122
165
245
255
246
246
246
246
247
253
249
229
135
218
146
129
127
128
134
142
138
133
125
138
211
255
251
246
246
246
254
226
139
116
123
168
245
255
246
246
246
247
249
250
255
237
151
123
127
130
165
247
254
246
250
247
127
109
106
228
242
249
246
246
246
247
247
250
254
206
132
123
125
131
202
253
252
248
250
249
249
249
250
249
247
246
246
248
251
243
173
124
119
139
222
255
255
235
155
131
124
113
159
240
251
247
246
246
246
246
246
246
246
247
252
255
229
142
121
130
138
197
254
250
246
246
246
246
246
246
246
246
250
239
203
123
121
130
184
243
246
244
247
246
249
248
228
137
123
127
123
165
244
255
246
246
246
246
249
242
229
111
113
110
136
127
131
126
129
171
193
132
119
124
194
244
250
246
246
246
255
227
142
118
124
170
246
255
246
246
247
253
242
246
252
243
151
122
127
120
157
240
254
246
249
242
223
127
228
249
253
247
246
246
246
246
246
250
254
205
131
123
125
133
206
255
255
242
246
244
255
244
247
242
253
247
246
246
255
252
183
127
120
131
214
247
253
243
241
216
141
137
180
250
254
246
246
246
246
246
246
246
246
248
241
239
207
133
124
122
137
198
246
252
246
246
246
246
246
246
246
248
255
233
147
131
121
123
184
251
255
247
246
246
247
254
244
152
130
125
123
165
245
255
246
246
246
246
250
247
132
111
98
127
128
129
126
121
135
189
204
134
118
126
143
219
255
249
246
246
255
227
141
117
122
167
244
254
246
247
253
249
228
126
233
232
152
122
128
123
160
242
255
246
247
253
242
247
242
253
247
246
246
246
246
246
246
250
254
205
131
123
126
127
198
252
254
229
128
229
246
230
127
223
242
249
246
247
255
252
181
127
123
128
143
231
254
250
253
246
238
229
239
244
248
246
246
246
246
246
246
246
246
250
241
157
139
132
126
127
136
192
253
250
246
246
246
246
246
246
246
249
244
214
138
120
126
131
192
253
251
246
246
246
246
250
248
226
136
121
124
165
244
255
246
246
246
246
250
247
229
120
123
131
133
130
136
137
179
247
208
138
126
122
125
199
245
250
246
247
255
231
143
117
132
179
251
252
246
249
242
228
106
108
137
236
154
122
127
120
158
240
254
246
246
247
249
250
249
247
246
246
246
246
246
246
246
252
255
208
134
123
130
127
139
211
236
109
111
123
227
110
109
127
247
250
247
252
248
249
175
134
126
119
135
222
253
247
247
250
253
254
252
249
247
246
246
246
246
246
246
246
246
249
244
216
127
122
127
124
170
241
250
247
246
246
246
246
246
246
246
252
241
153
139
124
123
174
243
251
248
246
246
246
246
247
255
233
145
120
125
166
245
255
246
246
246
247
252
255
240
153
123
132
131
125
153
232
253
252
248
186
122
122
126
138
219
253
248
250
247
223
133
118
159
242
254
251
247
250
247
127
109
105
238
232
155
122
127
130
165
248
253
246
246
246
246
246
246
246
246
246
246
246
246
246
246
249
243
196
123
124
131
123
129
201
127
112
110
227
123
111
106
228
242
250
253
249
232
127
182
142
130
119
139
224
255
247
246
246
246
246
246
246
246
246
246
246
246
246
246
246
246
248
255
228
143
123
128
127
181
251
255
246
246
246
246
246
246
246
246
251
238
206
122
123
126
182
252
255
246
246
246
246
246
246
255
230
143
120
124
150
222
249
249
246
246
249
247
244
161
133
129
132
131
122
121
232
250
255
255
202
136
126
119
129
210
253
249
252
239
149
127
124
173
244
255
243
253
250
242
223
127
228
255
246
155
123
124
148
235
250
248
246
246
246
246
246
246
246
246
246
246
246
246
246
246
252
226
154
137
130
129
127
128
160
206
131
232
245
229
128
228
249
253
250
242
228
107
115
119
171
129
120
141
227
255
248
246
246
246
246
246
246
246
246
246
246
246
246
246
246
246
248
255
227
142
123
126
122
176
246
253
246
246
246
246
246
246
246
247
254
233
146
129
124
127
182
250
253
246
246
246
246
246
246
254
229
143
119
126
139
182
255
250
246
246
251
246
163
121
121
127
128
122
97
110
132
248
251
250
243
179
123
118
136
215
255
251
254
228
141
118
125
161
222
139
228
249
254
254
244
249
250
255
237
145
122
121
155
241
255
246
246
246
246
246
246
246
246
246
246
246
246
246
246
246
247
241
236
186
125
124
130
125
139
209
252
246
255
244
247
242
253
247
250
247
127
108
115
229
172
128
120
132
220
248
251
246
246
246
246
246
246
246
246
246
246
246
246
246
246
247
251
249
218
129
121
125
133
184
253
251
246
246
246
246
246
246
246
248
255
224
138
121
123
131
191
247
252
246
246
246
246
246
246
253
239
152
129
121
148
232
244
251
246
246
252
245
172
130
127
119
133
111
115
112
229
242
249
252
255
197
134
122
128
207
246
250
255
231
144
121
128
135
110
115
118
233
247
253
255
253
248
237
155
132
124
129
159
246
253
246
246
246
246
246
246
246
246
246
246
246
246
246
246
246
247
253
255
209
135
125
129
121
133
214
255
252
249
249
250
249
247
246
249
242
223
126
236
250
181
126
123
128
145
236
252
246
246
246
246
246
246
246
246
246
246
246
246
246
247
253
246
242
156
146
130
123
168
244
252
248
246
246
246
246
246
246
246
250
246
216
131
123
128
135
187
254
251
246
246
246
246
246
246
250
249
222
132
122
134
179
252
253
246
246
249
243
242
232
159
141
143
209
127
231
249
253
247
248
252
245
176
122
125
142
227
254
255
227
138
115
123
106
104
102
127
131
201
246
246
237
168
136
132
125
120
140
230
249
249
246
246
246
246
246
246
246
246
246
246
246
246
246
246
246
246
248
249
247
193
130
129
121
136
217
255
253
247
246
246
246
246
246
247
253
242
246
250
254
177
124
126
120
139
226
254
246
246
246
246
246
246
246
246
246
246
246
246
247
253
249
229
121
215
200
126
111
161
239
250
248
246
246
246
246
246
246
246
252
245
153
137
123
124
167
241
250
248
246
246
246
246
246
246
247
255
227
140
115
121
167
244
254
246
246
247
249
254
248
241
233
235
167
243
246
253
247
246
247
255
253
183
111
115
128
214
249
255
236
154
140
137
127
107
128
126
126
132
199
184
136
131
124
125
124
128
155
246
255
247
246
246
246
246
246
246
246
246
246
246
246
246
246
246
246
246
246
249
253
246
182
123
120
131
203
245
248
254
250
247
246
246
246
246
247
249
250
255
248
175
125
126
122
141
227
255
246
246
246
246
246
246
246
246
246
246
246
246
249
242
228
107
113
136
231
153
135
148
191
253
248
246
246
246
246
246
246
246
251
237
211
123
122
124
173
248
255
246
246
246
246
246
246
246
246
254
235
149
127
122
170
246
255
246
246
246
246
247
249
252
255
246
246
242
251
247
246
246
248
246
231
114
104
105
126
172
238
254
243
238
235
217
134
123
119
122
117
121
121
121
115
116
119
123
129
150
235
246
249
246
246
246
246
246
246
246
246
246
246
246
246
246
246
246
246
246
246
246
252
254
196
132
121
130
135
147
218
242
245
252
247
246
246
246
246
246
246
255
250
177
126
127
122
141
228
255
246
246
246
246
246
246
246
246
246
246
246
246
250
247
127
109
106
230
238
239
227
230
237
243
248
246
246
246
246
246
246
247
255
242
152
132
124
132
180
252
251
246
246
246
246
246
246
246
246
252
240
214
120
122
170
246
255
246
246
246
246
246
246
246
247
248
249
248
247
246
246
246
250
247
130
113
97
121
118
141
227
255
252
253
255
251
218
140
142
146
143
142
141
142
143
145
143
143
178
237
248
251
247
246
246
246
246
246
246
246
246
246
246
246
246
246
246
246
246
246
246
246
248
248
245
180
128
123
120
128
133
147
234
252
255
255
255
255
254
251
250
251
241
168
124
129
122
140
227
255
246
246
246
246
246
246
246
246
246
246
246
246
249
242
223
127
228
251
255
254
254
254
251
249
247
246
246
246
246
246
246
249
244
221
147
120
124
164
244
253
248
246
246
246
246
246
246
246
246
253
238
151
127
121
172
247
255
246
246
246
246
246
246
246
246
246
246
246
246
246
246
246
249
242
224
130
162
136
120
130
217
248
250
246
248
251
243
237
230
232
232
233
232
233
233
232
232
235
243
248
251
247
246
246
246
246
246
246
246
246
246
246
246
246
246
246
246
246
246
246
246
246
246
249
251
248
174
129
125
126
123
126
143
230
236
233
234
232
235
244
255
255
190
134
128
131
122
141
227
255
246
246
246
246
246
246
246
246
246
246
246
246
247
253
242
247
242
253
247
246
246
246
246
246
246
246
246
246
246
246
246
250
246
158
138
125
123
162
240
251
248
246
246
246
246
246
246
246
246
254
226
147
116
122
170
247
255
246
246
246
246
246
246
246
246
246
246
246
246
246
246
246
247
253
244
248
232
166
119
125
149
235
253
246
246
247
250
254
255
255
255
255
255
255
255
255
255
254
252
249
247
246
246
246
246
246
246
246
246
246
246
246
246
246
246
246
246
246
246
246
246
246
246
246
250
250
247
168
125
121
122
123
131
138
148
146
147
147
141
182
242
237
171
122
126
131
122
141
228
255
246
246
246
246
246
246
246
246
246
246
246
246
246
247
249
250
249
247
246
246
246
246
246
246
246
246
246
246
246
246
246
249
244
216
124
112
118
132
181
255
248
246
246
246
246
246
246
246
246
254
227
144
120
124
171
246
255
246
246
246
246
246
246
246
246
246
246
246
246
246
246
246
246
247
249
255
255
177
126
109
135
221
253
246
246
246
246
246
246
246
246
246
246
246
246
246
246
246
246
246
246
246
246
246
246
246
246
246
246
246
246
246
246
246
246
246
246
246
246
246
246
247
249
250
250
252
251
245
166
143
137
129
116
116
117
119
122
122
123
132
143
147
138
130
130
132
122
141
228
255
246
246
246
246
246
246
246
246
246
246
246
246
246
246
246
246
246
246
246
246
246
246
246
246
246
246
246
246
246
246
246
247
254
235
154
138
136
167
239
246
248
246
246
246
246
246
246
246
248
255
230
143
118
124
172
246
254
246
246
246
246
246
246
247
249
250
249
247
246
246
246
246
246
246
246
248
247
241
166
133
150
232
252
246
246
246
246
246
246
246
246
246
246
246
246
246
246
246
246
246
246
246
246
246
246
246
246
246
246
246
246
246
246
246
246
246
246
246
246
246
247
253
242
247
242
254
252
246
241
235
230
155
141
145
135
128
123
128
124
106
119
122
125
127
127
126
117
139
228
255
246
246
246
246
246
246
246
246
246
246
246
246
246
246
246
246
246
246
246
246
246
246
246
246
246
246
246
246
246
246
246
246
249
242
238
229
233
241
247
250
247
246
246
246
246
246
246
247
252
251
224
134
122
123
169
245
254
246
246
246
246
246
247
253
242
247
242
253
247
246
246
246
246
246
246
247
251
247
241
229
235
241
249
246
246
246
246
246
246
246
246
246
246
246
246
246
246
246
246
246
246
246
246
246
246
246
246
246
246
246
246
246
246
246
246
246
246
246
246
247
253
249
228
127
223
242
250
249
252
255
250
242
232
237
221
148
134
130
99
108
108
126
118
125
137
139
123
133
224
254
246
246
246
246
246
246
246
246
246
246
246
246
246
246
246
246
246
246
246
246
246
246
246
246
246
246
246
246
246
246
246
246
247
250
253
254
254
252
249
247
246
246
246
246
246
247
248
253
250
236
142
131
123
125
168
247
253
246
246
246
246
247
253
249
229
129
226
245
250
246
246
246
246
246
246
246
247
249
252
254
253
250
249
249
250
249
247
246
246
246
246
246
246
246
246
246
246
246
246
246
246
246
246
246
246
246
246
246
246
246
246
246
246
246
246
246
246
246
246
250
245
233
111
114
129
248
250
246
246
247
249
253
255
255
247
243
232
119
110
117
191
142
139
140
210
236
156
147
232
252
246
246
246
246
246
246
246
246
246
246
246
246
246
246
246
246
246
246
246
246
246
246
246
246
246
246
246
246
246
246
246
246
246
246
246
246
246
246
246
246
246
246
246
246
246
249
245
246
234
146
129
125
124
139
196
251
251
246
246
246
246
249
242
229
112
104
127
243
255
247
246
246
246
246
246
246
246
246
246
246
246
247
253
242
247
242
253
247
246
246
246
246
246
246
246
246
246
246
246
246
246
246
246
246
246
246
246
246
246
246
246
246
246
246
246
246
246
246
247
255
243
130
92
102
217
245
249
246
246
246
246
246
246
247
250
255
250
230
131
229
240
240
229
237
249
251
239
236
240
249
246
246
246
246
246
246
246
246
246
246
246
246
246
246
246
246
246
246
246
246
246
246
246
246
246
246
246
246
246
246
246
246
246
246
246
246
246
246
246
246
246
246
246
246
246
251
244
195
149
132
126
126
122
158
241
251
248
246
246
246
246
250
248
133
110
89
108
218
245
249
246
246
246
246
246
246
246
246
246
246
247
253
249
228
127
223
242
249
246
246
246
246
246
246
246
246
246
246
246
246
246
246
246
246
246
246
246
246
246
246
246
246
246
246
246
246
246
246
249
245
217
102
92
130
243
255
247
246
246
246
246
246
246
246
246
247
253
242
247
245
255
255
255
253
251
251
251
251
250
247
246
246
246
246
246
246
246
246
246
246
246
246
246
246
246
246
246
246
246
246
246
246
246
246
246
246
246
246
246
246
246
246
246
246
246
246
246
246
246
246
246
246
246
246
246
254
239
151
122
127
129
126
133
174
252
254
246
246
246
246
246
249
245
218
108
89
110
133
248
250
246
246
246
246
246
246
246
246
246
246
249
242
228
106
109
127
247
250
246
246
246
246
246
246
246
246
246
246
246
246
246
246
246
246
246
246
246
246
246
246
246
246
246
246
246
246
246
246
249
242
131
112
112
228
244
250
246
246
246
246
246
246
246
246
246
246
247
249
250
249
247
246
246
246
246
246
246
246
246
246
246
246
246
246
246
246
246
246
246
246
246
246
246
246
246
246
246
246
246
246
246
246
246
246
246
246
246
246
246
246
246
246
246
246
246
246
246
246
246
246
246
246
246
246
246
253
238
151
124
130
130
127
154
237
248
248
246
246
246
246
246
247
255
238
129
102
114
224
241
249
246
246
246
246
246
246
246
246
246
246
249
241
128
107
107
223
241
249
246
246
246
246
246
246
246
246
246
246
246
246
246
246
246
246
246
246
246
246
246
246
246
246
246
246
246
246
246
246
246
246
246
110
246
246
246
246
246
246
246
246
246
246
246
246
246
246
246
246
246
246
246
246
246
246
246
246
246
246
246
246
246
246
246
246
246
246
246
246
246
246
246
246
246
246
246
246
246
246
246
246
246
246
246
246
246
246
246
246
246
246
246
246
246
246
246
246
246
246
246
246
246
246
246
246
246
246
249
169
132
132
131
129
149
253
246
246
246
246
246
246
246
246
246
246
246
110
246
246
246
246
246
246
246
246
246
246
246
246
246
246
246
246
246
110
246
246
246
246
246
246
246
246
246
246
246
246
246
246
246
246
246
246
246
246
246
246
246
246
246
246
246
246
246
246
246
246
