244
244
244
244
244
244
244
244
244
244
244
244
244
244
244
244
244
244
244
244
244
244
244
244
244
244
244
244
244
244
244
244
244
244
244
244
244
244
244
244
244
244
244
244
244
244
244
244
244
244
244
244
244
244
244
244
244
244
244
244
244
244
244
244
109
244
244
244
244
244
244
244
244
244
244
244
244
244
244
244
244
244
244
244
244
244
244
244
244
244
109
244
244
244
244
244
244
244
244
244
244
244
244
244
244
244
244
244
244
244
244
244
244
244
244
244
244
244
244
244
244
244
244
244
244
244
244
244
244
244
244
244
244
244
244
244
244
244
244
244
244
244
244
244
244
244
244
244
244
244
244
244
244
244
244
244
244
244
244
244
244
244
244
244
244
244
244
244
244
244
244
244
244
244
244
244
244
244
244
244
244
244
244
244
244
244
244
244
244
244
244
244
244
244
244
244
244
244
244
244
244
244
244
244
244
244
244
244
244
244
246
239
220
107
107
128
239
246
244
244
244
244
244
244
244
244
244
244
244
244
244
244
244
244
244
244
247
241
225
112
112
130
240
246
244
244
244
244
244
244
244
244
244
244
244
244
244
245
246
247
246
245
244
244
244
244
244
244
244
244
244
244
245
249
241
237
236
238
245
244
249
246
245
244
244
244
244
244
244
244
244
244
244
244
244
244
244
244
244
244
244
244
244
244
244
244
244
244
244
244
244
244
244
244
244
244
244
244
244
244
244
244
244
244
244
244
244
244
244
244
244
244
244
244
244
244
244
244
244
244
244
244
244
244
244
244
244
244
244
244
244
244
244
244
244
244
244
244
244
244
247
244
126
108
105
225
240
246
244
244
244
244
245
246
249
250
250
250
250
250
250
250
249
246
245
245
250
240
129
92
103
215
243
246
244
244
244
244
244
244
244
244
244
244
244
244
245
249
240
244
240
249
245
244
244
244
244
244
244
244
244
244
246
244
229
144
158
199
190
237
247
240
249
245
244
244
244
244
244
244
244
244
244
244
244
244
244
244
244
244
244
244
244
244
244
244
244
244
244
244
244
244
244
244
244
244
244
244
244
244
244
244
244
244
244
244
244
244
244
244
244
244
244
244
244
244
244
244
244
244
244
244
244
244
244
244
244
244
244
244
244
244
244
244
244
244
244
244
244
244
246
240
220
126
225
246
249
245
244
244
244
246
250
245
240
230
231
231
230
231
230
228
235
239
247
246
243
215
103
92
129
240
250
245
244
244
244
244
244
244
244
244
244
244
244
245
249
246
225
126
220
240
246
244
244
244
244
244
244
244
244
245
250
244
155
123
125
137
188
226
131
220
240
246
244
244
244
244
244
244
244
244
244
244
244
244
244
244
244
244
244
244
244
244
244
244
244
244
244
244
244
244
244
244
244
244
244
244
244
244
244
244
244
244
244
244
244
244
244
244
244
244
244
244
244
244
244
244
244
244
244
244
244
244
244
244
244
244
244
244
244
244
244
244
244
244
244
244
244
244
245
249
240
244
240
249
246
246
246
245
248
245
242
229
155
140
144
143
144
144
145
138
155
235
250
248
245
129
113
110
231
243
247
245
246
247
246
245
244
244
244
244
244
244
244
246
240
225
105
108
126
244
247
244
244
244
244
244
244
244
244
247
248
231
143
119
122
156
217
109
109
126
244
247
244
244
244
244
244
244
244
244
244
244
244
244
244
244
244
244
244
244
244
244
244
244
244
244
244
244
244
244
244
244
244
244
244
244
244
244
244
244
244
245
245
248
248
247
245
245
244
244
244
244
244
244
244
244
244
244
244
244
244
244
245
247
248
247
245
244
244
244
244
244
244
244
244
244
244
244
244
245
246
247
247
248
249
242
243
242
249
239
174
131
129
119
121
121
121
121
121
115
130
220
244
249
240
220
126
225
246
249
246
249
240
244
240
249
245
244
244
244
244
244
244
247
244
126
108
105
225
240
246
244
244
244
244
244
244
244
247
247
243
159
131
125
129
172
123
117
106
225
240
246
244
244
244
244
244
244
244
244
244
244
244
244
244
244
244
244
244
244
244
244
244
244
244
244
244
244
244
244
244
244
244
244
244
244
244
244
244
244
244
246
239
243
233
244
239
246
244
244
244
244
244
244
244
244
244
244
244
244
244
245
245
234
236
240
250
247
245
244
244
244
244
244
244
244
244
244
244
244
245
246
250
245
239
210
175
246
250
182
128
123
127
130
131
131
131
131
131
128
129
153
240
249
249
240
244
240
249
246
249
246
225
126
220
240
246
244
244
244
244
244
244
246
240
220
126
225
246
249
245
244
244
244
244
244
244
246
246
241
166
127
126
125
124
163
216
133
225
246
249
245
244
244
244
244
244
244
244
244
244
244
244
244
244
244
244
244
244
244
244
244
244
244
244
244
244
244
244
244
244
244
244
244
244
244
244
244
244
244
244
249
231
166
198
179
241
249
243
244
244
244
244
244
244
244
244
244
244
244
243
248
248
194
136
197
240
242
248
245
244
244
244
244
244
244
244
244
244
244
246
241
240
227
151
128
169
237
224
150
125
127
131
131
130
129
128
129
130
130
121
145
231
249
245
246
247
246
245
246
240
225
105
108
126
244
247
244
244
244
244
244
244
245
249
240
244
240
249
245
244
244
244
244
244
244
244
249
250
185
130
125
127
126
132
180
243
248
240
249
245
244
244
244
244
244
244
244
244
244
244
244
244
244
244
244
244
244
244
244
244
244
244
244
244
244
244
244
244
244
244
244
244
244
244
244
244
244
244
244
244
250
225
143
113
170
237
250
243
244
244
244
244
244
244
244
244
244
244
244
243
248
244
181
121
122
143
227
244
246
244
244
244
244
244
244
244
244
244
243
249
244
175
133
126
119
160
199
141
128
125
125
126
125
126
132
133
133
128
131
122
150
234
250
244
244
244
244
244
247
244
126
108
105
225
240
246
244
244
244
244
244
244
244
245
246
247
246
245
244
244
244
244
244
244
244
246
250
241
174
122
126
130
124
154
236
250
249
246
245
244
244
244
244
244
244
244
244
244
244
244
244
244
244
244
244
244
244
244
244
244
244
244
244
244
244
244
244
244
244
244
244
244
244
244
244
244
244
244
244
244
249
237
150
120
167
244
250
244
244
244
244
244
244
244
244
244
244
244
244
243
248
250
196
131
117
123
155
237
249
244
244
244
244
244
244
244
244
244
243
250
238
161
119
124
131
139
136
126
123
136
138
131
128
136
178
191
130
126
131
122
149
233
250
245
248
250
250
250
250
244
222
127
225
246
249
245
244
244
244
244
244
244
244
244
244
244
244
244
244
244
244
244
244
244
246
249
246
193
132
128
129
128
121
159
240
250
244
244
244
244
244
244
244
244
244
244
244
244
244
244
244
244
244
244
244
244
244
244
244
244
244
244
244
244
244
244
244
244
244
244
244
244
244
244
244
244
244
244
244
244
247
246
217
127
157
237
248
246
244
244
244
244
244
244
244
244
244
244
244
244
245
248
239
175
122
117
143
228
250
244
244
244
244
244
244
244
244
244
243
250
241
167
124
128
131
130
126
126
132
205
233
162
153
232
246
193
130
122
130
122
150
235
253
249
242
233
227
240
237
250
239
249
242
249
245
244
244
244
244
244
244
244
244
244
244
244
244
244
244
244
244
244
244
245
248
245
203
127
121
123
128
126
130
166
245
249
244
244
244
244
244
244
244
244
244
244
244
244
244
244
244
244
244
244
244
244
244
244
244
244
244
244
244
244
244
244
244
244
244
244
244
244
244
244
244
244
244
244
244
244
245
251
225
137
125
188
250
249
244
244
244
244
244
244
244
244
244
244
244
244
244
250
248
183
127
117
147
230
250
244
244
244
244
244
244
244
244
244
243
250
242
168
124
128
131
125
122
130
200
250
248
240
239
248
253
208
140
126
129
122
152
235
249
236
185
140
140
149
211
165
229
245
248
249
245
244
244
244
244
244
244
244
244
244
244
244
244
244
244
244
244
244
244
247
246
217
133
127
138
144
140
123
144
230
247
246
244
244
244
244
244
244
244
244
244
244
244
244
244
244
244
244
244
244
244
244
244
244
244
244
244
244
244
244
244
244
244
244
244
244
244
244
244
244
245
246
247
246
245
244
244
250
222
135
112
172
238
248
245
244
244
244
244
244
244
244
244
244
244
244
243
249
245
181
125
117
146
229
250
244
244
245
246
245
245
244
244
244
245
251
243
165
106
123
127
131
135
191
245
249
248
248
248
247
249
241
178
124
127
122
153
241
227
144
127
124
118
130
128
136
134
186
241
244
243
246
244
244
244
244
244
244
244
244
244
244
244
244
244
244
244
244
245
250
235
165
121
125
188
226
151
119
155
240
252
246
245
244
244
244
244
244
244
244
244
244
244
244
244
244
244
244
244
244
244
244
244
244
244
244
244
244
244
244
244
244
244
244
244
244
244
244
244
245
249
240
244
240
249
245
244
250
222
136
116
132
197
249
248
243
244
244
244
244
244
244
244
244
244
244
243
249
246
181
126
115
145
229
250
244
247
243
242
240
246
247
247
246
248
244
228
115
103
107
133
161
236
243
245
247
244
244
244
244
248
250
197
139
126
121
153
231
210
120
117
122
121
121
121
119
121
163
189
203
248
248
244
244
244
244
244
244
244
244
244
244
244
244
244
244
244
245
249
246
219
130
118
148
217
185
135
117
155
229
250
240
249
245
244
244
244
244
244
244
244
244
244
244
244
244
244
244
244
244
244
244
244
244
244
244
244
244
244
244
244
244
244
244
244
244
245
246
248
250
247
225
126
220
240
246
244
249
232
155
120
122
188
247
248
243
244
244
244
244
244
244
244
244
244
244
243
250
248
182
127
116
146
230
250
246
245
232
188
221
251
244
245
240
251
245
133
111
102
119
144
233
249
249
245
244
244
244
244
244
245
249
239
169
123
121
158
215
149
129
138
147
147
146
136
128
124
127
127
191
239
248
244
244
244
244
244
244
244
244
244
244
244
244
244
244
244
246
244
230
136
124
123
191
238
169
119
130
158
223
132
220
240
246
244
244
244
244
244
244
244
244
244
244
244
244
244
244
244
244
244
244
244
244
244
244
244
244
244
244
244
244
244
244
244
245
249
240
246
236
232
107
108
126
245
249
249
251
252
215
126
122
193
250
250
244
244
244
244
244
244
244
244
244
244
244
245
251
246
179
109
115
144
230
251
250
250
186
133
200
238
221
129
222
245
236
163
104
122
131
163
246
249
245
244
244
244
244
244
244
244
251
249
178
126
122
161
208
140
101
172
228
234
236
224
149
132
127
119
141
216
250
245
244
244
244
244
244
244
244
244
244
244
244
244
244
245
250
242
153
124
125
172
250
245
173
121
131
208
107
111
126
244
247
244
244
244
244
244
244
244
244
244
244
244
244
244
244
244
244
244
244
244
244
244
244
244
244
244
244
244
244
244
244
245
249
246
225
130
221
126
118
115
235
250
250
239
232
246
216
137
117
185
242
248
245
244
244
244
244
244
244
244
244
244
244
246
242
227
114
103
102
145
232
252
245
236
170
126
132
144
108
112
129
249
196
131
124
123
140
227
247
246
244
244
244
244
244
244
244
245
248
238
167
123
124
148
198
118
101
127
212
252
251
246
243
209
138
120
130
205
248
247
243
244
244
244
244
244
244
244
244
244
244
244
244
248
249
228
138
113
154
236
252
249
174
121
144
117
119
107
225
240
246
244
244
244
244
244
244
244
244
244
244
244
244
244
244
244
244
244
244
244
244
244
244
244
244
244
244
244
244
244
244
246
240
225
105
112
127
218
123
210
234
240
233
163
139
160
205
134
119
136
207
249
246
244
245
246
247
246
245
244
244
244
244
247
245
129
113
100
119
144
233
249
212
145
133
128
121
99
99
111
229
246
194
132
126
124
149
236
249
245
244
244
244
244
244
244
244
249
250
191
134
126
126
151
122
121
95
127
198
250
250
246
251
248
200
118
128
206
249
248
243
244
244
244
244
244
244
244
244
244
244
244
246
245
239
154
126
126
168
249
251
239
163
117
139
208
136
226
246
249
245
244
244
244
244
244
244
244
244
244
244
244
244
244
244
244
244
244
244
244
244
244
244
244
244
244
244
244
244
244
244
247
244
126
109
111
234
215
144
138
150
145
133
124
112
126
129
134
118
127
198
248
248
245
249
240
244
240
249
245
244
244
244
246
240
225
125
152
121
149
242
235
143
122
125
128
125
125
121
233
249
251
237
167
120
126
171
237
247
244
244
244
245
246
247
246
246
248
239
176
121
125
124
145
194
120
115
126
195
244
247
244
250
250
207
124
123
204
249
247
243
244
244
244
244
244
244
244
244
244
244
244
250
248
170
123
123
149
236
249
250
188
130
98
147
223
251
240
249
245
244
244
244
244
244
244
244
244
244
244
244
244
244
244
244
244
244
244
244
244
244
244
244
244
244
244
244
244
244
244
244
246
240
220
129
226
235
147
129
121
117
122
128
142
133
135
126
133
120
131
204
250
250
249
246
225
126
220
240
246
244
244
244
245
249
246
240
163
122
139
226
211
131
122
128
123
127
137
230
246
251
246
190
132
127
128
180
238
247
244
244
245
249
240
244
240
251
250
200
135
126
126
134
169
230
157
127
126
144
220
251
247
249
247
197
122
133
212
250
245
244
244
244
244
244
244
244
244
244
244
244
247
250
237
156
122
142
237
245
251
240
173
98
101
131
240
251
246
245
244
244
244
244
244
244
244
244
244
244
244
244
244
244
244
244
244
244
244
244
244
244
244
244
244
244
244
244
244
244
244
244
245
249
240
249
236
168
128
126
127
127
133
202
238
223
167
209
141
125
122
196
243
249
241
225
105
108
126
244
247
244
244
244
244
245
251
248
174
123
133
143
142
132
122
128
132
142
225
246
250
250
203
131
125
125
126
159
235
246
244
245
249
246
225
126
220
244
249
191
125
123
130
134
221
230
200
126
122
127
205
249
252
250
218
134
121
183
241
247
245
244
244
244
244
244
244
244
244
244
244
245
246
243
175
121
130
221
247
248
251
244
133
100
111
216
245
248
244
244
244
244
244
244
244
244
244
244
244
244
244
244
244
244
244
244
244
244
244
244
244
244
244
244
244
244
244
244
244
244
244
244
244
245
246
251
238
151
122
127
127
129
196
248
252
246
250
242
205
125
121
139
218
251
245
126
108
105
225
240
246
244
244
244
244
245
250
238
165
122
125
126
125
128
133
139
199
240
242
247
249
247
194
127
123
127
131
162
240
247
244
246
240
225
105
108
126
248
251
195
129
125
130
147
146
156
142
134
125
129
140
217
238
219
136
124
132
201
251
248
244
244
244
244
244
244
244
244
244
244
244
249
250
194
127
119
148
234
251
246
249
234
168
94
134
225
251
245
244
244
244
244
244
245
246
247
246
245
244
244
244
244
244
244
244
244
244
244
244
244
244
244
244
244
244
244
244
244
244
244
244
244
244
244
246
247
228
141
121
125
128
183
246
248
247
245
250
251
205
131
111
131
208
251
242
220
126
225
246
249
245
244
245
246
249
250
251
198
140
127
130
130
124
121
168
234
246
250
248
245
249
250
200
131
123
124
135
220
246
246
244
247
244
126
108
105
225
246
249
194
129
122
131
115
123
121
119
120
122
122
130
138
147
136
124
114
173
239
248
245
244
244
244
244
244
244
244
244
244
244
246
250
243
179
121
131
221
244
247
249
250
201
133
124
143
230
250
244
244
244
244
244
245
249
240
244
240
249
245
244
244
244
244
244
244
244
244
244
244
244
244
244
244
244
244
244
244
244
244
244
244
244
244
244
249
246
165
129
121
127
171
243
248
246
244
243
246
250
210
136
115
130
210
251
250
240
244
240
249
245
244
244
246
240
235
232
233
172
124
127
128
127
130
137
195
250
250
245
244
245
248
244
194
127
123
129
151
236
249
245
244
246
240
220
126
225
246
251
250
196
130
123
116
121
123
131
139
149
143
136
127
124
122
121
127
136
195
248
249
244
244
244
244
244
244
244
244
244
244
245
248
246
201
124
123
200
246
249
246
248
240
184
116
124
211
245
248
244
244
244
244
245
249
246
225
126
220
240
246
244
244
244
244
244
244
244
244
244
244
244
244
244
244
244
244
244
244
244
244
244
244
244
244
245
245
229
148
118
128
162
243
248
247
244
244
244
245
246
245
196
123
133
213
251
247
246
247
246
245
244
244
245
250
230
159
140
143
136
129
129
129
133
157
234
240
243
246
244
244
247
246
212
133
129
120
128
211
244
248
244
244
245
249
240
244
240
249
249
244
191
127
114
110
132
142
167
232
239
232
170
125
126
127
130
159
235
240
244
246
244
244
244
244
244
244
244
244
244
244
246
243
209
127
120
133
216
251
246
246
249
208
136
117
134
217
250
246
244
244
244
244
246
240
225
105
108
126
244
247
244
244
244
244
244
244
244
244
244
244
244
244
244
244
244
244
244
244
244
244
244
245
246
247
247
250
189
142
119
147
234
249
247
244
244
244
244
244
246
250
242
174
122
203
245
248
244
244
244
244
246
248
251
250
217
127
118
123
125
126
128
122
147
234
250
249
245
244
244
245
249
229
158
125
124
127
143
226
250
245
244
244
244
245
246
247
246
246
249
216
144
126
115
102
109
212
236
249
253
250
180
126
123
133
154
242
249
249
245
244
244
244
244
244
244
244
244
244
244
245
250
226
137
122
128
204
249
250
248
249
249
199
128
112
134
215
251
247
245
244
244
244
247
244
126
108
105
225
240
246
244
244
244
244
244
244
244
244
244
244
244
244
244
244
244
244
244
244
244
244
245
249
240
244
242
249
229
143
117
158
238
250
245
244
244
244
244
244
244
250
248
182
125
139
230
250
245
244
244
247
245
238
234
225
142
130
126
124
131
134
135
122
153
238
250
245
244
244
244
245
249
217
136
123
125
128
204
243
248
244
244
244
244
244
244
244
244
247
249
206
134
112
110
99
115
137
249
249
248
249
189
135
119
142
230
249
248
245
244
244
244
244
244
244
244
244
244
244
244
248
244
209
128
124
184
234
235
232
240
249
253
207
132
121
156
224
249
239
246
244
244
244
246
240
220
126
225
246
249
245
244
244
244
244
244
244
244
244
244
244
244
244
244
244
244
244
244
244
244
245
249
246
225
127
226
243
186
135
119
155
236
250
244
244
244
244
244
244
245
250
249
185
119
122
214
245
247
244
246
245
238
166
140
137
132
123
128
132
151
206
157
117
149
235
250
244
244
244
244
246
249
217
136
122
123
135
211
250
247
244
244
244
244
244
244
244
243
247
250
207
131
113
106
108
121
231
242
246
245
248
236
159
116
147
238
251
245
244
244
244
244
244
244
244
244
244
244
244
244
249
232
145
124
167
187
144
145
153
152
229
238
195
126
121
197
223
170
231
249
244
244
244
245
249
240
244
240
249
245
244
244
244
244
244
244
244
244
244
244
244
244
244
244
244
244
244
244
244
244
246
240
225
105
108
132
239
166
120
119
160
245
253
250
247
245
244
244
245
249
244
249
196
141
125
148
237
250
244
249
248
179
126
119
123
124
124
129
179
248
239
163
118
151
237
250
244
244
244
244
246
250
220
138
123
122
132
208
249
246
244
244
244
244
244
244
244
243
248
250
206
134
108
107
109
212
242
250
245
244
250
248
174
125
136
228
246
246
244
244
244
244
244
244
244
244
244
244
244
245
250
227
138
123
136
134
126
121
120
129
138
147
139
130
131
142
133
153
224
249
244
244
244
244
246
249
250
250
248
245
244
244
244
244
244
244
244
244
244
244
244
244
244
244
244
244
244
244
244
244
247
244
126
108
105
231
242
173
129
118
145
217
224
230
243
251
251
251
252
249
229
132
215
163
118
131
222
246
246
249
241
171
117
119
123
129
136
188
242
251
244
162
117
143
231
249
246
244
244
244
246
246
214
132
122
127
144
219
250
245
244
244
244
244
244
244
244
243
248
250
205
131
119
114
122
154
240
251
245
244
246
247
232
146
122
157
243
249
244
244
244
244
244
244
244
244
244
244
244
247
244
219
130
118
124
124
127
128
130
127
125
124
125
129
128
124
119
146
238
254
251
251
251
251
251
243
227
224
235
246
244
244
244
244
244
244
244
244
244
244
244
244
244
244
244
244
244
244
244
244
246
240
220
126
225
248
251
234
150
118
118
129
140
140
220
218
217
217
222
216
110
120
130
180
131
128
158
248
253
253
251
197
142
145
143
169
243
253
254
255
247
164
119
131
175
244
247
244
244
245
249
237
159
129
123
127
194
244
249
244
244
244
244
244
244
244
244
243
248
250
204
132
123
116
115
133
224
250
250
246
245
251
240
156
113
150
235
249
244
244
244
244
244
244
244
244
244
245
247
251
244
166
148
145
145
142
144
135
131
133
134
133
132
134
132
130
137
168
225
221
217
217
217
217
218
220
132
145
239
247
244
244
244
244
244
244
244
244
244
244
244
244
244
244
244
244
244
244
244
244
245
249
240
244
240
249
251
240
160
120
118
153
218
226
136
139
140
140
145
121
115
101
211
152
121
114
135
211
223
219
215
213
200
134
191
214
220
227
226
232
229
158
125
124
166
248
252
251
251
252
250
226
136
128
125
137
209
254
253
251
251
251
251
251
251
251
251
251
253
253
212
136
122
139
137
143
149
232
246
249
251
254
246
161
119
158
245
254
251
251
251
251
251
251
251
251
251
251
243
235
202
137
196
178
126
178
155
113
116
119
120
123
125
123
119
114
120
203
137
141
140
140
140
140
139
136
218
227
235
246
244
244
244
244
244
244
244
244
244
244
244
244
244
244
244
244
244
244
244
244
244
245
246
247
246
244
250
238
158
121
125
170
249
250
229
215
217
217
222
211
133
225
146
130
113
106
125
132
146
140
142
149
140
142
139
149
150
140
131
120
119
143
120
119
152
217
223
216
217
221
218
139
126
123
119
118
178
221
219
216
217
217
217
217
217
217
217
217
222
228
192
127
118
127
185
133
118
127
164
227
229
232
223
147
111
137
213
222
217
217
217
217
217
217
217
217
217
218
220
139
134
142
143
145
141
137
137
130
126
130
122
116
111
121
127
126
131
134
224
219
217
217
217
217
215
230
241
250
247
245
244
244
244
244
244
244
244
244
244
244
244
244
244
244
244
244
244
244
244
244
244
244
244
244
244
243
250
236
155
118
120
165
244
252
250
250
251
251
252
244
247
238
238
159
120
118
140
215
226
217
217
217
219
219
219
220
212
196
90
97
110
119
112
109
125
135
146
139
140
145
130
120
107
110
109
120
133
143
142
139
140
140
140
140
140
140
140
143
138
132
120
116
106
124
129
139
116
108
110
122
131
129
124
116
114
128
141
143
140
140
140
140
140
140
140
140
140
139
136
221
221
226
216
221
217
229
225
225
227
232
208
126
116
174
229
231
222
233
244
251
251
251
251
251
250
250
247
245
244
244
244
244
244
244
244
244
244
244
244
244
244
244
244
244
244
244
244
244
244
244
244
244
244
244
244
244
248
243
162
127
119
158
236
248
246
244
244
244
245
246
249
250
245
172
127
125
147
238
252
252
251
251
251
251
251
253
251
137
117
119
221
162
121
117
148
218
223
216
217
224
212
135
118
123
128
179
227
220
217
217
217
217
217
217
217
217
218
222
205
137
118
124
121
125
196
233
219
131
117
113
115
117
118
114
132
214
225
217
217
217
217
217
217
217
217
217
217
215
230
244
254
253
237
138
232
250
252
251
251
254
229
136
121
190
251
253
250
250
247
245
244
244
244
244
244
244
244
244
244
244
244
244
244
244
244
244
244
244
244
244
244
244
244
244
244
244
244
244
244
244
244
244
244
244
244
244
247
247
229
141
120
134
184
250
250
244
244
244
244
245
250
251
194
133
126
124
127
159
241
248
244
244
244
244
244
246
240
220
126
232
248
184
136
123
167
249
254
251
251
254
241
154
122
127
176
246
251
251
251
251
251
251
251
251
251
251
251
253
240
167
128
133
125
138
219
254
251
224
144
135
132
129
129
132
156
246
253
251
251
251
251
251
251
251
251
251
251
250
250
249
241
225
105
108
126
244
247
244
246
251
221
136
127
192
249
248
243
244
244
244
244
244
244
244
244
244
244
244
244
244
244
244
244
244
244
244
244
244
244
244
244
244
244
244
244
244
244
244
244
244
244
244
244
244
244
244
245
251
236
151
120
122
166
241
251
250
248
248
249
250
247
237
171
124
123
122
123
156
240
248
244
244
244
244
244
245
249
240
244
243
253
232
145
116
153
233
247
245
245
251
234
150
115
123
176
244
250
244
244
244
244
244
244
244
244
244
247
245
221
136
126
128
119
131
208
250
249
244
240
194
129
121
114
128
219
244
247
244
244
244
244
244
244
244
244
244
244
244
244
247
244
126
108
105
225
240
246
244
247
246
213
125
162
239
248
245
244
244
244
244
244
244
244
244
244
244
244
244
244
244
244
244
244
244
244
244
244
244
244
244
244
244
244
244
244
244
244
244
244
244
244
244
244
244
244
244
244
250
231
146
119
127
132
183
235
238
246
246
240
233
206
141
129
132
135
139
144
234
245
247
244
244
244
244
244
244
245
246
247
246
250
238
152
118
141
192
250
247
249
249
225
114
119
133
186
246
249
243
244
244
244
244
244
244
244
244
249
236
148
128
126
132
131
155
222
249
246
248
250
245
191
138
137
154
233
249
245
244
244
244
244
244
244
244
244
244
244
244
244
246
240
220
126
225
246
249
245
244
250
235
141
121
168
244
250
244
244
244
244
244
244
244
244
244
244
244
244
244
244
244
244
244
244
244
244
244
244
244
244
244
244
244
244
244
244
244
244
244
244
244
244
244
244
244
244
244
244
249
240
153
128
124
128
134
139
144
216
229
152
139
130
119
115
134
206
178
229
245
248
245
244
244
244
244
244
244
244
244
244
244
250
234
151
115
146
229
244
248
240
227
111
107
118
228
240
242
246
244
244
244
244
244
244
244
244
244
250
229
144
121
125
126
183
238
243
246
245
244
247
246
240
233
226
234
240
247
244
244
244
244
244
244
244
244
244
244
244
244
244
245
249
240
244
240
249
245
244
245
250
227
137
120
177
249
249
243
244
244
244
244
244
244
244
244
244
244
244
244
244
244
244
244
244
244
244
244
244
244
244
244
244
244
244
244
244
244
244
244
244
244
244
244
244
244
244
244
244
246
246
222
134
122
128
126
121
127
137
136
126
114
127
134
138
206
241
248
243
247
245
244
244
244
244
244
244
244
244
244
244
244
250
232
148
115
133
186
248
250
243
126
109
109
232
247
250
246
244
244
244
244
244
244
244
244
244
246
248
227
139
124
126
130
196
250
249
244
244
244
244
245
248
250
250
249
247
245
244
244
244
244
244
244
244
244
244
244
244
244
244
244
245
246
247
246
245
244
244
246
246
222
129
150
235
247
246
244
244
244
244
244
244
244
244
244
244
244
244
244
244
244
244
244
244
244
244
244
244
244
244
244
244
244
244
244
244
244
244
244
244
244
244
244
244
244
244
244
244
245
251
239
150
125
122
126
125
122
119
116
126
132
174
231
236
242
247
247
245
244
244
244
244
244
244
244
244
244
244
244
244
244
249
241
156
124
120
167
241
250
240
220
126
225
246
249
245
244
244
244
244
244
244
244
244
244
244
247
243
167
132
127
124
128
191
248
249
243
244
244
244
244
244
244
244
244
244
244
244
244
244
244
244
244
244
244
244
244
244
244
244
244
244
244
244
244
244
244
245
250
243
154
124
161
242
251
244
244
244
244
244
244
244
244
244
244
244
244
244
244
244
244
244
244
244
244
244
244
244
244
244
244
244
244
244
244
244
244
244
244
244
244
244
244
244
244
244
244
244
245
251
239
221
139
146
132
128
131
144
142
154
229
244
249
250
248
245
244
244
244
244
244
244
244
244
244
244
244
244
244
244
244
246
245
223
128
111
166
242
251
250
241
244
240
249
245
244
244
244
244
244
244
244
244
244
244
244
249
235
149
122
128
124
129
191
248
249
243
244
244
244
244
244
244
244
244
244
244
244
244
244
244
244
244
244
244
244
244
244
244
244
244
244
244
244
244
244
244
247
248
230
136
113
160
239
250
243
244
244
244
244
244
244
244
244
244
244
244
244
244
244
244
244
244
244
244
244
244
244
244
244
244
244
244
244
244
244
244
244
244
244
244
244
244
244
244
244
244
245
249
248
230
124
214
228
191
137
201
234
230
240
245
250
246
245
246
247
246
245
244
244
244
244
244
244
244
244
244
244
244
244
244
245
250
237
154
135
184
241
248
241
250
248
246
245
244
244
244
244
244
244
244
244
244
244
244
244
249
234
150
122
130
123
125
188
247
248
243
244
244
244
244
244
244
244
244
245
246
247
246
245
244
244
244
244
244
244
244
244
244
244
244
244
244
244
244
244
246
245
239
155
126
128
171
246
249
244
244
244
244
244
244
244
244
244
244
244
244
244
244
244
244
244
244
244
244
244
244
244
244
244
244
244
244
244
244
244
244
244
244
244
244
244
244
244
244
244
244
246
240
225
107
111
134
250
245
237
242
251
250
249
246
245
245
249
240
244
240
249
245
244
244
244
244
244
244
244
244
244
244
244
244
244
246
240
235
233
239
225
128
220
240
246
244
244
244
244
244
244
244
244
244
244
244
244
244
244
249
232
145
114
120
118
128
193
249
248
243
244
244
244
244
244
244
244
245
249
240
244
240
249
245
244
244
244
244
244
244
244
244
244
244
244
244
244
244
243
247
245
179
129
115
145
229
247
246
244
244
244
244
244
244
244
244
244
244
244
244
244
244
244
244
244
244
244
244
244
244
245
246
247
246
245
244
244
244
244
244
244
244
244
244
244
244
244
244
244
244
247
244
126
108
105
226
242
249
248
247
245
244
244
244
245
249
246
225
126
220
240
246
244
244
244
244
244
244
244
244
244
244
244
244
244
245
246
250
247
231
108
109
126
244
247
244
244
244
244
244
244
244
244
244
244
244
244
244
244
249
238
159
138
142
137
181
240
246
245
244
244
244
244
244
244
244
245
249
246
225
126
220
240
246
244
244
244
244
244
244
244
244
244
244
244
244
244
244
243
249
240
163
121
129
163
246
250
245
244
244
244
244
244
244
244
244
244
244
244
244
244
244
244
244
244
244
244
244
244
245
249
240
244
240
249
245
244
244
244
244
244
244
244
244
244
245
246
247
246
245
246
240
220
126
225
246
249
245
244
244
244
244
244
244
246
240
225
105
108
126
244
247
244
244
244
244
244
244
244
244
244
244
244
244
244
244
244
247
244
126
108
105
225
240
246
244
244
244
244
244
244
244
244
244
244
244
244
244
244
246
240
236
228
229
232
240
246
247
244
244
244
244
244
244
244
244
246
240
225
105
108
126
244
247
244
244
244
244
244
244
244
244
244
244
244
244
244
244
244
250
244
168
119
130
223
239
248
244
244
244
244
244
244
244
244
244
244
244
244
244
244
244
244
244
244
244
244
244
245
249
246
225
126
220
240
246
244
244
244
244
244
244
244
244
245
249
240
244
240
249
246
249
240
244
240
249
245
244
244
244
244
244
244
244
247
244
126
108
105
225
240
246
244
244
244
244
244
244
244
244
244
244
244
244
244
244
244
246
240
220
126
225
246
249
245
244
244
244
244
244
244
244
244
244
244
244
244
244
244
245
246
249
250
250
250
248
246
244
245
246
247
246
245
244
244
244
247
244
126
108
105
225
240
246
244
244
244
244
244
244
244
244
244
244
244
244
244
244
244
248
233
156
112
133
174
250
246
244
244
244
244
244
244
244
244
244
244
244
244
244
244
244
244
244
244
244
244
244
246
240
225
105
108
126
244
247
244
244
244
244
244
244
244
245
249
246
225
126
220
240
246
245
246
247
246
245
244
244
244
244
244
244
244
244
246
240
220
126
225
246
249
245
244
244
244
244
244
244
244
244
244
244
244
244
244
244
244
245
249
240
244
240
249
245
244
244
244
244
244
244
244
244
244
244
244
244
244
244
244
244
244
244
244
244
244
244
244
245
249
240
244
240
249
245
244
244
246
240
220
126
225
246
249
245
244
244
244
244
244
244
244
244
244
244
244
244
244
244
245
250
189
142
127
147
231
243
246
244
244
244
244
244
244
244
244
244
244
244
244
244
244
244
244
244
244
244
244
244
247
244
126
108
105
225
240
246
244
244
244
244
244
244
244
245
245
235
120
112
126
239
246
244
244
244
244
244
244
244
244
244
244
244
244
244
245
249
240
244
240
249
245
244
244
244
244
244
244
244
244
244
244
244
244
244
244
244
244
244
245
246
247
246
245
244
244
244
244
244
244
244
244
244
244
244
244
244
244
244
244
244
244
244
244
244
244
244
244
245
245
229
141
229
245
245
244
244
245
249
240
244
240
249
245
244
244
244
244
244
244
244
244
244
244
244
244
244
244
244
245
244
231
163
203
238
243
248
244
244
244
244
244
244
244
244
244
244
244
244
244
244
244
244
244
244
244
244
244
244
246
239
218
122
223
245
249
245
244
244
244
244
244
244
244
244
244
109
109
109
244
244
244
244
244
244
244
244
244
244
244
244
244
244
244
244
244
244
244
244
244
244
244
244
244
244
244
244
244
244
244
244
244
244
244
244
244
244
244
244
244
244
244
244
244
244
244
244
244
244
244
244
244
244
244
244
244
244
244
244
244
244
244
244
244
244
244
244
244
244
244
109
109
109
244
244
244
244
244
244
244
244
244
244
244
244
244
244
244
244
244
244
244
244
244
244
244
244
244
244
244
244
244
244
244
244
244
244
244
244
244
244
244
244
244
244
244
244
244
244
244
244
244
244
244
244
244
244
244
244
244
244
244
244
244
244
244
244
244
