86
86
250
250
250
250
250
250
250
250
250
250
250
250
250
250
250
250
250
250
250
250
250
250
250
250
250
250
250
250
250
250
250
250
250
250
250
250
250
250
255
175
130
225
252
250
250
250
250
250
250
250
250
250
250
250
250
250
250
250
250
250
250
250
250
250
250
250
250
250
250
250
250
250
250
250
250
250
250
250
250
250
250
250
250
250
250
250
250
250
250
250
250
250
250
250
250
250
250
250
250
250
250
250
250
250
250
250
250
250
250
250
250
250
250
250
250
250
250
250
250
250
250
250
250
250
250
250
250
250
250
250
250
250
250
250
250
250
86
86
86
250
250
250
250
250
250
250
250
250
86
238
251
251
250
250
251
255
251
224
101
218
244
253
250
250
250
250
250
250
250
250
250
250
250
250
250
250
250
250
250
250
250
250
250
250
250
250
251
245
181
137
134
157
227
253
251
250
250
250
250
250
251
253
253
253
252
251
250
250
250
250
250
250
250
250
250
250
250
250
250
250
250
250
250
250
250
250
250
250
250
250
250
250
250
250
250
250
250
250
250
250
250
250
250
250
250
250
250
250
250
250
250
250
250
250
250
250
250
250
250
250
250
250
250
250
250
250
250
250
250
250
250
250
250
250
250
251
255
251
224
101
218
244
253
253
244
104
89
99
238
251
251
250
250
250
250
250
250
250
250
251
255
251
250
250
253
245
228
81
84
106
250
253
250
250
250
250
250
250
250
250
250
250
250
250
250
250
250
250
250
250
250
250
250
250
250
250
255
220
162
137
127
144
219
255
252
250
250
250
250
250
251
244
239
239
247
253
250
250
250
250
250
250
250
250
250
250
250
250
250
250
250
250
250
250
250
250
250
250
250
250
250
250
250
250
250
250
250
250
250
250
250
250
250
250
250
250
250
250
250
250
250
250
250
250
250
250
250
250
250
250
250
250
250
250
250
250
250
250
250
250
250
250
250
250
250
253
245
228
81
84
106
250
253
253
245
221
106
228
252
255
251
250
250
250
250
250
250
250
250
251
251
250
250
250
253
250
106
84
81
228
245
253
250
250
250
250
250
250
250
250
250
250
250
250
250
250
250
250
250
250
250
250
250
250
250
250
254
244
180
138
130
145
221
254
252
250
250
250
250
251
254
231
151
169
248
254
250
250
250
250
250
250
250
250
250
250
250
250
250
250
250
250
250
250
250
250
250
250
250
250
250
250
250
250
250
250
250
250
250
250
250
250
250
250
250
250
250
250
250
250
250
250
250
250
250
250
250
250
250
250
250
250
250
250
250
250
250
250
250
250
250
250
250
250
250
253
250
106
84
81
228
245
253
251
255
245
250
245
255
251
250
250
250
250
250
250
250
250
250
250
250
250
250
250
253
245
221
106
228
252
255
251
250
250
250
250
250
250
250
250
250
250
250
250
250
250
250
250
250
250
250
250
250
250
250
250
255
252
186
138
129
149
221
255
252
250
250
250
250
251
255
224
138
157
243
255
249
250
250
250
250
250
250
250
250
250
250
250
250
250
250
250
250
250
250
250
250
250
250
250
250
250
250
250
250
250
250
250
250
250
250
250
250
250
251
252
254
255
255
254
252
251
250
250
250
250
250
250
250
250
250
250
250
250
250
250
250
250
250
250
250
250
250
250
250
253
245
221
106
228
252
255
251
250
251
253
253
253
251
250
250
250
250
250
250
250
250
250
250
250
250
250
250
250
251
255
245
250
245
255
251
250
250
250
250
250
250
250
250
250
250
250
250
250
250
250
250
250
250
250
251
253
254
255
253
251
255
250
185
136
130
145
221
255
252
250
250
250
251
253
253
223
137
167
246
255
249
250
250
250
250
250
250
250
250
250
250
250
250
250
250
251
251
252
252
253
254
253
252
251
250
250
250
250
250
250
250
250
250
250
250
250
250
250
252
247
242
234
235
242
247
252
250
250
250
250
250
250
250
250
250
250
250
250
250
250
250
250
250
250
250
250
250
250
250
251
255
245
250
245
255
251
250
250
250
250
250
250
250
250
250
250
250
250
250
250
250
250
250
250
250
250
250
250
250
251
253
253
253
251
250
250
250
250
250
250
250
250
250
250
250
250
250
250
250
250
250
250
250
251
253
247
238
235
243
250
255
250
183
135
128
146
221
254
252
250
250
250
253
249
233
146
136
168
246
255
249
250
250
250
250
250
250
250
250
250
250
250
250
250
250
252
244
250
251
252
242
240
247
253
250
250
250
250
250
250
250
250
250
250
250
250
250
251
255
247
169
150
151
171
248
255
251
250
250
250
250
250
251
251
252
252
251
250
250
250
250
250
250
250
250
250
250
250
250
250
251
253
253
253
251
250
250
250
250
250
250
250
250
250
250
250
250
250
250
250
250
250
250
250
250
250
250
250
250
250
250
250
250
250
250
250
250
250
250
250
250
250
250
250
250
250
250
250
250
250
250
250
250
251
248
212
145
149
199
252
255
249
185
136
130
146
221
255
252
250
250
251
255
241
155
133
127
167
243
255
249
250
250
250
250
250
250
250
250
250
250
250
250
250
251
255
241
173
232
229
150
172
248
254
250
250
250
250
250
250
250
250
250
250
250
250
250
251
249
230
145
128
128
147
233
251
252
250
250
251
253
255
255
254
251
250
253
255
251
250
250
250
250
250
250
250
250
250
250
250
250
250
250
250
250
250
250
250
250
250
250
250
250
250
250
250
250
250
250
250
250
250
250
250
250
250
250
250
250
250
250
250
250
250
250
250
250
250
250
250
250
250
250
250
250
250
250
250
250
250
250
250
252
255
221
150
128
129
188
250
255
249
186
140
130
147
221
255
252
250
251
254
253
229
144
131
141
175
250
254
250
250
250
250
250
250
250
250
250
250
250
250
250
250
252
251
228
150
145
147
134
161
243
255
249
250
250
250
250
250
250
250
250
250
250
250
250
252
254
171
152
138
138
142
166
248
254
250
251
255
249
243
236
240
194
193
239
245
250
252
250
250
250
250
250
250
250
250
250
250
250
250
250
250
250
250
250
250
250
250
250
250
250
250
250
250
250
250
250
250
250
250
250
250
250
250
250
250
250
250
250
250
250
250
250
250
250
250
250
250
250
250
250
250
250
250
250
250
250
250
250
250
252
254
214
142
128
137
193
251
255
249
186
139
129
147
222
255
252
250
253
248
237
151
141
134
162
243
255
255
255
255
253
251
251
250
250
250
250
250
250
250
250
250
254
246
155
138
132
130
125
160
240
255
249
250
250
250
250
250
250
250
250
250
250
250
250
251
250
233
157
136
140
132
159
239
255
251
255
253
234
107
139
148
148
140
142
210
253
252
250
250
250
250
250
250
250
250
250
250
250
250
250
250
250
250
250
250
250
250
250
250
250
250
250
250
250
250
250
250
250
250
250
250
250
250
250
250
250
250
250
250
250
250
250
250
250
250
250
250
250
250
250
250
250
250
250
250
250
250
250
250
253
254
216
149
130
138
193
252
255
249
184
137
128
142
218
254
252
250
255
242
150
136
134
138
176
244
249
235
234
235
241
247
252
250
250
250
250
250
250
250
250
250
255
236
156
129
147
152
157
169
246
254
250
250
250
250
250
250
250
250
250
250
250
250
250
251
255
244
161
135
141
135
163
245
255
253
245
229
87
76
80
132
135
131
142
210
254
252
250
250
250
250
250
250
250
250
250
250
250
250
250
250
250
250
250
250
250
250
250
250
250
250
250
250
250
250
250
250
250
250
250
250
250
250
250
250
250
250
250
250
250
250
251
253
253
253
251
250
250
250
250
250
250
250
250
250
250
250
250
250
253
255
219
148
131
139
193
252
255
249
185
134
134
149
228
254
251
251
255
236
150
130
134
147
203
226
155
146
154
159
203
255
253
250
250
250
250
250
250
250
250
250
255
240
158
128
156
232
241
241
247
251
250
250
250
250
250
250
250
250
250
250
250
250
250
250
253
247
172
143
138
136
155
237
251
255
250
108
91
78
133
138
137
135
196
247
252
252
250
250
250
250
250
250
250
250
250
250
250
250
250
250
250
250
250
250
250
250
250
250
250
250
250
250
250
250
250
250
250
250
250
250
250
250
250
250
250
250
250
250
250
251
255
245
250
245
255
251
250
250
250
250
250
250
250
250
250
250
250
250
253
249
208
137
133
139
193
252
255
249
188
133
134
214
249
253
250
252
251
233
149
133
143
166
254
231
148
132
126
167
234
249
253
250
250
250
250
250
250
250
250
250
255
238
157
126
163
247
255
253
252
251
250
250
250
250
250
250
250
250
250
250
250
250
250
250
252
253
236
154
136
138
142
164
249
255
247
224
103
179
140
139
137
144
211
255
254
250
250
250
250
250
250
250
250
250
250
250
250
250
250
250
250
250
250
250
250
250
250
250
250
250
250
250
250
250
250
250
250
250
250
250
250
250
250
250
250
250
250
250
251
255
252
228
106
221
245
253
250
250
250
250
250
250
250
250
250
250
250
252
254
222
145
139
133
139
193
252
255
250
187
130
142
222
255
253
251
255
249
169
143
134
156
239
255
249
207
133
135
147
196
254
253
250
250
250
250
250
250
250
250
250
255
239
158
124
159
240
255
250
250
250
250
250
250
250
250
250
250
250
250
250
250
250
250
250
251
255
240
158
133
138
133
164
244
255
255
253
220
143
144
139
144
201
248
251
251
250
250
250
250
250
250
250
250
250
250
250
250
250
250
250
250
250
250
250
250
250
250
250
250
250
250
250
250
250
250
250
250
250
250
250
250
250
250
250
250
250
250
250
253
245
228
81
84
106
250
254
252
254
255
255
255
254
253
251
250
250
250
252
254
215
143
134
137
138
193
252
255
249
180
126
140
218
254
253
251
252
234
150
132
132
163
246
255
236
147
92
124
134
187
249
254
250
250
250
250
250
250
250
250
250
255
239
156
126
159
240
255
250
250
250
250
250
250
250
250
250
250
250
250
250
250
250
250
250
250
254
246
167
139
137
136
159
240
254
255
253
209
138
134
139
195
250
253
253
250
250
250
250
250
250
250
250
250
250
250
250
250
250
250
250
250
250
250
250
250
250
250
250
250
250
250
250
250
250
250
250
250
250
250
250
250
250
250
250
250
250
250
250
253
250
106
85
83
232
252
255
253
247
238
237
236
245
251
255
255
255
255
255
255
223
150
136
138
138
193
252
255
249
178
125
141
221
255
254
254
251
181
142
133
139
168
252
252
205
80
75
90
161
220
255
253
250
250
250
250
250
250
250
250
250
255
236
153
122
159
240
255
250
250
250
250
250
250
250
250
250
250
250
250
250
250
250
250
250
250
252
251
242
156
144
137
145
186
255
255
220
145
139
137
165
223
255
253
250
250
250
250
250
250
250
250
250
250
251
253
253
253
251
250
250
250
250
250
250
250
250
250
250
250
250
250
250
250
250
250
250
250
250
250
250
250
250
250
250
250
250
250
250
253
245
221
110
229
250
246
240
237
183
154
153
153
162
230
241
236
241
238
239
247
215
144
137
137
139
192
252
255
249
185
129
134
213
249
254
252
236
155
134
143
158
244
254
254
117
90
76
128
174
244
252
253
250
250
250
250
250
250
250
250
250
254
246
159
132
158
240
255
253
254
253
252
251
250
250
250
250
250
250
250
250
250
250
250
250
250
251
255
248
227
140
137
138
165
237
225
155
138
132
135
188
249
254
250
250
250
250
250
250
250
250
250
250
251
254
240
242
237
253
250
250
250
250
250
250
250
250
250
250
250
250
250
250
250
250
250
250
250
250
250
250
250
250
250
250
250
250
250
250
251
255
251
255
245
199
154
148
149
145
133
134
128
138
136
109
147
154
155
156
169
178
148
139
137
140
193
252
255
249
185
135
135
146
226
255
249
167
141
133
151
237
255
255
243
228
93
134
139
147
195
255
255
254
253
252
251
252
252
251
250
250
252
251
233
142
158
247
255
250
242
241
247
252
250
250
250
250
250
250
250
250
250
250
250
250
250
250
253
252
180
147
134
140
147
152
154
144
136
135
142
198
254
253
250
250
250
250
250
250
250
251
253
255
255
250
232
124
242
253
250
250
250
250
250
250
250
250
250
250
250
250
250
250
250
250
250
250
250
250
250
250
250
250
250
250
250
250
250
250
253
253
251
248
187
141
133
133
135
139
141
143
130
86
70
69
76
128
138
138
145
147
148
142
137
139
193
252
255
249
185
137
127
150
222
255
244
161
131
130
156
241
255
254
237
110
190
136
136
133
186
251
250
241
246
255
253
251
248
253
251
251
253
255
245
154
150
233
247
220
149
177
249
254
250
250
250
250
250
250
250
250
250
250
250
250
250
250
251
248
237
148
141
137
139
134
139
138
138
139
187
247
251
252
250
251
253
255
255
255
255
255
248
232
217
219
111
231
240
253
250
250
250
250
250
250
250
250
250
250
250
250
250
250
250
250
250
250
250
250
250
250
250
250
250
250
250
250
251
253
253
248
200
147
143
139
137
137
136
136
132
144
145
94
87
87
100
131
127
128
130
129
136
142
143
145
200
255
255
255
192
142
130
146
225
255
239
154
131
138
156
247
251
228
84
92
94
150
135
142
194
248
201
146
203
244
239
175
217
252
255
255
252
252
227
148
142
157
157
140
128
162
241
255
250
250
250
250
250
250
250
250
250
250
250
250
250
250
251
254
252
229
145
136
142
141
141
143
147
195
255
255
255
255
255
255
248
232
215
217
217
218
221
119
120
118
235
245
254
251
250
250
250
250
250
250
250
250
250
250
250
250
250
250
250
250
250
250
250
250
250
250
250
250
250
250
250
251
249
249
251
202
144
132
135
134
138
145
155
160
159
167
230
225
116
223
229
108
94
91
96
97
97
134
128
125
171
220
227
220
167
135
136
153
236
255
177
145
148
162
252
255
255
116
92
93
200
144
134
146
194
202
142
135
143
156
150
145
142
222
245
246
236
166
147
144
134
131
128
134
141
184
249
254
250
250
250
250
250
250
250
250
250
250
251
253
255
255
255
255
255
248
164
141
147
148
145
144
168
226
220
221
217
217
217
218
221
119
122
124
124
122
119
221
217
231
244
254
251
250
250
250
250
250
250
250
250
250
250
250
250
250
250
250
250
250
250
250
250
250
250
250
250
250
250
250
250
253
254
214
191
191
137
132
142
144
152
215
241
239
236
246
255
250
252
252
254
230
148
132
132
127
134
97
94
98
110
122
133
120
109
128
122
131
204
223
147
119
127
208
220
225
212
205
107
239
222
151
141
152
155
151
147
140
143
141
141
139
145
155
187
166
147
147
140
142
155
161
169
184
250
255
255
255
255
255
255
255
255
255
255
255
255
255
255
248
232
215
217
218
226
210
142
122
129
131
128
125
165
118
129
124
124
125
127
127
122
223
218
217
217
215
232
248
255
255
253
251
250
250
250
250
250
250
250
250
250
250
250
250
250
250
250
250
250
250
250
251
251
250
250
250
250
250
250
250
250
253
245
202
144
141
142
134
142
203
247
251
255
255
255
254
253
253
253
254
255
253
251
226
154
149
139
136
125
121
167
219
227
220
166
94
90
109
117
119
103
90
105
116
131
127
129
114
227
199
138
130
128
126
121
120
120
121
123
122
122
123
120
126
125
97
113
122
124
126
138
207
210
214
219
224
219
217
217
217
217
217
217
217
217
217
217
217
218
221
119
122
125
131
122
122
110
111
99
96
96
101
110
222
220
217
218
225
212
216
228
254
255
255
255
255
255
253
251
250
250
250
250
250
250
250
250
250
250
250
250
250
250
250
250
250
250
250
250
250
251
255
251
250
250
250
250
250
250
250
253
255
219
146
137
136
139
143
206
253
255
253
251
250
250
250
250
250
250
250
251
253
255
253
219
141
137
143
142
149
205
255
255
255
188
133
123
129
191
146
121
128
140
217
220
217
219
226
126
111
102
89
98
105
110
113
111
111
111
111
111
114
108
104
91
100
107
122
110
101
101
119
129
131
126
125
124
124
124
124
124
124
124
124
124
124
124
124
122
119
221
219
225
220
197
83
188
161
128
126
127
160
241
255
255
255
255
255
241
118
231
250
253
250
250
250
250
250
250
250
250
250
250
250
250
250
250
250
250
250
250
250
250
250
250
250
250
250
250
250
253
245
232
86
250
250
250
250
250
250
253
250
205
135
135
137
134
193
248
254
251
250
250
250
250
250
250
250
250
250
250
250
251
255
233
155
141
136
136
182
245
253
255
250
188
141
142
156
150
154
139
147
234
255
255
255
255
251
240
195
127
122
127
169
227
231
225
226
226
226
225
232
224
155
123
131
201
227
214
141
116
141
213
223
217
217
217
217
217
217
217
217
217
217
217
217
217
217
215
232
248
255
255
242
99
98
104
158
153
145
143
179
252
255
255
254
246
228
81
84
106
250
253
250
250
250
250
250
250
250
250
250
250
250
250
250
250
250
250
250
250
250
250
250
250
250
250
250
250
250
253
250
123
86
250
250
250
250
250
253
255
231
163
139
138
140
146
208
255
253
250
250
250
250
250
250
250
250
250
250
250
250
251
253
243
208
132
134
138
191
254
255
255
250
185
137
140
143
141
137
139
155
242
255
251
250
251
255
255
229
154
135
146
197
255
255
255
255
255
255
255
255
255
180
139
150
156
193
238
168
134
171
253
255
255
255
255
255
255
255
255
255
255
255
255
255
255
255
255
255
253
254
250
107
92
78
137
136
143
141
141
145
170
225
246
252
253
106
84
81
228
245
253
250
250
250
250
250
250
250
250
250
250
250
250
250
250
250
250
250
250
250
250
250
250
250
250
250
250
250
253
245
232
86
250
250
250
250
250
253
248
209
137
136
138
137
190
247
253
252
250
250
250
250
250
250
250
250
250
250
250
250
251
255
230
153
140
133
133
185
249
254
255
250
185
136
139
146
144
137
144
226
251
253
250
250
250
252
255
220
143
130
136
177
243
252
252
250
250
250
249
255
245
171
134
135
140
177
229
159
126
164
245
255
251
250
250
250
250
250
250
250
250
250
250
250
250
250
250
250
250
253
246
224
107
204
145
141
141
140
139
139
141
144
193
255
251
221
106
228
252
255
251
250
250
250
250
250
250
250
250
250
250
250
250
250
250
250
250
250
250
250
250
250
250
250
250
250
250
250
251
255
251
250
250
250
250
250
252
255
222
146
138
140
137
140
199
254
255
250
250
250
250
250
250
250
250
250
250
250
250
250
252
255
219
142
130
139
144
194
254
253
255
251
186
138
140
143
141
132
149
231
255
251
250
250
250
252
254
217
140
128
138
144
194
254
252
250
250
250
249
255
245
167
137
133
149
238
247
162
129
156
241
255
254
251
250
250
250
250
250
250
250
250
250
250
250
250
250
250
250
251
255
253
244
153
148
139
148
146
146
137
136
131
178
245
255
247
250
245
255
251
250
250
250
250
250
250
250
250
250
250
250
250
250
250
250
250
250
250
250
250
250
250
250
250
250
250
250
250
250
251
251
250
250
250
250
250
252
254
215
139
131
142
138
139
196
253
254
249
250
250
250
250
250
250
250
250
250
250
251
252
255
255
223
144
131
137
178
244
253
253
255
248
183
133
142
143
137
136
155
236
254
251
250
250
250
251
255
229
152
138
135
158
213
253
252
250
250
250
249
255
242
171
134
124
99
226
252
197
142
143
164
247
251
255
251
250
250
250
250
250
250
250
250
250
250
250
250
250
250
251
255
254
236
147
133
136
167
222
162
142
139
140
152
209
255
255
253
252
251
250
250
250
250
250
250
250
250
250
250
250
250
250
250
250
250
250
250
250
250
250
250
250
250
250
250
250
250
250
250
250
250
250
250
250
250
250
253
254
218
145
134
142
136
143
200
252
254
249
250
250
250
250
250
250
250
250
250
251
255
245
253
254
230
148
131
139
187
252
255
255
254
234
101
125
139
141
142
147
231
249
251
250
250
250
250
251
253
241
209
131
137
185
250
255
251
250
250
250
250
254
254
169
134
76
98
111
255
235
159
133
141
100
226
245
253
250
250
250
250
250
250
250
250
250
250
250
250
250
251
253
251
242
152
142
137
132
170
245
223
140
137
143
136
189
247
255
253
250
250
250
250
250
250
250
250
250
250
250
250
250
250
250
250
250
250
250
250
250
250
250
250
250
250
250
250
250
250
250
250
250
250
250
250
250
250
250
253
254
217
144
136
143
136
136
194
252
254
249
250
250
250
250
250
250
250
250
251
255
252
228
111
223
213
143
131
134
181
248
255
245
230
90
82
88
140
138
141
221
253
254
251
250
250
250
250
251
254
228
147
135
132
178
243
252
252
250
250
250
250
254
249
234
93
79
87
194
114
213
148
128
73
86
108
250
253
250
250
250
250
250
250
250
250
250
250
250
250
251
253
252
242
154
141
136
137
140
168
254
221
139
135
142
135
98
189
251
255
253
251
250
250
250
250
250
250
250
250
250
250
250
250
250
250
250
250
250
250
250
250
250
250
250
250
250
250
250
250
250
250
250
250
250
250
250
250
250
253
254
217
144
134
143
140
149
206
255
253
250
250
250
250
250
250
250
250
250
253
245
228
81
89
98
152
143
136
143
189
254
255
249
107
87
74
131
140
134
149
227
255
251
250
250
250
250
250
251
254
226
148
133
137
152
201
255
252
250
250
251
252
255
255
181
137
86
132
82
105
96
153
84
85
91
230
245
253
250
250
250
250
250
250
250
250
250
250
250
250
252
250
242
157
140
137
137
142
170
246
253
222
142
136
132
81
81
98
197
246
246
251
251
250
250
250
250
250
250
250
250
250
250
250
250
250
250
250
250
250
250
250
250
250
250
250
250
250
250
250
250
250
250
250
250
250
250
250
250
253
254
217
144
135
141
135
180
240
251
253
250
250
250
250
250
250
250
250
250
253
250
106
85
88
201
140
132
136
175
243
253
254
245
226
106
163
142
141
133
146
222
255
251
250
250
250
250
250
251
254
252
216
138
132
181
245
253
252
250
251
254
249
249
236
168
135
136
81
78
96
214
142
120
100
231
254
255
251
250
250
250
250
250
250
250
250
250
250
250
251
255
250
168
141
138
139
143
163
248
254
255
248
220
151
92
82
80
134
142
158
220
254
253
250
250
250
250
250
250
250
250
250
250
250
250
250
250
250
250
250
250
250
250
250
250
250
250
250
250
250
250
250
250
250
250
250
250
250
250
253
254
217
145
134
142
141
150
208
255
253
250
250
250
250
250
250
250
250
250
253
245
221
108
235
226
155
132
140
183
252
255
251
255
251
248
178
144
136
139
153
232
254
251
250
250
250
250
250
250
253
250
212
136
132
184
251
255
255
255
255
255
247
185
157
150
141
147
135
112
243
239
164
126
168
245
255
251
250
250
250
250
250
250
250
250
250
250
250
250
251
253
236
155
135
139
135
152
236
254
253
251
254
253
207
130
87
135
141
136
133
199
249
254
251
250
250
250
250
250
250
250
250
250
250
250
250
250
250
250
250
250
250
250
250
250
250
250
250
250
250
250
250
250
250
250
250
250
250
250
252
255
219
145
134
142
135
147
203
251
254
249
250
250
250
250
250
250
250
250
251
255
245
253
254
235
152
130
137
181
249
255
249
251
255
255
191
139
131
137
213
250
253
250
250
250
250
250
250
250
254
235
156
145
137
147
189
243
240
237
241
242
173
136
135
139
138
135
208
238
255
244
159
128
169
247
255
251
250
250
250
250
250
250
250
250
250
250
250
250
254
249
173
143
140
140
143
167
249
255
251
250
253
255
221
149
136
138
145
141
139
137
209
249
252
251
250
250
250
250
250
250
250
250
250
250
250
250
250
250
250
250
250
250
250
250
250
250
250
250
250
250
250
250
250
250
250
250
250
250
252
255
220
149
134
144
138
144
203
254
255
250
250
250
250
250
250
250
250
250
250
251
253
255
253
221
141
132
134
177
247
255
249
252
253
245
181
134
136
152
230
255
251
250
250
250
250
250
250
250
252
248
213
135
132
135
141
144
152
153
154
151
147
137
136
134
138
151
163
249
255
237
154
127
157
238
252
252
250
250
250
250
250
250
250
250
250
250
251
253
255
248
166
134
140
134
147
233
251
252
250
250
252
254
231
171
139
138
144
142
139
135
144
218
254
252
250
250
250
250
250
250
250
250
250
250
250
250
250
250
250
250
250
250
250
250
250
250
250
250
250
250
250
250
250
250
250
250
250
250
252
255
218
145
134
144
139
135
189
246
253
250
250
250
250
250
250
250
250
250
250
250
251
254
234
153
138
136
143
186
252
253
249
253
254
201
148
133
138
213
249
253
250
250
250
250
250
250
250
250
253
255
226
142
80
132
143
152
145
134
126
126
130
131
139
142
155
219
241
243
255
235
154
131
141
170
251
254
250
250
250
250
250
250
251
253
253
253
255
248
249
230
163
136
138
142
164
249
255
251
250
250
250
252
253
210
146
141
140
141
142
131
137
209
253
252
250
250
250
250
250
250
250
250
250
250
250
250
250
250
250
250
250
250
250
250
250
250
250
250
250
250
250
250
250
250
250
250
250
250
252
254
216
143
133
144
140
140
146
208
255
253
250
250
250
250
250
250
250
250
250
251
253
255
230
146
129
137
172
242
253
252
250
255
252
190
137
128
144
220
255
253
250
250
250
250
250
250
250
250
253
246
221
80
76
103
235
243
240
192
151
154
156
151
154
217
246
251
255
253
255
234
151
130
132
165
242
255
249
250
250
250
250
251
255
245
251
252
255
236
110
137
147
140
135
146
232
251
252
250
250
250
250
251
253
250
211
150
139
138
136
133
143
219
254
252
250
250
250
250
250
250
250
250
250
250
250
250
250
250
250
250
250
250
250
250
250
250
250
250
250
250
250
250
250
250
250
250
250
250
251
254
226
154
141
140
144
137
134
194
250
255
253
251
250
250
250
250
251
252
254
255
252
250
217
145
134
137
179
250
255
250
252
253
246
182
134
135
152
226
254
252
250
250
250
250
250
250
250
250
254
251
108
89
87
235
253
255
255
248
240
237
238
235
243
249
255
253
251
250
253
242
164
139
132
170
245
255
249
250
250
250
251
255
252
228
108
217
224
91
80
84
139
137
139
169
248
255
251
250
250
250
250
250
251
254
249
196
132
134
143
147
213
247
252
251
250
250
250
250
250
250
250
250
250
250
250
250
250
250
250
250
250
250
250
250
250
250
250
250
250
250
250
250
250
250
250
250
250
250
250
253
249
209
138
136
142
140
140
145
201
247
249
255
255
255
255
255
255
252
246
240
230
163
147
145
135
133
172
246
255
249
254
255
202
147
133
139
213
251
254
251
250
250
250
250
250
250
250
250
253
245
221
106
228
252
255
251
251
253
255
255
255
255
254
253
251
250
250
250
253
250
226
138
123
164
242
255
249
250
250
250
253
245
228
81
89
107
111
92
74
134
138
143
152
239
250
252
250
250
250
250
250
250
250
253
255
216
158
149
201
244
248
253
251
250
250
250
250
250
250
250
250
250
250
250
250
250
250
250
250
251
253
253
253
251
250
250
250
250
250
250
250
250
250
250
250
250
250
250
250
253
255
224
150
136
139
142
139
139
143
153
211
241
239
238
238
237
240
235
165
153
150
142
135
138
138
143
184
255
255
255
255
248
187
135
131
148
208
255
250
255
251
250
250
250
250
250
250
250
251
255
245
250
245
255
253
253
253
251
250
250
250
250
250
250
250
250
250
250
251
255
241
161
144
175
247
254
250
250
250
250
253
250
106
84
84
226
221
100
127
144
140
146
230
253
254
251
250
250
250
250
250
250
250
251
250
244
237
239
248
254
253
251
250
250
250
250
250
250
250
250
250
250
250
250
250
250
250
250
251
255
245
250
245
255
251
250
250
250
250
250
250
250
250
250
250
250
250
250
250
251
251
248
217
152
137
139
142
141
135
140
145
152
155
156
157
156
157
148
139
129
132
135
139
139
136
168
243
248
242
238
243
196
143
138
142
143
195
109
224
245
253
250
250
250
250
250
250
250
250
251
253
253
253
255
245
250
245
255
251
250
250
250
250
250
250
250
250
250
250
253
245
241
232
243
247
253
250
250
250
250
253
245
221
106
229
255
252
173
126
135
126
149
234
255
251
250
250
250
250
250
250
250
250
250
251
253
254
254
253
251
250
250
250
250
250
250
250
250
250
250
250
250
250
250
250
250
250
251
255
252
228
106
221
245
253
250
250
250
250
250
250
250
250
250
250
250
250
250
250
250
251
254
252
211
144
136
137
140
141
141
138
134
132
133
134
134
134
132
131
141
150
150
140
129
129
175
252
230
161
155
156
148
139
142
132
186
76
86
106
250
253
250
250
250
250
250
250
250
250
250
250
251
255
252
228
106
221
245
253
250
250
250
250
250
250
250
250
250
250
251
253
254
255
254
252
251
250
250
250
250
251
255
245
250
245
255
252
184
152
153
147
164
239
254
250
250
250
250
250
250
250
250
250
250
250
250
250
250
250
250
250
250
250
250
250
250
250
250
250
250
250
250
250
250
250
250
250
253
245
228
81
84
106
250
253
250
250
250
250
250
250
250
250
250
250
250
250
250
251
253
253
253
254
250
210
150
142
135
130
134
135
133
131
132
133
134
131
140
146
163
237
230
155
150
150
184
244
206
131
130
137
138
134
138
198
102
90
84
228
245
253
250
250
250
250
250
250
250
250
250
250
253
245
228
81
84
106
250
253
250
250
250
250
250
250
250
250
250
250
250
250
250
250
250
250
250
250
250
250
250
250
251
253
253
252
254
248
242
236
237
236
241
244
252
250
250
250
250
250
250
250
250
250
250
250
250
250
250
250
250
250
250
250
250
250
250
250
250
250
250
250
250
250
250
250
250
250
253
250
106
84
81
228
245
253
250
250
250
250
250
250
250
250
250
250
250
250
251
255
245
250
246
255
253
248
243
194
150
151
154
154
154
154
155
154
155
151
157
231
251
255
254
245
234
238
248
219
150
138
140
143
141
137
143
207
230
111
228
252
255
251
250
250
250
250
250
250
250
250
250
250
253
250
106
84
81
228
245
253
250
250
250
250
250
250
250
250
250
250
250
250
250
250
250
250
250
250
250
250
250
250
250
250
250
250
251
252
254
255
255
255
255
255
252
250
250
250
250
250
250
250
250
250
250
250
250
250
250
250
250
250
250
250
250
250
250
250
250
250
250
250
250
250
250
250
250
250
253
245
221
106
228
252
255
251
250
250
250
250
250
250
250
250
250
250
250
251
255
252
228
106
221
246
253
254
254
247
239
236
238
238
238
238
238
238
239
239
250
255
254
253
249
255
255
255
255
215
142
133
143
145
137
138
199
255
249
251
245
255
251
250
250
250
250
250
250
250
250
250
250
250
253
245
221
106
228
252
255
251
250
250
250
250
250
250
250
250
250
250
250
250
250
250
250
250
250
250
250
250
250
250
250
250
250
250
250
250
250
251
255
245
250
245
255
251
250
250
250
250
250
250
250
250
250
250
250
250
250
250
250
250
250
250
250
250
250
250
250
250
250
250
250
250
250
250
250
250
251
255
245
250
245
255
251
250
250
250
250
250
250
250
250
250
250
250
250
253
245
228
81
84
106
250
253
250
251
253
255
255
255
255
255
255
255
255
255
253
255
246
233
106
221
245
252
252
254
208
135
127
147
148
137
93
224
250
255
253
252
251
250
250
250
250
250
250
250
250
250
250
250
250
251
255
245
250
245
255
251
250
250
250
250
250
250
250
250
250
250
250
250
250
250
250
250
250
250
250
250
250
250
250
250
250
250
250
250
250
251
255
252
228
106
221
245
253
250
250
250
250
250
250
250
250
250
250
250
250
250
250
250
250
250
250
250
250
250
250
250
250
250
250
250
250
250
250
250
251
253
254
254
254
253
251
250
250
250
250
250
250
250
250
250
250
250
250
250
253
250
106
84
81
228
245
253
250
250
250
250
250
250
250
250
250
251
255
252
228
115
211
91
84
106
250
253
252
254
218
143
139
142
170
78
86
113
252
253
250
250
250
250
250
250
250
250
250
250
250
250
250
250
250
250
251
253
253
253
251
250
250
250
250
250
250
250
250
250
250
250
250
250
250
250
250
250
250
250
250
250
250
250
250
250
250
250
250
250
250
253
245
228
81
84
106
250
253
250
250
250
250
250
250
250
250
250
250
250
250
250
250
250
250
250
250
250
250
250
250
250
250
250
250
250
250
250
250
251
255
245
250
245
255
251
250
250
250
250
250
250
250
250
250
250
250
250
250
250
253
244
218
101
224
251
255
251
250
250
250
250
250
250
250
250
250
251
251
238
99
97
81
91
82
221
244
252
251
251
243
238
198
178
100
87
87
222
244
252
250
250
250
250
250
250
250
250
250
250
250
250
250
250
250
250
250
250
250
250
250
250
250
250
250
250
250
250
250
250
250
250
250
250
250
250
250
250
250
250
250
250
250
250
250
250
250
250
250
250
250
253
244
107
82
82
221
244
253
250
250
250
250
250
250
250
250
250
250
250
250
250
250
250
250
250
250
250
250
250
250
250
250
250
250
250
250
250
250
251
251
232
123
232
251
251
250
250
250
250
250
250
250
250
250
250
250
250
250
250
250
250
250
250
250
250
250
250
250
250
250
250
250
250
250
250
250
250
250
86
86
86
250
86
250
250
250
250
250
250
250
250
250
250
250
86
250
250
250
250
250
250
250
250
250
250
250
250
250
250
250
250
250
250
250
250
250
250
250
250
250
250
250
250
250
250
250
250
250
250
250
250
250
250
250
250
250
250
250
250
250
250
250
250
250
250
250
250
250
250
250
250
250
250
86
250
250
250
250
250
250
250
250
250
250
250
250
250
250
250
250
250
250
250
250
250
250
250
250
250
250
250
250
250
250
250
250
250
250
250
250
86
86
86
250
250
250
250
250
250
250
250
250
250
250
250
250
250
