243
243
243
243
243
243
243
243
243
243
243
243
243
243
243
243
243
243
243
243
243
243
243
243
243
243
243
243
243
243
243
243
243
243
243
243
243
243
110
110
110
243
243
243
243
243
243
243
243
243
243
243
243
243
243
243
243
243
243
243
243
243
243
243
243
243
243
243
243
243
243
243
243
243
243
243
243
243
243
243
243
243
243
243
243
243
243
243
243
243
243
243
243
243
243
243
243
243
243
243
243
243
243
110
243
243
243
243
243
243
243
243
243
243
243
243
243
243
243
243
243
243
243
243
243
243
243
243
243
243
243
243
243
243
243
243
243
243
243
243
243
243
243
243
243
243
243
243
243
243
243
243
243
243
243
243
243
243
243
243
243
243
243
243
243
243
243
243
243
243
243
243
243
243
243
243
243
243
243
243
243
243
243
243
243
243
244
244
229
140
229
244
244
243
243
243
243
243
243
243
243
243
243
243
243
243
243
243
243
243
243
243
243
243
243
243
243
243
243
243
243
243
243
243
243
243
243
243
243
243
243
243
243
243
243
243
243
244
245
246
245
245
247
239
243
239
247
244
243
245
238
220
107
107
128
238
245
243
243
243
243
243
243
243
243
243
243
243
243
243
243
243
243
243
243
243
243
243
243
243
243
243
243
243
243
243
243
243
243
243
243
243
243
243
243
243
243
243
243
243
243
243
243
243
243
243
243
243
243
243
243
243
243
243
243
243
243
243
243
243
243
243
243
243
243
243
243
243
243
243
243
243
243
243
243
243
244
247
239
243
239
247
244
243
243
243
243
243
243
243
243
243
243
243
243
243
243
243
243
243
243
243
243
243
243
243
243
243
243
243
243
243
243
243
243
243
243
243
243
243
243
243
243
243
243
243
244
247
239
243
240
249
246
225
127
220
239
245
243
246
243
127
108
105
225
239
245
243
243
243
243
243
243
243
243
243
243
243
243
243
243
243
243
243
243
243
243
243
243
243
243
243
243
243
243
243
243
243
243
243
243
243
243
243
243
243
243
243
243
243
243
243
243
243
243
243
243
243
243
243
243
243
243
243
243
243
243
243
243
243
243
243
243
243
243
243
243
243
243
243
243
243
243
243
243
243
243
244
245
246
245
244
243
243
243
243
243
243
243
243
243
243
243
243
243
243
243
243
243
243
243
243
243
243
243
243
243
243
243
243
243
243
243
243
243
243
243
243
243
243
243
243
243
243
243
244
247
245
225
127
223
235
227
105
108
127
243
246
243
245
239
220
127
225
245
247
244
243
243
243
243
243
243
243
243
243
243
243
243
243
243
243
243
243
243
243
243
243
243
243
243
243
243
243
243
243
243
243
243
243
243
243
243
243
243
243
243
243
243
243
243
243
243
243
243
243
243
243
243
243
243
243
243
243
243
243
243
243
243
243
243
243
243
243
243
243
243
245
246
247
248
249
249
249
248
247
245
243
243
243
243
243
243
243
243
243
243
243
243
243
243
243
243
243
243
243
243
243
243
243
243
243
243
243
243
243
243
243
243
243
243
243
243
243
243
243
243
243
243
243
243
243
243
243
243
247
244
230
109
109
131
243
130
108
105
225
239
245
243
244
247
239
243
239
247
244
243
243
243
243
243
243
243
243
243
243
243
243
243
243
243
243
243
243
243
243
243
243
243
243
243
243
243
243
243
243
243
243
243
243
243
243
243
243
243
243
243
243
243
243
243
243
243
243
243
244
245
246
245
244
243
243
243
243
243
243
243
243
243
243
243
243
243
243
243
243
245
237
231
223
226
228
230
229
230
238
245
247
243
243
243
243
243
243
243
243
243
243
243
243
243
243
243
243
244
244
246
245
244
243
243
243
243
243
243
243
243
243
243
243
243
243
243
243
243
243
243
243
243
243
243
243
245
247
249
249
236
120
106
111
228
235
223
127
225
245
247
244
243
243
244
245
246
245
244
243
243
243
243
243
243
243
243
243
243
243
243
243
243
243
243
243
243
243
243
243
243
243
243
243
243
243
243
243
243
243
243
243
243
243
243
243
243
243
243
243
243
243
243
243
243
243
243
243
244
247
239
243
239
247
244
243
243
243
243
243
243
243
243
243
243
243
243
243
243
243
246
242
183
151
142
136
140
142
138
177
241
248
247
244
243
243
243
243
243
243
243
243
243
243
243
243
244
245
247
239
242
241
248
247
245
243
243
243
243
243
243
243
243
243
243
243
243
243
243
243
243
243
243
243
243
246
245
239
234
233
157
118
112
220
247
250
240
243
239
247
244
243
243
243
243
243
243
243
243
243
243
243
243
243
243
243
243
243
243
243
243
243
243
243
243
243
243
243
243
243
243
243
243
243
243
243
243
243
243
243
243
243
243
243
243
243
243
243
243
243
243
243
243
243
243
243
243
244
247
245
225
127
220
239
245
243
243
243
243
243
243
243
243
243
243
243
243
243
243
243
245
237
233
216
144
124
120
113
117
126
175
237
242
246
247
244
243
243
243
243
243
243
243
243
244
247
244
243
247
243
175
210
229
236
242
247
244
243
243
243
243
243
243
243
243
243
243
243
243
243
243
243
243
243
245
247
241
182
139
136
129
111
135
224
248
246
245
246
245
244
243
243
243
243
243
243
243
243
243
243
243
243
243
243
243
243
243
243
243
243
243
243
243
243
243
243
243
243
243
243
243
243
243
243
243
243
243
243
243
243
243
243
243
243
243
243
243
243
243
243
243
243
243
243
243
243
243
245
239
225
105
108
127
243
246
243
243
243
243
243
243
243
243
243
243
243
243
243
243
243
243
245
247
244
240
219
155
133
127
123
130
144
196
246
241
247
244
243
243
243
243
243
243
244
243
239
232
175
199
222
158
130
138
148
232
245
247
244
243
243
243
243
243
243
243
243
243
243
243
243
243
243
244
247
249
245
187
124
116
122
131
137
150
230
247
243
243
243
243
243
243
243
243
243
243
243
243
243
243
243
243
243
243
243
243
243
243
243
243
243
243
243
243
243
243
243
243
243
243
243
243
243
243
243
243
243
243
243
243
243
243
243
243
243
243
243
243
243
243
243
243
243
243
243
243
243
243
246
243
127
108
105
225
239
245
243
243
243
243
243
243
243
243
243
243
243
243
243
243
243
243
243
244
246
249
246
242
207
133
125
118
125
171
127
224
240
245
243
243
243
243
243
243
246
246
199
141
136
137
137
135
123
120
127
153
237
244
247
244
243
243
243
243
243
243
243
243
243
243
243
243
244
246
242
239
189
129
123
126
137
211
232
234
237
246
243
243
243
243
243
243
243
243
243
243
243
243
243
243
243
243
243
243
243
243
243
243
243
243
244
245
245
244
243
243
243
243
243
243
243
243
243
243
243
243
243
243
243
243
243
243
243
243
243
243
243
243
243
243
243
243
243
243
243
243
243
243
245
239
220
127
225
245
247
244
243
245
246
246
245
244
243
243
243
243
243
243
243
243
243
243
243
243
243
244
246
248
247
208
130
124
126
104
115
133
246
247
243
243
243
243
243
243
247
243
187
119
116
124
124
127
129
129
126
129
150
238
246
247
243
243
243
243
243
243
243
243
243
243
244
246
248
246
211
140
131
123
126
125
207
244
250
248
246
244
243
243
243
243
243
243
243
243
243
243
243
243
243
243
243
243
243
243
243
243
243
245
247
248
245
242
239
244
243
243
243
243
243
243
243
243
243
243
243
243
243
243
243
243
243
243
243
243
243
243
243
243
243
243
243
243
243
243
243
243
243
243
244
247
239
243
239
247
246
246
247
246
237
234
238
246
243
243
243
243
243
243
243
243
243
243
243
243
243
243
243
245
247
245
202
129
106
101
102
194
237
249
244
243
243
243
243
243
246
249
201
135
125
125
124
122
122
123
126
123
127
154
237
243
245
243
243
243
243
243
243
243
243
244
247
241
241
205
132
121
123
137
138
184
124
224
241
245
243
243
243
243
243
243
243
243
243
243
243
243
243
243
243
243
243
243
243
243
243
243
246
244
238
233
223
181
226
249
247
244
243
243
243
243
243
243
243
243
243
243
243
243
243
243
243
243
243
243
243
243
243
243
243
243
243
243
243
243
243
243
243
243
243
244
245
246
245
246
242
236
233
228
163
157
239
250
248
247
245
243
243
243
243
243
243
243
243
243
243
243
243
243
245
247
245
194
125
106
126
134
215
244
246
243
243
243
243
243
245
245
233
169
119
138
148
145
145
137
130
121
122
127
169
246
249
243
243
243
243
243
243
243
243
246
242
222
142
133
126
121
132
180
220
104
111
129
243
246
243
243
243
243
243
243
243
243
243
243
243
243
243
243
243
243
243
243
243
243
243
246
248
243
183
140
132
136
203
240
243
249
246
244
243
243
243
243
243
243
243
243
243
243
243
243
243
243
243
243
243
243
243
243
243
243
243
243
243
243
243
243
243
243
243
243
243
243
245
247
246
190
146
136
125
135
217
234
228
234
240
245
243
243
243
243
243
243
243
243
243
243
243
243
243
245
247
245
187
129
122
124
141
225
248
245
243
243
243
243
245
247
201
133
128
192
232
232
233
226
155
135
132
119
153
232
246
245
243
243
243
243
243
243
244
249
234
145
123
120
122
127
184
246
133
115
107
225
239
245
243
243
243
243
243
243
243
243
243
243
243
243
243
243
243
243
243
243
243
243
244
244
240
192
132
121
118
130
133
147
219
240
242
247
244
243
243
243
243
243
243
243
243
243
243
243
243
243
243
243
243
243
243
243
243
243
243
243
243
243
243
243
243
243
243
243
243
246
244
242
229
157
119
120
120
132
139
145
140
173
245
249
243
243
243
243
243
243
243
243
243
243
243
243
243
243
245
247
240
175
123
118
126
209
243
246
243
243
243
243
245
243
195
180
185
212
250
249
249
245
244
212
133
118
129
173
246
248
243
243
243
243
243
244
247
246
221
133
121
124
128
174
246
243
223
127
225
245
247
244
243
243
243
243
243
243
243
243
243
243
243
243
243
243
243
243
243
243
243
243
245
247
199
134
125
127
127
125
120
128
133
153
234
244
246
243
243
243
243
243
243
243
243
243
243
243
243
243
243
243
243
243
243
243
243
243
243
243
243
243
243
243
243
243
244
246
248
249
245
187
135
132
122
130
128
129
120
119
115
151
235
249
248
246
244
243
243
243
243
243
243
243
243
243
243
243
243
246
249
199
142
124
126
141
228
247
243
243
243
243
245
241
240
237
238
241
242
244
244
246
249
238
147
124
118
166
239
248
242
243
243
243
243
246
242
232
143
129
122
127
164
242
247
249
240
243
239
247
244
243
243
243
243
243
243
244
245
246
245
244
243
243
243
243
243
243
243
243
243
244
249
249
195
127
120
124
130
128
132
122
120
126
149
239
244
245
243
243
243
243
243
243
243
243
243
243
243
243
243
243
243
243
243
243
243
243
243
243
243
243
243
243
243
243
245
234
228
223
181
129
120
132
142
159
230
159
137
128
128
132
172
235
242
240
247
244
243
243
243
243
243
243
243
243
243
243
243
246
246
233
164
124
118
134
219
248
243
243
243
243
243
244
246
246
246
245
244
243
243
243
246
245
217
129
119
171
240
249
242
243
243
243
243
248
241
154
126
122
130
162
242
246
247
244
245
246
245
244
243
243
243
243
243
243
244
247
239
243
239
247
244
243
243
243
243
243
243
243
243
244
241
236
186
128
131
143
156
222
177
141
132
117
123
170
242
247
243
243
243
243
243
243
243
243
243
243
243
243
243
243
243
243
243
243
243
243
243
243
243
243
243
243
243
243
246
239
147
130
120
110
119
119
182
215
215
207
121
117
123
124
133
162
133
229
248
250
249
249
249
249
249
249
249
249
249
249
248
249
247
195
141
129
120
138
221
248
243
243
243
243
243
243
243
243
243
243
243
243
243
243
245
248
224
137
117
170
243
248
243
243
243
243
246
244
226
138
121
122
151
235
247
247
243
243
243
245
247
248
248
248
246
245
246
248
249
248
227
130
227
248
250
249
249
249
249
249
249
249
249
250
219
144
129
124
118
173
215
213
215
215
121
118
104
122
230
245
245
243
243
243
243
243
243
243
243
243
243
243
243
243
243
243
243
243
243
243
243
243
243
243
243
243
243
243
245
237
230
172
119
117
116
131
146
153
151
140
135
118
114
119
121
100
102
110
213
220
216
216
216
216
216
216
216
216
216
215
228
247
249
193
132
126
124
143
230
251
249
249
249
249
249
249
249
249
249
249
249
249
249
249
249
251
231
143
119
166
243
252
249
249
249
249
250
249
161
131
127
127
165
248
253
249
249
249
249
249
241
232
230
240
247
250
242
228
220
216
111
100
108
213
220
216
216
216
216
216
216
216
219
224
190
112
106
109
121
138
155
156
156
149
215
112
113
126
163
244
247
243
243
243
243
243
243
243
243
243
243
243
243
243
243
243
243
243
243
243
243
243
243
243
243
243
243
243
244
249
250
201
134
122
124
181
215
216
222
222
227
216
137
114
105
109
109
127
135
143
140
140
140
140
140
140
140
140
140
139
136
224
221
165
120
123
119
128
202
223
217
216
216
216
216
216
216
216
216
216
216
216
216
216
217
221
203
136
115
129
175
222
218
216
216
217
225
215
138
118
122
117
143
218
229
225
226
225
228
226
165
134
138
152
218
229
229
142
147
122
117
103
132
135
144
140
140
140
140
140
140
141
143
136
124
127
124
124
120
176
207
212
207
214
110
113
106
121
161
237
248
242
243
243
243
243
243
243
243
243
243
243
243
243
243
243
243
243
243
243
243
243
243
243
243
243
243
243
244
247
240
186
125
124
138
142
154
233
250
251
251
248
215
129
115
113
177
224
224
217
216
216
216
216
216
216
216
216
216
217
220
140
138
127
114
111
109
122
130
145
141
140
140
140
140
140
140
140
140
140
140
140
140
140
141
145
142
130
114
111
126
137
143
140
140
143
141
129
117
111
112
121
136
139
135
125
128
127
130
123
114
105
103
114
121
126
123
213
221
215
138
212
227
216
224
217
216
216
216
216
216
218
221
190
123
123
130
112
132
144
151
176
238
140
121
104
129
119
163
239
249
242
243
243
243
243
243
243
243
243
243
243
243
243
243
243
243
243
243
243
243
243
243
243
243
243
243
243
245
247
207
136
126
128
129
123
125
136
217
242
246
251
223
139
116
129
185
251
250
249
249
249
249
249
249
249
249
249
249
249
242
235
222
169
122
123
120
127
203
223
217
216
216
216
216
216
216
216
216
216
216
216
216
216
217
220
218
195
117
121
170
218
221
216
216
222
214
142
118
123
123
138
210
188
115
113
117
118
117
120
122
125
125
122
120
117
126
174
250
249
247
224
140
231
248
250
249
249
249
249
249
249
251
218
136
120
108
107
109
124
119
128
207
221
139
204
137
117
165
241
249
243
243
243
243
243
243
243
243
243
243
243
243
243
243
243
243
243
243
243
243
243
243
243
243
243
243
242
247
247
196
125
119
127
127
127
123
130
135
150
225
247
215
139
118
137
193
247
247
243
243
243
243
243
243
243
243
243
243
244
247
249
244
179
126
129
124
143
229
251
249
249
249
249
249
249
249
249
249
249
249
249
249
249
249
252
242
150
110
122
179
251
249
249
249
252
246
164
126
131
131
141
150
148
137
128
127
125
124
123
122
123
126
128
131
131
124
157
243
249
229
108
109
127
243
246
243
243
243
243
243
245
248
211
131
101
111
107
129
126
128
132
145
225
253
239
157
124
153
233
246
244
243
243
243
243
243
243
243
243
243
243
243
243
243
243
243
243
243
243
243
243
243
243
243
243
243
242
247
247
199
126
124
147
145
134
123
123
121
128
134
165
208
132
114
167
237
247
244
243
243
243
243
243
243
243
243
243
243
243
245
249
202
143
128
129
122
140
224
249
244
243
243
243
243
243
243
243
243
243
243
243
243
243
246
243
213
109
99
117
180
247
247
243
242
249
237
156
124
128
129
128
124
122
120
123
133
141
146
143
144
146
139
135
127
130
124
152
238
247
130
109
105
225
239
245
243
243
243
243
243
245
248
210
131
111
124
180
133
121
122
121
128
154
231
234
208
124
138
186
248
245
243
243
243
243
243
243
244
245
246
245
244
243
243
243
243
243
243
243
243
243
243
243
243
243
243
242
247
247
199
124
121
191
237
166
134
128
132
124
121
132
131
133
132
185
248
249
243
243
243
243
243
243
243
243
243
243
243
243
247
245
233
168
122
129
121
113
210
242
245
243
243
243
243
243
243
243
243
243
243
243
243
243
248
236
128
106
102
151
227
242
245
243
242
249
237
158
122
128
131
129
129
137
141
143
181
233
231
230
230
235
223
146
122
126
126
131
164
236
221
129
225
245
247
244
243
243
243
243
243
246
249
214
132
116
182
235
191
140
141
134
125
133
140
150
140
128
152
232
245
244
243
243
243
243
243
244
247
239
243
239
247
244
243
243
243
243
243
243
243
243
243
243
243
243
243
242
247
248
200
123
124
202
250
243
170
211
153
130
124
127
127
122
153
231
243
247
243
243
243
243
243
243
243
243
243
243
243
245
247
247
191
132
127
124
100
111
131
244
246
243
243
243
243
243
243
243
243
243
243
243
243
243
249
225
136
101
123
146
197
248
245
243
242
249
237
156
123
128
130
132
125
159
227
240
242
248
249
249
249
249
246
179
137
130
122
122
133
188
244
247
240
247
244
243
243
243
243
243
243
247
243
207
123
121
186
247
245
235
225
154
121
123
124
123
122
121
163
242
249
243
243
243
243
243
244
247
245
225
127
220
239
245
243
243
243
243
243
243
243
243
243
243
243
243
243
242
247
248
201
127
118
189
245
245
247
241
237
148
129
125
128
126
131
179
246
247
243
243
243
243
243
243
243
243
243
243
244
245
241
191
128
124
132
109
111
111
228
239
245
243
243
243
243
243
243
243
243
243
243
243
243
244
249
230
152
119
122
161
234
246
244
243
242
249
237
158
122
129
132
132
139
122
227
247
248
245
243
243
243
245
240
240
227
144
132
125
123
162
237
248
247
244
243
243
243
243
243
243
243
247
224
140
121
122
180
247
249
249
247
170
126
122
124
128
127
124
164
240
249
242
243
243
243
243
245
239
225
105
108
127
243
246
243
243
243
243
243
243
243
243
243
243
243
243
243
242
247
248
199
127
119
136
209
250
247
248
246
234
140
127
121
120
125
174
243
247
243
243
243
243
243
243
243
243
243
244
246
249
209
135
124
122
131
186
135
228
245
247
244
243
243
243
243
243
243
243
243
243
243
243
244
248
247
222
120
118
121
168
241
248
243
243
242
249
236
158
122
129
129
136
102
113
131
244
246
243
243
243
243
243
245
247
247
223
135
123
126
131
182
247
247
243
243
243
243
243
243
243
244
248
215
134
115
125
182
247
249
245
242
235
169
145
137
130
116
115
158
237
248
242
243
243
243
243
246
243
127
108
105
225
239
245
243
243
243
243
243
243
243
243
243
243
243
243
243
242
247
247
199
130
116
124
194
244
247
245
247
244
228
144
129
130
161
240
244
245
243
243
243
243
243
243
243
243
244
243
242
237
189
124
124
121
134
198
247
241
247
244
243
243
243
243
243
243
243
243
243
243
243
244
247
245
233
120
110
104
130
173
245
248
243
243
242
249
236
153
121
127
130
109
110
115
227
239
245
243
243
243
243
243
243
244
249
228
144
119
107
120
172
241
248
242
243
243
243
243
243
243
244
249
217
136
118
124
175
241
247
246
246
244
238
234
224
152
140
138
170
241
248
243
243
243
243
243
245
239
220
127
225
245
247
244
243
243
243
243
243
243
243
243
243
243
243
243
243
242
247
247
196
126
118
129
132
207
243
246
244
247
243
238
207
164
235
246
247
243
243
243
243
243
243
243
243
243
246
247
225
157
132
131
125
124
137
214
249
247
244
243
243
243
243
243
244
245
246
245
244
243
243
245
239
227
115
105
102
120
154
235
247
245
243
243
243
247
242
161
129
127
129
128
120
226
247
247
244
243
243
243
243
243
243
243
247
222
135
99
104
110
174
243
248
242
243
243
243
243
243
243
244
249
216
137
120
129
130
188
242
245
245
245
246
248
244
237
227
227
235
240
245
243
243
243
243
243
244
247
239
243
239
247
244
243
243
243
243
243
243
243
243
243
243
243
243
243
244
244
245
247
204
134
124
123
123
139
220
248
246
244
246
247
242
243
241
247
243
243
243
243
243
243
243
243
243
243
246
242
204
125
122
125
126
129
200
242
245
244
243
243
243
243
243
244
247
239
243
239
247
244
243
246
243
130
108
101
124
124
165
242
249
245
247
248
248
249
248
232
143
124
130
123
159
237
249
244
243
243
243
243
243
243
243
243
249
235
132
109
103
121
174
243
248
242
243
243
243
243
243
243
244
249
215
134
121
126
125
133
200
249
246
243
243
244
246
248
249
248
247
245
243
243
243
243
243
243
243
244
245
246
245
244
243
243
243
243
243
243
243
243
243
243
243
243
243
243
244
247
245
245
241
200
139
129
121
125
206
246
249
246
244
244
245
245
244
243
243
243
243
243
243
243
243
243
243
244
248
226
142
128
125
126
127
193
244
247
245
243
243
243
243
243
244
247
245
225
127
220
239
245
243
245
239
226
120
129
124
124
164
240
249
242
237
230
225
232
246
238
154
123
126
123
158
237
249
242
243
243
243
243
243
243
243
244
249
240
212
110
120
124
174
242
248
242
243
243
243
243
243
243
243
247
225
149
127
128
125
123
186
240
247
244
243
243
243
243
243
243
243
243
243
243
243
243
243
243
243
243
243
243
243
243
243
243
243
243
243
243
243
243
243
243
243
243
243
110
229
239
245
245
249
242
180
121
120
127
137
213
241
245
249
247
246
244
243
243
243
243
243
243
243
243
243
243
244
248
245
212
128
121
128
131
189
245
247
245
243
243
243
243
243
243
245
239
225
105
108
127
243
246
243
244
248
248
230
139
121
136
186
247
251
249
199
141
133
143
223
245
169
128
123
123
160
242
250
244
243
243
243
243
244
245
247
248
247
236
125
127
123
125
175
242
248
242
243
243
243
243
243
243
243
246
243
207
130
123
127
126
145
215
250
249
248
247
246
244
244
243
243
243
243
243
243
243
243
243
243
243
243
243
243
243
243
243
243
243
243
243
243
243
243
243
243
243
243
110
140
243
246
243
247
247
197
137
127
120
125
131
148
222
232
237
243
246
243
243
243
243
243
243
243
243
243
243
246
242
224
136
128
120
121
175
239
248
245
243
243
243
243
243
243
243
246
243
127
108
105
225
239
245
243
243
246
247
229
138
118
154
237
245
239
228
175
118
107
126
210
251
241
149
130
122
151
226
243
242
245
243
243
244
247
239
245
235
232
115
103
105
124
126
174
242
248
242
243
243
243
243
243
243
243
245
249
224
149
128
127
124
128
191
233
230
237
237
246
240
245
243
243
243
243
243
243
243
243
243
243
243
243
243
243
243
243
243
243
243
243
243
243
243
243
243
243
243
243
110
229
239
245
243
245
242
238
232
175
135
129
119
128
135
142
156
232
241
245
243
243
243
243
243
243
243
243
246
249
235
146
125
124
132
144
200
247
248
243
243
243
243
243
243
243
243
245
239
220
127
225
245
247
244
243
244
248
241
156
127
121
162
238
217
138
136
130
119
118
141
213
249
244
231
136
120
132
140
189
246
249
243
244
247
245
225
130
219
123
118
102
131
123
125
174
243
248
242
243
243
244
245
246
245
244
243
246
242
199
124
123
127
131
138
144
142
147
210
190
233
247
243
243
243
243
243
243
243
243
243
243
243
243
243
243
243
243
243
243
243
243
243
243
243
243
243
243
243
243
243
244
247
244
243
243
244
247
246
243
233
157
127
120
120
117
132
164
248
245
243
243
243
243
243
243
243
245
239
240
212
134
119
123
158
228
241
242
245
245
247
248
247
246
244
243
243
244
247
239
243
239
247
244
243
243
244
246
229
141
120
137
175
215
132
120
125
137
142
142
207
223
130
229
234
152
125
120
120
161
237
248
246
246
239
225
105
111
122
221
139
203
140
121
125
174
243
248
242
243
244
247
239
243
239
247
244
245
249
213
133
120
122
124
123
121
119
128
123
150
227
249
243
243
243
243
243
243
243
243
243
243
243
243
243
243
243
243
243
243
243
243
243
243
243
243
243
243
243
243
243
244
244
243
243
243
243
243
245
247
248
239
161
132
128
115
140
226
244
245
243
243
243
243
243
243
244
247
239
161
134
133
125
136
183
251
251
249
249
247
240
228
233
238
246
243
243
243
244
245
246
245
244
243
243
243
247
243
181
133
122
145
207
136
127
127
179
235
232
230
222
110
111
130
242
231
136
126
123
129
176
244
247
249
244
127
108
107
232
239
246
213
138
120
124
174
243
248
242
244
247
245
225
127
220
239
245
244
245
240
202
134
135
134
135
132
129
128
117
142
227
249
243
243
243
243
243
243
243
243
243
243
243
243
243
243
243
243
243
243
243
243
243
243
243
243
243
243
243
243
243
243
243
243
243
243
243
243
243
243
247
244
240
227
153
126
155
233
248
243
243
243
243
243
243
243
246
244
224
136
118
127
125
149
226
240
241
235
230
231
170
141
149
226
247
243
243
243
243
243
243
243
243
243
243
243
248
236
152
122
127
138
134
128
113
164
239
249
249
247
131
110
106
226
244
247
226
135
126
120
129
176
235
240
240
223
130
229
249
252
243
159
130
123
125
175
242
248
242
245
239
225
105
108
127
243
246
243
245
246
241
233
185
189
165
119
118
121
114
140
227
247
243
243
243
243
243
243
243
243
243
243
243
243
243
243
243
243
243
243
243
243
243
243
243
243
243
243
243
243
243
243
243
243
243
243
243
243
243
243
243
245
248
244
240
214
162
234
247
243
243
243
243
243
243
243
247
242
156
128
128
130
130
136
142
184
197
141
143
138
132
112
130
216
247
243
243
243
243
243
243
243
243
243
243
243
249
237
155
123
127
126
123
129
136
189
248
249
246
239
220
127
225
245
248
248
245
220
132
125
124
129
140
208
252
244
247
230
249
242
225
134
124
124
125
175
242
248
242
246
243
127
108
105
225
239
245
243
243
244
247
246
247
243
183
141
141
143
140
166
235
246
243
243
243
243
243
243
243
243
243
243
243
243
243
243
243
243
243
243
243
243
243
243
243
243
243
243
243
243
243
243
243
243
243
243
243
243
243
243
243
243
244
246
248
240
242
238
246
243
243
243
243
243
243
242
248
233
150
119
128
130
128
126
126
130
127
121
113
115
115
117
139
226
248
243
243
243
243
243
243
243
243
243
243
245
246
230
146
123
126
124
128
160
238
234
241
241
248
248
239
243
239
247
244
244
248
246
214
130
123
114
121
181
236
233
170
209
169
217
147
131
128
126
124
176
243
248
242
245
239
220
127
225
245
247
244
243
243
243
243
244
247
245
237
229
228
229
228
235
240
245
243
243
243
243
243
243
243
243
243
243
243
243
243
243
243
243
243
243
243
243
243
243
243
243
243
243
243
243
243
243
243
243
243
243
243
243
243
243
243
243
243
243
243
245
245
245
243
243
243
243
243
243
243
242
248
235
152
122
128
128
128
129
126
121
123
132
141
145
140
139
217
242
246
243
243
243
243
243
243
243
243
243
243
246
243
160
127
120
131
135
172
246
249
232
129
221
239
246
245
246
245
244
243
243
244
247
244
210
137
128
127
131
144
139
138
126
139
129
132
126
130
126
123
175
242
248
242
244
247
239
243
239
247
244
243
243
243
243
243
243
243
245
247
248
249
248
247
246
245
243
243
243
243
243
243
243
243
243
243
243
243
243
243
243
243
243
243
243
243
243
243
243
243
243
243
243
243
243
243
243
243
243
243
243
243
243
243
243
243
243
244
245
246
245
244
243
243
243
243
243
243
243
243
242
248
232
146
114
118
131
129
127
121
129
135
189
233
232
228
234
240
246
244
243
243
243
243
243
243
243
243
243
243
246
241
167
123
120
144
230
245
240
229
106
108
127
243
246
243
243
243
243
243
243
243
245
246
242
237
191
134
124
116
115
121
123
125
127
128
130
129
122
121
169
240
246
242
243
244
245
246
245
244
243
243
243
243
243
243
243
243
243
243
243
243
243
243
243
243
243
243
243
243
243
243
243
243
243
243
243
243
243
243
243
243
243
243
243
243
243
243
243
243
243
243
243
243
243
243
243
243
243
243
243
243
243
243
243
243
244
247
239
243
239
247
244
243
243
243
243
243
243
243
243
247
239
162
137
140
159
213
144
136
173
235
243
248
249
249
248
246
244
243
243
243
243
243
243
243
243
243
243
243
245
244
235
151
143
231
247
249
245
127
108
105
225
239
245
243
243
243
243
243
243
243
243
244
247
247
243
235
179
141
136
130
120
120
121
120
120
123
129
139
192
242
246
243
243
243
243
243
243
243
243
243
243
243
243
243
243
243
243
243
243
243
243
243
243
243
243
243
243
243
243
243
243
243
243
243
243
243
243
243
243
243
243
243
243
243
243
243
243
243
243
243
243
243
243
243
243
243
243
243
243
243
243
243
243
244
247
245
225
127
220
239
245
243
243
243
243
243
243
243
243
245
239
235
226
228
239
237
236
228
240
247
247
244
243
243
243
243
243
243
243
243
243
243
244
245
246
245
244
243
243
246
242
235
235
242
247
246
239
220
127
225
245
247
244
243
243
243
243
243
243
243
243
243
243
244
247
247
239
234
229
166
140
143
144
143
142
143
175
231
240
242
245
243
243
243
243
243
243
243
243
243
243
243
243
243
243
243
243
243
243
243
243
243
243
243
243
243
243
243
243
243
243
243
243
243
243
243
243
243
243
243
243
243
243
243
243
243
243
243
243
243
243
243
243
243
243
243
243
243
243
243
243
243
243
245
239
225
105
108
127
243
246
243
243
243
243
243
243
243
243
244
246
247
248
248
248
248
248
248
247
245
243
243
243
243
243
243
243
243
243
243
243
244
247
239
243
239
247
244
243
244
246
247
247
246
244
244
247
239
243
239
247
244
243
243
243
243
243
243
243
243
243
243
243
243
243
245
247
249
247
239
230
230
230
229
229
231
240
246
246
245
243
243
243
243
243
243
243
243
243
243
243
243
243
243
243
243
243
243
243
243
243
243
243
243
243
243
243
243
243
243
243
243
243
243
243
243
243
243
243
243
243
243
243
244
245
246
245
244
243
243
243
243
243
243
243
243
243
243
243
243
243
243
243
246
243
127
108
105
225
239
245
243
243
243
243
243
243
243
243
243
243
243
243
243
243
243
243
243
243
243
243
243
243
243
243
243
243
243
243
243
244
247
245
225
127
220
239
245
243
243
243
243
243
243
243
243
244
245
246
245
244
243
243
243
243
243
243
243
243
243
243
243
243
243
243
243
243
243
245
247
248
249
249
249
248
247
247
246
247
245
244
243
243
243
243
243
243
243
243
243
243
243
243
243
243
243
243
243
243
243
243
243
243
243
243
243
243
243
243
243
243
243
243
243
243
243
243
243
243
243
243
243
244
247
239
243
239
247
244
243
243
243
243
243
243
243
243
243
243
243
243
243
243
245
239
220
127
225
245
247
244
243
243
243
243
243
243
243
243
243
243
243
243
243
243
243
243
243
243
243
243
243
243
243
243
243
243
243
243
243
245
239
225
105
108
127
243
246
243
243
243
243
243
243
243
243
243
243
243
243
243
243
243
243
243
243
243
243
243
243
243
243
243
243
243
243
243
243
243
243
243
243
243
243
243
244
247
239
243
239
247
244
243
243
243
243
243
243
243
243
243
243
243
243
243
243
243
243
243
243
243
243
243
243
243
243
243
243
243
243
243
243
243
243
243
243
243
243
243
243
243
244
247
245
225
127
220
239
245
243
243
243
243
243
243
243
243
243
243
243
243
243
243
244
247
239
243
239
247
244
243
243
243
243
243
243
243
243
243
243
243
243
243
243
243
243
243
243
243
243
243
243
243
243
243
243
243
243
243
243
246
243
127
108
105
225
239
245
243
243
243
243
243
243
243
243
243
243
243
243
243
243
243
243
243
243
243
243
243
243
243
243
243
243
243
243
243
243
243
243
243
243
243
243
244
247
245
225
127
220
239
245
243
243
243
243
243
243
243
243
243
243
243
243
243
243
243
243
243
243
243
243
243
243
243
243
243
243
243
243
243
243
243
243
243
243
243
243
243
243
243
245
239
225
105
108
127
243
246
243
243
243
243
243
243
243
243
243
243
243
243
243
243
243
244
245
246
245
244
243
243
243
243
243
243
243
243
243
243
243
243
243
243
243
243
243
243
243
243
243
243
243
243
243
243
243
243
243
243
243
245
238
217
123
223
244
247
244
243
243
243
243
243
243
243
243
243
243
243
243
243
243
243
243
243
243
243
243
243
243
243
243
243
243
243
243
243
243
243
243
243
243
243
243
244
244
234
119
112
125
238
245
243
243
243
243
243
243
243
243
243
243
243
243
243
243
243
243
243
243
243
243
243
243
243
243
243
243
243
243
243
243
243
243
243
243
243
243
243
243
243
245
238
128
107
107
220
238
245
243
243
243
243
243
243
243
243
243
243
243
243
243
243
243
243
243
243
243
243
243
243
243
243
243
243
243
243
243
243
243
243
243
243
243
243
243
243
243
243
243
243
243
243
243
243
243
243
243
243
243
243
243
243
243
243
243
243
243
243
243
243
243
243
243
243
243
243
243
243
243
243
243
243
243
243
243
243
243
243
243
243
243
243
243
243
243
243
243
243
243
243
243
243
243
243
243
110
110
110
243
243
243
243
243
243
243
243
243
243
243
243
243
243
243
243
243
243
243
243
243
243
243
243
243
243
243
243
243
243
243
243
243
243
243
243
243
243
243
243
243
243
243
243
243
110
243
243
243
243
243
243
243
243
