116
116
116
250
250
250
250
250
250
250
250
250
250
250
250
250
250
250
250
250
250
250
250
250
250
250
250
250
250
250
250
250
250
250
250
250
250
250
250
250
250
250
250
250
250
250
250
250
250
250
250
250
250
250
250
250
250
250
250
250
250
250
250
250
250
250
250
250
250
250
250
250
250
250
250
250
250
250
250
250
250
250
250
250
250
250
250
250
250
250
250
250
250
250
250
250
250
250
250
250
250
250
250
250
250
250
250
250
250
250
250
250
250
250
250
250
250
250
250
250
250
250
250
250
250
250
250
250
250
250
250
250
250
250
250
250
250
250
250
250
250
250
250
250
250
250
250
250
250
250
116
137
241
251
251
250
250
250
250
250
250
250
251
253
246
250
246
253
251
250
250
250
250
250
250
250
250
250
251
253
246
250
246
253
251
250
252
252
252
252
251
250
250
250
250
250
250
250
250
250
250
250
250
250
250
250
250
250
250
250
250
251
253
246
250
246
253
251
250
250
250
250
250
250
250
250
250
250
250
250
250
250
250
251
253
251
229
129
224
245
252
250
250
250
250
250
250
250
250
250
250
250
250
250
250
250
250
250
251
252
254
253
246
235
237
246
253
254
252
251
250
250
250
250
250
250
250
250
250
250
250
250
250
250
250
250
250
250
250
250
250
250
250
250
250
250
250
250
250
250
116
241
252
253
251
250
250
250
250
250
250
251
253
252
232
133
227
246
252
250
250
250
250
250
250
250
250
251
253
252
232
134
228
251
254
253
253
249
250
248
253
251
250
250
250
250
250
250
250
250
250
250
250
250
250
250
250
250
250
250
251
253
252
232
133
227
246
252
250
250
250
250
250
250
250
250
250
250
250
250
250
250
250
252
246
232
112
115
133
250
252
250
250
250
250
250
250
250
250
250
250
250
250
250
250
250
251
252
254
253
249
237
167
139
142
174
230
245
249
253
251
250
250
250
250
250
250
250
250
250
250
250
250
250
250
250
250
250
250
250
250
250
250
250
250
250
250
250
250
250
250
251
253
251
250
250
250
250
250
250
250
252
246
232
112
115
133
250
252
250
250
250
250
250
250
250
250
252
246
233
115
122
130
251
243
253
244
214
168
242
253
252
250
250
250
250
250
250
250
250
250
250
250
250
250
250
250
250
250
250
252
246
232
112
115
133
250
252
250
250
250
250
250
250
250
250
250
250
250
250
250
250
250
252
250
133
115
112
232
246
252
252
253
254
254
254
253
252
251
250
250
250
250
250
250
250
252
252
248
239
178
135
128
119
120
130
135
154
241
252
253
251
250
250
250
250
250
250
250
250
250
250
250
250
250
250
250
250
250
250
250
250
250
250
250
250
250
250
250
250
250
251
251
250
250
250
250
250
250
250
250
252
250
133
115
112
232
246
252
250
250
250
250
250
250
250
250
252
251
138
111
119
216
167
216
169
213
135
124
168
244
251
251
250
250
250
250
250
250
250
250
250
250
250
250
250
250
250
250
250
252
250
133
115
112
232
246
252
250
250
250
250
250
250
250
250
250
250
250
250
250
250
250
252
246
227
133
232
252
254
253
251
246
238
235
235
244
251
254
252
251
250
250
250
250
252
253
248
193
134
131
124
124
128
128
126
121
125
148
242
250
252
250
250
250
250
250
250
250
250
250
250
250
250
250
250
250
250
250
250
250
250
250
250
250
250
250
251
251
250
250
250
250
250
250
250
250
250
250
250
250
252
246
227
133
232
252
253
251
250
250
250
250
250
250
250
250
252
249
227
116
145
211
154
123
140
127
127
118
138
198
253
252
250
250
250
250
250
250
250
250
250
250
250
250
250
251
252
252
252
253
247
227
133
232
252
253
251
250
250
250
250
250
250
250
250
250
250
250
250
250
250
250
251
253
246
250
248
254
254
254
250
188
138
142
142
154
221
244
246
252
250
250
250
251
252
248
192
125
123
125
129
130
131
131
130
129
124
128
163
249
254
250
250
250
250
250
250
250
250
250
250
250
250
250
250
250
250
250
250
250
250
250
250
250
250
251
253
251
250
250
250
250
250
250
250
250
250
250
250
250
251
253
246
250
246
253
251
250
250
250
250
250
250
250
250
250
251
255
245
158
130
134
136
124
124
124
119
115
155
226
252
251
250
250
250
250
250
250
250
250
250
250
250
252
253
255
253
251
251
254
255
253
254
250
254
252
250
250
250
250
250
250
250
250
250
250
250
250
250
250
250
250
250
251
252
253
253
249
242
237
188
127
120
118
120
127
131
163
241
254
251
250
252
254
255
209
134
123
127
130
127
125
122
122
125
127
127
120
148
235
253
250
250
250
250
250
250
250
250
250
250
250
250
250
250
250
250
250
250
250
250
250
250
250
251
253
252
241
116
250
251
253
254
254
254
254
254
254
254
254
254
253
253
253
252
251
250
250
250
250
250
250
250
250
250
250
250
254
243
158
120
123
122
125
125
137
141
147
186
250
252
251
250
250
250
250
250
250
250
250
250
250
252
253
246
242
233
185
192
237
239
236
246
252
254
252
251
250
250
250
250
250
250
250
250
250
250
250
250
250
250
250
252
252
254
254
253
212
140
139
135
127
126
129
129
126
119
132
226
251
252
252
252
249
243
189
124
122
128
123
127
134
144
146
135
131
124
123
146
198
254
251
250
250
250
250
250
250
250
250
250
250
250
250
250
250
250
250
250
250
250
250
250
250
252
246
232
127
116
250
252
244
239
232
236
236
236
236
236
233
241
250
254
254
253
253
252
251
250
250
250
250
250
250
250
250
250
254
241
157
118
135
148
152
141
116
215
232
245
249
252
250
250
250
250
250
250
250
250
250
250
251
252
248
208
139
137
135
134
141
146
141
145
219
247
251
254
252
251
250
250
250
250
250
250
250
250
250
250
250
250
252
253
248
243
238
211
130
120
116
118
121
123
126
129
129
126
129
156
243
254
252
247
216
139
135
132
126
133
134
142
213
241
239
220
145
131
119
152
237
253
250
250
250
250
250
250
250
250
250
250
250
250
250
250
250
250
250
250
250
250
250
250
250
252
250
133
119
116
250
254
229
146
137
145
144
144
143
145
141
141
212
238
247
240
252
247
253
251
250
250
250
250
250
250
250
250
253
249
164
124
130
214
215
109
118
145
254
254
252
251
250
250
250
250
250
250
250
250
250
250
252
254
221
135
118
120
122
120
116
115
114
125
130
149
228
246
250
253
251
250
250
250
250
250
250
250
250
250
250
251
253
252
232
145
141
135
125
119
128
141
148
140
131
125
126
127
119
144
233
254
254
224
136
122
123
126
120
124
191
243
251
254
254
253
232
136
116
159
245
254
250
250
250
250
250
250
250
250
250
250
250
250
250
250
250
250
250
250
250
250
250
250
250
252
246
227
132
250
250
254
219
130
111
121
119
121
121
120
118
124
135
144
151
215
137
227
246
252
250
250
250
250
250
250
250
250
252
252
236
140
137
173
144
124
116
233
246
252
250
250
250
250
250
250
250
250
250
250
250
250
253
253
211
128
122
130
126
128
137
138
130
119
114
125
132
155
242
253
254
252
251
250
250
250
250
250
250
250
251
253
252
237
138
123
117
120
129
135
177
228
241
238
180
138
135
128
120
145
235
254
254
216
130
118
123
125
127
148
220
254
254
252
252
254
236
141
111
159
245
254
250
250
250
250
250
250
250
250
250
250
250
250
250
250
250
250
250
250
250
250
250
250
250
251
253
246
245
250
250
254
223
137
121
131
131
130
129
125
125
123
123
119
129
108
127
138
252
253
250
250
250
250
250
250
250
250
251
255
244
150
132
226
231
136
232
252
253
251
250
250
250
250
250
250
250
250
250
250
250
251
253
238
172
127
126
127
125
131
204
239
169
142
136
129
117
125
149
237
248
250
253
251
250
250
250
250
250
250
252
249
238
141
127
120
123
129
167
240
248
252
255
253
253
233
155
125
120
147
238
255
254
216
129
119
134
139
192
240
246
251
251
250
250
254
243
149
121
149
236
254
251
250
250
250
250
250
250
250
250
250
250
250
250
250
250
250
250
250
250
250
250
250
250
250
251
252
252
250
250
254
224
137
120
131
129
124
126
134
138
132
124
125
114
107
109
222
241
253
250
250
250
250
250
250
250
250
251
255
244
150
132
237
249
252
246
253
251
250
250
250
250
250
250
250
250
250
250
250
250
251
253
221
135
123
127
129
130
200
254
253
247
240
235
147
127
120
130
133
166
241
251
252
250
250
250
250
250
251
254
248
153
125
120
130
138
181
246
253
253
252
252
252
255
250
167
124
120
136
228
252
254
224
131
116
164
237
251
253
253
252
250
250
250
254
243
220
119
140
193
254
251
250
250
250
250
250
250
250
250
250
250
250
250
250
250
250
250
250
250
250
250
250
250
250
250
250
250
250
250
254
222
136
119
127
128
132
138
201
238
176
135
131
124
114
130
161
252
254
251
250
250
250
250
250
250
250
251
252
234
141
120
153
248
254
252
251
250
250
250
250
250
250
250
250
250
250
250
250
250
252
254
216
133
120
127
124
187
249
254
253
253
254
253
244
142
126
121
120
125
172
251
253
250
250
250
250
251
253
253
235
139
118
130
154
239
249
251
252
251
250
250
250
254
244
163
122
121
137
160
252
253
247
210
140
197
254
254
252
251
250
250
250
251
254
246
153
123
150
240
255
252
251
250
250
250
250
250
250
250
250
250
250
250
250
250
250
250
250
250
250
250
250
250
250
250
250
250
250
250
254
224
138
119
127
131
182
243
252
253
251
239
160
130
123
118
141
236
253
253
251
250
250
250
250
250
250
252
254
176
138
113
147
236
254
250
250
250
250
250
250
250
250
250
250
250
250
250
250
250
252
254
219
135
121
125
130
196
254
254
250
250
251
253
251
240
141
131
122
122
169
246
254
250
250
250
250
252
251
243
151
131
120
143
238
254
253
251
251
250
250
250
250
254
247
165
123
120
135
228
250
253
253
245
241
241
250
252
250
250
250
250
250
252
252
228
130
112
162
239
254
246
253
251
250
250
250
250
250
250
250
250
250
250
250
250
250
250
250
250
250
250
250
250
250
250
250
250
250
250
254
223
137
117
125
173
247
254
253
253
254
253
247
155
131
124
131
152
244
252
252
250
250
250
250
250
250
251
252
234
144
114
149
241
255
251
251
251
251
251
250
250
250
250
250
250
250
250
250
250
251
253
219
136
121
125
124
184
245
253
251
250
250
251
253
253
228
134
121
123
160
239
253
251
250
250
250
253
249
164
127
123
122
155
244
254
251
250
250
250
250
250
252
253
240
155
122
120
145
237
254
252
252
253
253
253
252
251
250
250
250
250
251
254
249
155
127
133
167
232
138
227
246
252
250
250
250
250
250
250
250
250
250
250
250
250
250
250
250
250
250
250
250
250
250
250
250
250
250
250
254
223
137
116
127
181
252
254
250
250
251
253
253
236
142
120
123
128
157
246
253
251
250
250
250
250
250
251
255
244
156
116
140
237
254
255
250
251
250
253
252
251
250
250
250
250
250
250
250
250
251
254
230
150
127
125
125
135
206
254
253
250
250
250
252
255
236
145
120
127
142
192
255
252
250
250
250
254
241
155
119
126
125
162
245
254
251
250
250
250
250
251
253
249
170
131
123
128
160
244
253
250
250
250
250
250
250
250
250
250
251
252
254
254
235
137
118
143
222
121
124
137
252
253
250
250
250
250
250
250
250
250
250
250
250
250
250
250
250
250
250
250
250
250
250
250
250
250
250
250
254
223
137
116
126
183
254
254
252
251
250
251
254
251
160
132
126
123
135
192
253
253
251
250
250
250
250
250
254
241
153
117
131
158
239
240
208
171
234
250
254
253
252
251
250
250
250
250
250
250
250
252
250
205
124
123
124
122
189
247
253
251
250
251
253
253
228
136
122
120
151
230
248
252
250
250
250
254
244
159
122
128
124
145
238
253
253
252
251
250
251
253
254
213
144
121
118
132
226
252
252
250
250
250
250
250
250
250
250
251
252
250
247
236
150
131
126
140
124
116
110
227
248
253
251
250
250
250
250
250
250
250
250
250
250
250
250
250
250
250
250
250
250
250
250
250
250
250
250
250
254
223
137
118
126
170
239
252
254
254
252
252
252
252
231
140
121
127
124
155
240
252
252
250
250
250
250
250
254
241
154
121
126
133
139
146
134
135
141
194
236
241
245
252
251
251
252
252
252
251
250
252
254
223
140
128
126
126
143
215
253
251
251
253
252
240
142
130
123
124
142
196
254
253
250
250
250
254
243
158
121
128
126
131
162
244
253
252
254
254
253
253
243
167
126
122
124
147
241
254
251
250
250
250
250
250
250
250
250
251
251
242
165
133
132
126
129
128
125
111
129
176
253
253
252
250
250
250
250
250
250
250
250
250
250
250
250
250
250
250
250
250
250
250
250
250
250
250
250
250
254
225
137
119
130
134
141
198
236
243
250
254
253
255
251
159
130
125
124
130
175
251
253
250
250
250
250
250
254
239
151
119
126
126
123
122
122
122
125
133
137
154
217
254
253
254
246
250
246
253
252
252
254
253
207
128
126
122
131
207
255
255
254
254
243
143
128
122
123
125
164
243
250
252
250
250
250
254
241
156
120
127
129
123
146
193
172
234
237
238
252
254
189
132
123
129
139
234
254
254
252
251
250
250
250
250
250
250
250
252
249
178
129
120
126
129
131
132
131
128
126
127
181
249
253
252
250
250
250
250
250
250
250
250
250
250
250
250
250
250
250
250
250
250
250
251
252
252
250
250
252
218
142
121
129
124
126
133
139
145
208
240
238
224
231
232
139
136
123
121
167
244
254
250
250
250
250
250
254
249
159
128
127
130
131
130
130
131
129
125
119
120
193
250
255
253
232
133
227
248
253
250
248
243
203
129
126
125
127
195
240
238
239
236
149
127
121
120
126
159
246
253
253
250
250
250
250
253
248
161
125
121
126
127
135
130
138
137
144
140
194
235
171
122
123
125
207
242
252
246
253
254
253
252
251
250
250
250
250
254
248
170
124
127
131
131
128
127
126
128
127
127
127
185
246
252
252
250
250
250
250
250
250
250
250
250
250
250
250
250
250
250
250
250
251
253
246
245
250
250
140
199
131
121
130
131
128
126
120
126
133
143
144
153
146
152
215
134
122
123
168
246
254
250
250
250
250
250
252
252
231
136
114
120
120
121
120
121
121
123
122
126
130
213
247
237
115
116
137
254
253
229
157
153
138
133
128
128
133
138
145
146
147
137
128
117
128
133
162
243
253
253
251
250
250
250
250
252
251
240
159
133
131
123
128
125
124
122
120
123
134
141
139
130
126
131
146
223
156
159
233
239
244
250
253
251
250
250
252
252
240
158
123
128
129
128
125
134
131
133
125
127
124
130
196
253
252
250
250
250
250
250
250
250
250
250
250
250
250
250
251
252
252
252
254
252
232
134
250
116
126
124
142
130
128
131
129
131
130
128
125
121
122
123
122
134
135
140
125
124
171
249
254
250
250
250
250
250
251
254
247
161
139
143
144
144
142
142
144
142
133
123
123
133
214
129
120
119
231
243
226
137
126
122
123
123
122
123
123
123
122
121
121
121
133
138
160
234
248
250
253
251
250
250
250
250
250
251
253
249
247
232
144
126
120
121
125
128
129
129
126
125
126
128
129
125
134
129
129
128
136
141
163
243
253
253
251
250
253
252
175
130
125
126
122
131
147
176
219
139
129
126
122
124
189
251
253
250
250
250
250
250
250
250
250
250
250
250
250
251
253
246
250
249
252
233
112
114
116
116
132
233
210
129
124
128
127
125
126
128
129
129
131
130
129
128
128
129
128
124
163
241
253
252
250
250
250
250
250
252
246
242
232
236
236
238
230
223
238
240
190
132
123
124
133
201
141
233
239
157
134
130
124
126
128
134
144
146
137
130
129
131
130
122
117
215
241
253
254
252
251
250
250
250
250
250
250
250
251
252
254
253
240
159
142
147
140
133
128
131
129
127
122
124
127
127
129
127
127
126
122
118
124
164
247
252
252
250
254
245
167
117
117
129
132
154
234
252
249
223
130
127
119
127
195
253
254
250
250
250
250
250
250
250
250
250
250
250
251
253
252
232
133
230
247
135
115
114
250
116
244
255
225
135
118
132
141
142
139
127
123
124
126
129
129
131
131
130
130
125
132
181
253
253
250
250
250
250
250
251
252
254
254
254
254
254
253
253
254
255
248
178
122
114
137
213
255
247
160
126
121
125
122
120
129
181
244
239
176
126
128
130
123
107
122
144
253
254
251
250
250
250
250
250
250
250
250
250
250
250
251
253
250
244
242
246
212
134
124
127
127
135
146
141
130
122
122
127
130
130
130
128
125
128
170
249
253
252
254
245
161
121
131
148
224
247
251
253
253
251
213
129
121
119
192
252
254
251
250
250
250
250
250
250
250
250
250
250
252
246
232
112
115
135
247
230
133
227
250
250
252
255
227
140
124
121
174
230
185
162
155
138
130
122
123
125
128
128
118
121
121
172
246
254
250
250
250
250
250
250
250
250
250
250
250
250
250
250
251
254
254
194
135
116
136
226
255
238
140
121
124
133
137
141
177
248
255
254
184
125
124
130
114
117
128
236
247
252
250
250
250
250
250
250
250
250
250
250
250
250
250
251
253
254
254
253
210
131
118
123
128
192
244
238
170
143
136
131
120
123
126
127
127
126
127
176
246
252
254
249
175
138
212
248
251
254
252
252
252
253
253
211
132
120
125
237
252
253
251
250
250
250
250
250
250
250
250
250
252
250
133
115
112
233
252
249
250
245
250
250
252
253
249
209
126
122
142
204
254
246
240
236
173
155
149
136
129
108
112
112
123
175
247
254
250
251
252
253
253
252
251
250
250
250
250
250
250
250
250
252
253
241
170
114
123
220
247
160
129
123
131
157
237
240
245
251
254
252
185
128
124
128
120
118
230
250
254
252
250
250
250
250
250
250
250
250
250
250
250
250
250
251
253
252
228
142
134
132
130
136
196
251
255
254
246
239
233
157
133
141
131
133
125
128
123
129
189
253
254
248
239
240
248
254
253
251
250
250
250
252
254
243
189
103
118
130
247
248
253
251
250
250
250
250
250
250
250
250
252
246
227
133
232
252
254
252
252
252
250
250
250
253
254
213
131
114
122
185
251
254
254
253
248
238
241
234
127
119
110
124
116
173
248
254
250
252
241
231
234
248
254
252
251
250
250
250
250
250
250
250
254
254
187
129
122
150
223
159
121
122
146
239
254
254
253
252
252
251
246
173
126
125
125
131
164
246
254
250
250
250
250
250
250
250
250
250
250
250
250
250
250
252
249
231
133
125
117
119
166
236
250
252
252
252
253
254
252
247
228
185
221
140
128
126
123
123
182
248
254
252
253
253
253
252
250
250
250
250
250
250
254
253
145
114
108
182
141
248
250
253
251
250
250
250
250
250
250
250
252
254
250
252
248
253
251
250
250
250
250
250
250
252
253
221
138
124
125
131
198
248
252
252
252
253
254
253
234
141
210
143
127
175
242
254
250
252
245
151
139
225
238
249
255
254
254
252
251
250
250
250
252
253
241
164
113
135
207
152
124
121
154
243
254
251
250
250
251
252
252
249
173
130
126
118
141
233
254
250
250
250
250
250
250
250
250
250
250
250
250
250
250
254
239
144
125
125
125
132
185
255
254
252
251
250
250
251
252
254
252
255
249
230
135
131
122
127
188
253
254
250
250
250
250
250
250
250
251
252
254
254
255
249
192
107
123
130
222
128
229
246
252
250
250
250
250
250
250
251
253
248
252
250
254
252
250
250
250
250
250
250
250
250
252
247
201
125
121
122
133
210
254
253
250
250
251
253
247
252
241
246
202
179
246
253
250
252
241
234
224
141
141
227
224
222
237
249
254
254
252
251
251
254
249
173
120
132
136
139
125
120
150
240
253
250
250
250
250
251
253
254
243
159
123
117
141
234
254
252
250
250
250
250
250
250
250
250
250
250
250
250
252
254
235
142
118
127
123
165
241
252
252
250
250
250
250
250
250
251
251
252
254
253
216
130
120
123
177
244
253
252
250
250
250
251
252
254
254
249
237
222
231
228
130
111
117
178
113
123
134
250
252
250
250
250
250
250
251
253
252
232
133
227
248
253
252
252
251
250
250
250
250
250
252
254
221
145
126
121
123
196
249
254
252
250
250
251
252
253
254
254
248
247
246
252
250
251
252
254
248
238
225
143
145
145
143
227
223
237
249
255
254
255
255
192
136
125
126
128
125
130
169
249
253
250
250
250
250
250
250
254
248
168
122
131
143
240
252
254
251
250
250
250
250
250
250
250
250
250
250
250
252
252
229
136
121
110
132
191
253
254
250
250
250
250
250
250
250
250
250
250
252
254
223
138
121
126
132
198
254
255
254
254
254
255
249
237
223
227
143
147
152
135
126
119
138
123
122
115
232
246
252
250
250
250
250
250
252
246
232
112
115
134
253
250
250
246
253
251
250
250
250
250
250
253
247
196
124
122
129
132
212
252
253
252
250
250
250
250
250
252
252
252
252
251
250
250
250
251
252
254
248
237
222
224
227
143
144
143
227
224
223
225
225
224
154
127
128
131
125
145
235
255
251
250
250
250
250
250
250
254
248
167
121
129
205
134
230
246
252
250
250
250
250
250
250
250
250
250
250
251
254
249
153
128
107
115
133
246
252
252
250
250
250
250
250
250
250
250
250
250
252
254
219
136
123
125
126
195
246
241
222
223
223
224
227
143
144
143
227
227
228
191
122
118
188
226
141
232
252
253
251
250
250
250
250
250
252
250
133
115
114
238
250
234
133
227
246
252
250
250
250
250
250
253
254
215
143
122
121
126
130
217
251
253
252
250
250
250
250
250
250
250
250
250
250
250
250
250
250
251
252
254
254
255
249
237
223
227
143
145
146
147
155
144
161
123
117
126
121
152
248
255
254
254
254
254
254
254
254
255
246
161
121
132
111
125
134
250
252
250
250
250
250
250
250
250
250
250
250
252
252
231
136
108
109
123
235
253
253
251
251
252
254
254
254
254
254
254
254
254
255
255
224
137
119
123
122
177
231
148
145
147
147
145
143
227
223
237
249
255
255
212
125
121
201
250
253
246
253
251
250
250
250
250
250
250
252
246
227
133
234
250
238
114
115
133
250
252
250
250
250
250
250
251
252
249
196
130
129
123
126
132
223
252
253
252
251
251
251
250
250
250
250
250
250
250
250
250
250
250
250
250
250
251
252
254
254
249
237
222
223
223
232
227
130
115
115
116
111
125
219
231
223
223
223
223
223
223
226
229
174
135
126
114
118
130
243
254
255
254
254
254
254
254
254
254
254
254
254
255
253
159
132
125
114
166
254
255
255
254
255
249
237
222
223
223
223
223
223
223
225
230
201
122
112
116
119
132
143
231
224
223
223
222
237
249
254
254
252
254
254
206
123
119
194
254
254
252
251
250
250
250
250
250
250
250
251
253
246
250
250
253
134
115
112
232
246
252
250
250
250
250
250
250
252
253
250
190
129
126
127
127
136
231
253
251
252
249
254
252
251
250
250
250
250
250
250
250
250
250
250
250
250
250
250
250
251
252
254
254
254
255
255
244
162
118
115
114
120
142
139
154
147
147
147
147
146
147
154
145
131
121
121
113
108
210
225
229
224
223
223
223
223
223
223
223
223
223
223
230
215
133
112
121
120
150
227
232
223
223
224
227
143
145
147
147
147
147
147
147
150
154
139
130
123
124
122
175
240
253
255
254
254
254
254
252
251
250
250
253
248
197
120
143
216
253
252
250
250
250
250
250
250
250
250
250
250
251
252
252
253
248
227
133
232
252
253
251
250
250
250
250
250
250
252
254
253
197
117
119
126
124
127
156
243
238
180
227
248
251
254
252
251
250
250
250
250
250
250
250
250
250
250
250
250
250
250
250
250
250
250
253
252
179
133
127
119
118
123
145
225
235
227
225
224
223
223
226
228
221
151
109
118
123
141
146
153
148
147
147
147
147
147
147
147
147
147
147
146
151
143
142
126
124
112
125
139
153
155
149
146
143
227
224
223
223
223
223
223
224
229
226
198
123
128
125
130
196
254
254
251
250
250
250
250
250
250
250
252
254
218
132
121
181
248
254
250
250
250
250
250
250
250
250
250
250
250
250
250
250
251
253
246
250
246
253
251
250
250
250
250
250
250
250
252
251
234
119
118
121
136
128
125
130
149
215
145
128
163
236
249
252
254
252
251
250
250
250
250
250
250
250
250
250
250
250
250
250
250
250
250
254
249
172
123
126
128
120
122
147
247
253
254
253
255
254
255
255
255
186
131
128
135
221
234
227
224
223
223
223
223
223
223
223
223
223
223
223
223
224
227
236
219
136
118
120
143
211
222
227
228
239
249
255
254
254
254
255
255
255
255
240
142
134
129
122
124
188
250
253
250
250
250
250
250
250
250
250
252
253
207
120
112
186
251
254
250
250
250
250
250
250
250
250
250
250
250
250
250
250
250
251
252
252
252
251
250
250
250
250
250
250
250
251
254
247
134
113
130
229
165
120
123
122
133
130
132
118
129
134
172
235
245
249
252
250
250
250
250
250
250
250
250
250
250
250
250
250
250
250
252
253
242
166
124
130
128
121
123
134
155
217
175
248
255
254
254
251
182
127
117
124
217
254
255
254
254
254
254
254
254
254
254
254
254
254
254
254
254
254
254
255
238
144
120
131
140
147
194
252
255
255
255
254
253
253
253
255
251
248
223
137
127
126
128
125
133
198
253
253
250
250
250
250
250
250
250
250
253
254
212
129
123
193
253
253
250
250
250
250
250
250
250
250
250
250
250
250
250
250
250
250
250
250
250
250
250
250
250
250
250
250
251
253
253
228
109
109
233
253
196
138
126
118
118
117
118
118
115
113
117
125
185
248
253
250
250
250
250
250
250
250
250
250
250
250
250
250
251
252
254
254
189
134
125
127
125
117
122
125
133
125
161
238
250
245
238
186
127
118
119
141
230
254
252
250
250
250
250
250
250
250
250
250
250
250
250
250
250
250
250
253
241
146
128
126
125
124
130
143
199
238
236
241
252
253
247
239
231
150
133
132
125
129
123
119
174
243
253
252
250
250
250
250
250
250
250
250
253
250
201
119
168
243
253
252
250
250
250
250
250
250
250
250
250
250
250
250
250
250
250
250
250
250
250
250
250
250
250
250
250
250
252
246
233
119
111
133
249
254
246
236
161
140
145
144
145
145
144
143
136
132
183
248
253
250
250
250
250
250
250
250
250
250
250
252
252
252
253
252
249
235
167
124
123
133
141
140
133
123
125
123
132
171
211
144
139
129
126
128
140
218
248
252
250
250
250
250
250
250
250
250
250
250
250
250
250
250
250
250
250
253
250
223
130
122
129
128
124
126
134
144
145
144
214
238
168
144
135
129
121
127
128
132
135
149
207
253
252
250
250
250
250
250
250
250
251
252
254
229
137
123
181
253
254
250
250
250
250
250
250
250
250
250
250
250
250
250
250
250
250
250
250
250
250
250
250
250
250
250
250
250
252
251
136
120
118
237
250
253
254
252
245
236
236
236
236
236
236
236
233
235
243
249
252
250
250
250
250
250
250
250
250
250
252
253
248
249
248
253
200
143
132
130
123
136
223
233
150
128
137
125
128
134
129
126
113
118
126
198
245
249
252
252
250
250
250
250
250
250
250
250
250
250
250
250
250
250
250
250
250
252
254
241
155
123
117
120
123
122
123
121
118
125
135
137
130
120
122
128
130
130
125
117
154
225
244
252
251
250
250
250
250
250
250
250
252
248
245
204
120
114
178
248
253
250
250
250
250
250
250
250
250
250
250
250
250
250
250
250
250
250
250
250
250
250
250
250
250
250
250
250
252
252
222
133
228
254
254
251
251
252
253
254
254
254
254
254
254
254
254
254
253
252
251
250
250
250
250
250
250
250
250
252
253
250
215
171
201
184
181
122
121
129
123
131
228
246
182
216
142
121
122
119
115
120
128
134
201
250
254
253
252
250
250
250
250
250
250
250
250
250
250
250
250
250
250
250
250
250
250
250
252
249
229
149
142
145
143
133
124
120
124
123
120
118
122
126
127
124
121
119
127
138
158
206
254
252
250
250
250
250
250
250
250
251
253
235
161
131
128
128
187
253
253
250
250
250
250
250
250
250
250
250
250
250
250
250
250
250
250
250
250
250
250
250
250
250
250
250
250
251
254
254
229
135
227
253
253
250
250
250
250
250
250
250
250
250
250
250
250
250
250
250
250
250
250
250
250
250
250
250
250
252
250
219
131
131
130
137
132
133
128
128
120
128
157
244
254
228
123
120
137
147
142
139
184
240
248
252
252
250
250
250
250
250
250
250
250
250
250
250
250
250
250
250
250
250
250
250
250
250
251
252
248
243
234
237
238
197
142
138
129
126
135
139
131
116
127
136
146
140
164
233
238
241
248
251
250
250
250
250
250
250
250
252
254
227
137
114
119
165
241
252
252
250
250
250
250
250
250
250
250
250
250
250
250
250
250
250
250
250
250
250
250
250
250
250
250
250
250
252
249
238
123
112
129
241
253
250
250
250
250
250
250
250
250
250
250
250
250
250
250
250
250
250
250
250
250
250
250
250
250
253
229
136
120
121
125
125
128
130
128
132
135
152
229
244
239
121
115
126
236
240
234
238
247
253
253
252
250
250
250
250
250
250
250
250
250
250
250
250
250
250
250
250
250
250
250
250
250
250
250
251
252
254
254
254
254
249
242
236
177
139
213
238
161
137
148
230
239
236
246
252
254
252
251
251
250
250
250
250
250
250
252
254
253
222
123
117
138
193
254
252
250
250
250
250
250
250
250
250
250
250
250
250
250
250
250
250
250
250
250
250
250
250
250
250
250
250
250
253
240
129
99
99
129
240
253
250
250
250
250
250
250
250
250
250
250
250
250
250
250
250
250
250
250
250
250
250
250
250
250
253
229
136
120
122
126
127
124
122
114
124
199
246
254
253
134
116
116
239
253
255
254
254
253
252
251
250
250
250
250
250
250
250
250
250
250
250
250
250
250
250
250
250
250
250
250
250
250
250
250
250
250
250
250
250
252
253
254
254
245
242
251
253
245
233
244
252
255
254
253
252
251
250
250
250
250
250
250
250
250
251
254
251
235
125
111
106
158
240
254
251
250
250
250
250
250
250
250
250
250
250
250
250
250
250
250
250
250
250
250
250
250
250
250
250
250
250
250
253
240
126
108
120
237
249
252
250
250
250
250
250
250
250
250
250
250
250
250
250
250
250
250
250
250
250
250
250
250
250
250
252
250
220
131
131
125
130
129
143
140
145
224
254
253
248
227
133
232
252
253
252
252
252
252
251
250
250
250
250
250
250
250
250
250
250
250
250
250
250
250
250
250
250
250
250
250
250
250
250
250
250
250
250
250
250
250
250
251
252
253
253
253
253
254
254
254
252
251
250
250
250
250
250
250
250
250
250
250
250
250
252
249
235
126
109
110
125
186
251
253
250
250
250
250
250
250
250
250
250
250
250
250
250
250
250
250
250
250
250
250
250
250
250
250
250
250
250
251
253
252
233
137
233
252
253
251
250
250
250
250
250
250
250
250
250
250
250
250
250
250
250
250
250
250
250
250
250
250
250
250
252
253
249
214
172
200
139
187
239
235
238
244
251
252
253
246
250
246
253
252
253
246
250
246
253
251
250
250
250
250
250
250
250
250
250
250
250
250
250
250
250
250
250
250
250
250
250
250
250
250
250
250
250
250
250
250
250
250
250
250
250
250
250
250
250
250
250
250
250
250
250
250
250
250
250
250
250
250
250
250
254
245
148
110
102
121
227
249
248
252
250
250
250
250
250
250
250
250
250
250
250
250
250
250
250
250
250
250
250
250
250
250
250
250
250
250
250
253
248
253
243
253
248
253
251
250
250
250
250
250
250
250
250
250
250
250
250
250
250
250
250
250
250
250
250
250
250
250
250
250
250
252
252
248
250
240
245
246
254
254
254
253
252
250
251
252
252
252
252
253
252
232
133
227
246
252
250
250
250
250
250
250
250
250
250
250
250
250
250
250
250
250
250
250
250
250
250
250
250
250
250
250
250
250
250
250
250
250
250
250
250
250
250
250
250
250
250
250
250
250
250
250
250
250
250
250
250
250
250
250
254
235
143
112
114
162
252
255
252
251
250
250
250
250
250
250
250
250
250
250
250
250
250
250
250
250
250
250
250
250
250
250
250
250
250
250
250
251
236
148
238
253
252
251
250
250
250
250
250
250
250
250
250
250
250
250
250
250
250
250
250
250
250
250
250
250
250
250
250
250
250
250
252
252
253
253
254
253
252
251
250
250
250
250
250
250
250
250
251
251
241
127
119
132
245
252
250
250
250
250
250
250
250
250
250
250
250
250
250
250
250
250
250
250
250
250
250
250
250
250
250
250
250
250
250
250
250
250
250
250
250
250
250
250
250
250
250
250
250
250
250
250
250
250
250
250
250
250
250
250
254
237
146
122
148
237
251
252
250
250
250
250
250
250
250
250
250
250
250
250
250
250
250
250
250
250
250
250
250
250
250
250
250
250
250
250
250
250
116
116
116
250
250
250
250
250
250
250
250
250
250
250
250
250
250
250
250
250
250
250
250
250
250
250
250
250
250
250
250
250
250
250
250
250
250
250
250
250
250
250
250
250
250
250
250
250
250
250
250
250
116
116
116
250
250
250
250
250
250
250
250
250
250
250
250
250
250
250
250
250
250
250
250
250
250
250
250
250
250
250
250
250
250
250
250
250
250
250
250
250
250
250
250
250
250
250
250
250
250
250
250
250
250
250
250
250
250
250
250
250
250
251
134
137
252
250
250
250
250
250
250
250
250
250
250
250
250
250
250
250
250
250
250
250
250
250
250
250
250
250
250
250
250
250
250
250
