246
246
246
246
246
246
246
246
246
246
246
246
246
246
246
246
246
246
246
246
246
246
246
246
246
246
246
246
246
246
246
246
246
246
246
246
246
246
246
246
246
246
246
246
246
246
246
246
246
246
246
246
246
246
82
82
82
246
246
246
246
246
246
246
246
246
246
246
246
246
246
246
246
246
246
246
246
246
246
246
246
246
246
246
246
246
246
246
246
246
246
246
246
246
246
246
246
246
246
246
246
246
246
246
246
246
246
246
246
246
246
246
246
246
246
246
246
246
246
246
246
246
246
246
246
246
246
246
246
246
246
246
246
246
246
246
246
246
246
246
246
246
246
246
246
246
246
246
246
246
246
246
246
246
246
246
246
246
246
246
246
246
246
246
246
246
246
246
246
246
246
246
246
246
246
246
246
246
246
246
246
246
246
246
246
246
246
246
246
246
246
246
246
246
246
246
246
246
246
246
246
246
247
247
229
120
229
247
247
246
246
246
246
246
246
247
253
241
246
241
253
247
246
246
246
246
246
246
246
246
246
246
246
246
246
246
246
246
246
246
246
246
246
246
246
246
246
246
246
246
246
246
246
246
246
246
246
246
246
246
246
246
246
246
246
246
246
246
246
246
246
246
246
246
246
246
246
246
246
246
246
246
246
246
246
246
246
246
246
246
246
246
247
253
241
246
241
253
247
246
246
246
246
246
246
246
246
246
246
246
246
246
246
246
246
246
246
246
246
246
246
246
246
246
246
246
246
246
246
246
246
246
246
246
246
246
246
246
246
246
246
246
246
246
246
246
246
246
246
246
246
246
247
253
241
246
241
253
247
246
246
246
246
246
247
253
249
224
103
218
241
249
246
246
246
246
246
246
246
246
246
246
246
246
246
246
246
246
246
246
246
246
246
246
246
246
246
246
246
246
246
246
246
246
246
246
246
246
246
246
246
246
246
246
246
246
246
246
246
246
246
246
246
246
246
246
246
246
246
246
246
246
246
246
246
246
246
246
246
246
246
247
253
249
224
103
218
241
249
246
246
246
246
246
246
246
246
246
246
246
246
246
246
246
246
246
246
246
246
246
246
246
246
246
246
246
246
246
246
246
246
246
246
246
246
246
246
246
246
246
246
246
246
246
246
246
246
246
246
246
246
246
246
247
249
250
249
247
246
246
246
246
246
247
252
246
227
79
80
103
246
250
246
246
246
246
246
246
246
246
246
246
246
246
246
246
246
246
246
246
246
246
246
246
246
246
246
246
246
246
246
246
246
247
249
251
253
253
254
253
252
249
247
246
246
246
246
246
246
246
246
246
246
246
246
246
246
246
246
246
246
246
246
246
246
246
246
246
246
246
246
249
241
224
77
80
103
246
250
246
246
246
246
246
246
246
246
246
246
246
246
246
246
246
246
246
246
246
246
246
246
246
246
246
246
247
248
248
248
247
246
246
246
246
246
246
246
246
246
246
246
246
246
246
247
249
250
249
247
246
246
246
246
246
246
246
246
246
246
246
246
246
247
253
246
246
99
90
83
227
244
250
247
246
246
246
246
246
246
246
246
246
246
246
246
246
246
246
246
246
246
246
246
246
246
246
246
246
246
246
246
247
248
253
247
241
232
235
235
232
237
241
248
246
246
246
246
246
246
246
246
246
246
246
246
246
246
246
246
246
246
246
246
246
246
246
246
246
246
246
246
250
246
103
80
77
224
241
249
246
246
246
246
246
246
246
246
246
246
246
247
249
250
249
247
246
246
246
246
246
246
246
246
247
249
254
248
247
246
251
249
247
246
246
246
246
246
246
246
246
246
246
246
247
253
241
246
241
253
247
246
246
246
246
246
246
246
246
246
246
246
247
253
249
228
99
193
94
227
242
255
252
253
249
247
246
246
246
246
246
246
246
246
246
246
246
246
246
246
246
246
246
246
246
246
246
246
246
246
248
250
253
250
245
228
160
152
155
153
146
153
223
250
246
246
246
246
246
246
246
246
246
246
246
246
246
246
246
246
246
246
246
246
246
246
246
246
246
246
246
246
249
241
218
103
224
249
253
247
246
246
246
246
246
246
246
246
246
246
247
253
241
246
241
253
247
246
246
246
247
248
251
253
253
246
241
232
180
209
243
248
253
248
247
246
246
246
246
246
246
246
246
247
253
249
224
103
218
241
249
246
246
246
246
246
246
246
246
246
246
246
249
241
224
82
86
102
227
176
212
192
233
241
245
253
251
248
247
246
246
246
246
246
246
246
246
246
246
246
246
246
246
246
246
246
246
246
246
248
249
242
239
234
176
145
141
130
128
132
132
152
225
250
246
246
246
246
246
246
246
246
246
247
248
250
253
253
254
253
252
250
248
246
246
246
246
246
246
246
246
246
247
253
241
246
241
253
247
246
246
246
246
246
246
246
246
246
246
247
253
249
224
103
218
241
249
246
246
246
248
243
239
233
237
211
155
147
148
142
161
230
245
248
251
247
246
246
246
246
246
246
246
249
241
224
77
80
103
246
250
246
246
246
246
246
246
246
246
246
246
246
250
246
104
80
66
158
205
159
141
155
148
156
215
237
241
245
250
247
246
246
246
246
246
246
246
246
246
246
246
246
246
246
246
246
246
246
246
249
245
203
151
147
139
131
131
134
143
149
202
241
244
248
246
246
246
246
246
246
247
249
252
254
251
244
235
233
235
233
236
243
248
248
246
246
246
246
246
246
246
246
246
247
249
250
249
247
246
246
246
246
246
246
246
246
246
246
246
249
241
224
77
80
103
246
250
246
247
248
254
249
176
150
155
148
139
133
138
135
142
150
182
241
246
248
247
246
246
246
246
246
246
250
246
103
80
77
224
241
249
246
246
246
246
246
246
246
246
246
246
246
249
241
220
108
172
161
149
147
137
139
135
140
147
152
165
241
251
252
248
247
246
246
246
246
246
246
246
246
246
246
246
246
246
246
246
246
249
254
219
145
128
134
145
156
157
155
182
240
247
251
250
247
246
246
246
246
247
249
252
246
240
235
238
186
150
153
158
156
153
194
243
247
248
246
246
246
246
246
246
246
246
246
246
246
246
247
249
249
246
246
246
246
246
246
246
246
246
250
246
103
80
77
224
241
249
246
249
247
246
230
158
131
136
138
141
142
144
143
142
137
139
158
219
251
250
246
246
246
246
246
247
251
246
224
108
226
250
253
247
246
246
246
246
246
246
246
246
246
246
246
248
254
248
249
228
163
136
141
142
143
143
141
137
133
140
168
239
247
250
250
247
246
246
246
246
246
246
246
246
246
246
246
246
246
246
246
250
245
204
137
140
154
218
238
234
235
243
250
251
247
246
246
246
246
246
247
250
246
243
222
156
154
152
144
136
133
135
135
133
141
201
253
251
246
246
246
246
246
246
246
246
246
246
246
247
253
241
239
246
246
246
246
246
246
246
246
246
249
241
218
103
224
249
253
248
248
251
246
192
147
147
140
138
139
138
139
141
143
146
136
101
114
192
251
252
246
246
246
246
246
247
243
245
224
240
242
255
249
247
246
246
246
246
246
246
246
246
246
246
246
246
246
246
246
178
147
141
143
143
142
142
141
140
139
137
144
148
193
241
245
248
248
246
246
246
246
246
246
246
246
246
246
246
246
246
246
253
228
147
137
187
243
250
254
253
252
250
248
247
246
246
246
246
246
246
249
249
241
170
145
140
133
136
139
143
142
142
143
138
136
191
243
250
246
246
246
246
246
246
246
246
246
246
247
253
249
224
104
246
246
246
246
246
246
246
246
246
247
253
241
246
241
253
247
246
248
246
197
140
136
136
139
150
153
152
145
143
142
144
135
101
92
166
246
253
247
246
246
246
246
248
252
187
158
167
233
240
243
248
246
246
246
246
247
250
252
254
252
249
247
247
251
222
165
145
138
141
141
138
142
143
150
166
155
146
136
139
142
150
218
248
250
249
249
250
249
247
246
246
246
246
246
246
246
246
247
253
221
143
132
201
253
253
247
246
246
246
246
246
246
246
247
249
250
251
251
248
168
139
135
144
142
141
140
139
140
142
143
142
140
149
217
254
250
246
246
246
246
246
246
246
246
246
249
241
224
77
79
82
246
246
246
246
246
246
246
246
246
247
249
250
249
247
246
250
253
216
149
137
136
143
151
199
237
204
200
182
147
143
136
101
94
122
204
251
250
249
250
249
248
252
244
227
143
136
152
198
253
249
246
246
246
247
246
241
236
230
237
241
248
246
249
240
189
139
138
141
142
147
158
201
192
225
230
154
134
137
134
137
146
223
247
255
241
246
241
253
247
246
246
246
246
246
246
246
247
253
223
143
131
197
250
250
246
246
246
246
246
246
246
247
250
242
239
246
255
202
139
84
129
137
144
147
145
148
140
145
138
142
138
134
204
248
254
247
246
246
246
246
246
246
246
246
250
246
103
80
79
246
246
246
246
246
246
246
246
246
246
246
246
246
246
246
247
251
246
204
138
133
141
151
230
249
250
250
249
237
165
137
136
107
95
119
173
239
255
242
246
241
254
249
246
173
144
133
155
230
244
250
246
246
246
248
249
207
157
145
159
230
251
246
253
250
191
140
139
139
147
185
246
249
241
252
237
183
164
149
142
137
138
162
247
254
225
103
218
241
249
246
246
246
246
246
246
246
248
253
226
146
132
198
251
250
246
246
246
246
246
246
246
249
245
220
148
189
235
172
77
76
84
142
157
210
210
169
214
169
150
149
140
128
96
225
243
249
246
246
246
246
246
246
246
246
249
241
218
103
217
246
246
246
246
246
246
246
246
246
246
246
246
246
246
246
249
246
220
147
140
139
148
226
250
253
249
249
254
248
187
150
146
127
96
118
203
255
253
224
103
217
248
254
187
142
137
139
147
188
252
251
246
246
246
248
251
206
142
125
144
223
252
246
252
247
184
137
137
139
167
246
255
254
228
107
215
236
241
209
147
139
133
152
221
224
80
80
103
246
250
246
246
246
246
246
246
246
250
247
218
137
135
198
250
251
246
246
246
246
246
246
246
252
235
152
136
147
152
94
79
73
131
161
243
249
243
246
240
246
214
144
127
71
80
106
245
251
246
246
246
246
246
246
246
246
247
253
241
246
239
246
246
246
246
246
246
246
246
246
246
246
246
246
246
247
253
234
156
135
136
144
216
249
250
247
246
246
248
244
245
226
147
104
96
118
205
246
228
77
81
105
252
248
176
136
140
139
137
183
247
253
246
246
246
249
249
238
181
126
149
226
253
246
252
247
186
137
137
137
165
243
248
227
77
81
105
252
255
251
202
144
138
147
168
101
87
78
224
241
249
246
246
246
246
246
246
246
252
234
152
132
134
194
249
250
246
246
246
246
246
246
246
252
226
151
131
140
137
125
91
147
172
243
251
253
250
250
251
255
234
156
82
77
87
212
243
250
246
246
246
246
246
246
246
246
246
247
249
250
249
246
246
246
246
246
246
246
246
246
246
246
246
246
246
249
245
220
140
134
144
205
249
251
247
246
246
246
247
248
255
239
153
99
101
122
171
230
109
82
79
225
240
195
143
141
144
142
137
177
242
251
247
246
246
250
254
215
154
133
151
227
253
246
252
248
186
139
139
141
142
181
248
109
86
79
224
241
251
252
244
184
136
136
147
203
104
226
249
253
247
246
246
246
246
246
246
246
251
233
152
136
142
204
255
253
247
246
246
246
246
246
246
251
237
160
142
142
147
137
150
218
250
247
250
247
246
246
246
248
249
215
136
88
193
247
253
249
246
246
246
246
246
246
246
246
246
246
246
246
246
246
246
246
246
246
246
246
246
246
246
246
246
246
246
252
238
157
136
132
185
244
252
247
246
246
246
247
248
250
255
240
159
121
112
131
143
205
217
104
228
254
210
141
137
141
151
143
137
147
200
252
250
246
246
250
243
198
139
129
147
223
253
246
252
248
188
140
140
143
139
145
177
213
101
226
252
253
248
251
253
201
150
137
148
169
246
246
253
247
246
246
246
246
246
246
246
246
250
247
216
142
178
236
244
245
253
253
252
250
249
247
247
250
246
217
143
138
144
137
159
232
255
249
247
246
246
246
246
249
253
246
193
137
148
226
248
250
246
246
246
246
246
246
246
246
246
246
246
246
246
246
246
246
246
246
246
246
246
246
246
246
246
246
246
252
230
153
129
145
199
254
251
246
246
247
249
254
251
243
241
225
157
130
109
120
142
165
224
251
246
254
203
139
132
151
148
149
133
138
191
248
251
245
248
253
219
149
137
138
155
232
252
246
252
246
185
138
138
144
142
143
150
144
213
242
255
249
246
247
251
241
174
135
133
170
247
255
248
246
246
246
246
246
246
246
246
246
248
254
222
150
181
189
156
216
237
237
242
243
247
245
249
247
253
231
155
140
143
136
145
225
253
247
246
246
246
246
246
248
252
219
152
136
135
154
229
250
246
246
246
246
246
246
246
246
246
246
246
246
246
246
246
246
246
246
246
246
246
246
246
246
246
246
246
253
233
156
129
176
241
251
250
251
253
253
245
240
235
183
156
151
149
138
125
120
132
152
224
254
254
254
204
142
130
152
215
162
141
138
192
250
252
245
250
253
214
144
128
139
211
246
250
246
251
253
193
146
141
143
142
139
138
141
149
224
253
253
251
248
253
247
184
140
134
161
237
250
247
246
246
246
246
246
246
246
247
249
253
255
224
152
140
142
144
146
155
163
190
203
195
244
251
248
251
246
209
141
139
135
152
225
253
247
246
246
246
246
246
248
251
217
147
135
135
152
230
250
246
246
246
246
246
246
246
246
246
246
246
246
246
246
246
246
246
246
246
246
246
246
246
246
246
246
247
254
235
155
131
185
251
255
247
242
234
237
212
157
150
145
136
135
136
137
123
121
134
160
229
255
255
249
199
134
136
165
230
227
136
138
195
252
253
247
252
249
211
140
136
150
223
254
248
246
250
247
235
165
135
141
148
143
144
134
139
150
222
238
242
248
255
245
184
139
135
143
181
250
251
246
246
246
246
246
246
247
253
241
250
243
225
143
136
142
139
137
136
139
143
143
147
202
247
249
250
253
215
147
134
136
156
230
254
248
246
246
246
246
246
246
250
245
199
135
138
217
249
251
246
246
246
246
246
246
246
246
246
246
246
246
246
246
246
246
246
246
246
246
246
246
246
246
246
246
248
248
230
147
131
184
248
251
235
167
153
155
146
140
134
138
135
141
152
160
137
125
134
155
230
244
254
213
158
135
139
219
238
161
137
134
188
244
251
250
245
224
149
139
137
204
246
250
246
246
251
253
193
146
140
137
162
209
157
145
138
142
148
151
174
236
248
248
185
146
135
135
176
243
253
245
246
246
246
246
247
253
249
224
108
206
147
139
137
141
138
139
140
141
141
137
141
153
219
251
250
252
221
151
140
136
149
224
248
249
246
246
246
246
246
246
253
254
210
142
142
218
248
251
246
246
246
246
246
246
246
246
246
246
246
246
246
246
246
246
246
246
246
246
246
246
246
246
246
246
250
245
169
139
136
186
244
200
143
141
133
133
132
132
132
140
143
160
231
242
204
143
136
144
160
215
113
188
143
138
159
234
243
152
135
133
146
209
253
254
234
155
139
130
142
208
253
251
246
246
251
244
183
135
135
138
173
240
251
187
140
131
130
131
141
153
207
254
243
164
134
136
176
245
253
245
246
246
246
246
249
241
224
77
85
93
160
143
137
135
149
152
146
140
142
144
135
145
211
251
249
249
244
194
135
135
141
159
238
252
246
246
246
246
246
247
255
249
204
135
138
159
232
252
246
246
246
246
246
246
246
246
246
246
246
246
246
246
246
246
246
246
246
246
246
246
246
246
246
246
252
235
160
130
136
180
200
150
137
137
140
148
152
158
153
156
214
243
249
255
253
203
147
137
137
76
87
88
142
142
206
254
252
232
153
138
139
200
251
255
230
156
134
138
143
211
252
249
246
246
250
251
191
141
135
137
173
249
255
247
183
152
150
147
134
136
183
249
244
172
136
135
176
245
253
245
246
246
246
246
250
246
103
80
80
222
238
213
155
153
211
239
161
140
136
142
135
144
213
252
249
250
253
207
144
137
132
156
233
254
247
246
246
246
247
253
250
232
98
121
129
150
224
252
247
246
246
246
247
249
250
249
247
246
246
246
246
246
246
246
246
246
246
246
246
246
246
246
246
246
251
244
166
141
140
148
147
146
141
141
136
160
230
239
232
239
245
253
249
251
250
241
179
135
85
86
85
139
125
89
196
246
255
240
209
129
138
203
253
253
227
148
136
149
204
247
248
246
246
246
248
248
246
178
144
136
161
237
253
249
242
238
223
151
135
143
149
159
211
167
136
135
177
245
253
245
246
246
246
246
249
241
218
103
224
253
255
246
237
236
248
252
236
153
151
144
133
146
214
253
250
247
250
244
188
137
135
153
230
249
248
246
246
246
249
241
225
86
76
83
132
152
226
253
247
246
246
247
253
241
246
241
253
247
246
246
246
246
246
246
246
246
246
246
246
246
246
246
246
246
248
247
230
150
136
140
135
134
134
133
139
171
252
255
253
252
249
247
246
249
253
206
150
137
126
94
192
140
73
83
108
249
255
238
155
139
138
204
255
250
167
140
132
178
240
251
250
246
246
246
246
252
247
236
156
136
143
183
249
253
250
255
244
163
138
133
133
141
143
149
139
137
179
247
254
246
246
246
246
246
247
253
241
246
241
253
249
250
251
252
251
252
244
244
214
151
136
142
212
249
250
246
252
251
205
147
134
144
176
245
250
246
246
246
250
246
103
85
72
132
131
152
226
253
247
246
247
253
249
224
103
218
241
249
246
246
246
246
246
246
246
246
246
246
246
246
246
246
246
246
247
254
235
157
135
143
149
154
156
153
167
236
245
248
246
246
246
246
246
249
250
212
155
138
143
153
159
97
75
85
226
244
252
243
211
134
136
206
249
235
151
131
138
157
215
254
247
246
246
246
246
251
249
184
145
136
135
176
244
252
246
249
246
226
155
153
147
139
137
143
141
136
171
240
251
248
246
246
246
246
246
247
249
250
249
247
246
246
246
246
246
247
249
253
251
207
137
136
178
237
251
246
249
252
209
154
137
134
165
239
254
247
246
246
249
241
219
104
177
142
129
150
226
253
247
246
249
241
224
77
80
103
246
250
246
246
246
246
246
246
246
246
246
246
246
246
246
246
246
246
246
253
232
157
133
140
188
237
238
234
242
246
250
247
246
246
246
246
246
246
250
243
182
133
144
208
145
129
92
195
252
254
250
254
221
144
137
212
252
182
145
136
143
189
245
247
246
246
246
246
246
250
248
180
144
136
137
178
248
254
246
247
249
244
240
239
197
146
142
143
143
138
141
188
250
250
246
246
246
246
246
246
246
246
246
246
246
246
246
246
246
246
246
251
253
210
142
128
148
221
251
246
247
248
248
186
142
132
156
234
249
248
246
246
247
253
243
250
207
164
141
154
227
254
248
246
250
246
103
80
77
224
241
249
246
246
246
246
246
246
246
246
246
246
246
246
246
246
246
246
246
253
233
157
132
143
199
255
255
253
251
248
247
246
246
246
246
246
246
246
251
253
194
146
148
150
151
135
184
243
254
248
248
252
218
144
130
201
236
170
136
135
171
243
253
249
246
246
246
246
246
248
250
237
164
135
136
171
240
250
247
246
247
249
253
254
245
181
133
135
140
137
141
188
250
250
246
246
246
246
246
246
246
246
246
246
246
246
246
246
246
246
246
250
251
208
141
131
152
227
253
246
246
249
252
241
166
133
139
173
248
252
246
246
246
247
251
251
246
234
162
139
219
245
248
246
249
241
218
103
224
249
253
247
246
246
246
246
246
246
246
246
246
246
246
246
246
246
246
246
246
253
233
158
130
142
197
249
251
246
246
246
246
246
246
246
246
246
246
246
248
250
241
170
136
140
137
136
186
249
253
246
247
252
225
151
139
151
167
157
137
135
178
245
254
248
249
250
249
247
246
246
254
240
166
134
138
147
197
253
251
246
246
246
246
251
252
192
151
148
143
133
172
240
250
248
246
246
246
246
246
246
246
246
246
246
246
246
246
246
246
246
246
250
251
208
139
132
209
247
250
246
246
246
254
245
174
134
133
172
242
253
246
246
246
246
246
253
255
203
143
144
161
245
249
246
247
253
241
246
241
253
247
246
246
246
246
246
246
246
246
246
246
246
246
246
246
246
246
246
246
253
232
157
132
141
196
252
253
246
246
246
246
246
246
246
246
246
246
246
246
254
247
179
138
142
139
140
185
251
250
246
246
249
245
203
136
136
145
141
137
139
174
249
252
253
241
246
241
253
247
246
252
245
162
142
136
134
179
243
250
247
246
246
246
248
245
239
235
230
155
135
174
245
253
246
246
246
246
246
246
246
246
246
246
246
246
246
246
246
246
246
246
250
251
208
136
139
216
253
250
246
246
246
253
241
169
133
134
169
240
250
247
246
246
246
246
249
241
184
127
139
219
245
248
246
246
247
249
250
249
247
246
246
246
246
246
246
246
246
246
246
246
246
246
246
246
246
246
246
246
253
232
158
133
138
188
246
252
247
246
246
246
246
246
246
246
247
249
250
249
254
244
177
137
138
136
168
238
249
248
246
246
251
253
212
146
137
144
141
143
167
242
248
255
248
224
103
218
241
249
246
248
244
238
158
144
136
148
205
253
251
246
246
246
247
248
250
254
251
232
155
186
247
251
246
246
246
246
246
246
246
246
246
246
246
246
246
246
246
246
246
246
250
251
208
135
137
213
253
249
246
246
246
252
248
178
142
135
148
196
251
250
246
246
246
247
253
214
154
134
150
230
254
248
246
246
246
246
246
246
246
246
246
246
246
246
246
246
246
246
246
246
246
246
246
246
246
246
246
246
253
233
157
134
141
142
203
247
249
246
246
246
246
246
246
247
249
243
238
236
252
245
173
135
135
147
187
251
252
246
246
246
250
252
210
145
137
144
137
154
234
251
253
242
224
77
80
103
246
250
246
247
250
249
227
149
132
134
190
245
251
247
246
246
246
246
246
247
251
243
238
238
245
247
246
246
246
246
246
246
246
246
246
246
246
246
246
246
247
249
250
249
252
253
210
136
138
213
251
249
246
246
246
248
248
233
154
130
137
181
247
251
246
246
246
246
249
242
186
130
150
230
254
248
246
246
246
246
246
246
246
246
246
246
246
246
246
246
246
246
246
246
246
246
246
246
246
246
246
246
253
233
157
135
140
138
150
222
255
251
247
247
246
246
247
251
248
227
153
187
252
253
179
141
131
158
236
250
247
246
246
246
249
251
208
142
134
141
134
159
237
253
253
251
112
91
87
229
243
249
246
246
247
254
239
164
140
138
146
213
254
250
247
246
246
246
246
246
247
248
250
250
248
247
246
246
246
246
246
246
246
246
246
246
246
246
246
247
253
241
247
245
255
253
204
136
155
224
252
248
246
246
246
247
253
246
170
139
136
183
248
254
246
246
246
246
253
250
193
134
140
223
248
249
246
246
246
246
246
246
246
246
246
246
246
246
246
246
246
246
246
246
246
246
246
246
246
246
246
246
253
231
155
135
143
138
140
211
242
249
241
249
248
250
253
252
238
148
135
176
247
254
233
152
132
170
248
253
246
246
246
246
249
252
214
150
137
145
149
184
243
252
255
240
208
76
211
243
255
247
246
246
246
248
245
217
141
132
140
167
230
247
251
247
246
246
246
246
246
246
246
246
246
246
246
246
246
246
246
246
246
247
247
248
247
247
247
253
249
225
107
216
240
219
148
138
197
248
250
246
246
246
246
246
248
247
230
148
131
176
242
249
247
246
246
246
250
253
198
142
135
159
241
254
249
247
246
246
246
246
246
246
246
246
246
246
246
246
246
246
246
246
246
246
246
246
246
246
246
246
252
239
161
142
141
140
142
155
213
185
243
255
252
244
239
234
163
139
133
180
247
255
246
173
148
233
247
248
246
246
246
246
246
251
244
193
135
135
211
239
247
253
246
234
96
84
104
238
254
246
246
246
246
248
254
230
156
139
139
144
150
228
246
249
246
246
246
246
246
246
246
246
246
246
246
246
246
246
246
246
246
247
241
244
244
253
255
249
230
85
84
93
156
153
137
136
202
251
251
246
246
246
246
246
247
254
236
157
132
146
198
252
250
245
246
246
250
247
237
167
135
168
234
251
241
253
247
246
246
246
246
246
246
246
246
246
246
246
246
246
246
246
246
246
246
246
246
246
246
246
249
246
221
142
137
142
140
147
141
158
223
241
238
192
154
151
150
141
144
192
255
255
254
250
252
254
255
255
255
255
255
255
255
255
255
211
148
143
168
251
255
255
245
109
70
72
111
247
255
255
255
255
255
255
255
255
234
168
148
142
144
167
249
255
255
255
255
255
255
255
255
255
255
255
255
255
255
255
255
255
255
255
255
210
237
240
245
238
105
83
78
141
140
143
145
157
222
255
255
255
255
255
255
255
255
255
244
166
135
145
199
252
254
247
246
246
250
253
202
146
140
217
217
107
218
241
249
246
246
246
246
246
246
246
246
246
246
246
246
246
246
246
246
246
246
246
246
246
246
246
247
253
234
156
139
140
145
142
138
145
150
160
153
144
139
131
129
121
120
157
214
218
215
217
217
216
214
213
213
213
213
213
212
216
217
176
123
110
125
198
217
221
197
76
52
67
194
211
217
213
213
213
213
213
215
217
216
175
120
124
123
136
210
226
219
216
214
213
212
213
213
213
213
213
213
213
213
213
213
213
213
214
211
208
143
139
147
135
122
72
123
132
135
130
123
165
213
216
214
212
213
213
213
213
213
220
206
138
121
127
170
233
241
249
246
246
251
246
184
136
138
150
78
84
103
246
250
246
246
246
246
246
246
246
246
246
246
246
246
246
246
246
246
246
246
246
246
246
246
246
246
249
246
220
146
140
140
144
143
140
138
136
134
135
137
131
96
99
109
114
119
122
119
120
120
120
120
120
120
120
120
120
119
122
120
115
109
103
111
116
123
124
114
107
93
111
118
127
121
120
120
120
120
119
119
123
122
118
107
97
90
98
104
109
110
117
123
124
120
120
119
120
120
120
120
120
120
120
120
120
119
120
125
112
100
84
89
93
92
96
94
99
96
91
95
107
120
124
119
119
120
120
120
120
120
125
112
104
90
93
97
120
247
252
246
246
250
250
191
147
208
94
75
79
224
241
249
246
246
246
246
246
246
246
246
246
246
246
246
246
246
246
246
246
246
246
246
246
246
246
246
247
251
245
206
143
141
143
141
142
143
142
144
150
157
150
151
214
223
217
214
213
212
213
213
213
213
213
213
213
213
213
212
213
214
216
219
220
219
215
213
214
217
222
224
222
217
214
213
214
215
217
215
214
212
213
214
219
225
167
129
124
125
121
129
169
213
213
216
217
214
213
213
213
213
213
213
213
213
213
213
213
219
206
133
120
127
129
131
132
129
126
122
122
128
176
220
215
212
213
213
213
213
213
213
219
203
132
116
117
112
183
238
252
246
246
248
246
236
241
238
224
105
225
249
253
247
246
246
246
246
246
246
246
246
246
246
246
246
246
246
246
246
246
246
246
246
246
246
246
246
246
250
251
216
200
187
147
139
136
135
129
134
188
238
238
244
253
255
255
255
255
255
255
255
255
255
255
255
255
255
255
255
255
255
255
255
255
255
255
255
255
255
255
255
255
255
255
255
255
254
255
254
255
255
255
255
255
255
251
175
143
141
142
146
202
202
227
255
255
255
255
255
255
255
255
255
255
255
255
255
255
255
251
178
157
152
145
138
140
147
153
161
160
205
253
255
255
255
255
255
255
255
255
255
255
248
166
156
157
160
215
253
250
246
246
246
248
250
253
255
243
246
241
253
247
246
246
246
246
246
246
246
246
246
246
246
246
246
246
246
246
246
246
246
246
246
246
246
246
246
246
247
245
243
247
238
174
140
147
154
151
155
207
255
254
251
249
248
249
250
249
247
246
246
247
249
250
249
247
246
246
246
247
253
241
246
241
253
247
246
246
246
246
246
246
246
247
253
249
224
103
218
241
249
246
246
247
249
249
240
166
153
146
143
139
195
172
156
233
248
248
246
246
246
246
246
246
246
246
246
246
249
242
239
235
209
152
156
157
162
224
236
236
243
249
248
246
246
246
246
246
246
246
246
249
241
237
231
232
235
241
246
248
246
246
246
246
246
246
247
249
250
249
247
246
246
246
246
246
246
246
246
246
246
246
246
246
246
246
246
246
246
246
246
246
246
246
246
246
246
246
246
247
248
254
250
186
157
224
237
232
234
241
246
247
246
247
253
241
246
241
253
247
247
253
241
246
241
253
247
246
247
253
249
224
103
218
243
252
250
249
247
246
246
246
246
249
241
224
77
80
103
246
250
246
246
246
247
250
246
241
237
214
142
138
136
134
131
174
241
249
246
246
246
246
246
246
246
246
246
246
247
249
252
253
245
239
232
234
241
246
254
253
250
248
246
246
246
246
246
246
246
246
246
247
249
252
253
254
253
250
247
246
246
246
246
246
246
246
246
246
246
246
246
246
246
246
246
246
246
246
246
246
246
246
246
246
246
246
246
246
246
246
246
246
246
246
246
246
246
246
246
246
246
248
244
237
239
246
255
253
253
250
248
246
247
253
249
224
103
218
241
250
253
249
224
103
218
241
249
246
249
241
224
77
80
104
253
246
246
241
253
247
246
246
246
250
246
103
80
77
224
241
249
246
246
246
246
247
248
251
254
250
210
149
150
150
149
168
240
250
246
246
246
246
246
246
246
246
246
246
246
246
246
247
249
252
253
254
251
249
247
246
246
246
246
246
246
246
246
246
246
246
246
246
246
246
246
246
246
246
246
246
246
246
246
246
246
246
246
246
246
246
246
246
246
246
246
246
246
246
246
246
246
246
246
246
246
246
246
246
246
246
246
246
246
246
246
246
246
246
246
246
246
247
248
250
250
249
247
246
246
246
246
247
253
249
231
82
82
103
246
253
241
224
77
80
103
246
250
246
250
246
103
80
79
232
244
227
103
218
241
249
246
246
246
249
241
218
103
224
249
253
247
246
246
246
246
246
246
246
248
249
243
237
232
234
231
239
242
248
246
246
246
246
246
246
246
246
246
246
246
246
246
246
246
246
246
246
246
246
246
246
246
246
246
246
246
246
246
246
246
246
246
246
246
246
246
246
246
246
246
246
246
246
246
246
246
246
246
246
246
246
246
246
246
246
246
246
246
247
249
250
249
247
246
246
246
246
246
246
246
246
246
246
246
246
246
246
246
246
246
246
246
246
246
246
246
246
246
246
246
246
247
253
249
231
87
74
82
224
241
253
246
103
80
77
224
241
249
246
249
241
218
103
227
244
232
79
80
103
246
250
246
246
246
247
253
241
246
241
253
247
246
246
246
246
246
246
246
246
246
248
250
252
253
254
253
251
248
247
246
246
246
246
246
246
247
249
250
249
247
246
246
246
246
246
246
246
246
246
246
246
246
246
246
246
246
246
246
246
246
246
246
246
246
246
246
246
246
246
246
246
246
246
246
246
246
246
246
246
246
246
246
246
246
246
246
246
247
253
241
246
241
253
246
246
246
246
246
246
246
246
246
246
246
246
246
246
246
246
246
246
246
246
246
246
246
246
246
246
246
246
249
241
224
82
74
87
231
249
253
250
241
218
103
224
249
253
247
246
247
253
241
246
246
253
104
80
77
224
241
249
246
246
246
246
247
249
250
249
247
246
246
246
246
246
246
246
246
246
246
246
246
246
246
246
246
246
246
246
246
246
246
246
246
247
253
241
246
241
253
247
246
246
246
246
246
246
246
246
246
246
246
246
246
246
246
246
246
246
246
246
246
246
246
246
246
246
246
246
246
246
246
246
246
246
246
246
246
246
246
246
246
246
246
246
246
247
253
249
224
103
218
241
246
246
246
246
246
246
246
246
246
246
246
246
246
246
246
246
246
246
246
246
246
246
246
246
246
246
246
246
250
246
103
82
82
231
249
253
247
247
253
241
246
241
253
247
246
246
246
247
249
250
252
243
218
103
224
249
253
247
246
246
246
246
246
246
246
246
246
246
246
246
246
246
246
246
246
246
246
246
246
246
246
246
246
246
246
246
246
246
246
246
247
253
249
224
103
218
241
249
246
246
246
246
246
246
246
246
246
246
246
246
246
246
246
246
246
246
246
246
246
246
246
246
246
246
246
246
246
246
246
246
246
246
246
246
246
246
246
246
246
246
246
246
246
249
241
224
77
80
103
246
246
246
246
246
246
246
246
246
246
246
246
246
246
246
246
246
246
246
246
246
246
246
246
246
246
246
246
246
249
239
214
98
221
247
253
247
246
246
247
249
250
249
247
246
246
246
246
246
246
246
247
253
241
246
241
253
247
246
246
246
246
246
246
246
246
246
246
246
246
246
246
246
246
246
246
246
246
246
246
246
246
246
246
246
246
246
246
246
246
246
247
247
235
94
85
101
239
249
246
246
246
246
246
246
246
246
246
246
246
246
246
246
246
246
246
246
246
246
246
246
246
246
246
246
246
246
246
246
246
246
246
246
246
246
246
246
246
246
246
246
246
246
246
249
239
104
79
79
217
239
246
246
246
246
246
246
246
246
246
246
246
246
246
246
246
246
246
246
246
246
246
246
246
246
246
246
246
246
246
246
246
246
246
246
246
246
246
246
246
246
246
246
246
246
246
246
246
246
246
246
246
246
246
246
246
246
246
246
246
246
246
246
246
246
246
246
246
246
246
246
246
246
246
246
246
246
246
246
246
246
246
246
246
246
246
246
246
246
246
246
246
246
82
82
82
246
246
246
246
246
246
246
246
246
246
246
246
246
246
246
246
246
246
246
246
246
246
246
246
246
246
246
246
246
246
246
246
246
246
246
246
246
246
246
246
246
246
246
246
246
246
246
246
246
246
246
82
246
246
246
246
