251
251
251
251
251
251
251
251
251
251
251
251
251
251
251
251
251
251
251
251
251
251
251
251
251
251
251
251
251
251
251
251
251
251
251
251
251
251
251
251
251
251
251
251
251
251
251
251
251
251
251
251
251
251
251
251
251
251
251
251
251
251
251
251
251
251
251
251
254
211
161
255
251
251
255
189
123
121
207
255
170
119
224
254
251
251
251
251
251
251
251
251
251
251
251
251
251
251
251
251
251
251
251
251
251
251
251
251
251
251
251
251
251
251
251
251
251
251
251
251
251
251
251
251
251
251
251
251
251
251
251
251
251
251
251
251
251
251
251
251
251
251
251
251
251
251
251
251
251
251
120
236
246
254
251
251
251
251
251
251
251
251
251
251
251
251
251
251
251
251
251
251
251
251
251
251
251
251
252
254
255
255
255
253
244
237
213
135
131
134
132
132
174
235
246
251
252
251
251
251
251
251
252
254
255
255
254
243
244
254
254
247
219
157
211
137
157
211
134
127
177
249
255
255
197
131
125
131
133
133
131
129
131
130
138
213
157
217
244
247
254
251
251
251
251
251
251
251
251
251
251
251
251
251
251
251
251
251
251
251
251
251
251
251
251
251
251
251
251
251
251
251
251
251
251
251
251
251
251
251
251
251
251
251
251
251
251
251
251
251
251
251
251
251
251
251
251
251
251
251
120
150
251
254
251
251
251
251
251
251
251
251
251
251
251
251
251
251
251
251
251
251
251
251
251
252
254
255
255
254
245
235
241
224
145
141
134
125
118
120
119
121
126
136
197
254
255
251
251
251
251
251
254
247
243
239
234
151
144
233
234
149
131
137
124
129
127
129
126
114
164
244
255
246
182
120
123
125
122
122
124
124
122
118
129
125
137
128
154
239
255
251
251
251
251
251
251
251
251
251
251
251
251
251
251
251
251
251
251
251
251
251
251
251
251
251
251
251
251
251
251
251
251
251
251
251
251
251
251
251
251
251
251
251
251
251
251
251
251
251
251
251
251
251
251
251
251
251
251
251
120
237
247
254
251
251
251
251
251
251
251
251
251
251
251
251
251
251
251
251
251
251
251
251
252
255
251
245
239
231
149
140
145
133
124
115
119
123
126
128
129
128
119
120
182
250
255
251
251
251
251
252
255
251
168
141
136
126
126
138
138
128
120
124
125
127
127
127
126
125
131
186
255
207
133
125
126
134
135
133
124
124
129
129
129
126
125
113
136
231
255
251
251
251
251
251
251
251
251
251
251
251
251
251
251
251
251
251
251
251
251
251
251
251
251
251
251
251
251
251
251
251
251
251
251
251
251
251
251
251
251
251
251
251
251
251
251
251
251
251
251
251
251
251
251
251
251
251
251
251
251
252
255
252
251
251
251
251
251
251
251
251
251
251
251
251
251
251
251
251
251
251
251
252
254
253
244
153
142
136
127
116
116
116
128
127
129
128
131
131
124
130
124
125
188
252
255
251
251
251
251
253
253
236
145
115
122
124
125
124
123
118
128
130
130
130
130
130
130
124
121
178
246
199
125
121
124
136
204
183
137
128
122
122
126
127
130
120
143
235
255
251
251
251
251
253
254
255
255
255
254
252
251
251
251
251
251
251
251
251
251
251
251
251
251
251
251
251
251
251
251
251
251
251
251
251
251
251
251
251
251
251
251
251
251
251
251
251
251
251
251
251
251
251
251
251
251
251
251
251
251
252
252
251
251
251
251
251
251
251
251
251
251
251
251
251
251
251
251
251
251
251
251
253
251
244
147
125
118
122
122
120
129
134
165
219
144
169
216
139
129
128
123
125
188
252
255
251
251
251
251
255
249
161
121
116
121
120
123
120
115
114
116
121
122
121
122
125
129
125
123
181
249
201
126
122
123
133
205
254
242
168
144
148
135
125
123
115
140
233
255
253
254
254
254
255
246
239
233
243
250
253
251
251
251
251
251
251
251
251
251
252
254
255
255
255
255
255
254
252
251
251
251
251
251
251
251
251
251
251
251
251
251
251
251
251
251
251
251
251
251
251
251
251
251
251
251
251
251
251
251
251
251
251
251
251
251
251
251
251
251
251
251
251
251
251
251
251
251
251
251
251
251
255
249
161
126
120
125
121
128
133
157
235
251
244
246
248
250
206
123
123
124
126
189
253
255
251
251
251
251
255
242
163
131
139
145
155
148
124
128
113
135
135
148
147
150
142
135
121
121
177
250
212
139
125
119
130
205
255
255
246
240
237
192
137
138
117
146
230
255
255
247
251
248
255
225
142
131
181
250
255
251
251
251
251
251
251
251
251
251
254
250
245
236
237
234
242
246
254
251
251
251
251
251
251
251
251
251
251
251
251
251
251
251
251
251
251
251
251
251
251
251
251
251
251
251
251
251
251
251
251
251
251
251
251
251
251
251
251
251
251
251
251
251
251
251
252
254
255
255
254
252
255
239
146
113
117
131
132
153
231
250
253
255
255
255
255
255
221
137
127
122
125
188
253
255
251
251
251
251
255
248
213
226
238
240
238
242
227
148
215
160
233
242
240
235
203
123
123
130
185
255
252
186
123
118
129
203
255
255
255
255
253
252
235
160
217
168
238
255
254
234
137
230
255
217
122
107
169
248
255
251
251
251
251
251
251
251
251
252
255
249
174
141
143
138
152
241
255
252
251
251
251
251
251
251
251
251
251
251
251
251
251
251
251
251
251
251
251
251
251
251
251
251
251
251
251
251
251
251
251
251
251
251
251
251
251
251
251
251
251
251
251
251
252
253
255
254
245
240
245
253
255
246
165
141
165
151
227
249
252
255
254
252
251
251
251
254
249
200
125
118
126
188
253
255
251
251
251
251
252
251
254
255
255
255
255
255
251
255
241
255
251
255
255
233
142
123
121
171
246
255
255
193
128
116
129
202
255
255
251
252
252
255
250
253
241
253
248
250
234
116
119
139
255
223
130
113
166
242
255
252
251
251
251
251
251
251
251
255
253
209
139
116
118
112
126
222
251
253
251
251
251
251
251
251
251
251
251
252
253
254
253
252
251
251
251
251
251
251
251
251
251
251
251
251
251
251
251
251
251
251
251
251
251
251
251
251
251
251
251
251
251
252
254
253
250
239
170
140
220
255
255
248
242
237
237
248
251
255
254
252
251
251
251
251
251
255
255
209
132
115
126
189
252
255
251
251
251
251
251
252
252
252
252
251
251
252
254
255
255
255
253
253
255
226
139
123
120
168
242
255
255
191
127
115
129
202
255
255
251
251
251
252
253
254
255
255
255
252
137
119
116
236
255
221
132
115
136
190
255
255
252
251
251
251
251
251
251
255
248
166
126
125
129
123
138
172
255
255
251
251
251
251
251
251
251
251
253
253
248
247
248
253
251
251
251
251
251
251
251
251
251
251
251
251
251
251
251
251
251
251
251
251
251
251
251
251
251
251
252
254
254
255
255
249
186
133
119
114
199
248
255
254
255
255
255
255
254
252
251
251
251
251
251
251
251
254
255
205
130
114
126
188
253
255
251
251
251
251
251
251
251
251
251
251
251
251
251
251
251
251
251
252
255
243
207
118
123
139
189
255
255
191
127
115
128
202
255
255
251
251
251
251
251
251
251
251
254
247
229
137
233
255
255
221
134
117
122
165
242
253
253
251
251
251
251
251
252
255
248
165
122
126
130
126
126
221
244
255
251
251
251
251
251
251
251
252
254
245
199
182
250
255
251
251
251
251
251
251
251
251
251
251
251
251
251
251
251
251
251
251
251
251
251
251
251
251
251
252
255
247
252
249
254
183
122
108
102
118
141
251
254
251
251
251
251
251
251
251
251
251
251
251
251
251
251
255
255
210
132
115
127
187
252
255
251
251
251
251
251
251
251
251
251
251
251
251
251
251
251
251
251
253
255
235
149
125
117
162
237
255
255
191
127
115
129
203
255
255
251
251
251
251
251
251
251
251
252
255
247
251
247
255
255
219
134
119
127
132
186
255
255
251
251
251
251
251
253
254
240
158
124
129
131
127
129
152
244
255
251
251
251
251
251
251
251
254
255
205
127
175
247
255
251
251
251
251
251
251
251
251
251
251
251
251
252
252
251
251
251
251
251
251
251
251
251
251
252
255
254
233
140
232
186
133
127
122
122
123
236
248
254
251
251
251
251
251
251
251
251
251
251
251
251
251
251
254
250
203
124
116
125
185
251
255
251
251
251
251
251
251
251
251
251
251
251
251
251
251
251
251
251
254
251
213
123
118
131
183
255
255
254
193
127
114
125
199
254
254
251
251
251
251
251
251
251
251
251
252
254
254
253
254
255
216
130
117
125
120
169
243
255
255
253
252
251
251
255
253
174
131
125
129
131
129
118
140
233
255
251
251
251
251
251
251
251
255
255
202
118
170
251
255
252
251
251
251
251
251
251
251
251
251
251
252
255
252
251
251
251
251
251
251
251
251
251
251
254
247
234
116
125
134
180
122
185
230
146
235
254
255
252
251
251
251
251
251
251
251
251
251
251
251
251
252
255
255
223
138
125
122
137
201
255
254
251
251
251
251
251
251
251
251
251
251
251
251
251
251
251
251
252
255
230
140
123
121
167
245
255
255
249
189
123
120
134
209
255
254
251
251
251
251
251
251
251
251
251
251
251
251
251
252
255
227
141
126
126
126
132
193
251
255
247
255
252
251
255
246
165
120
123
126
127
129
120
145
238
255
253
251
251
251
251
251
253
255
254
200
115
120
234
250
253
251
251
251
251
251
251
251
251
251
252
255
254
242
120
251
251
251
251
251
251
251
251
251
254
251
137
119
123
235
177
129
201
255
255
248
255
253
252
252
254
254
254
252
251
251
251
251
251
251
252
252
248
244
195
126
116
121
176
245
254
252
251
251
251
251
251
251
251
251
251
251
251
251
251
251
251
251
252
255
219
132
115
124
166
245
255
255
218
154
120
121
194
248
255
252
251
251
251
251
251
251
251
251
251
251
251
251
251
251
254
251
211
127
123
124
126
178
230
142
228
247
254
251
255
247
168
120
133
135
138
128
121
133
226
251
254
251
251
251
251
251
253
251
212
128
109
121
144
253
254
251
251
251
251
251
251
251
251
251
254
247
234
130
120
251
251
251
251
251
251
251
251
251
254
247
229
137
239
255
187
124
195
255
255
255
255
250
254
255
247
251
247
255
252
251
251
251
251
253
255
255
228
149
131
129
121
131
192
255
255
251
251
251
251
251
251
251
251
251
251
251
251
251
252
254
254
254
253
255
223
136
119
125
128
177
255
255
197
128
116
131
207
255
255
255
255
253
251
251
251
251
251
251
251
251
251
251
251
251
255
255
216
130
120
125
127
169
119
123
137
251
254
251
255
250
170
117
135
211
158
125
121
135
154
253
254
251
251
251
251
254
255
223
136
113
111
125
234
250
253
251
251
251
251
251
251
251
251
251
254
251
137
123
120
251
251
251
251
251
251
251
251
251
252
255
247
251
254
255
181
123
196
255
252
233
210
236
255
254
233
137
229
247
254
252
254
255
255
255
253
247
201
124
117
125
128
180
247
252
253
251
251
251
251
251
251
251
251
251
251
251
251
252
255
247
251
247
255
255
225
137
118
124
128
178
255
255
193
127
117
127
192
241
237
242
251
255
255
255
254
253
251
251
251
251
251
251
251
251
252
255
223
135
123
123
130
118
123
123
234
247
253
253
255
241
160
113
144
217
165
121
119
135
230
253
255
251
251
251
251
254
250
206
123
115
116
178
249
255
252
251
251
251
251
251
251
251
251
251
254
247
229
135
251
251
251
251
251
251
251
251
251
251
251
252
254
254
255
254
181
128
198
250
185
131
139
220
252
236
116
119
138
254
255
255
253
246
236
241
221
144
135
133
125
127
175
249
255
254
252
251
251
251
251
251
251
251
251
251
251
251
252
255
254
234
137
229
251
253
217
129
120
120
161
240
255
255
192
123
118
131
138
145
143
140
211
241
236
243
248
255
253
251
251
251
251
251
251
251
251
254
250
214
131
127
124
158
134
236
254
255
253
255
255
178
131
113
139
223
170
132
120
137
234
250
255
251
251
251
252
255
226
141
124
124
133
189
254
255
251
251
251
251
251
251
251
251
251
251
252
255
247
246
251
251
251
251
251
251
251
251
251
251
251
251
251
251
255
255
185
127
192
187
133
109
125
216
255
139
119
116
237
243
245
236
229
155
143
144
133
128
121
127
128
133
183
249
255
254
252
251
251
251
251
251
251
251
251
251
251
251
254
247
234
116
119
139
255
241
144
126
123
133
180
255
255
255
202
132
125
126
125
122
117
124
133
144
141
140
229
255
255
255
254
252
251
251
251
251
251
253
255
254
206
125
125
130
196
250
255
252
253
254
242
159
124
117
143
223
243
148
120
128
152
244
255
251
251
251
255
255
218
131
117
122
172
243
254
253
251
251
251
251
251
251
251
251
251
251
251
252
254
254
251
251
251
251
251
251
251
251
251
251
251
251
251
252
255
246
179
126
133
136
127
106
130
217
255
229
137
234
255
249
157
139
136
128
118
122
124
127
129
130
128
129
137
191
251
255
254
252
251
251
251
251
251
251
251
251
251
251
254
251
137
119
117
237
247
220
126
118
122
161
241
254
254
254
244
183
119
124
130
130
130
128
124
122
118
123
134
226
239
242
246
254
251
251
251
251
251
251
255
255
213
134
115
126
186
253
255
250
255
252
186
128
130
182
168
239
250
157
121
117
142
235
255
251
251
253
255
254
212
127
114
120
175
250
255
251
251
251
251
251
251
251
251
251
251
251
251
251
251
251
251
251
251
251
251
251
251
251
251
251
251
253
255
255
255
204
135
124
124
123
112
114
136
247
255
248
251
247
255
236
138
108
116
117
120
124
127
129
130
131
129
127
125
128
186
251
255
254
251
251
251
251
251
251
251
251
251
251
254
247
229
137
235
255
246
146
128
123
125
170
250
255
252
255
255
199
129
119
119
121
121
122
125
128
129
125
131
136
141
164
246
255
254
252
251
251
251
251
253
255
213
134
114
122
186
254
255
251
255
249
174
114
130
210
252
255
244
153
120
120
144
236
255
251
251
254
250
223
131
128
129
137
187
251
255
251
251
251
251
251
251
251
251
251
251
251
251
251
251
251
251
251
251
251
251
251
251
251
251
251
252
252
244
241
235
183
122
118
130
115
121
125
242
252
255
254
254
254
255
235
138
119
136
147
147
137
130
122
121
122
124
127
125
124
127
188
248
253
252
251
251
251
251
251
251
251
251
251
252
255
247
251
251
255
222
128
121
125
119
164
244
255
251
252
253
246
189
144
149
149
149
139
131
122
123
124
125
122
115
132
221
250
251
255
252
251
251
251
253
254
237
182
127
122
177
248
255
255
255
246
172
113
130
219
255
255
242
150
118
118
145
237
255
251
253
255
231
139
120
119
162
234
249
250
253
251
251
251
251
251
251
251
251
251
251
251
251
251
251
251
251
251
251
251
251
251
251
251
251
251
254
254
204
134
128
130
122
123
135
192
145
236
253
255
252
251
251
251
255
244
152
144
233
241
241
219
129
128
138
147
135
129
125
126
124
130
196
255
254
251
251
251
251
251
251
251
251
251
251
252
254
255
255
243
145
127
126
125
131
173
252
255
251
252
254
254
248
240
237
237
241
238
173
132
136
128
132
125
125
134
136
160
242
253
255
252
251
251
251
253
254
249
194
124
124
188
249
255
255
212
146
113
128
214
255
255
249
159
129
116
144
237
255
253
255
254
217
126
116
124
175
252
255
253
252
251
251
251
251
251
251
251
251
251
251
251
251
251
251
251
251
251
251
251
251
251
251
251
251
251
254
254
204
133
133
139
129
123
196
244
253
248
255
252
251
251
251
251
254
246
240
242
254
255
255
247
191
163
237
244
208
131
125
126
121
123
190
254
255
251
251
251
251
251
251
251
251
251
251
251
251
254
252
223
129
121
126
120
153
238
254
253
251
251
252
253
255
255
255
255
255
254
251
232
165
219
155
127
119
123
121
128
144
242
251
254
251
251
251
252
255
255
205
128
114
130
199
255
249
171
121
122
139
224
255
255
253
237
142
113
143
237
255
254
250
227
134
127
119
132
183
253
255
251
251
251
251
251
251
251
251
251
251
251
251
251
251
251
251
251
251
251
251
251
251
251
251
251
251
251
252
252
244
238
239
240
175
127
202
255
255
254
252
251
251
251
251
251
252
254
255
255
254
252
253
251
245
249
255
255
255
211
131
129
122
124
189
251
255
251
251
251
251
251
251
251
251
251
251
251
252
255
242
147
127
126
126
130
172
255
255
252
251
251
251
251
251
251
251
251
252
254
255
252
255
248
245
158
136
134
126
124
127
156
250
255
252
251
251
251
254
255
201
124
111
128
197
253
194
132
117
124
209
250
255
252
255
242
150
109
144
240
255
255
235
140
122
123
129
166
249
255
255
253
252
251
251
251
251
251
251
251
251
251
251
251
251
251
251
251
251
251
251
251
251
251
251
251
251
251
251
253
255
255
255
255
189
121
187
248
255
252
251
251
251
251
251
251
251
251
251
251
251
251
252
253
254
254
253
254
255
251
195
122
120
124
155
221
255
254
251
251
251
251
251
251
251
251
251
251
253
255
231
135
120
127
123
155
239
253
253
251
251
251
251
251
251
251
251
251
251
251
252
253
254
255
252
251
227
140
121
127
121
140
235
254
254
251
251
251
254
255
209
134
121
124
191
237
177
122
113
130
213
255
255
251
255
251
158
124
134
232
254
255
230
141
117
123
159
244
255
251
252
249
255
255
254
252
251
251
251
251
251
251
251
251
251
251
251
251
251
251
251
251
251
251
251
251
251
251
251
251
251
251
255
254
187
121
128
210
255
254
251
251
251
251
251
251
251
251
251
251
251
251
251
251
251
251
251
251
255
255
213
136
125
120
127
196
254
254
251
251
251
251
251
251
251
251
251
252
255
251
198
132
124
126
122
162
247
255
252
251
251
251
251
251
251
251
251
251
251
251
251
251
251
252
254
255
253
153
124
120
123
129
158
251
255
252
251
251
252
255
248
194
121
123
144
174
163
126
121
137
220
255
253
250
255
247
230
129
124
151
250
255
224
132
119
120
164
253
255
234
138
235
244
254
247
255
252
251
251
251
251
251
251
251
251
251
251
251
251
251
251
251
251
251
251
251
251
251
251
251
251
251
255
252
187
115
118
200
254
254
251
251
251
251
251
251
251
251
251
251
251
251
251
251
251
251
251
251
252
255
248
193
125
116
126
195
255
255
251
251
251
251
251
251
251
251
252
255
253
236
138
127
127
126
132
176
251
255
251
251
251
251
251
251
251
251
251
251
251
251
251
251
251
251
251
254
250
239
151
136
133
117
138
221
254
254
251
251
251
255
255
200
127
113
129
190
182
121
120
205
250
255
251
251
255
251
158
129
114
143
244
249
149
125
120
127
170
247
240
118
125
139
233
140
229
247
254
251
251
251
251
251
251
251
251
251
251
251
251
251
251
251
251
251
251
251
251
251
251
251
251
251
255
253
188
118
123
204
255
255
251
251
251
251
251
251
251
251
251
251
251
251
251
251
251
251
251
251
251
255
255
202
130
115
126
195
254
255
251
251
251
251
251
251
251
251
254
251
240
142
128
126
127
121
150
238
254
253
251
251
251
251
251
251
251
251
251
251
251
251
251
251
251
251
251
252
255
251
251
223
137
119
128
162
252
255
252
251
251
254
255
205
133
117
133
200
190
122
126
213
255
255
251
251
255
238
145
117
118
151
253
244
139
118
132
162
253
253
139
121
113
216
113
121
137
251
254
251
251
251
251
251
251
251
251
251
251
251
251
251
251
251
251
251
251
251
251
251
251
251
251
251
255
253
189
118
124
206
255
255
251
251
251
251
251
251
251
251
251
251
251
251
251
251
251
251
251
252
253
255
255
201
128
115
127
195
254
255
251
251
251
251
251
251
251
252
255
249
159
126
125
129
126
131
166
253
255
251
251
251
251
251
251
251
251
251
251
251
251
251
251
251
251
251
251
251
252
254
255
240
146
119
120
145
237
251
253
251
251
252
254
248
190
115
131
202
191
122
125
210
255
254
251
251
255
249
165
130
119
142
236
228
133
120
144
238
254
255
231
140
233
139
125
118
234
247
254
251
251
251
251
251
251
251
251
251
251
251
251
251
251
251
251
251
251
251
251
251
251
251
251
251
255
253
188
120
117
194
247
254
251
251
251
251
251
251
251
251
251
251
251
251
251
251
251
251
252
255
247
255
252
205
130
115
127
195
254
255
251
251
251
251
251
251
252
255
254
235
137
121
128
128
121
145
236
253
253
251
251
251
251
251
251
251
251
251
251
251
251
251
251
251
251
251
251
251
251
251
255
234
143
119
126
129
164
250
255
251
251
251
255
255
198
123
124
194
182
118
127
211
255
254
251
251
253
254
237
142
119
135
143
142
134
127
145
136
238
254
250
254
244
235
138
234
254
255
252
251
251
251
251
251
251
251
251
251
251
251
251
251
251
251
251
251
251
251
251
251
251
251
251
251
255
253
188
120
124
144
223
255
251
251
251
251
251
251
251
251
251
251
251
251
251
251
251
252
255
254
234
143
235
198
133
115
127
195
255
255
251
251
251
251
251
252
255
253
246
145
130
126
128
124
127
162
252
255
252
251
251
251
251
251
251
251
251
251
251
251
251
251
251
251
251
251
251
251
251
251
255
232
140
118
126
121
158
245
255
252
251
251
255
254
193
121
124
137
138
123
129
210
255
254
251
251
252
255
243
151
120
127
125
125
125
136
110
119
140
252
255
255
255
249
251
247
255
252
251
251
251
251
251
251
251
251
251
251
251
251
251
251
251
251
251
251
251
251
251
251
251
251
251
251
255
252
188
119
115
194
247
255
254
254
254
252
251
251
251
251
251
251
251
251
251
251
251
254
247
234
118
123
132
192
128
117
128
196
255
255
251
251
251
251
251
253
252
244
146
127
124
127
127
131
149
245
251
254
251
251
251
251
251
251
251
251
251
251
251
251
251
251
251
251
251
251
251
251
251
251
255
246
153
130
126
124
151
238
255
253
251
251
254
255
202
131
123
125
127
118
127
207
255
254
251
251
251
255
240
149
120
129
131
129
132
118
119
125
235
247
254
251
252
254
254
254
252
251
251
251
251
251
251
251
251
251
251
251
251
251
251
251
251
251
251
251
251
251
251
251
251
251
251
251
255
253
188
117
124
206
255
255
247
251
247
255
252
251
251
251
251
251
251
251
251
251
251
254
251
137
121
120
192
130
129
121
128
197
255
255
251
251
251
251
252
255
252
167
128
124
129
128
121
141
237
255
255
252
251
251
251
251
251
251
251
251
251
251
251
251
251
251
251
251
251
251
251
251
251
252
255
248
225
127
126
127
129
168
252
255
251
251
252
254
246
185
123
126
128
125
136
217
255
253
251
251
251
255
240
150
120
130
130
130
128
149
138
244
254
255
252
252
254
254
254
252
251
251
251
251
251
251
251
251
251
251
251
251
251
251
251
251
251
251
251
251
251
251
251
251
251
251
251
251
255
252
192
120
122
203
255
255
234
140
236
255
255
254
252
251
251
251
251
251
251
251
251
254
247
229
143
240
205
133
123
122
126
195
254
255
251
251
251
253
255
255
239
144
122
127
129
124
127
156
252
255
252
251
251
251
251
251
251
251
251
251
251
251
251
251
251
251
251
251
251
251
251
251
252
255
254
244
136
130
128
127
118
159
245
255
252
252
254
255
255
195
127
124
125
124
201
250
254
251
251
251
251
255
241
149
121
129
130
129
135
119
227
245
255
254
254
255
250
252
247
255
254
254
254
252
251
251
251
251
251
251
251
251
251
251
251
251
251
251
251
251
251
251
251
251
251
251
251
251
255
253
189
117
125
208
255
239
119
110
119
221
241
250
255
255
255
255
255
255
255
255
255
255
255
255
255
252
206
127
124
124
130
199
255
254
251
251
252
253
251
244
154
131
127
128
125
127
143
242
251
253
251
251
251
251
251
251
251
251
251
251
251
251
251
251
251
251
251
251
251
251
251
251
254
247
234
124
113
113
129
130
120
126
232
251
254
255
247
255
249
199
128
124
123
136
212
255
255
255
255
255
255
255
249
152
124
131
130
129
116
134
156
255
255
255
254
249
224
139
230
254
250
251
247
255
252
251
251
251
251
251
251
251
251
251
251
251
251
251
251
251
251
251
251
251
251
251
251
251
255
250
184
114
113
199
248
141
124
112
138
141
149
229
226
225
225
225
225
225
225
225
225
225
226
230
239
203
132
126
124
127
171
238
255
255
255
255
255
255
221
147
130
126
128
129
136
152
253
255
255
255
255
255
255
255
255
255
255
255
255
255
255
255
255
255
255
255
255
255
255
255
255
255
255
255
148
138
121
136
128
129
114
130
153
255
255
255
236
146
236
192
131
124
124
136
215
255
253
237
224
225
225
231
219
135
118
127
127
116
107
109
210
228
236
236
225
136
110
124
143
253
237
137
229
247
254
251
251
251
251
251
251
251
251
251
251
251
251
251
251
251
251
251
251
251
251
251
251
251
255
253
197
133
123
130
202
234
142
225
236
230
230
146
149
150
150
150
150
150
150
150
150
152
155
159
149
131
118
117
116
119
176
227
229
225
226
227
235
232
152
122
122
127
127
122
124
214
227
230
226
225
225
225
225
225
225
225
225
225
225
225
225
225
225
225
225
225
225
225
225
225
225
225
227
221
203
118
196
134
124
120
113
114
211
222
232
225
121
113
118
171
122
119
117
125
192
231
231
146
149
150
150
153
150
138
124
119
119
126
130
152
148
148
128
139
137
125
112
121
230
230
119
119
137
251
254
251
251
251
251
251
251
251
251
251
251
251
251
251
251
251
251
251
251
251
251
251
251
251
252
251
246
239
172
135
213
251
254
251
255
255
250
237
224
225
225
225
225
225
225
226
229
232
225
220
181
119
123
124
123
127
143
153
152
151
155
151
147
132
125
119
121
121
118
123
141
153
157
151
150
150
151
153
154
153
151
150
150
150
150
150
150
150
150
150
150
150
150
150
150
150
150
150
151
157
149
155
137
136
118
121
117
135
146
161
157
132
126
113
140
135
130
123
128
143
148
150
148
228
226
225
225
226
235
223
139
120
122
146
232
236
208
103
101
123
230
227
141
239
253
143
120
116
234
247
254
251
251
251
251
251
251
251
251
251
251
251
251
251
251
251
251
251
251
251
251
251
251
251
252
253
255
255
245
240
245
254
255
253
252
252
254
255
255
255
255
255
255
255
255
255
255
255
224
151
140
136
124
125
130
186
235
228
225
226
224
215
141
114
122
128
128
125
135
138
228
227
232
226
225
226
231
221
225
221
231
226
225
225
225
225
225
226
227
229
227
226
225
225
225
225
225
225
225
227
235
227
182
124
125
126
122
151
225
232
229
219
141
225
242
234
171
108
172
225
230
226
237
250
255
255
255
255
255
249
151
120
121
158
252
255
146
128
124
242
255
253
252
250
254
230
137
234
254
255
252
251
251
251
251
251
251
251
251
251
251
251
251
251
251
251
251
251
251
251
251
251
251
251
251
251
252
254
255
255
254
253
251
251
251
252
254
255
255
255
255
255
255
250
244
238
221
143
131
126
121
125
124
127
186
254
255
255
255
255
255
193
139
119
121
126
128
124
132
211
145
242
255
255
255
255
255
245
148
240
255
255
255
255
255
255
255
255
255
255
255
255
255
255
255
255
255
255
255
255
255
249
146
131
129
128
121
163
250
255
255
251
253
251
255
255
198
142
155
229
255
255
255
254
252
252
255
247
255
235
153
117
130
164
253
254
228
137
234
254
255
254
254
254
255
247
251
247
255
252
251
251
251
251
251
251
251
251
251
251
251
251
251
251
251
251
251
251
251
251
251
251
251
251
251
251
251
251
251
251
251
251
251
251
252
255
250
245
238
237
237
236
251
236
160
140
135
127
122
125
124
123
125
180
250
255
254
251
251
252
251
241
167
141
140
132
134
128
140
114
135
144
255
255
255
250
235
116
119
137
251
254
251
251
251
252
255
253
235
142
228
247
253
255
255
255
251
254
247
250
233
147
129
126
128
127
131
169
253
255
252
254
254
253
254
252
243
233
235
243
251
252
251
251
252
255
254
234
146
212
137
107
134
233
254
255
247
251
247
255
252
251
251
251
252
254
254
254
252
251
251
251
251
251
251
251
251
251
251
251
251
251
251
251
251
251
251
251
251
251
251
251
251
251
251
251
251
251
251
251
251
251
251
251
254
251
242
166
142
143
144
141
157
216
133
116
124
125
124
122
129
135
185
247
254
254
252
251
251
252
254
251
245
242
229
141
128
214
142
115
107
219
246
252
254
247
143
120
116
234
247
254
251
251
251
254
248
236
123
121
124
165
211
240
237
243
236
197
227
156
135
131
126
129
129
123
140
231
247
255
251
251
251
251
252
253
255
255
255
255
253
251
251
251
254
247
234
116
126
127
155
136
159
248
255
253
254
254
254
252
251
251
251
251
251
251
251
251
251
251
251
251
251
251
251
251
251
251
251
251
251
251
251
251
251
251
251
251
251
251
251
251
251
251
251
251
251
251
251
251
251
251
251
251
255
249
159
124
119
119
120
118
131
131
137
126
128
126
133
135
174
239
250
253
254
252
251
251
251
251
252
254
255
255
254
166
152
225
229
108
122
153
255
239
139
225
225
139
234
254
255
252
251
251
251
255
254
144
119
109
122
128
136
145
145
145
165
146
129
130
121
126
129
130
128
123
138
174
255
254
251
251
251
251
251
251
251
251
251
251
251
251
251
251
254
251
137
119
120
229
239
232
242
246
254
251
251
251
251
251
251
251
251
251
251
251
251
251
251
251
251
251
251
251
251
251
251
251
251
251
251
251
251
251
251
251
251
251
251
251
251
251
251
251
251
251
251
251
251
251
251
251
251
251
255
237
145
109
116
121
123
124
123
120
119
118
119
122
159
236
250
254
255
253
252
251
251
251
251
251
251
251
251
254
248
240
244
248
146
126
123
231
230
119
120
143
247
254
247
255
252
251
251
251
252
253
234
165
109
124
128
127
124
121
119
124
123
126
123
127
128
130
130
130
126
126
151
239
250
252
251
251
251
251
251
251
251
251
251
251
251
251
251
251
254
247
229
137
235
255
255
255
255
254
252
251
251
251
251
251
251
251
251
251
251
251
251
251
251
251
251
251
251
251
251
251
251
251
251
251
251
251
251
251
251
251
251
251
251
251
251
251
251
251
251
251
251
251
251
251
251
251
251
251
255
246
165
137
142
146
136
126
126
135
148
142
145
172
220
255
255
254
252
251
251
251
251
251
251
251
251
251
251
252
254
255
255
251
230
137
237
253
143
120
116
235
250
255
254
252
251
251
251
251
252
255
205
144
131
123
124
129
130
130
130
130
128
129
130
130
130
130
129
126
119
136
208
255
255
252
251
251
251
251
251
251
251
251
251
251
251
251
251
251
252
255
247
251
247
255
252
251
251
251
251
251
251
251
251
251
251
251
251
251
251
251
251
251
251
251
251
251
251
251
251
251
252
254
254
254
251
251
251
251
251
251
251
251
251
251
251
251
251
251
251
251
251
251
251
251
251
251
251
251
254
247
243
234
237
240
231
145
149
235
240
236
238
243
250
253
252
251
251
251
251
251
251
251
251
251
251
251
251
251
251
251
252
255
247
251
250
254
230
137
234
254
255
252
251
251
251
251
251
251
252
250
243
236
181
134
129
123
125
129
129
129
129
129
129
130
130
127
125
130
133
165
247
255
252
251
251
251
251
251
251
251
251
251
251
251
251
251
251
251
251
252
254
254
254
252
251
251
251
251
251
251
251
251
251
251
251
251
251
251
251
251
251
251
251
251
251
251
251
251
251
252
255
247
251
246
251
251
251
251
251
251
251
251
251
251
251
251
251
251
251
251
251
251
251
251
251
251
251
251
252
254
255
255
255
255
253
244
243
253
255
255
255
255
254
253
251
251
251
251
251
251
251
251
251
251
251
251
251
251
251
251
251
252
254
254
254
255
247
251
247
255
252
251
251
251
251
251
251
251
252
253
255
255
251
239
176
133
128
120
119
120
119
122
122
122
120
118
126
147
236
247
249
254
251
251
251
251
251
251
251
251
251
251
251
251
251
251
251
251
251
251
251
251
251
251
251
251
251
251
251
251
251
251
251
251
251
251
251
251
251
251
251
251
251
251
251
251
251
251
252
255
254
234
137
226
251
251
251
251
251
251
251
251
251
251
251
251
251
251
251
251
251
251
251
251
251
251
251
251
251
251
251
251
251
252
254
255
255
254
252
251
251
251
251
251
251
251
251
251
251
251
251
251
251
251
251
251
251
251
251
251
251
251
251
251
251
252
254
254
254
252
251
251
251
251
251
251
251
251
251
251
252
253
255
254
250
236
162
134
136
134
134
137
156
137
138
137
145
239
255
255
254
252
251
251
251
251
251
251
251
251
251
251
251
251
251
251
251
251
251
251
251
251
251
251
251
251
251
251
251
251
251
251
251
251
251
251
251
251
251
251
251
251
251
251
251
251
251
251
252
252
242
130
123
133
251
251
251
251
251
251
251
251
251
251
251
251
251
251
251
251
251
251
251
251
251
251
251
251
251
251
251
251
251
251
251
251
251
251
251
251
251
251
251
251
251
251
251
251
251
251
251
251
251
251
251
251
251
251
251
251
251
251
251
251
251
251
251
251
251
251
251
251
251
251
251
251
251
251
251
251
251
251
251
251
251
251
251
251
251
251
251
251
251
251
251
251
251
251
251
251
251
251
251
251
251
251
251
251
251
251
251
251
251
251
251
251
251
251
251
251
251
251
251
251
251
251
251
251
251
251
251
251
251
251
251
251
251
251
251
251
251
251
251
251
251
251
251
251
251
251
120
120
120
251
251
