242
242
242
242
242
242
242
242
242
242
242
242
242
242
242
242
242
242
242
242
242
242
242
242
242
242
242
242
242
242
242
242
242
242
242
242
242
242
242
242
242
242
242
242
242
242
242
242
242
242
242
242
242
242
242
242
242
242
242
242
242
242
242
242
242
44
44
44
242
242
242
242
242
242
242
242
242
242
242
242
242
242
242
242
242
242
242
242
242
242
242
242
242
242
242
242
242
242
242
242
242
242
242
242
242
242
242
242
242
242
242
242
242
242
242
242
242
242
242
242
242
242
242
242
242
242
242
242
242
242
242
242
242
242
242
242
242
242
242
242
242
242
242
242
242
242
242
242
242
242
242
242
242
242
242
242
242
242
242
242
242
242
242
242
242
242
242
242
242
242
242
242
242
242
242
242
242
242
242
242
242
242
242
242
242
242
242
243
246
247
246
243
242
242
242
242
242
242
242
242
242
242
242
242
242
242
242
242
242
242
242
242
246
234
66
48
59
228
243
243
242
242
242
242
242
242
242
242
242
242
242
243
246
247
246
243
242
242
242
242
242
242
242
242
242
242
242
242
242
242
242
242
242
242
242
242
242
242
242
242
242
242
242
242
242
242
242
242
242
242
242
242
242
242
242
242
242
242
242
242
242
242
242
242
242
242
242
242
242
242
242
242
242
242
242
242
242
242
242
242
242
242
242
242
242
242
242
242
242
242
242
242
242
242
242
242
242
242
242
242
242
242
242
242
242
242
243
244
247
247
246
243
243
242
242
242
243
251
236
242
236
251
243
242
242
242
242
242
242
242
242
242
242
242
242
242
242
242
242
242
242
242
246
236
208
68
215
245
251
243
242
242
242
242
242
242
242
242
242
242
243
251
236
242
236
251
243
242
242
242
242
242
242
242
242
242
242
242
242
242
242
242
242
242
242
242
242
242
242
242
242
242
242
242
242
242
242
242
242
242
242
242
242
242
242
242
242
242
242
242
242
242
242
242
242
242
242
242
242
242
242
242
242
242
242
242
242
242
242
242
242
242
242
242
242
242
242
242
242
242
242
242
242
242
242
242
242
242
242
242
242
242
242
242
243
243
248
239
237
228
238
240
243
242
242
243
251
245
215
68
208
236
246
242
242
242
242
242
242
242
242
242
242
242
242
242
242
242
242
242
242
242
243
251
236
242
236
251
243
242
242
242
242
242
242
242
242
242
242
243
251
245
215
68
208
236
246
242
242
242
242
242
242
243
243
244
244
244
243
243
242
242
242
242
242
242
242
242
242
242
242
242
242
242
242
242
242
242
242
242
242
242
242
242
242
242
242
242
242
242
242
242
242
242
242
242
242
242
242
242
242
242
242
242
242
242
242
242
242
242
242
242
242
242
242
242
242
242
242
242
242
242
242
242
242
242
242
242
242
242
242
242
242
242
243
240
242
224
154
174
193
238
245
242
242
246
236
215
38
42
68
242
247
242
242
242
242
242
242
242
242
242
242
242
242
242
242
242
242
242
242
242
242
243
246
247
246
243
242
242
242
242
242
242
242
242
242
242
242
246
236
215
38
42
68
242
247
242
242
242
242
242
243
245
240
243
238
243
240
245
243
242
242
242
242
242
242
242
242
242
242
242
242
242
242
242
242
242
242
242
242
242
242
242
242
242
242
242
242
242
242
242
242
242
242
242
242
242
242
242
242
242
242
242
242
242
242
242
242
242
242
242
242
242
242
242
242
242
242
242
242
242
242
242
242
242
242
242
242
242
242
242
242
243
246
239
199
168
138
155
184
235
247
242
242
247
242
68
42
38
215
236
246
242
242
242
242
242
242
242
242
242
242
242
242
242
242
242
242
242
242
242
242
242
242
242
242
242
242
242
242
242
242
242
242
242
242
242
242
247
242
68
42
38
215
236
246
242
242
242
242
243
244
244
233
192
226
191
233
241
243
242
242
242
242
242
242
242
242
242
242
242
242
242
242
242
242
242
242
242
242
242
242
242
242
242
242
242
242
242
242
242
242
242
242
242
242
242
242
242
242
242
242
242
242
242
242
242
242
242
242
242
242
242
242
242
242
242
242
242
242
242
242
242
242
242
242
242
242
242
242
242
242
243
242
230
180
161
137
133
180
233
248
242
242
246
236
208
68
215
245
251
243
242
242
242
242
242
242
242
242
242
242
242
242
242
242
242
242
242
242
242
242
242
242
242
242
242
242
242
242
242
242
242
242
242
242
242
242
246
236
208
68
215
245
251
243
242
242
242
243
244
242
238
185
181
174
178
184
238
246
242
242
242
242
242
242
242
242
242
242
242
242
242
242
242
242
242
242
242
242
242
242
242
242
242
242
242
242
242
242
242
242
242
242
242
242
242
242
242
242
242
242
242
242
242
242
242
242
242
242
242
242
242
242
242
242
242
242
242
242
242
242
242
242
242
242
242
242
242
242
242
243
247
241
188
184
170
140
125
147
234
248
242
242
243
251
236
242
236
251
243
242
242
242
242
242
242
242
242
242
242
242
242
242
242
242
242
242
242
242
242
242
242
242
242
242
242
242
242
242
242
242
242
242
242
242
242
242
243
251
236
242
236
251
243
242
242
242
242
243
242
236
183
177
172
171
167
179
232
247
243
243
243
242
242
242
242
242
242
242
242
242
242
242
242
242
242
242
242
242
242
242
242
242
242
242
242
242
242
242
242
242
242
242
242
242
242
242
242
242
242
242
242
242
242
242
242
242
242
242
242
242
242
242
242
242
242
242
242
242
242
242
242
242
242
242
242
242
242
242
242
243
242
231
175
184
220
151
129
182
233
248
242
242
242
243
246
247
246
243
242
242
242
242
242
242
242
242
242
242
242
242
242
242
242
242
242
242
242
242
242
242
242
242
242
242
242
242
242
242
242
242
242
242
242
242
242
242
242
243
246
247
246
243
242
242
242
242
243
246
241
196
176
172
179
176
175
180
239
245
243
242
248
247
247
245
243
243
242
242
242
242
242
242
242
242
242
242
242
242
242
242
242
242
242
242
242
242
242
242
242
242
242
242
242
242
242
242
242
242
242
242
242
242
242
242
242
242
242
242
242
242
242
242
242
242
242
242
242
242
242
242
242
242
242
242
242
242
242
242
242
246
238
184
171
188
227
188
164
187
238
248
243
242
242
242
242
242
242
242
242
242
242
242
242
242
242
242
242
242
242
242
242
242
242
242
242
242
242
242
242
242
242
242
242
242
242
242
242
242
242
242
243
243
245
246
246
245
243
243
242
242
242
242
242
242
242
242
243
243
233
179
170
178
188
231
189
218
240
237
196
231
236
235
233
236
239
243
242
242
242
242
242
242
242
242
242
242
242
242
242
242
242
242
242
242
242
242
242
242
242
242
242
242
242
242
242
242
242
242
242
242
242
242
242
242
242
242
242
242
242
242
242
242
242
242
242
242
242
242
242
242
242
242
242
242
242
242
242
242
243
248
233
183
170
194
232
192
170
181
232
243
243
242
242
242
242
242
242
242
242
242
242
242
242
242
242
242
242
242
242
242
242
242
242
242
242
242
242
242
242
242
242
242
242
242
242
242
242
242
243
243
246
243
238
234
233
240
242
246
243
243
242
242
242
242
242
242
245
239
195
176
170
180
236
241
243
239
237
183
180
179
183
184
181
188
237
246
242
242
242
242
242
242
242
242
242
242
242
242
242
242
242
242
242
242
242
242
242
242
242
242
242
242
242
242
242
242
242
242
242
242
242
242
242
242
242
242
242
242
242
242
242
242
242
242
242
242
242
242
242
242
242
242
242
242
242
242
242
242
243
243
232
178
176
237
235
187
169
177
189
241
246
243
242
242
242
242
242
242
242
242
242
242
242
242
242
242
242
242
242
242
242
242
242
242
242
242
242
242
242
242
242
242
242
242
242
242
243
243
246
243
241
233
192
184
195
191
230
239
239
243
242
242
242
242
242
242
246
234
182
170
177
200
241
248
248
241
197
177
170
177
173
173
161
176
229
246
242
242
242
242
242
242
242
242
242
242
242
242
242
242
242
242
242
242
242
242
242
242
242
242
242
242
242
242
242
242
242
242
242
242
242
242
242
242
242
242
242
242
242
242
242
242
242
242
242
242
242
242
242
242
242
242
242
242
242
242
242
242
245
240
195
173
183
241
237
176
168
173
181
232
244
244
243
242
242
242
242
242
242
242
242
242
242
242
242
242
242
242
242
242
242
242
242
242
242
242
242
242
242
242
242
242
242
243
243
244
247
242
241
231
197
185
178
173
173
181
184
190
238
246
243
242
242
242
242
242
247
234
185
169
182
233
244
243
246
234
188
172
173
184
227
191
177
179
236
246
242
242
242
242
242
242
242
242
242
242
242
242
242
242
242
242
242
242
242
242
242
242
242
242
242
242
242
242
242
242
242
242
242
242
242
242
242
242
242
242
242
242
242
242
242
242
242
242
242
242
242
242
242
242
242
242
242
242
242
242
242
243
247
235
183
173
195
244
241
183
175
174
178
187
240
246
249
246
243
242
242
242
242
242
242
242
242
242
242
242
242
242
242
242
242
242
242
242
242
242
242
242
242
242
242
242
242
243
240
237
236
232
189
180
178
174
174
174
177
177
172
183
230
242
243
242
242
242
242
242
247
234
183
173
195
240
246
243
247
234
185
171
171
188
233
243
231
236
238
244
242
242
242
242
242
242
242
242
242
242
242
242
242
242
242
242
242
242
242
242
242
242
242
242
242
242
242
242
242
242
242
242
242
242
242
242
242
242
242
242
242
242
242
242
242
242
242
242
242
242
242
242
242
242
242
242
242
242
243
243
245
247
245
232
179
177
232
246
244
232
179
172
175
179
209
233
244
236
251
246
245
246
247
248
249
249
246
243
242
242
242
242
242
242
242
242
242
242
242
242
242
242
242
242
242
242
242
243
242
205
196
180
176
174
172
178
175
178
170
175
177
180
189
239
245
242
242
242
242
242
247
234
183
177
232
243
243
242
247
235
187
171
176
194
241
249
246
248
248
248
246
243
242
242
242
242
242
242
242
242
242
242
242
242
242
242
242
242
242
242
242
242
242
242
242
242
242
242
242
242
242
242
242
242
242
242
242
242
243
243
242
242
242
242
242
242
242
242
242
242
242
242
242
242
242
242
242
243
245
240
236
240
239
199
172
181
235
248
248
238
183
172
179
183
187
207
72
209
240
246
238
233
236
242
229
239
238
253
245
243
242
242
242
242
242
242
242
242
242
242
242
242
242
242
242
242
242
243
242
230
181
169
174
172
173
182
229
182
177
179
175
172
187
235
247
243
243
243
244
245
250
235
181
180
235
247
243
242
247
236
195
171
181
233
243
243
243
251
236
242
236
251
243
242
242
242
242
242
242
242
242
242
242
242
242
242
243
246
247
246
243
242
242
242
242
242
242
242
242
242
242
242
242
242
242
242
242
243
251
243
242
242
242
242
242
242
242
242
242
242
242
242
242
242
242
242
242
243
242
235
178
187
227
183
175
187
239
246
245
238
207
176
177
172
162
36
49
69
241
238
183
184
199
190
165
70
209
236
243
244
244
243
242
242
242
242
242
242
242
242
242
242
242
242
242
242
242
243
249
238
187
170
180
182
181
237
240
241
225
181
172
174
183
236
246
246
246
241
241
235
246
233
189
190
242
247
243
243
248
238
191
171
185
238
249
245
251
245
215
68
208
236
246
242
242
242
242
242
242
242
242
242
242
242
242
243
251
236
242
236
251
243
242
242
242
242
242
242
242
243
246
247
246
243
242
242
243
251
245
228
44
242
242
242
242
242
242
242
242
242
242
242
242
242
242
242
242
245
238
193
171
175
178
180
178
231
240
246
244
242
219
184
181
176
58
43
44
211
195
186
179
173
169
156
34
41
63
194
220
238
243
244
243
242
242
242
242
242
242
242
242
242
242
242
242
242
242
243
243
233
182
169
184
227
241
240
247
250
242
187
179
176
181
188
235
239
244
233
190
209
194
224
187
222
238
244
248
245
243
232
190
170
179
233
245
250
237
215
38
42
68
242
247
242
242
242
243
246
247
246
243
242
242
242
243
251
245
215
68
208
236
246
242
242
242
242
242
242
243
251
236
242
236
251
243
242
246
236
215
59
44
242
242
242
242
242
242
242
242
242
242
242
242
242
242
242
242
246
232
179
170
174
174
175
181
192
240
245
247
245
240
213
179
169
152
63
211
197
186
177
177
181
176
60
42
37
156
173
181
189
237
243
246
243
243
242
242
242
242
242
242
242
242
242
242
242
242
245
239
192
174
176
196
242
248
243
243
244
243
235
189
177
178
168
149
234
243
184
176
173
181
177
186
182
188
232
238
235
211
180
178
174
177
181
233
247
243
74
46
40
215
236
246
242
242
243
251
236
242
236
251
243
242
242
246
236
215
38
42
68
242
247
242
242
242
242
242
243
251
245
215
68
208
236
246
242
247
242
68
48
44
242
242
242
242
242
243
246
247
246
243
242
242
242
242
242
242
245
237
184
172
173
174
177
176
178
185
231
239
241
247
239
185
184
171
184
183
190
177
174
175
179
173
157
61
156
176
182
176
177
185
233
241
241
243
242
242
242
242
242
242
242
242
242
242
242
242
247
236
189
168
181
233
243
243
243
243
247
246
237
192
176
176
169
158
236
238
181
168
174
175
175
176
173
177
180
188
188
181
175
173
177
174
178
184
193
225
199
63
213
247
251
243
242
243
251
245
215
68
208
236
246
242
242
247
242
68
42
38
215
236
246
242
242
242
242
242
246
236
215
38
42
68
242
247
242
246
236
208
66
242
242
242
242
242
243
251
236
242
236
251
243
242
242
242
242
242
243
241
235
196
176
180
176
177
173
178
177
188
236
248
243
231
181
175
181
180
177
174
173
180
194
186
185
185
188
185
173
175
176
179
182
202
237
245
242
242
242
242
242
242
242
242
242
242
242
243
244
233
182
169
186
236
248
244
246
243
242
232
187
179
176
176
180
230
243
234
187
175
181
179
177
178
176
175
172
172
178
170
171
175
176
177
177
174
182
189
175
190
231
254
243
242
242
246
236
215
38
42
68
242
247
242
242
246
236
208
68
215
245
251
243
242
242
242
242
242
247
242
68
42
38
217
239
251
246
246
251
236
234
242
242
242
242
243
251
245
215
68
208
236
246
242
242
242
242
242
243
245
243
241
230
181
175
177
176
176
165
175
229
247
247
242
190
179
177
177
176
178
183
205
236
211
64
207
230
203
180
177
173
175
172
184
237
249
243
243
242
242
242
242
242
242
242
242
242
244
239
194
176
170
187
237
252
243
241
233
197
181
179
172
173
178
197
242
251
235
192
229
201
183
173
183
183
179
173
178
181
187
182
182
181
176
171
174
169
173
169
188
237
248
242
242
242
247
242
68
42
38
215
236
246
242
242
243
251
236
242
236
251
243
242
242
242
242
242
242
246
236
208
68
217
254
245
243
236
251
246
246
246
242
242
242
242
246
236
215
38
42
68
242
247
242
242
242
242
242
242
243
246
244
218
180
180
179
178
170
173
176
238
246
245
236
227
174
175
176
173
187
233
237
217
44
47
74
244
247
233
181
174
172
170
182
227
240
239
243
242
242
242
242
242
242
242
242
242
245
237
193
174
170
186
232
243
232
197
182
179
175
175
174
178
184
236
241
245
238
242
242
236
184
171
183
229
204
189
193
232
235
235
235
191
178
176
165
186
181
171
182
232
246
242
242
242
246
236
208
68
215
245
251
243
242
242
242
243
246
247
246
243
242
242
242
243
246
247
246
246
251
236
243
245
254
217
68
208
236
246
242
242
242
242
242
242
247
242
68
42
38
215
236
246
242
242
242
242
242
242
242
246
236
183
170
183
228
190
179
183
229
241
246
248
250
188
181
174
176
173
187
245
248
70
42
38
215
237
250
243
236
188
182
178
178
178
190
238
247
243
242
242
242
242
242
242
242
242
244
241
215
180
171
183
210
194
182
179
173
172
175
173
178
188
236
242
244
243
243
244
250
238
188
171
191
240
250
239
241
243
248
248
247
234
182
177
229
236
217
193
188
236
246
242
242
242
243
251
236
242
236
251
243
242
242
242
242
242
242
242
242
242
242
242
243
251
236
242
236
251
246
246
251
239
217
38
42
68
242
247
242
242
242
242
242
242
246
236
208
68
215
245
251
243
242
242
242
242
242
242
243
248
235
183
162
183
229
245
228
207
244
254
255
237
232
214
179
173
176
177
195
242
240
208
68
215
245
251
244
245
241
242
229
181
172
170
175
229
242
243
242
242
242
242
242
242
242
242
243
246
235
185
172
180
178
176
173
173
179
177
183
181
197
237
243
245
243
242
242
243
243
232
182
170
200
229
249
239
254
245
243
243
248
237
186
184
241
252
243
235
237
239
243
242
242
242
242
243
246
247
246
243
242
242
242
242
242
242
242
242
242
242
242
243
251
245
215
68
208
236
246
242
247
242
68
42
38
215
236
246
242
242
242
242
243
243
243
251
236
242
236
251
243
242
242
242
242
242
242
242
243
243
232
180
171
170
239
251
242
248
231
228
213
214
102
235
203
178
173
178
215
241
254
236
242
236
251
243
242
243
243
249
238
188
173
174
174
184
239
245
242
242
242
242
242
242
242
242
242
247
235
188
174
178
177
178
175
170
184
225
195
231
241
241
244
243
242
242
242
245
240
195
177
183
185
212
72
208
236
246
242
242
247
235
182
175
232
244
246
245
245
243
243
242
242
242
242
242
242
242
242
242
242
242
242
242
242
242
242
242
242
242
242
246
236
215
38
42
68
242
247
242
246
236
208
68
215
245
251
243
242
242
242
242
243
251
243
243
246
247
246
243
242
242
242
242
242
242
242
242
245
239
191
174
177
230
240
245
243
252
222
70
36
59
220
251
250
194
183
186
204
244
250
246
247
246
243
242
242
242
242
245
240
200
179
174
171
185
235
248
243
242
242
242
242
242
242
242
242
246
233
183
172
178
177
174
179
183
202
236
245
241
246
243
243
243
243
243
243
246
235
189
173
172
204
38
44
68
242
247
242
242
247
235
185
172
188
239
245
242
242
242
242
242
242
242
242
242
242
243
247
253
254
255
255
255
254
253
247
243
242
242
242
247
242
68
42
38
215
236
246
242
243
251
236
242
236
251
243
242
242
242
242
44
221
236
246
242
242
242
242
242
242
242
242
242
242
242
242
242
247
233
182
167
187
236
248
243
242
251
221
70
36
61
200
216
201
150
144
144
167
233
255
255
255
255
255
255
255
255
255
255
255
246
195
182
182
186
233
243
243
242
242
242
242
242
242
242
242
245
238
186
177
174
180
182
198
233
241
241
245
243
243
243
244
240
241
239
243
247
235
185
174
187
64
49
39
215
236
246
242
242
247
237
196
174
195
248
255
255
255
255
255
255
255
255
255
255
255
255
239
221
200
202
202
202
197
215
228
246
242
242
242
246
236
208
68
215
245
251
243
242
242
243
246
247
246
243
242
242
242
242
242
44
89
242
247
242
242
242
242
242
242
242
242
242
242
242
242
243
248
236
185
172
191
240
245
242
242
247
234
227
213
219
89
91
88
80
73
68
70
168
205
204
202
202
202
202
202
202
202
202
206
198
141
143
162
176
205
253
255
255
255
255
255
255
255
255
255
255
254
247
192
185
191
240
254
255
255
255
255
255
255
255
254
248
217
251
255
255
250
199
187
202
217
89
232
255
255
255
255
255
255
253
195
158
153
200
207
202
202
202
202
202
202
202
202
202
202
204
207
84
88
89
89
89
84
97
234
247
242
242
242
243
251
236
242
236
251
243
242
242
242
242
242
242
242
242
242
242
242
242
242
44
221
236
246
242
242
242
242
242
242
242
242
242
242
242
242
243
244
232
176
176
231
243
243
242
242
243
247
253
255
239
221
200
205
205
158
152
150
76
86
93
89
89
89
89
89
89
89
89
91
86
81
73
68
149
153
198
205
202
202
202
202
202
202
202
202
203
206
200
154
144
153
165
209
208
203
202
202
202
203
205
205
165
161
198
204
205
199
159
145
173
194
205
196
211
204
202
202
202
204
201
165
65
74
82
89
91
89
89
89
89
89
89
89
89
89
88
84
207
204
202
202
202
197
215
228
246
242
242
242
242
243
246
247
246
243
242
242
242
242
242
242
242
242
242
242
242
242
242
242
242
243
251
243
242
242
242
242
242
242
242
242
242
242
242
243
246
240
190
171
183
235
247
243
242
242
242
242
242
243
247
253
254
255
255
246
196
173
171
196
202
203
202
202
202
202
202
202
202
203
207
201
158
151
67
78
85
93
89
89
89
89
89
89
89
89
89
91
89
80
72
68
74
81
90
93
94
94
94
96
91
83
71
77
84
93
93
86
78
74
84
94
96
93
91
89
89
89
89
90
89
78
154
144
153
198
205
202
202
202
202
202
202
202
202
202
200
221
239
255
255
255
255
254
253
247
243
242
242
242
242
242
242
242
242
242
242
242
242
242
242
242
242
242
242
242
242
242
242
242
242
243
243
242
242
242
242
242
242
242
242
242
242
242
242
243
243
232
179
173
193
239
245
242
242
242
242
242
242
242
242
242
242
243
248
234
184
174
190
212
254
255
255
255
255
255
255
255
255
255
255
249
203
173
159
152
198
206
202
202
202
202
202
202
202
202
202
202
205
205
156
151
146
148
176
197
197
196
195
196
192
147
141
153
198
207
207
201
152
150
200
207
202
202
202
202
202
202
202
202
205
214
180
182
200
249
255
255
255
255
255
255
255
255
255
255
255
254
247
243
242
242
242
242
242
242
242
242
242
242
242
242
242
242
242
242
242
242
242
243
246
247
246
243
242
242
242
242
242
242
242
242
242
242
242
242
242
242
242
242
242
242
242
242
242
245
240
196
173
180
232
243
243
242
242
242
242
242
242
242
242
242
242
242
246
238
178
175
172
177
232
243
243
242
242
242
242
242
242
242
247
235
187
177
181
197
250
255
255
255
255
255
255
255
255
255
255
255
255
254
243
193
184
190
195
210
214
206
207
204
197
192
182
195
248
255
255
248
189
196
250
255
255
255
255
255
255
255
255
255
255
246
193
168
184
235
247
242
243
246
247
246
246
251
236
242
236
253
247
247
246
243
242
242
242
242
242
242
242
242
242
242
242
242
242
242
242
242
243
251
236
242
236
251
243
242
242
242
242
242
242
242
242
242
242
242
242
242
242
242
242
242
242
242
243
247
236
184
167
186
236
248
244
246
247
246
243
242
242
242
242
242
242
242
243
242
228
176
168
177
195
241
245
242
242
242
242
242
242
242
247
234
186
173
175
189
237
248
242
242
242
242
242
242
242
242
242
242
243
247
240
188
175
172
174
175
175
175
172
173
171
173
173
188
237
249
239
184
171
182
235
247
242
242
242
242
242
242
242
242
247
235
185
168
184
236
248
244
251
236
242
237
255
247
215
68
209
245
239
242
236
251
243
242
242
242
242
242
242
242
242
242
242
242
242
242
242
243
251
245
215
68
208
236
246
242
242
242
242
242
242
242
242
242
242
242
242
242
242
242
242
242
242
242
243
243
231
179
165
180
233
248
251
236
242
236
251
243
242
242
242
242
242
242
243
247
241
183
174
170
193
237
247
243
242
242
242
242
242
243
248
237
190
179
170
186
232
254
243
242
242
242
242
242
242
242
242
242
242
243
241
235
182
176
173
176
176
175
174
179
175
180
191
237
240
248
234
185
163
183
235
247
242
242
242
242
242
242
242
242
247
234
185
169
184
233
246
252
245
215
68
211
231
219
38
44
77
246
221
68
208
236
246
242
242
242
242
242
242
242
242
242
242
242
242
242
242
246
236
215
38
42
68
242
247
242
242
242
242
242
242
242
242
242
242
242
242
242
242
242
242
242
242
242
246
239
185
174
174
184
241
254
245
215
68
208
236
246
242
242
242
242
242
242
242
243
243
232
180
171
179
231
241
244
242
242
242
242
242
243
242
231
187
177
156
62
206
237
246
242
242
242
242
242
242
242
242
242
242
243
245
243
232
186
173
173
173
180
180
192
227
190
235
245
245
249
236
189
166
183
234
247
242
242
242
242
242
242
242
242
247
234
188
171
179
199
244
239
215
38
42
73
242
73
42
42
209
209
42
42
68
242
247
242
242
242
242
242
242
242
242
242
242
242
242
242
242
247
242
68
42
38
215
236
246
242
242
242
242
242
242
242
242
242
242
242
242
242
242
242
242
242
242
243
247
234
184
167
180
233
247
237
215
38
42
68
242
247
242
242
242
242
242
242
242
243
248
236
188
171
176
179
239
246
243
242
242
243
243
248
241
185
172
158
35
43
73
246
253
246
243
242
242
242
242
242
242
242
242
242
243
246
240
204
198
190
187
185
226
243
237
243
239
244
244
241
232
180
171
188
237
246
242
242
242
242
242
242
242
242
247
235
188
173
175
190
241
246
68
42
38
219
231
211
68
221
246
77
44
38
215
236
246
242
242
242
242
242
242
242
242
242
242
242
242
242
242
246
236
208
68
215
245
251
243
242
242
242
242
242
242
242
242
242
242
242
242
242
242
242
242
242
242
243
242
231
179
169
189
237
253
242
68
42
38
215
236
246
242
242
242
242
242
242
242
242
245
239
191
177
169
180
231
243
243
242
243
244
242
243
228
187
171
55
40
44
225
231
245
236
251
243
242
242
242
242
242
242
242
242
242
243
241
239
234
238
230
202
239
248
245
244
243
243
246
238
184
173
179
216
241
244
242
242
242
242
242
242
242
242
246
233
183
171
171
181
238
241
208
68
215
247
255
237
242
239
245
209
68
215
245
251
243
242
242
242
242
242
242
242
242
242
242
242
242
242
242
243
251
236
242
236
251
243
242
242
242
242
242
242
242
242
242
242
242
242
242
242
242
242
242
242
242
243
243
198
178
174
193
240
248
236
208
68
215
245
251
243
242
242
242
242
242
242
242
242
243
244
232
182
172
180
196
242
248
246
248
243
238
200
187
182
176
158
73
227
250
224
70
208
236
246
242
242
242
242
242
242
242
242
242
243
243
244
246
247
241
241
239
243
242
242
242
242
247
232
184
167
183
235
246
243
242
242
242
242
242
242
242
242
245
238
198
179
171
176
234
254
236
242
236
251
246
246
247
247
253
236
242
236
251
243
242
242
242
242
242
242
242
242
242
242
242
242
242
242
242
242
243
246
247
246
243
242
242
242
242
242
242
242
242
242
242
242
242
242
242
242
242
243
246
247
246
245
243
233
180
179
233
243
245
251
236
242
236
251
243
242
242
242
242
242
242
242
242
242
243
248
236
184
170
174
184
236
243
240
235
233
185
176
174
172
186
224
245
232
224
40
42
68
242
247
242
242
242
242
242
242
242
242
242
242
242
242
242
242
243
243
243
242
242
242
242
243
248
237
186
168
186
235
247
242
242
242
242
242
242
242
242
242
243
240
239
232
183
187
236
247
246
247
246
243
242
242
242
242
243
246
247
246
243
242
242
242
242
242
242
242
242
242
242
242
242
242
242
242
242
242
242
242
242
242
242
242
242
242
242
242
242
242
242
242
242
242
242
242
242
242
243
251
236
242
236
253
254
233
183
182
244
249
243
243
246
247
246
243
242
242
242
242
242
242
242
242
242
242
242
246
236
185
173
173
182
198
232
190
187
181
174
167
175
179
206
243
254
246
70
42
38
215
236
246
242
242
242
242
242
242
242
242
242
242
242
242
242
242
242
242
242
242
242
242
242
244
241
230
179
169
184
235
246
242
242
242
242
242
242
242
242
242
243
243
246
241
236
235
239
243
242
242
242
242
242
242
242
242
242
242
242
242
242
242
242
242
242
242
242
242
242
242
242
242
242
242
242
242
242
242
242
242
242
242
242
242
242
242
242
242
242
242
242
242
242
242
242
242
242
243
251
245
215
68
209
245
251
214
59
164
230
248
242
242
242
242
242
242
242
242
242
242
242
242
242
242
242
242
242
244
241
215
179
174
174
179
178
178
169
174
179
184
187
232
240
241
247
236
208
68
215
245
251
243
242
242
242
242
242
242
242
242
242
242
242
242
242
242
242
242
242
242
242
242
242
245
236
171
169
173
190
238
245
242
242
242
242
242
242
242
242
242
242
242
243
243
245
245
243
243
242
242
242
242
242
242
242
242
242
242
242
242
242
242
242
242
242
242
242
242
242
242
242
242
242
242
242
242
242
242
242
242
242
242
242
242
242
242
242
242
242
242
242
242
242
242
242
242
242
246
236
215
38
42
72
236
221
41
39
69
240
249
242
242
242
242
242
242
242
242
242
242
242
242
242
242
242
242
242
243
246
232
183
169
175
173
173
172
176
184
233
235
239
242
246
243
244
251
236
242
236
251
243
242
242
242
242
242
242
242
242
242
242
242
242
242
242
242
242
242
242
242
242
242
242
245
234
185
176
187
235
242
243
243
246
247
246
243
242
242
242
242
242
242
242
242
242
242
242
242
242
242
242
242
242
242
242
242
242
242
242
242
242
242
242
242
242
242
242
242
242
242
242
242
242
242
242
242
242
242
242
242
242
242
242
242
242
242
242
242
242
242
242
242
242
242
242
242
242
247
242
68
42
38
221
236
72
42
39
216
237
246
242
243
246
247
246
243
242
242
242
242
242
242
242
242
242
242
242
242
246
239
179
173
172
178
181
189
198
237
245
248
245
243
243
242
242
243
246
247
246
243
242
242
242
242
242
242
242
242
242
242
242
242
242
242
242
242
242
242
242
242
242
242
242
243
239
238
231
239
241
244
244
251
236
242
236
251
243
242
242
242
242
242
242
242
242
242
242
242
242
242
242
242
242
242
242
242
242
242
242
242
242
242
242
242
242
242
242
242
242
242
242
242
242
242
242
242
242
242
242
242
242
242
242
242
242
242
242
242
242
242
242
242
242
242
242
242
242
246
236
208
68
215
248
247
213
73
219
247
251
243
243
251
236
242
236
251
243
242
242
242
242
242
242
242
242
242
242
242
244
242
228
180
177
191
232
236
240
242
244
243
242
242
242
242
242
242
242
242
242
243
246
247
246
243
242
242
242
242
242
242
242
242
242
242
242
242
242
242
242
242
242
242
242
243
243
245
246
245
243
244
251
245
215
68
208
236
246
242
242
242
242
242
242
242
242
242
242
242
242
242
242
242
242
242
242
242
242
242
242
242
242
242
242
242
242
242
242
242
242
242
242
242
242
242
242
242
242
242
242
242
242
242
242
242
242
242
242
242
242
242
242
242
242
242
242
242
242
243
251
236
242
236
254
255
231
242
231
255
246
243
251
245
215
68
208
236
246
242
242
242
242
242
242
242
242
242
242
242
242
246
237
197
228
241
243
247
245
243
243
242
242
242
242
242
242
242
242
242
243
251
236
242
236
251
243
242
242
242
242
242
242
242
242
242
242
242
242
242
242
242
242
242
242
242
242
242
242
242
242
246
236
215
38
42
68
242
247
242
242
242
242
242
242
242
242
242
242
242
242
242
242
242
242
242
242
242
242
242
242
242
242
242
242
242
242
242
242
242
242
242
242
242
242
242
242
242
242
242
242
242
243
246
247
246
243
242
242
242
242
242
242
242
242
242
242
242
242
242
243
246
247
247
253
247
219
73
211
237
246
246
236
215
38
42
68
242
247
242
242
242
242
242
242
242
242
242
242
242
242
243
239
242
242
246
243
243
242
242
242
242
242
242
242
242
242
242
242
243
251
245
215
68
208
236
246
242
242
242
242
242
242
242
242
242
242
242
242
242
242
242
242
242
242
242
242
242
242
242
242
247
242
68
42
38
215
236
246
242
242
242
242
242
242
242
242
242
242
242
242
242
242
242
242
242
242
242
242
242
242
242
242
242
242
242
242
242
242
242
242
242
242
242
242
242
242
242
242
242
242
243
251
236
242
236
251
243
242
242
242
242
242
242
242
242
242
242
242
242
242
242
242
246
236
215
38
42
68
242
247
247
242
68
42
38
215
236
246
242
242
242
242
242
242
242
242
242
242
242
242
243
243
243
243
243
242
242
242
242
242
242
242
242
242
242
242
242
242
246
236
215
38
42
68
242
247
242
242
242
242
242
242
242
242
242
242
242
242
242
242
242
242
242
242
242
242
242
242
242
242
246
236
208
68
215
245
251
243
242
242
242
242
242
242
242
242
242
242
242
242
242
242
242
242
242
242
242
242
242
242
242
242
242
242
242
242
242
242
242
242
242
242
242
242
242
242
242
242
242
243
251
245
215
68
208
236
246
242
242
242
242
242
242
242
242
242
242
242
242
242
242
242
246
234
70
40
40
208
234
246
246
234
204
62
211
243
251
243
242
242
242
242
242
242
242
242
242
242
242
242
242
242
242
242
242
242
242
242
242
242
242
242
242
242
242
242
242
242
246
234
70
40
40
208
234
246
242
242
242
242
242
242
242
242
242
242
242
242
242
242
242
242
242
242
242
242
242
242
242
242
243
251
236
242
236
251
243
242
242
242
242
242
242
242
242
242
242
242
242
242
242
242
242
242
242
242
242
242
242
242
242
242
242
242
242
242
242
242
242
242
242
242
242
242
242
242
242
242
242
243
243
228
59
48
66
234
246
242
242
242
242
242
242
242
242
242
242
242
242
242
242
242
242
242
242
44
242
242
242
242
242
242
242
242
242
242
242
242
242
242
242
242
242
242
242
242
242
242
242
242
242
242
242
242
242
242
242
242
242
242
242
242
242
242
242
242
242
242
242
242
242
44
242
242
242
242
242
242
242
242
242
242
242
242
242
242
242
242
242
242
242
242
242
242
242
242
242
242
242
242
242
242
242
242
242
242
242
242
242
242
242
242
242
242
242
242
242
242
242
242
242
242
242
242
242
242
242
242
242
242
242
242
242
242
242
242
242
242
242
242
242
242
242
242
242
242
242
242
242
242
242
44
44
44
242
242
242
242
242
242
242
