241
241
241
241
241
241
241
241
241
241
241
241
241
241
241
241
241
241
241
241
241
241
241
241
241
241
241
241
241
241
241
241
241
241
241
241
241
241
241
241
85
241
241
241
241
241
241
241
241
241
241
241
241
241
241
241
241
241
241
241
241
241
241
241
241
241
241
241
241
241
241
241
241
241
241
241
241
241
241
241
241
241
241
241
241
241
241
241
241
241
241
241
241
241
241
241
241
241
241
241
241
241
241
241
241
241
241
241
241
241
241
241
241
241
241
241
241
241
241
241
241
241
241
241
241
241
241
241
241
241
241
241
241
241
241
241
241
241
241
241
241
241
241
241
85
85
85
241
241
241
241
241
241
241
241
241
241
241
241
241
241
241
241
241
241
241
241
241
241
241
241
241
241
241
241
241
241
241
241
241
241
241
241
241
241
241
244
236
216
86
89
114
240
246
241
241
241
241
241
241
241
241
241
241
241
241
241
241
241
241
241
241
241
241
241
241
241
241
241
241
241
241
241
241
241
241
241
241
241
241
241
241
241
241
241
241
241
241
241
243
244
246
244
243
241
241
241
241
243
247
244
236
236
236
242
235
239
240
244
241
241
241
241
241
241
241
241
241
241
241
241
241
241
241
241
241
241
241
241
241
241
241
241
241
241
241
241
241
241
241
241
244
236
103
88
96
231
243
243
241
241
241
241
241
241
241
241
241
241
241
241
241
241
241
241
241
241
241
241
241
241
241
241
241
241
241
241
241
241
241
241
241
241
241
241
241
248
247
117
84
65
201
227
248
241
241
241
241
241
241
243
244
246
245
243
242
241
241
241
241
241
241
241
241
241
241
241
241
241
241
241
241
241
241
241
241
241
241
241
241
241
241
241
241
241
241
241
241
243
249
237
242
237
249
244
244
247
249
250
244
237
177
149
205
184
185
182
233
248
242
241
241
241
241
241
241
241
241
241
241
241
241
241
241
241
241
241
241
241
241
241
241
241
241
241
241
241
241
241
241
241
244
237
215
105
220
245
249
243
241
241
241
241
241
241
241
241
241
241
241
241
241
241
241
241
241
241
241
241
241
241
241
241
241
241
241
241
241
241
241
241
241
241
241
241
241
248
227
201
65
84
117
247
248
241
241
241
241
241
242
246
238
234
233
241
244
241
241
241
241
241
241
241
241
241
241
241
241
241
241
241
241
241
241
241
241
241
241
241
242
243
244
243
242
241
241
241
243
249
245
220
105
215
238
247
240
234
230
234
212
152
136
138
137
144
134
144
216
245
248
246
244
243
241
241
241
241
241
241
241
241
241
241
241
241
241
241
241
241
241
241
241
243
244
246
244
243
241
241
241
241
243
249
237
242
237
249
243
241
241
241
241
241
241
241
241
241
241
241
241
241
241
241
241
241
241
241
241
241
241
241
241
241
241
241
241
241
241
241
241
241
241
241
241
241
241
248
247
112
90
85
222
237
244
241
241
241
241
242
245
244
223
149
188
244
246
241
241
241
241
241
241
241
241
241
241
241
241
241
241
241
241
241
241
241
241
241
241
242
242
238
242
244
250
247
244
242
244
237
220
80
83
105
243
249
222
168
146
154
150
138
133
137
136
137
134
137
164
245
244
242
237
249
243
241
241
241
241
241
241
241
241
241
241
241
241
241
241
241
241
241
243
249
237
242
237
249
243
241
241
241
241
243
244
246
244
243
241
241
241
241
241
241
241
241
243
244
246
244
243
241
241
241
241
241
241
243
244
246
244
243
241
241
241
241
241
241
241
241
241
241
241
241
241
241
241
244
237
215
105
220
245
249
243
241
241
241
241
244
242
234
150
130
179
241
248
241
241
241
241
241
241
241
241
241
241
241
241
241
241
241
241
241
241
241
241
241
241
243
245
215
186
228
230
235
239
244
246
242
105
83
80
220
240
249
197
132
127
134
135
136
134
136
137
140
138
134
153
226
221
106
215
237
244
241
241
241
241
241
241
241
241
241
241
241
241
241
241
241
241
243
249
245
220
105
215
237
244
241
241
241
241
241
241
241
241
241
241
241
241
241
241
241
241
243
249
237
242
237
249
243
241
241
241
241
243
249
237
242
237
249
243
241
241
241
241
241
241
241
241
241
241
241
241
241
241
243
249
237
242
237
249
243
241
241
241
241
241
246
243
173
131
129
183
243
248
241
241
241
241
241
241
241
241
241
241
241
241
241
241
241
241
241
241
241
241
241
241
243
247
212
149
142
148
172
237
246
244
237
215
105
220
244
252
247
199
138
133
140
133
136
142
154
161
141
134
136
140
155
85
86
105
242
246
241
241
241
241
241
241
241
241
241
241
241
241
241
241
241
241
244
237
220
80
83
105
242
246
241
241
241
241
241
241
241
241
241
241
241
241
241
241
241
243
249
245
220
105
215
237
244
241
241
241
243
249
245
220
105
215
237
244
241
241
241
241
241
241
241
241
241
241
241
241
241
241
241
243
244
246
244
243
241
241
241
241
241
241
249
238
170
126
131
185
244
248
241
241
241
241
241
241
241
241
241
241
241
241
241
241
241
241
241
241
241
241
241
241
243
248
212
139
125
126
154
231
248
243
249
237
242
237
248
247
247
200
140
132
137
140
144
203
239
220
155
144
139
134
84
80
84
220
237
244
241
241
241
241
241
241
241
241
241
241
241
241
241
241
241
241
246
242
105
83
80
220
237
246
244
246
244
243
241
241
241
241
241
241
241
241
241
241
241
244
237
220
80
83
105
242
246
241
241
243
249
245
228
85
85
105
242
246
241
241
241
241
241
241
241
241
241
241
241
241
241
241
241
241
241
241
241
241
241
241
241
241
241
241
250
239
174
127
130
183
242
248
241
241
241
241
241
241
241
241
241
241
241
241
241
241
241
241
241
241
241
241
241
241
243
248
214
144
131
134
161
236
250
242
243
244
246
244
243
245
247
200
138
130
140
170
236
243
250
247
238
183
135
132
145
104
226
245
249
243
241
241
241
241
241
241
241
241
241
241
241
241
241
241
241
241
244
237
215
105
220
245
250
250
237
242
237
249
243
241
241
241
241
241
241
241
241
241
241
246
242
105
83
80
220
237
244
241
241
244
237
220
85
76
85
220
237
244
241
241
241
241
241
241
241
241
241
241
241
241
241
241
242
243
244
243
242
241
241
241
241
241
241
241
249
240
173
129
139
191
247
245
241
241
241
241
241
241
241
241
241
241
241
241
241
241
241
241
241
241
241
241
241
241
243
248
214
143
132
134
155
229
245
244
241
241
241
241
241
246
249
202
136
132
168
238
246
248
244
250
248
191
135
132
159
236
243
249
243
241
241
241
241
241
241
241
241
241
241
241
241
241
241
241
241
241
243
249
237
242
237
250
250
245
220
105
215
237
244
241
241
241
241
241
241
241
241
244
246
248
239
215
105
220
245
249
243
241
241
246
242
105
85
85
229
246
249
243
241
241
241
241
241
241
241
241
241
241
241
241
242
244
247
240
240
237
245
241
241
241
241
241
241
241
250
239
170
126
162
234
246
243
241
241
241
241
241
241
241
241
241
241
241
241
241
241
241
241
241
241
241
241
241
241
243
249
214
146
132
135
138
175
244
246
241
241
241
241
241
246
241
194
134
146
229
246
245
242
241
245
249
198
142
131
170
242
251
243
241
241
241
241
241
241
241
241
241
241
241
241
241
241
241
241
241
241
241
243
244
246
244
246
237
220
80
83
105
242
246
241
241
241
241
241
241
241
241
236
242
239
252
239
242
237
249
243
241
241
241
244
237
215
105
222
244
251
246
246
243
241
241
241
241
241
241
241
241
241
241
242
245
242
239
213
177
237
247
241
241
241
241
241
241
241
250
239
170
129
169
240
250
241
241
241
241
241
241
241
241
241
241
241
241
241
241
241
241
241
241
241
241
241
241
241
243
248
216
148
132
136
132
170
237
249
241
241
241
241
243
248
219
143
134
207
245
247
242
241
241
245
243
231
163
125
166
237
249
241
241
241
241
241
241
241
241
241
241
241
241
241
241
241
241
241
241
241
241
241
241
241
241
246
242
105
83
80
220
237
244
241
241
241
241
241
241
241
241
215
105
215
239
248
246
244
243
241
241
241
241
243
249
237
242
242
242
208
229
239
243
244
241
241
241
241
241
241
241
241
241
244
244
236
170
133
170
233
249
241
241
241
241
241
241
241
251
241
171
127
168
238
248
241
241
241
241
241
241
241
241
241
241
241
241
241
241
241
241
241
241
241
241
241
241
241
243
248
212
144
132
136
135
175
242
251
241
241
241
241
243
248
213
136
136
215
250
245
241
241
241
245
249
194
139
130
167
236
249
241
241
241
241
241
241
241
241
241
241
241
241
241
241
241
241
241
241
241
241
241
241
241
241
244
237
215
105
220
245
249
243
241
241
241
241
241
241
241
241
82
83
105
242
246
241
241
241
241
241
241
241
241
243
244
250
247
226
150
141
200
241
245
241
241
241
241
241
241
241
241
241
245
246
185
132
122
163
237
248
241
241
241
241
241
241
243
246
235
164
127
170
239
248
241
241
241
241
241
241
241
241
241
241
241
241
241
241
241
241
241
241
241
241
241
241
241
243
247
222
155
135
136
133
169
235
246
243
241
241
241
244
249
215
136
133
210
247
243
241
241
241
247
244
191
136
125
167
236
249
241
241
241
241
241
241
241
241
241
241
241
241
241
241
241
241
241
241
241
241
241
241
241
241
243
249
237
242
237
249
243
241
241
241
241
241
241
241
241
85
82
80
220
237
244
241
241
241
241
241
241
241
241
241
246
245
237
156
132
127
142
215
248
243
241
241
241
241
241
241
241
241
247
242
184
130
134
177
243
247
244
247
247
246
243
241
245
247
192
139
128
170
239
248
241
241
241
241
241
241
241
241
241
241
241
241
241
241
242
244
246
249
250
249
248
247
246
244
248
243
195
135
134
136
140
191
247
245
241
241
241
245
247
212
139
140
217
248
243
241
241
241
247
245
197
140
128
167
236
249
241
241
241
241
241
241
241
241
241
241
241
241
241
241
241
241
241
241
241
241
241
241
241
241
241
243
244
246
244
243
241
241
241
241
241
241
241
241
241
241
106
220
245
249
243
241
241
241
241
241
241
242
244
248
248
242
172
133
131
123
135
207
246
243
241
241
241
241
241
241
241
241
249
245
184
129
148
229
247
248
240
233
229
236
242
244
248
243
186
131
129
174
239
248
241
241
243
244
246
244
243
241
241
241
241
241
242
244
248
246
238
230
228
230
238
237
241
240
252
252
207
143
136
134
133
185
243
248
241
241
241
247
238
181
134
191
241
247
241
243
244
245
250
247
194
136
126
165
235
249
241
241
241
241
241
241
241
241
241
241
241
241
241
241
241
241
241
241
241
241
241
241
241
241
241
241
241
241
241
241
241
241
241
241
241
241
241
241
241
241
236
237
249
243
241
241
241
241
241
241
241
244
236
236
237
190
137
134
146
148
150
212
246
243
241
241
241
241
241
241
241
241
246
239
180
126
157
237
252
247
233
155
141
198
245
249
250
245
187
132
139
193
244
246
241
243
249
237
242
237
249
243
241
241
241
242
244
242
239
225
181
146
148
148
171
210
161
202
236
235
195
141
138
135
134
186
244
248
241
241
241
247
229
153
131
195
246
248
243
249
237
241
241
251
193
133
133
171
242
247
241
241
241
241
241
241
241
241
241
241
241
241
241
241
241
241
241
241
241
241
241
241
241
241
241
241
241
241
241
241
241
241
241
241
241
241
241
241
241
241
244
244
243
241
241
241
241
241
241
241
241
248
229
156
179
187
139
147
230
231
207
224
244
242
241
241
242
244
247
249
249
249
250
206
145
127
158
233
245
232
161
132
128
149
211
241
249
248
186
129
150
232
251
245
244
249
245
220
105
215
237
244
241
241
241
244
244
237
172
148
138
132
130
130
140
138
142
141
155
152
146
142
139
134
136
188
244
248
241
241
241
249
226
147
130
175
235
249
248
245
220
105
221
242
194
131
143
227
244
243
241
241
241
241
241
241
241
241
241
241
241
241
241
241
241
241
241
241
241
241
241
241
241
241
241
241
241
241
241
241
241
241
241
241
241
241
241
241
241
241
241
241
241
241
241
241
241
241
241
241
241
248
221
146
162
176
142
216
251
249
244
241
242
242
241
242
246
241
236
228
229
242
248
207
140
123
159
233
207
141
138
137
135
139
145
177
242
247
191
130
160
229
251
237
251
239
220
80
83
105
242
246
241
241
243
247
246
187
138
131
137
138
138
137
131
129
130
131
132
133
133
137
140
135
136
187
244
248
241
241
242
250
229
148
129
194
243
249
237
220
80
83
110
243
193
130
152
232
251
242
241
241
241
241
241
241
241
241
241
241
241
241
241
241
241
241
241
241
241
241
241
241
241
241
241
241
241
241
241
241
241
241
241
241
241
241
241
241
241
241
241
241
241
241
241
241
241
241
241
241
241
248
233
158
140
133
152
223
251
244
242
242
242
242
243
248
244
227
163
150
153
178
234
199
136
131
162
242
204
137
129
137
138
136
135
140
169
234
183
134
154
210
112
215
242
244
105
83
80
220
237
244
241
241
243
241
212
150
134
136
138
135
133
140
146
156
150
144
137
138
140
141
143
137
136
187
244
248
241
241
244
243
222
138
134
198
246
251
241
105
83
83
226
221
168
125
150
228
249
241
241
241
241
241
241
241
241
241
241
241
241
241
241
241
241
241
241
241
241
241
241
241
241
241
241
241
241
241
241
241
241
241
241
241
241
241
241
241
241
241
241
241
241
241
241
241
241
241
241
241
241
244
243
221
146
133
140
220
247
248
243
242
241
243
243
242
227
148
137
130
129
138
153
162
136
139
221
245
244
182
141
136
135
137
138
136
144
149
151
136
143
79
89
105
244
242
215
105
220
245
249
243
241
244
250
219
150
138
135
134
141
150
155
168
226
235
233
168
134
130
134
138
137
134
136
192
247
249
241
241
248
240
159
130
134
198
246
249
236
215
105
224
250
219
144
133
159
236
248
241
241
241
241
241
241
241
241
241
241
241
241
241
241
241
241
241
241
241
241
241
241
241
241
241
241
241
241
241
241
241
241
241
241
241
241
241
241
241
241
241
241
241
241
241
241
241
241
241
241
241
241
243
248
239
198
130
139
152
226
236
240
243
243
246
242
202
147
133
127
128
137
137
143
136
132
146
224
251
245
239
201
157
145
137
134
137
137
137
138
139
88
85
91
224
240
251
237
242
237
249
243
241
241
245
241
207
135
132
134
138
164
224
234
238
244
251
250
236
160
150
154
149
133
88
123
182
240
246
241
241
249
231
158
124
140
201
246
246
249
237
242
241
248
203
131
137
216
244
244
241
241
241
241
241
241
241
241
241
241
241
241
241
241
241
241
241
241
241
241
241
241
241
241
241
241
241
241
241
241
241
241
241
241
241
241
241
241
241
241
241
241
241
241
241
241
241
241
241
241
241
241
242
249
225
153
136
131
136
146
193
247
244
243
240
208
147
139
144
154
152
159
205
151
132
136
152
228
248
244
245
241
238
209
151
137
133
134
138
140
138
132
94
216
243
251
246
244
246
244
243
241
241
241
248
230
153
136
135
140
158
238
247
250
247
244
243
245
240
234
233
225
166
78
82
87
143
207
248
244
241
250
234
159
128
153
214
248
243
243
244
247
250
225
146
128
147
222
250
243
241
241
241
241
241
241
241
241
241
241
241
241
241
241
241
241
241
241
241
241
241
241
241
241
241
241
241
241
241
241
241
241
241
241
241
241
241
241
241
241
241
241
241
241
241
241
241
241
241
241
241
241
244
250
219
143
133
138
132
154
228
243
246
249
219
147
128
143
217
234
228
243
223
155
126
137
208
246
248
243
243
245
248
243
236
181
152
145
142
137
142
136
144
154
222
244
246
243
241
241
241
241
241
243
250
224
150
131
135
147
225
247
246
242
241
241
241
242
244
247
252
249
114
86
79
124
135
201
247
245
241
251
236
159
128
178
240
247
241
241
241
244
249
218
144
121
145
218
248
242
241
241
241
241
241
241
241
241
241
241
241
241
241
241
241
241
241
241
241
241
241
241
241
241
241
241
241
241
241
241
241
241
241
241
241
241
241
241
241
241
241
241
241
241
241
241
241
241
241
241
241
241
245
243
212
137
144
205
158
167
235
250
246
241
202
128
128
156
237
252
250
252
230
150
129
154
214
250
239
249
243
241
243
247
244
240
237
211
144
136
141
140
138
138
145
218
245
249
243
242
241
241
241
244
243
222
147
134
134
157
228
251
242
241
241
241
241
241
241
241
246
240
219
95
125
133
142
202
247
245
244
245
231
152
130
182
244
249
241
241
241
244
244
216
138
129
150
225
248
242
241
241
241
241
241
241
241
241
241
241
241
241
241
241
241
241
241
241
241
241
241
241
241
241
241
241
241
241
241
241
241
241
241
241
241
241
241
241
241
241
241
241
241
241
241
241
241
241
241
241
241
242
250
237
153
133
190
242
227
179
235
248
250
229
154
140
147
219
240
245
242
251
229
150
134
193
218
108
215
237
244
241
241
242
243
248
251
226
159
132
137
139
137
135
137
148
222
242
246
250
244
243
241
246
237
161
136
135
132
153
225
249
241
241
241
241
241
241
241
241
243
251
243
175
138
132
139
203
247
245
246
245
180
133
128
179
241
248
241
241
242
249
238
159
136
138
208
242
244
241
241
241
241
241
241
241
241
241
241
241
241
241
241
241
241
243
244
246
244
243
241
241
241
241
241
241
241
241
241
241
241
241
241
241
241
241
241
241
241
241
241
241
241
241
241
241
241
241
241
241
241
244
243
224
139
131
194
251
245
239
238
249
246
217
137
171
236
243
244
243
244
244
224
141
131
177
86
88
105
242
246
241
241
241
241
243
249
218
143
137
144
145
138
139
136
139
141
186
231
242
238
249
243
246
237
160
137
135
133
151
225
249
241
241
241
241
241
241
241
241
241
244
246
230
153
129
138
202
246
245
248
238
170
126
136
185
245
246
241
242
244
246
226
143
125
185
240
248
243
241
241
241
241
241
241
241
241
241
241
241
241
241
241
241
243
249
237
242
237
249
243
241
241
241
241
241
241
241
241
241
241
241
241
241
241
241
241
241
241
241
241
241
241
241
241
241
241
241
241
241
241
247
240
162
129
131
190
245
249
243
244
244
234
149
132
184
247
250
242
241
247
239
164
137
143
93
88
81
220
237
244
241
241
241
241
244
249
217
140
135
202
160
139
132
138
138
137
142
171
111
220
242
247
245
244
221
143
134
132
151
224
249
241
241
241
241
241
241
241
241
241
242
251
234
161
127
140
203
249
246
251
242
173
128
160
233
246
243
241
245
246
239
165
136
139
198
249
246
241
241
241
241
241
241
241
241
241
241
241
241
241
241
241
243
249
245
220
105
215
237
244
241
241
241
241
241
241
241
241
241
241
241
241
241
241
241
241
241
241
241
241
241
241
241
241
241
241
241
241
241
241
249
234
159
126
137
195
251
249
244
249
244
171
131
133
186
248
245
241
241
250
235
158
127
173
213
113
221
245
249
243
241
241
241
241
244
245
214
135
140
213
234
152
142
140
139
136
132
77
83
97
234
243
246
250
226
152
130
138
163
234
249
241
241
241
241
241
241
241
241
241
241
249
232
161
127
134
198
241
248
246
235
166
127
172
243
251
244
246
248
244
179
134
126
167
235
246
243
241
241
241
241
241
241
241
241
241
241
241
241
241
241
241
244
237
220
80
83
105
242
246
241
241
241
241
241
241
241
241
241
241
241
241
241
241
241
241
241
241
241
241
241
241
241
241
241
241
241
241
241
241
251
238
164
126
172
244
242
243
240
252
237
161
124
160
234
245
244
241
244
246
231
151
129
188
238
248
237
249
243
241
241
241
241
241
248
235
170
129
140
214
248
240
186
132
132
136
89
82
76
124
157
240
247
248
225
149
129
137
208
240
246
241
241
241
241
241
241
243
244
246
244
251
230
157
131
137
151
222
251
249
189
137
129
165
233
246
246
244
243
192
139
130
137
181
246
247
241
241
241
241
241
241
241
241
241
241
241
241
241
241
241
241
246
242
105
83
80
220
237
244
241
241
241
241
241
241
241
241
241
241
241
241
241
241
241
241
241
241
241
241
241
241
241
241
241
241
241
241
241
244
246
232
154
127
183
245
228
106
215
237
188
135
137
177
246
248
242
241
246
244
183
136
136
186
249
250
244
243
241
241
241
241
241
241
248
227
149
124
140
211
251
250
216
163
145
143
128
91
128
136
163
239
247
248
226
150
129
139
171
235
249
241
241
241
241
241
243
249
237
242
237
252
233
159
130
131
142
216
251
245
188
133
130
144
184
194
212
226
167
140
134
136
162
236
242
244
241
241
241
241
241
241
241
241
241
241
241
241
241
241
241
241
244
237
215
105
220
245
249
243
241
241
241
241
241
241
241
241
241
241
241
241
241
241
241
241
241
241
241
241
241
241
241
241
241
241
241
241
241
246
246
181
135
138
176
224
85
86
107
200
143
126
149
228
245
243
241
241
250
241
174
126
157
234
246
244
241
241
241
241
241
241
241
241
248
228
158
124
142
210
249
244
237
236
220
152
131
136
128
146
223
243
245
248
224
150
130
132
152
228
250
242
241
241
241
243
249
245
220
105
215
246
237
160
126
84
136
214
252
247
189
136
133
141
140
145
147
145
140
132
129
143
225
246
245
242
241
241
241
241
241
241
243
244
246
244
243
241
241
241
241
241
243
249
237
242
237
249
243
241
241
241
241
241
241
241
241
241
241
241
241
241
241
241
241
241
241
241
241
241
241
241
241
241
241
241
241
241
241
248
241
176
126
157
232
108
86
84
224
189
136
133
167
242
249
242
241
242
247
238
169
126
164
237
250
241
241
241
241
241
241
241
241
241
249
228
156
125
142
209
248
246
244
251
241
167
135
137
141
163
236
249
242
249
225
150
132
134
143
220
243
245
241
241
241
244
237
220
80
83
105
251
234
150
75
77
99
216
252
247
189
137
134
140
138
135
134
134
134
137
140
175
237
247
242
241
241
241
241
241
241
243
249
237
242
237
249
243
241
241
241
241
241
243
244
246
244
243
241
241
241
241
241
241
241
241
241
241
241
241
241
241
241
241
241
241
243
243
241
241
241
241
241
241
241
241
241
241
241
248
241
176
126
163
233
224
105
224
249
205
134
130
218
238
247
241
242
248
251
208
144
130
166
241
247
241
241
241
241
241
241
241
241
241
249
227
151
126
147
214
248
244
241
244
243
225
155
140
195
240
239
244
242
247
222
148
130
136
137
161
240
248
242
241
241
246
242
105
83
80
220
247
233
103
76
77
140
217
253
251
191
137
133
136
136
136
136
134
134
141
200
240
240
244
241
241
241
241
241
241
243
249
245
220
105
215
237
244
241
241
241
241
241
241
241
241
241
241
241
241
241
241
241
241
241
241
241
241
241
241
241
241
241
241
241
243
249
243
241
241
241
241
241
241
243
244
246
244
242
246
245
179
128
155
240
245
241
241
252
200
135
133
162
243
251
248
250
245
240
179
136
147
232
242
243
241
241
241
241
241
241
241
241
242
251
230
153
123
159
219
245
243
241
242
248
247
211
197
242
249
244
242
241
247
230
150
138
136
132
155
230
246
246
241
241
244
237
215
105
220
245
252
231
144
84
127
141
216
248
244
184
133
141
135
142
134
146
136
141
184
246
248
244
242
241
241
241
241
241
241
244
237
220
80
83
105
242
246
241
241
241
241
241
241
241
241
241
241
241
241
241
241
241
241
241
241
241
241
241
241
241
241
241
241
243
249
245
231
85
241
241
241
241
243
249
237
243
242
252
251
247
235
161
160
239
250
245
250
249
200
138
127
150
226
242
237
234
217
153
136
141
214
246
246
242
241
241
241
241
241
241
241
241
244
245
224
144
132
146
216
248
243
241
243
250
238
239
236
249
246
241
241
241
245
241
219
153
136
134
138
172
242
246
245
241
243
249
237
242
237
249
250
234
159
133
134
140
160
241
213
143
131
153
201
155
192
178
201
174
237
246
245
241
241
241
241
241
241
241
241
246
242
105
83
80
220
237
244
241
241
241
241
241
241
241
241
241
241
241
241
241
241
241
241
241
241
241
241
241
243
246
251
251
251
249
239
220
96
85
241
241
241
243
249
245
220
108
203
215
225
243
252
246
246
251
252
251
253
253
209
146
136
150
157
201
189
155
147
143
134
156
233
253
248
243
241
241
241
241
241
241
241
241
247
240
165
134
131
189
238
246
242
243
249
245
222
107
217
238
244
241
241
241
242
246
246
202
140
133
134
137
188
243
247
243
241
243
244
246
244
243
247
240
176
142
138
131
154
230
209
136
122
156
223
245
232
243
236
242
239
246
241
241
241
241
241
241
241
241
241
244
237
215
105
220
245
250
248
251
251
252
252
252
252
252
252
252
252
252
252
252
252
252
252
252
252
252
252
252
252
240
224
205
220
236
244
105
88
85
241
241
241
244
237
220
80
88
99
125
117
216
214
214
214
213
211
210
213
216
178
125
123
126
126
129
126
122
118
120
115
148
199
229
240
252
252
252
252
252
252
252
252
252
253
244
165
131
143
206
252
253
251
253
249
231
89
93
117
252
253
252
252
252
252
252
253
252
194
147
141
140
143
210
251
253
252
252
252
252
252
252
252
252
228
151
138
138
164
242
221
144
138
166
251
255
253
253
253
253
252
252
252
252
252
252
252
252
252
252
252
252
254
250
252
250
254
253
240
224
208
210
210
210
210
210
210
210
210
210
210
210
210
210
210
210
210
210
210
210
212
215
117
115
127
239
242
215
103
241
241
241
241
246
242
105
83
83
209
218
215
117
120
121
121
121
121
121
123
121
107
93
84
88
86
87
86
94
94
104
104
118
118
118
215
212
210
210
210
210
210
210
210
210
216
209
144
117
122
173
216
214
210
215
206
86
62
62
186
205
213
210
210
210
210
210
212
214
206
142
120
123
126
134
203
222
215
212
211
210
210
210
212
216
195
123
119
121
136
211
191
123
121
192
210
213
210
210
210
210
210
210
210
210
210
210
210
210
210
210
210
210
212
213
215
213
212
212
215
117
120
121
121
121
121
121
121
121
121
121
121
121
121
121
121
121
121
121
121
121
120
117
215
208
220
233
251
237
236
241
241
241
241
244
237
215
105
222
249
253
240
225
212
215
213
212
210
210
211
215
183
135
137
141
140
141
138
147
195
172
217
216
214
216
117
120
121
121
121
121
121
121
121
121
126
116
106
90
97
110
122
124
121
124
112
105
92
111
120
128
123
121
121
121
121
121
121
125
122
114
100
93
90
98
102
111
119
124
126
122
121
121
121
123
118
111
100
93
106
110
113
91
103
115
127
123
121
121
121
121
121
121
121
121
121
121
121
121
121
121
121
121
121
121
121
121
121
120
117
215
212
210
210
210
210
210
210
210
210
210
210
210
210
210
210
210
210
210
210
210
208
224
240
252
251
246
244
244
244
241
241
241
241
243
249
237
242
237
249
244
248
253
249
252
250
254
252
252
252
252
249
242
235
236
234
234
233
241
241
250
250
252
252
240
224
208
210
210
210
210
210
210
210
210
216
211
146
119
123
174
216
213
210
212
215
219
220
219
215
212
210
210
210
210
210
210
210
211
214
215
175
134
126
123
122
118
149
204
212
218
217
214
212
213
219
223
178
122
137
185
134
116
130
196
216
210
210
210
210
210
210
210
210
210
210
210
210
210
210
210
210
210
210
210
210
210
210
208
224
240
252
252
252
252
252
252
252
252
252
252
252
252
252
252
252
252
252
252
252
252
251
251
246
243
241
241
241
241
241
241
241
241
241
241
243
244
246
244
243
243
249
245
220
105
215
237
244
241
243
251
241
248
246
253
251
250
249
248
246
244
243
242
243
246
251
251
252
252
252
252
252
252
252
252
253
241
166
132
145
205
252
253
252
252
252
252
252
252
252
252
252
252
252
252
252
252
252
252
252
251
250
211
145
139
139
143
151
166
227
248
246
250
253
253
254
251
203
137
164
215
161
133
159
233
253
252
252
252
252
252
252
252
252
252
252
252
252
252
252
252
252
252
252
252
252
252
252
251
251
246
243
241
241
241
241
241
241
241
241
241
241
241
241
241
241
241
241
241
241
241
241
241
243
244
246
244
243
241
241
241
241
241
241
241
241
241
241
241
241
244
237
220
80
83
105
242
246
243
249
245
220
105
215
237
244
241
241
241
241
241
241
241
241
241
241
243
244
246
244
243
241
241
241
243
251
198
147
125
142
203
248
244
241
241
241
241
241
241
241
241
241
241
241
241
241
241
241
241
242
244
247
243
198
142
137
130
129
136
152
154
149
185
235
228
193
204
146
134
153
202
144
132
179
235
248
241
241
241
241
241
241
241
241
241
241
241
241
241
241
241
241
241
241
241
241
241
241
241
241
241
241
241
241
241
241
241
241
241
241
241
241
241
241
241
241
241
241
241
241
241
241
243
249
237
242
237
249
243
241
241
241
241
241
241
241
241
241
241
241
246
242
105
83
80
220
237
244
244
237
220
80
83
105
242
246
241
241
241
241
241
241
241
241
241
243
249
237
242
237
249
243
241
241
244
241
222
151
134
183
240
244
243
241
241
241
241
241
241
241
241
241
241
241
241
241
241
241
241
241
241
245
244
241
230
166
147
143
137
131
132
133
141
150
156
148
138
142
135
144
138
139
138
206
246
246
241
241
241
241
241
241
241
241
241
241
241
241
241
241
241
241
241
241
241
241
241
241
241
241
241
241
241
241
241
241
241
241
241
241
241
241
241
241
241
241
241
241
241
241
241
243
249
245
220
105
215
237
244
241
241
241
244
246
244
243
241
241
241
241
244
237
215
105
220
245
249
243
246
242
105
83
80
220
237
244
241
241
241
241
241
241
241
241
243
249
245
220
105
215
237
244
241
241
243
247
199
164
222
239
242
245
241
241
241
241
241
241
241
241
241
241
241
241
241
241
241
241
241
241
241
241
243
247
243
238
233
203
146
137
131
129
127
126
125
125
127
130
131
133
133
129
142
209
249
245
241
241
241
241
241
241
241
241
241
241
241
241
241
241
241
241
241
241
241
241
241
241
241
241
241
241
241
241
241
241
241
241
241
241
241
241
241
241
241
241
241
241
241
241
241
244
237
220
80
83
105
242
246
241
241
241
236
242
237
249
243
241
241
241
243
249
237
242
237
249
243
241
244
237
215
105
220
245
249
243
241
241
241
241
241
241
241
241
244
237
220
80
83
105
242
246
241
241
242
240
232
235
240
248
243
242
241
241
241
241
241
241
241
241
241
241
241
241
241
241
241
241
241
241
241
241
241
242
244
247
248
243
236
173
148
150
152
152
152
152
152
153
155
149
143
129
139
205
247
245
241
241
241
241
241
241
241
241
241
241
241
241
241
241
241
241
241
241
241
241
241
241
241
241
241
241
241
241
241
241
241
241
241
241
241
241
241
241
241
241
241
241
241
241
241
246
242
105
83
80
220
237
244
241
241
241
215
105
215
237
244
241
241
241
241
243
244
246
244
243
241
241
243
249
237
242
237
249
243
241
241
241
241
241
241
241
241
241
246
242
105
83
80
220
237
244
241
241
242
243
244
245
244
242
241
241
241
241
241
241
241
241
241
241
241
241
241
241
241
241
241
241
241
241
241
241
241
241
241
241
243
247
244
238
229
230
230
230
230
230
230
230
234
218
143
124
141
211
248
243
241
241
241
241
241
241
241
241
241
241
241
241
241
241
241
241
241
241
241
241
241
241
241
241
241
241
241
241
241
241
241
241
241
241
241
241
241
241
241
241
241
241
241
241
241
244
237
215
105
220
245
249
243
241
241
241
82
83
105
242
246
241
241
241
241
241
241
241
241
241
241
241
241
243
244
246
244
243
241
241
241
241
241
241
241
241
241
241
244
237
215
105
220
245
249
243
241
241
241
241
241
241
241
241
241
241
241
241
241
241
241
241
241
241
241
241
241
241
241
241
241
241
241
241
241
241
241
241
241
241
241
242
244
247
249
250
250
250
250
250
250
250
252
238
162
142
195
240
244
241
241
241
241
241
241
241
241
241
241
241
241
241
241
241
241
241
241
241
241
241
241
241
241
241
241
241
241
241
241
241
241
241
241
241
241
241
241
241
241
241
241
241
241
241
241
243
249
237
242
237
249
243
241
241
241
85
85
82
215
236
244
241
241
241
241
241
241
241
241
241
241
241
241
241
241
241
241
241
241
241
241
241
241
241
241
241
241
241
243
249
237
242
237
249
243
241
241
241
241
241
241
241
241
241
241
241
241
241
241
241
241
241
241
241
241
241
241
241
241
241
241
241
241
241
241
241
241
241
241
241
241
241
241
241
241
241
241
241
241
241
241
241
244
238
233
228
237
244
245
241
241
241
241
241
241
241
241
241
241
241
241
241
241
241
241
241
241
241
241
241
241
241
241
241
241
241
241
241
241
241
241
241
241
241
241
241
241
241
241
241
241
241
241
241
241
241
243
244
246
244
243
241
241
241
241
241
85
241
241
241
241
241
241
241
241
241
241
241
241
241
241
241
241
241
241
241
241
241
241
241
241
241
241
241
241
241
241
241
241
241
241
241
241
241
241
241
241
241
241
241
241
241
241
241
241
241
241
241
241
241
241
241
241
241
241
241
241
241
241
241
241
241
241
241
241
241
241
241
241
241
241
241
241
241
241
241
241
241
241
241
241
241
241
241
241
241
241
241
241
241
241
241
241
241
241
241
241
241
241
241
241
241
241
241
241
241
241
241
241
241
241
241
241
241
241
241
241
241
241
241
241
241
241
241
241
241
241
241
241
241
241
241
241
241
241
241
241
241
241
241
241
241
241
241
241
