242
242
242
242
242
242
242
242
242
242
242
242
71
71
71
242
242
242
242
242
242
242
242
242
242
242
242
242
242
242
242
242
242
242
242
242
242
242
242
242
242
242
242
242
242
242
242
242
242
242
242
242
242
242
242
242
242
242
242
242
242
242
242
242
242
242
242
242
242
242
242
242
154
149
150
151
144
242
242
242
242
242
242
242
242
242
242
242
242
242
242
242
242
242
242
242
242
242
242
242
242
242
242
242
242
242
242
242
242
242
242
242
242
242
242
242
242
242
242
242
242
242
242
242
242
242
242
242
242
242
242
242
242
242
242
242
242
242
242
242
242
242
242
242
242
242
242
242
242
242
242
242
242
242
242
242
242
242
242
242
244
243
223
111
223
243
244
242
242
242
242
242
242
242
242
242
242
242
242
242
242
242
242
242
242
242
242
242
242
242
242
242
242
242
242
242
242
242
242
242
242
242
242
242
242
242
242
242
242
242
242
242
242
242
242
242
242
242
242
242
244
240
187
153
147
146
169
227
247
237
250
244
242
242
242
242
247
231
168
219
238
240
247
243
242
242
242
242
242
242
242
242
242
242
242
242
242
242
242
242
242
242
242
242
242
242
242
242
242
242
242
242
242
242
242
242
242
242
242
242
242
242
242
242
242
242
242
242
242
242
242
242
242
242
242
242
242
242
242
242
242
242
242
242
242
242
242
242
242
242
244
250
237
241
237
250
244
242
242
242
242
242
242
242
242
242
242
242
242
242
242
242
242
242
242
242
242
242
242
242
242
242
242
242
242
242
242
242
242
242
242
242
242
242
242
242
242
242
242
242
242
242
242
242
242
242
242
242
242
242
244
247
229
156
145
148
163
207
100
212
237
246
242
242
242
242
249
226
162
143
163
232
242
245
242
242
242
242
242
242
242
242
242
242
242
242
242
242
242
242
242
242
242
242
242
242
242
242
242
242
242
242
242
242
242
242
242
242
242
242
242
242
242
242
242
242
242
242
242
242
242
242
242
242
242
242
242
242
242
242
242
242
242
242
242
242
242
242
242
242
242
244
246
247
246
244
242
242
242
242
242
242
242
242
242
242
242
242
242
242
242
242
242
242
242
242
242
242
242
242
242
242
242
242
242
242
242
242
242
242
242
242
242
242
242
242
242
242
242
242
242
242
242
242
242
242
242
242
242
242
243
251
232
159
144
145
145
64
77
93
241
247
242
242
242
243
251
234
159
136
145
162
237
247
242
242
242
242
242
242
242
242
242
242
242
242
242
242
242
242
242
242
242
242
242
242
242
242
242
242
242
242
242
242
242
242
242
242
242
242
242
242
242
242
242
242
242
242
242
242
242
242
242
242
242
242
242
242
242
242
242
242
242
242
242
242
242
242
242
242
242
242
242
242
242
242
242
242
242
242
242
242
242
242
242
242
242
242
242
242
242
242
242
242
242
242
242
242
242
242
242
242
242
242
242
242
242
242
242
242
242
242
242
242
242
242
242
242
242
242
242
242
242
242
242
242
244
246
247
246
244
247
238
169
151
147
77
68
74
219
237
246
242
242
242
245
245
228
155
143
141
157
230
249
242
242
242
242
242
242
242
242
242
242
242
242
242
242
242
242
242
242
242
242
242
242
242
242
242
242
242
242
242
242
242
242
242
242
242
242
242
242
242
242
242
242
242
242
242
242
242
242
242
242
242
242
242
242
242
242
242
242
242
242
242
242
242
242
242
242
242
242
242
242
242
242
242
242
242
242
242
242
242
242
242
242
242
242
242
242
242
242
242
242
242
242
242
242
242
242
242
242
242
242
242
242
242
242
242
242
242
242
242
242
242
242
242
242
242
242
242
243
244
247
249
250
251
239
243
239
251
251
249
229
154
140
133
89
222
249
250
244
242
242
242
247
235
166
148
146
142
163
231
250
242
242
242
242
242
242
242
242
242
242
242
242
242
242
242
242
242
242
242
242
242
242
242
242
242
242
242
242
242
242
242
242
242
242
242
242
242
242
242
242
242
242
242
242
242
242
242
242
242
242
242
242
242
242
242
242
242
242
242
242
242
242
242
242
242
242
242
242
242
242
242
242
242
242
242
242
242
242
242
242
242
242
242
242
242
242
242
242
242
242
242
242
242
242
242
242
242
242
242
242
242
242
242
242
242
242
242
242
242
242
242
242
242
242
242
242
243
246
241
237
231
234
235
215
100
212
232
231
244
239
170
154
142
157
227
248
246
242
242
242
242
248
237
155
148
146
141
162
231
249
242
242
242
242
242
242
242
242
242
243
245
247
249
249
247
244
243
242
242
242
242
242
242
242
242
242
242
242
242
242
242
242
242
242
242
242
242
242
242
242
242
242
242
242
242
242
242
242
242
242
242
242
242
242
242
242
242
242
242
242
242
242
242
242
242
242
242
242
242
242
242
242
242
242
242
242
242
242
242
242
242
242
242
242
242
242
242
242
242
242
242
242
242
242
242
242
242
242
242
242
242
242
242
242
242
242
242
242
242
242
242
242
242
242
243
245
249
246
235
166
160
158
153
74
76
83
162
158
164
235
231
160
147
151
164
238
248
242
242
242
242
248
237
224
147
144
147
172
239
247
242
242
242
242
242
242
242
243
245
249
242
238
230
231
237
242
247
243
242
242
242
242
242
242
242
242
242
242
242
242
242
242
242
242
242
242
242
242
242
242
242
242
242
242
242
242
242
242
242
242
242
242
242
242
242
242
242
242
242
242
242
242
242
242
242
242
242
242
242
242
242
242
242
242
242
242
242
242
242
242
242
242
242
242
242
242
242
242
242
242
242
242
243
245
247
248
248
245
243
242
242
242
242
242
242
242
242
242
242
242
242
242
242
243
246
241
238
227
159
147
146
139
74
62
68
133
141
140
146
165
221
159
140
142
160
232
250
243
242
242
242
249
238
163
150
143
155
228
245
244
242
242
242
242
242
242
243
247
242
239
226
166
162
160
167
233
244
247
243
242
242
242
242
242
242
242
242
242
242
242
242
242
242
242
242
242
242
242
242
242
242
242
242
242
242
242
242
242
242
242
242
242
242
242
242
242
242
246
246
244
242
242
242
242
242
242
242
242
242
242
242
242
242
242
242
242
242
242
242
242
242
242
242
242
242
242
242
242
242
242
242
243
247
242
236
225
231
236
244
242
242
242
242
242
242
242
242
242
242
242
242
242
243
247
245
233
161
151
152
149
151
136
64
63
130
148
151
149
146
155
150
127
147
148
156
229
244
245
242
242
242
250
228
150
138
144
164
234
251
243
242
242
243
245
247
249
251
247
234
164
152
149
141
141
145
156
233
241
245
242
242
242
242
242
242
242
242
242
242
242
242
242
242
242
242
242
242
242
242
242
242
242
242
242
242
242
242
242
242
242
242
242
242
242
242
242
242
234
237
250
244
242
242
242
242
242
242
242
242
242
242
242
242
242
242
242
242
242
242
242
242
242
242
242
242
242
242
242
242
242
243
247
244
233
158
156
165
240
245
242
242
242
242
242
242
242
242
242
242
242
242
242
245
240
233
156
147
142
148
144
137
66
69
86
162
161
151
145
148
148
146
144
140
143
145
167
237
247
242
242
242
250
231
157
140
142
163
231
250
242
242
242
245
238
236
228
234
230
158
144
139
142
143
146
144
146
164
239
249
243
242
242
242
242
242
242
242
242
242
242
242
242
242
242
242
242
242
242
242
242
242
242
242
242
242
242
242
242
242
242
242
242
242
242
242
242
242
91
212
237
246
242
242
242
242
242
242
242
242
242
243
245
247
247
245
243
242
242
242
242
242
242
242
242
242
242
242
242
242
243
247
243
234
152
144
147
227
238
244
242
242
242
242
242
242
242
242
242
242
242
243
245
250
242
164
147
147
150
150
154
80
75
78
222
237
231
157
150
145
147
152
147
112
107
137
164
233
251
243
242
243
251
232
162
141
142
161
232
250
242
242
243
249
238
170
153
160
150
141
144
153
165
155
150
145
141
150
227
243
245
242
242
242
242
242
242
242
242
242
242
242
242
242
242
242
242
242
242
242
242
242
242
242
242
242
242
242
242
242
242
242
242
242
242
242
242
71
75
93
241
247
242
242
242
242
242
242
242
242
243
247
242
234
234
241
247
243
242
242
242
242
242
242
242
242
242
242
242
242
245
241
233
153
149
154
235
244
246
243
242
242
242
242
242
242
242
242
242
242
242
245
237
239
218
155
142
149
148
146
157
205
101
220
247
252
246
236
176
159
154
149
147
107
113
138
157
228
243
245
242
244
247
229
156
143
144
168
233
250
242
242
244
244
227
151
135
147
151
158
164
228
237
230
163
150
143
149
165
239
248
243
242
242
242
242
242
242
242
242
242
242
242
242
242
242
242
242
242
242
242
242
242
242
242
242
242
242
242
242
242
242
242
242
242
242
242
71
85
219
237
246
242
242
242
242
242
242
242
242
245
240
232
158
160
234
243
248
247
247
246
244
242
242
242
242
242
242
242
242
247
237
160
139
151
229
246
247
243
242
242
242
242
242
242
242
242
242
242
242
242
248
235
161
153
154
146
145
151
155
201
232
246
237
250
245
247
242
243
225
159
145
151
141
114
140
149
161
237
247
242
246
240
190
152
144
143
174
233
248
244
247
251
245
179
150
140
154
222
233
238
244
251
249
230
149
142
141
156
229
246
244
242
242
242
242
242
242
242
242
242
242
242
242
242
242
242
242
242
242
242
242
242
242
242
242
242
242
242
242
242
242
242
242
242
242
242
71
230
245
250
244
242
242
242
242
242
242
242
242
248
236
160
141
144
157
237
251
241
243
237
250
244
242
242
242
242
242
242
242
250
229
157
132
164
234
251
243
242
242
242
242
242
242
242
242
242
242
242
242
243
250
230
162
138
147
147
152
162
231
241
245
249
246
244
242
243
244
251
235
164
142
154
144
112
115
139
158
231
251
243
248
234
166
146
145
149
170
240
248
250
238
241
220
160
142
146
168
242
251
247
245
244
250
241
174
152
143
152
187
241
246
242
242
242
242
242
242
242
242
242
242
242
242
242
242
242
242
242
242
242
242
242
242
242
242
242
242
242
242
242
242
242
242
242
242
242
242
243
250
244
242
242
242
242
242
243
245
247
247
251
233
159
139
142
148
166
234
215
95
212
238
249
247
246
244
242
242
242
242
250
232
161
134
163
231
250
244
244
244
243
242
242
242
242
242
242
242
242
242
245
243
229
158
147
150
146
158
229
247
248
244
243
242
242
242
242
242
249
227
148
137
149
147
110
113
138
157
229
247
244
249
233
168
142
143
155
228
245
251
245
222
95
144
151
143
156
229
243
245
242
242
242
247
238
224
148
143
144
169
233
247
242
242
242
242
242
242
242
242
242
242
242
242
242
242
242
242
242
242
242
242
242
242
242
242
242
242
242
242
242
242
242
242
242
242
242
242
244
244
242
242
242
242
242
242
244
239
233
237
243
233
152
149
150
151
144
143
69
74
94
250
241
241
237
250
244
242
242
242
249
230
159
133
159
232
251
239
240
237
245
242
242
242
242
242
242
242
242
242
248
239
165
146
148
145
154
169
241
249
243
242
242
242
242
242
242
242
248
234
166
152
157
150
142
116
139
154
181
241
248
250
232
162
143
142
165
233
251
237
219
72
64
73
143
152
189
243
248
243
242
242
242
248
240
163
149
145
150
177
243
250
246
244
242
242
242
242
242
242
242
242
242
242
242
242
242
242
242
242
242
242
242
242
242
242
242
242
242
242
242
242
242
242
242
242
242
242
242
242
242
242
242
242
242
242
247
235
167
163
227
166
144
153
221
162
144
67
59
72
227
240
222
93
212
237
246
242
242
242
247
236
164
139
159
237
251
229
173
234
249
243
242
242
242
242
242
242
242
242
250
233
162
128
81
134
149
233
246
245
242
242
242
242
242
242
242
242
245
239
243
229
158
149
140
120
141
148
154
228
243
251
231
160
142
142
161
231
251
241
94
78
66
144
140
161
234
250
247
243
242
242
243
250
231
161
139
142
153
235
239
244
237
250
244
242
242
242
242
242
242
242
242
242
242
242
242
244
246
247
246
244
242
242
242
242
242
242
242
242
242
242
242
242
242
242
242
242
242
242
242
242
242
242
242
242
248
228
152
142
150
152
137
161
230
242
170
144
93
225
240
227
69
71
93
241
247
242
242
244
248
246
237
154
160
226
236
153
152
222
244
244
242
242
242
242
242
242
242
243
251
232
152
62
70
77
170
238
251
251
247
245
243
242
242
242
242
242
243
249
250
233
147
80
130
117
145
149
148
168
241
252
234
163
143
144
161
232
251
237
213
93
202
154
145
159
225
244
245
250
249
248
249
248
231
156
140
147
174
242
225
94
212
237
246
242
242
242
242
242
242
242
242
242
242
242
244
250
237
241
237
250
244
242
242
242
242
242
242
242
242
242
242
242
242
242
242
242
242
242
242
242
242
242
242
242
247
236
162
145
143
144
147
167
242
248
241
228
236
244
250
94
71
67
219
237
246
242
244
250
237
246
242
234
161
170
159
144
151
183
246
244
242
242
242
242
242
242
242
245
246
228
85
65
69
137
155
175
230
232
238
244
251
250
250
250
250
250
250
251
240
155
69
68
76
145
150
150
143
151
229
245
232
157
143
143
171
232
250
250
239
246
173
165
144
153
154
169
228
236
230
240
240
239
167
149
149
165
233
223
75
79
101
247
249
242
242
242
242
242
242
242
242
242
242
244
250
245
219
93
212
237
246
242
242
242
242
242
242
242
242
242
242
242
242
242
242
242
242
242
242
242
242
242
242
242
245
242
236
162
152
142
156
230
247
248
247
250
250
250
238
212
93
219
245
250
244
244
250
245
219
94
222
228
164
137
145
137
152
225
244
244
242
242
242
242
242
242
242
247
239
162
134
78
138
149
153
154
156
160
165
228
233
231
231
232
231
231
231
238
223
86
63
66
146
153
160
147
148
148
165
234
178
150
146
141
160
231
249
244
247
247
227
151
141
148
144
151
151
165
168
164
225
163
149
144
151
227
243
107
74
58
202
231
251
243
242
242
242
242
242
242
242
242
242
246
237
219
67
71
93
241
247
242
242
242
242
242
242
242
242
242
242
242
242
242
242
242
242
242
242
242
242
242
242
242
243
249
241
227
149
143
156
230
246
246
242
242
242
244
250
237
241
237
250
244
242
246
237
219
67
72
102
234
165
140
152
155
183
238
248
243
242
242
242
242
242
242
242
250
230
162
137
148
148
154
150
147
144
142
147
154
162
160
160
160
161
161
160
166
157
142
80
134
164
219
156
142
147
140
162
219
173
141
145
149
160
236
247
242
243
249
238
159
146
147
148
147
144
142
140
152
147
151
147
147
155
164
164
196
62
69
100
239
248
244
242
242
242
242
242
242
242
242
242
247
241
93
71
67
219
237
246
242
242
242
242
242
242
242
242
242
242
242
242
242
242
242
242
242
242
242
242
242
242
242
242
248
240
173
151
142
144
164
239
249
243
242
242
242
244
246
247
246
244
242
242
247
241
93
72
72
223
225
162
141
158
227
243
241
244
242
242
242
242
242
242
242
242
250
231
160
144
151
149
146
143
141
142
141
139
137
137
139
141
142
142
142
143
146
146
146
147
144
171
229
168
145
145
141
168
221
169
142
143
153
228
244
245
242
242
245
241
233
165
148
141
145
147
149
150
149
146
147
149
149
147
148
156
89
81
63
134
178
242
248
243
242
242
242
242
242
242
242
242
246
237
212
93
219
245
250
244
242
242
242
242
242
244
246
247
246
244
242
242
242
242
242
242
242
242
242
242
242
242
242
243
250
234
160
139
151
144
157
222
243
245
242
242
242
242
242
242
242
242
242
242
246
237
212
96
218
237
165
152
144
157
232
248
247
243
242
242
242
242
242
242
242
242
250
231
161
142
150
155
158
163
160
161
161
160
164
157
153
146
148
149
150
154
150
140
82
139
141
164
230
242
159
151
140
170
224
172
142
142
162
234
250
243
242
242
243
247
245
235
166
158
157
151
145
149
149
148
144
144
142
143
145
141
131
78
137
146
157
230
245
247
243
242
242
242
242
242
242
242
244
250
237
241
237
250
244
242
242
242
242
242
244
250
237
241
237
250
244
242
242
242
242
242
242
242
242
242
242
242
243
246
246
229
152
146
173
221
156
158
236
247
242
242
242
242
242
242
242
242
242
242
244
250
237
247
232
171
146
156
149
156
157
241
248
242
242
242
242
242
242
242
242
242
250
231
159
141
147
168
225
235
232
231
232
232
235
224
155
141
143
144
145
143
135
66
70
81
141
163
236
251
230
155
139
162
218
164
145
141
159
230
249
242
242
242
242
243
246
241
236
234
232
166
152
148
146
150
155
164
152
155
156
160
146
141
141
147
151
159
236
244
247
243
242
242
242
242
242
242
242
244
246
247
246
244
242
242
242
242
242
244
250
245
219
93
212
237
246
242
242
242
242
242
242
242
242
242
242
242
244
244
236
162
145
154
235
243
169
156
226
249
242
242
242
242
242
242
242
242
242
242
242
244
246
251
237
153
148
156
212
76
146
228
250
242
242
242
242
242
242
242
242
242
250
231
159
142
145
168
239
252
250
250
250
250
251
242
193
169
164
163
171
169
85
72
61
137
134
154
229
252
232
161
137
154
154
161
146
150
169
240
248
242
242
242
242
242
243
245
247
251
243
226
149
144
150
160
230
237
226
179
229
231
168
162
156
150
141
148
157
234
241
245
242
242
242
242
242
242
242
242
242
242
242
242
242
242
242
242
242
246
237
219
67
71
93
241
247
242
242
242
242
242
242
242
242
242
242
242
246
240
185
148
134
155
234
250
229
168
232
248
242
242
242
242
242
242
242
242
242
242
242
242
244
251
236
144
81
200
84
68
92
235
251
243
242
242
242
242
242
242
242
243
251
233
162
142
141
161
232
250
242
242
242
242
244
241
238
233
233
233
234
232
214
97
169
162
168
166
234
251
238
164
147
145
148
149
147
151
225
239
247
242
242
242
242
242
242
242
243
250
241
165
151
142
153
229
249
251
243
244
245
246
237
233
231
160
150
143
144
162
237
247
242
242
242
242
242
242
242
242
242
242
242
242
242
242
242
242
242
247
241
93
71
67
219
237
246
242
242
242
242
242
242
242
242
242
242
243
250
237
170
146
148
161
237
250
238
239
236
245
242
242
242
242
242
242
242
242
242
242
242
242
246
239
213
65
78
71
83
58
140
224
246
244
242
242
242
242
242
242
242
245
244
228
154
143
140
159
230
249
242
242
242
242
243
244
246
248
249
249
250
251
240
241
229
239
229
235
238
248
244
228
154
145
150
150
148
153
180
243
247
242
242
242
242
242
242
243
247
245
227
152
139
148
172
241
249
244
244
244
244
246
247
250
248
230
153
142
138
157
230
249
242
242
242
242
242
242
242
242
242
242
242
242
242
242
242
242
242
246
237
212
93
219
245
250
244
242
242
242
242
242
242
242
242
242
242
244
246
225
148
131
150
230
243
246
244
245
244
243
242
242
242
242
242
242
242
242
242
242
242
242
247
243
95
74
79
204
104
145
155
168
239
247
242
242
242
242
242
242
242
247
238
165
148
145
151
168
242
250
243
242
242
242
242
242
242
242
242
242
242
244
246
249
249
250
248
248
245
244
251
234
161
143
150
150
147
142
173
230
247
242
242
242
242
242
242
245
242
234
159
152
145
156
229
244
244
242
242
242
242
242
242
243
250
243
173
150
141
164
234
251
243
242
242
242
242
242
242
242
242
242
242
242
242
242
242
242
242
244
250
237
241
237
250
244
242
242
242
242
242
242
242
242
242
242
243
249
245
163
81
74
163
250
253
251
247
244
242
242
242
242
242
242
242
242
242
242
242
242
242
242
246
237
212
93
223
237
248
220
154
156
233
251
243
242
242
242
242
242
242
250
230
160
141
146
152
219
235
241
245
242
242
242
242
242
242
242
242
242
242
242
242
242
242
242
242
242
242
242
249
230
160
139
149
150
147
152
165
245
250
244
242
242
242
242
243
249
238
164
150
143
146
170
241
251
243
242
242
242
242
242
242
242
247
238
224
148
141
154
226
242
244
242
242
242
242
242
242
242
242
242
242
242
242
242
242
242
242
242
244
246
249
250
251
250
247
244
242
242
242
242
242
242
242
242
244
245
235
143
71
63
144
205
211
224
240
252
252
252
251
251
247
244
242
242
242
242
242
242
242
242
244
250
237
241
238
251
252
235
159
146
227
243
245
242
242
242
242
242
242
250
231
160
142
148
156
160
168
235
248
242
242
242
242
242
242
242
242
242
242
242
242
242
242
242
242
242
242
242
247
238
168
149
146
150
146
162
222
242
239
250
244
242
242
242
244
245
229
158
143
137
75
169
231
250
242
242
242
242
242
242
242
242
248
239
164
150
143
154
170
244
244
242
242
242
242
242
242
242
242
242
242
242
242
242
244
247
251
251
252
252
252
240
221
217
230
246
242
242
242
242
242
242
242
242
248
242
176
134
67
125
97
112
111
106
212
209
207
207
205
224
240
252
252
252
252
252
252
252
252
251
251
249
247
247
246
244
248
239
157
146
161
240
249
243
242
242
242
242
242
249
230
158
142
148
147
137
153
230
250
243
242
242
242
242
242
242
242
242
242
242
242
242
242
242
242
242
242
242
244
245
228
155
144
151
149
164
209
102
213
237
246
242
242
242
247
238
182
148
135
64
69
95
240
249
242
242
242
242
242
242
242
243
250
233
160
141
143
154
225
243
244
242
242
244
247
251
251
252
252
252
252
252
252
252
252
240
224
205
207
207
209
212
101
116
234
247
242
242
242
242
242
242
242
242
250
227
144
59
75
89
219
213
210
212
106
109
111
111
109
106
212
209
207
207
207
207
207
207
207
205
224
240
252
252
252
252
252
252
238
156
154
235
252
252
252
252
252
252
251
252
244
168
150
148
149
142
154
224
242
244
242
242
242
242
242
242
242
242
242
242
242
242
242
242
242
242
242
242
243
250
233
161
141
149
143
142
62
76
93
241
247
242
242
242
248
230
160
142
78
73
82
226
240
247
244
247
251
251
252
252
252
252
253
237
165
152
149
170
246
253
252
252
252
252
240
224
205
207
207
207
207
207
207
207
209
212
106
109
111
111
109
106
209
221
230
246
242
242
242
242
242
242
242
242
250
237
93
59
68
220
250
252
252
240
224
205
207
207
209
212
106
109
111
111
111
111
111
111
111
109
106
212
209
207
207
207
208
214
203
136
127
138
209
211
207
207
207
207
205
228
233
235
155
154
157
154
166
181
252
252
252
252
252
252
252
252
252
252
252
252
252
252
252
252
252
252
252
252
252
252
250
179
157
155
164
91
85
84
233
251
252
252
252
252
253
251
178
156
138
89
218
249
252
252
252
240
224
205
207
207
208
213
210
135
136
131
125
137
201
212
207
207
207
209
212
106
109
111
111
111
111
111
111
111
109
106
212
209
207
207
205
224
238
251
247
244
242
242
242
242
242
242
242
242
247
238
217
88
156
239
251
244
244
247
251
251
252
252
252
240
224
205
207
207
207
207
207
207
207
209
212
106
109
111
111
111
111
113
110
99
81
87
99
114
111
111
111
111
109
109
214
145
134
132
136
131
133
203
212
216
212
210
208
207
207
207
207
207
207
207
207
207
207
207
207
207
207
207
207
210
208
199
132
129
139
179
68
187
211
215
209
207
207
207
210
207
200
136
127
139
140
166
212
211
210
212
106
109
113
116
119
114
101
88
83
85
88
99
110
113
111
111
111
109
106
212
209
207
207
207
207
207
207
207
205
224
240
252
252
252
251
251
247
244
242
242
242
242
242
242
242
242
242
242
244
250
238
235
231
243
246
242
242
242
242
242
242
242
244
247
251
251
252
252
252
252
252
252
252
252
240
224
205
207
207
207
207
208
214
201
138
128
208
211
207
207
207
207
209
213
103
94
86
83
89
87
95
100
105
98
104
106
113
111
111
111
111
111
111
111
111
111
111
111
111
111
111
111
111
112
118
106
98
84
99
94
109
108
119
112
111
111
111
111
112
117
106
97
85
88
85
90
103
116
119
114
220
219
210
202
198
195
135
129
131
135
154
212
212
208
207
207
207
205
224
240
252
252
252
252
252
252
252
252
251
251
250
249
246
244
242
242
242
242
242
242
242
242
242
242
242
242
242
242
242
244
247
249
248
246
243
242
242
242
242
242
242
242
242
242
242
242
242
242
242
242
242
242
242
244
247
251
251
252
252
252
252
252
252
245
177
236
251
252
252
252
252
252
252
241
229
209
140
136
131
133
132
128
129
127
134
206
217
210
208
207
207
207
208
210
213
214
214
212
210
208
207
207
207
207
213
204
139
126
127
137
207
215
209
207
207
207
207
207
207
211
208
144
132
128
130
130
143
195
198
213
230
250
243
179
171
165
158
147
144
162
236
251
252
252
252
252
252
251
251
247
244
244
246
247
246
244
242
242
244
250
237
241
237
250
244
242
242
242
242
242
242
242
242
242
242
242
242
242
242
242
242
242
242
242
242
242
242
242
242
242
242
242
242
242
242
242
242
242
242
242
242
242
242
242
242
242
242
242
242
242
242
242
245
236
240
238
247
243
242
242
242
242
244
247
251
250
236
165
150
155
157
156
158
154
178
235
252
252
253
253
253
253
253
252
251
244
244
250
251
252
252
252
252
252
253
247
172
150
147
169
240
252
252
252
252
252
252
252
252
252
251
243
165
156
153
155
163
169
177
171
166
164
153
143
142
150
159
159
157
166
237
249
243
242
242
242
242
242
242
242
244
250
237
241
237
250
244
244
250
245
219
93
212
237
246
242
242
242
242
242
242
242
242
242
242
242
242
242
242
242
242
242
242
242
242
242
242
242
242
242
242
242
242
242
242
242
242
242
242
242
244
246
247
246
244
242
242
242
242
242
242
242
243
244
245
244
243
242
242
242
242
242
242
242
243
249
240
166
148
145
148
149
151
149
154
154
165
228
234
231
231
232
234
228
159
157
155
169
235
247
242
242
242
245
243
228
154
143
148
155
238
248
242
242
242
242
242
242
242
243
247
244
236
165
145
139
140
142
141
140
139
139
137
143
157
230
233
232
228
235
237
245
242
242
242
242
242
242
242
244
250
245
219
93
212
237
246
246
237
219
67
71
93
241
247
242
242
242
242
242
242
242
242
242
242
242
242
242
242
242
242
242
242
242
242
242
242
242
242
242
242
242
242
242
242
242
242
242
242
244
250
237
243
240
251
247
244
242
242
242
242
242
242
242
242
242
242
242
242
242
242
242
242
242
242
244
242
232
158
150
148
148
151
149
147
141
148
155
161
160
160
160
165
155
147
138
133
157
229
249
242
242
242
248
237
161
149
143
153
226
242
245
242
242
242
242
242
242
242
242
243
247
245
234
167
153
154
148
148
150
148
148
153
163
234
247
251
250
250
247
245
243
242
242
242
242
242
242
242
246
237
219
67
71
93
241
247
247
241
93
71
67
219
237
246
242
242
242
242
242
242
242
242
242
242
242
242
242
242
242
242
242
242
242
242
242
242
242
242
242
242
242
244
246
247
246
244
242
244
250
245
220
101
208
237
240
250
244
242
242
242
242
242
242
242
242
242
242
242
242
242
242
242
242
242
243
247
243
237
172
148
143
149
150
150
149
148
145
143
141
141
143
144
145
146
149
141
160
232
250
242
242
242
249
230
158
139
141
159
233
250
243
242
242
242
242
242
242
242
242
242
243
247
242
235
233
227
160
165
226
175
167
227
239
240
247
243
242
242
242
242
242
242
242
242
242
242
242
242
247
241
93
71
67
219
237
246
246
237
212
93
219
245
250
244
242
242
242
242
242
242
242
242
242
242
242
242
242
242
242
242
242
242
242
242
242
242
242
242
242
242
244
250
237
241
237
250
246
250
245
228
80
75
70
94
220
241
249
244
242
242
242
242
242
242
242
242
242
242
242
242
242
242
242
242
242
243
246
246
235
165
151
151
142
142
143
142
143
142
142
142
141
142
142
141
141
134
153
230
249
242
242
242
250
231
162
138
150
166
238
247
242
242
242
242
242
242
242
242
242
242
242
243
245
247
250
243
236
237
238
240
238
243
249
245
243
242
242
242
242
242
242
242
242
242
242
242
242
242
246
237
212
93
219
245
250
244
244
250
237
241
237
250
244
242
242
242
242
242
242
242
242
242
242
242
242
242
242
242
242
242
242
242
242
242
242
242
242
242
242
244
250
245
219
93
212
238
251
245
227
80
59
57
56
73
91
242
241
250
244
242
242
242
242
242
242
242
242
242
242
242
242
242
242
242
242
242
243
246
239
239
225
166
161
162
161
161
160
160
161
161
161
160
160
162
160
155
172
235
247
242
242
243
251
234
161
137
154
228
244
245
242
242
242
242
242
242
242
242
242
242
242
242
242
242
243
245
247
247
247
247
246
244
243
242
242
242
242
242
242
242
242
242
242
242
242
242
242
242
244
250
237
241
237
250
244
244
246
249
249
249
246
244
242
242
242
242
242
242
242
242
242
242
242
242
242
242
242
242
242
242
242
242
242
242
242
242
242
242
242
246
237
219
67
71
93
245
241
219
72
68
76
80
81
78
198
87
215
237
246
242
242
242
242
242
242
242
242
242
242
242
242
242
242
242
242
242
242
243
245
249
243
239
229
231
231
231
232
232
232
231
231
231
232
232
232
229
236
239
245
243
245
249
248
230
155
138
162
233
251
243
242
242
242
242
242
242
242
242
242
242
242
242
242
242
242
242
242
242
242
242
242
242
242
242
242
242
242
242
242
242
242
242
242
242
242
242
242
242
242
244
246
247
246
244
244
250
237
241
237
250
244
242
242
242
242
242
242
242
242
242
242
242
242
242
242
242
242
242
242
242
242
242
242
242
242
242
242
242
242
247
241
93
71
67
219
241
245
93
72
75
223
220
96
198
70
79
95
241
247
242
242
242
242
242
242
242
242
242
242
242
242
242
242
242
242
242
242
242
242
243
244
247
249
250
250
250
250
250
250
250
250
250
250
250
250
249
247
244
243
245
238
238
228
162
151
140
160
231
250
242
242
242
242
242
242
242
242
242
242
242
242
242
242
242
242
242
242
242
242
242
242
242
242
242
242
242
242
242
242
242
242
242
242
242
242
242
242
242
242
242
242
242
242
244
250
245
219
93
212
237
246
242
242
242
242
242
242
242
242
242
242
242
242
242
242
242
242
242
242
242
242
242
242
242
242
242
242
242
242
246
237
212
93
219
245
251
238
212
93
220
251
250
244
87
79
69
219
237
246
242
242
242
242
242
242
242
242
242
242
242
242
242
242
242
242
242
242
242
242
242
242
242
242
242
242
242
242
242
242
242
242
242
242
242
242
242
242
243
245
250
240
169
150
151
145
142
163
232
250
242
242
242
242
242
242
242
242
242
242
242
242
242
242
242
242
242
242
242
242
242
242
242
242
242
242
242
242
242
242
242
242
242
242
242
242
242
242
242
242
242
242
242
242
246
237
219
67
71
93
241
247
242
242
242
242
242
242
242
242
242
242
242
242
242
242
242
242
242
242
242
242
242
242
242
242
242
242
242
242
244
250
237
241
237
250
246
250
237
241
237
251
250
241
215
95
219
245
250
244
242
242
242
242
242
242
242
242
242
242
242
242
242
242
242
242
242
242
242
242
242
242
242
242
242
242
242
242
242
242
242
242
242
242
242
242
242
242
244
239
239
220
155
139
147
148
141
161
229
249
242
242
242
242
242
242
242
242
242
242
242
242
242
242
242
242
242
242
242
242
242
242
242
242
242
242
242
242
242
242
242
242
242
242
242
242
242
242
242
242
242
242
242
242
247
241
93
71
67
219
237
246
242
242
242
242
242
242
242
242
242
242
242
242
242
242
242
242
242
242
242
242
242
242
242
242
242
242
242
242
242
244
246
247
246
244
242
244
246
247
246
244
244
250
237
241
237
250
244
242
242
242
242
242
242
242
242
242
242
242
242
242
242
242
242
242
242
242
242
242
242
242
242
242
242
242
242
242
242
242
242
242
242
242
242
242
242
242
247
236
175
150
153
149
149
144
145
159
237
248
242
242
242
242
242
242
242
242
242
242
242
242
242
242
242
242
242
242
242
242
242
242
242
242
242
242
242
242
242
242
242
242
242
242
242
242
242
242
242
242
242
242
242
242
246
237
212
93
219
245
250
244
242
242
242
242
242
242
242
244
244
242
242
242
242
242
242
242
242
242
242
242
242
242
242
242
242
242
242
242
242
242
242
242
242
242
242
242
242
242
242
242
242
244
246
247
246
244
242
242
242
242
242
242
242
242
242
242
242
242
242
242
242
242
242
242
242
242
242
242
242
242
242
242
242
242
242
242
242
242
242
242
242
242
242
242
242
242
247
230
158
139
147
150
149
148
150
228
240
245
242
242
242
242
242
242
242
242
242
242
242
242
242
242
242
242
242
242
242
242
242
242
242
242
242
242
242
242
242
242
242
242
242
242
242
242
242
242
242
242
242
242
242
242
244
250
237
241
237
250
244
242
242
242
242
242
242
242
242
244
237
242
242
242
242
242
242
242
242
242
242
242
242
242
242
242
242
242
242
242
242
242
242
242
242
242
242
242
242
242
242
242
242
242
242
242
242
242
242
242
242
242
242
242
242
242
242
242
242
242
242
242
242
242
242
242
242
242
242
242
242
242
242
242
242
242
242
242
242
242
242
242
242
242
242
242
242
242
242
242
150
149
150
151
151
154
242
242
242
242
242
242
242
242
242
242
242
242
242
242
242
242
242
242
242
242
242
242
242
242
242
242
242
242
242
242
242
242
242
242
242
242
242
242
242
242
242
242
242
242
242
242
242
242
242
242
242
242
242
242
242
242
242
242
242
242
242
242
242
242
242
71
