243
243
243
243
243
243
243
243
243
243
243
243
243
103
103
103
243
243
243
243
243
243
243
243
243
243
243
243
243
243
243
243
243
243
243
243
243
243
243
243
243
243
243
243
243
243
243
243
243
243
243
243
243
243
243
243
103
103
103
243
243
243
243
243
243
243
243
243
243
243
243
243
243
243
243
243
243
243
243
243
243
243
243
243
243
243
243
243
243
243
243
243
243
243
243
243
243
243
243
243
243
243
243
243
243
243
243
243
243
243
243
243
243
243
243
243
243
243
243
243
243
243
243
243
243
243
243
243
243
243
243
243
243
243
243
243
243
243
243
243
243
243
243
243
243
243
243
243
243
243
243
243
243
243
243
243
243
243
243
243
245
238
119
105
113
234
245
244
243
243
243
243
243
243
243
243
243
243
243
243
243
243
243
243
243
243
243
243
243
243
243
243
243
243
243
243
243
243
243
243
243
243
243
243
244
245
229
135
229
245
244
243
243
243
243
243
243
243
243
243
246
239
234
224
235
238
246
243
243
243
243
243
243
243
243
243
243
243
243
243
243
243
243
243
243
243
243
243
243
243
243
243
243
243
243
243
243
243
243
243
243
243
243
243
243
243
243
243
243
243
243
243
243
243
243
243
243
243
243
243
243
243
243
243
243
243
243
243
243
243
243
243
243
243
243
243
243
243
243
243
243
243
243
243
243
243
243
243
243
243
245
239
219
120
224
246
249
244
243
243
243
243
243
243
243
243
243
243
243
243
243
243
243
243
243
243
243
243
243
243
243
243
243
243
243
243
243
243
243
243
243
243
243
243
244
249
239
243
239
249
244
243
243
243
243
243
243
243
243
243
249
234
154
132
154
234
249
243
243
243
243
243
243
243
243
243
243
243
243
243
243
243
243
243
243
243
243
243
243
243
243
244
246
249
251
253
253
253
253
253
253
253
251
249
246
244
243
243
243
243
243
243
243
243
243
243
243
243
243
243
243
243
243
243
243
243
243
243
243
243
243
243
243
243
243
243
243
243
243
243
243
243
243
243
243
243
243
243
243
243
244
249
239
243
239
249
244
243
243
243
243
243
243
243
243
243
243
243
243
243
243
243
243
243
243
243
243
243
243
244
245
247
245
244
243
243
243
243
243
243
243
243
243
243
243
244
245
247
245
244
243
243
243
243
243
243
243
243
243
243
251
227
139
106
139
227
251
243
243
243
243
243
243
243
243
243
243
243
243
243
243
243
243
243
243
244
245
246
245
245
246
251
244
238
228
230
230
230
230
230
229
230
227
234
238
246
243
243
243
243
243
243
243
243
243
243
243
243
243
243
243
243
243
243
243
243
243
243
243
243
243
243
243
243
243
243
243
243
243
243
243
243
243
243
243
243
243
243
243
243
243
244
245
249
249
249
245
244
243
244
246
249
250
249
246
244
243
243
243
243
243
243
243
243
243
243
243
243
244
249
239
243
239
249
244
243
243
243
243
243
243
243
243
243
243
243
243
243
243
243
243
243
243
243
243
243
243
243
243
243
253
230
145
113
146
230
253
243
243
243
243
243
243
243
243
243
243
243
243
243
243
243
244
246
249
253
243
243
239
251
243
239
224
150
142
145
145
145
145
146
146
146
139
154
235
250
243
243
243
243
243
243
243
243
243
243
243
243
243
243
243
243
243
243
243
243
243
243
243
243
243
243
243
243
243
243
243
243
243
243
243
243
243
243
243
243
243
243
243
244
245
247
247
251
239
243
239
249
244
246
239
234
225
236
242
248
244
243
243
243
243
243
243
243
243
243
243
244
249
246
225
123
224
245
249
244
243
243
243
243
243
243
243
243
243
243
243
243
243
243
243
243
243
243
243
243
243
243
243
243
253
230
145
113
146
230
253
243
243
244
246
248
248
246
244
243
243
243
243
243
243
244
249
241
236
231
222
176
240
252
233
151
136
130
122
122
123
124
124
123
123
123
115
139
226
251
243
243
243
243
243
243
243
243
243
243
243
243
243
243
243
243
243
243
243
243
243
243
243
243
243
243
243
243
243
243
243
243
243
243
243
243
243
243
243
243
243
243
244
249
239
245
246
253
225
120
219
239
247
251
237
157
137
147
233
247
251
246
244
243
243
243
243
243
243
243
243
245
239
225
104
100
112
234
245
249
244
243
243
243
243
243
243
243
243
243
243
243
243
243
243
243
243
243
243
243
243
243
243
244
253
233
148
114
146
230
253
243
243
246
239
231
232
238
246
243
243
243
243
243
244
249
245
233
146
143
133
139
219
233
142
128
124
129
131
133
134
132
133
132
134
132
123
146
230
253
243
243
243
243
243
243
243
243
243
243
243
243
243
243
243
243
243
243
243
243
243
243
243
243
243
243
243
243
243
243
243
243
243
243
243
243
243
243
243
243
243
244
249
246
224
123
215
221
101
101
120
243
250
245
225
133
116
127
140
226
241
244
251
246
244
243
243
243
243
243
243
247
243
123
100
86
124
138
235
245
248
244
243
243
243
243
243
243
243
243
243
243
243
243
243
243
243
243
243
243
243
243
243
246
246
226
137
115
142
228
251
243
243
249
234
149
151
239
254
246
244
243
243
243
246
242
233
138
127
119
132
140
152
142
134
127
131
133
133
134
134
129
107
128
131
133
123
146
230
253
243
243
243
243
243
243
243
243
243
243
243
243
243
243
243
243
243
243
243
243
243
243
243
243
243
243
243
243
243
243
243
243
243
243
243
243
243
243
243
243
243
245
239
225
102
112
127
126
109
100
224
239
252
240
164
132
128
126
133
135
152
223
239
241
247
244
243
243
243
243
243
245
239
225
114
128
124
132
141
233
242
246
243
243
243
243
243
243
243
243
243
243
243
243
243
243
243
243
243
243
243
243
243
248
236
146
125
127
148
237
249
243
243
251
227
134
127
215
240
239
246
243
243
243
249
237
148
128
127
128
139
205
136
124
129
130
130
128
128
125
122
96
98
105
131
133
123
145
230
253
243
243
243
243
243
243
243
243
243
243
243
243
243
243
243
243
243
243
243
243
243
243
243
243
243
243
243
243
243
243
243
243
243
243
243
243
243
243
243
243
244
250
250
131
103
97
203
210
124
233
249
250
252
230
148
123
130
132
129
123
132
134
156
237
253
249
245
244
243
243
243
244
249
248
229
137
127
129
127
149
236
249
243
243
243
243
243
243
243
243
243
243
243
243
243
243
243
243
243
243
243
243
243
248
236
146
122
134
227
245
246
243
243
252
230
142
127
134
157
235
249
243
243
243
251
228
142
121
132
131
142
140
141
128
126
123
133
131
141
139
113
113
104
137
129
133
123
145
230
253
243
243
243
243
243
243
243
243
243
243
243
243
243
243
243
243
243
243
243
243
243
243
243
243
243
243
243
243
243
243
243
243
243
243
243
243
243
243
243
244
248
244
231
207
103
132
148
152
224
234
246
248
252
230
145
123
129
126
124
123
123
118
132
184
232
239
242
245
243
243
243
243
245
254
237
147
124
132
122
145
231
253
244
243
243
244
246
248
248
246
244
243
243
243
243
243
243
243
243
243
243
243
243
246
246
226
129
141
233
254
244
243
243
253
230
145
120
118
140
227
251
243
243
243
253
230
146
123
133
131
129
126
123
132
143
144
161
219
158
225
223
124
202
136
129
132
123
146
230
253
243
243
243
243
243
243
243
243
243
243
243
243
243
243
243
243
243
243
243
243
243
243
243
243
243
243
243
243
243
243
243
243
243
243
243
243
243
243
243
246
243
233
154
139
135
121
119
126
129
156
234
250
254
233
146
121
137
141
148
147
140
135
129
136
141
179
237
249
243
243
243
244
249
250
223
113
121
131
127
139
226
245
246
243
243
246
239
232
235
244
252
246
244
243
243
243
243
243
243
243
243
243
243
244
253
233
139
139
233
253
244
243
244
254
233
148
123
122
145
229
252
243
243
244
254
233
148
124
132
129
124
131
136
160
227
232
240
236
248
247
247
245
153
145
127
132
123
146
229
253
243
243
243
243
243
243
243
243
243
243
243
243
243
243
243
243
243
243
243
243
243
243
243
243
243
243
243
243
243
243
243
243
243
243
243
243
243
243
243
249
237
153
126
121
134
140
147
144
124
142
221
253
245
226
137
118
138
220
235
235
219
135
119
124
119
143
231
252
244
243
243
245
239
225
106
97
99
129
129
130
150
237
249
243
243
249
235
150
144
222
237
239
246
243
243
243
243
243
243
243
243
243
243
243
253
230
138
126
222
243
245
244
248
249
229
140
124
124
144
230
251
243
244
248
247
228
139
126
129
136
137
153
225
242
246
253
250
248
247
246
249
246
230
146
129
129
123
146
230
253
243
243
243
243
243
243
243
243
243
243
243
243
243
243
243
243
243
243
243
243
243
243
243
243
243
243
243
243
243
243
243
243
243
243
243
243
243
243
243
251
229
141
121
124
136
219
235
233
220
158
231
254
239
150
127
128
154
244
254
254
242
166
137
136
121
142
229
251
245
243
243
247
243
120
105
104
142
137
129
121
144
229
251
243
244
253
230
143
124
132
158
239
253
246
244
243
243
243
243
243
243
243
243
243
253
230
139
128
153
246
246
246
241
235
147
133
124
128
172
238
249
243
245
245
236
144
132
130
126
141
219
243
243
251
246
244
243
243
243
243
244
250
245
190
136
127
123
145
230
253
243
243
243
243
243
243
243
243
243
243
243
243
243
243
243
243
243
243
243
243
243
243
243
243
243
243
243
243
243
243
243
243
243
243
243
243
243
243
243
253
230
144
119
131
156
244
254
254
242
242
239
253
228
140
116
136
225
245
246
246
239
242
219
140
121
135
193
242
248
243
243
245
239
219
122
223
224
140
124
123
149
231
253
244
249
246
227
138
124
122
135
215
240
239
246
243
243
243
243
243
243
243
243
243
253
230
139
128
226
245
246
249
236
151
128
125
131
145
235
245
245
244
250
242
172
130
126
131
121
145
233
254
246
244
243
243
243
243
243
243
243
245
250
229
142
125
123
145
230
253
243
243
243
243
243
243
243
243
243
243
243
243
243
243
243
243
243
243
243
243
243
243
243
243
243
243
243
243
243
243
243
243
243
243
243
243
244
245
247
254
231
145
117
138
226
246
246
244
245
246
250
242
193
135
120
147
233
254
244
244
246
254
235
147
122
126
146
236
254
245
244
244
249
239
244
247
247
153
132
120
148
233
254
240
249
236
155
131
129
129
136
132
153
232
248
243
243
243
243
243
243
243
243
243
253
230
140
130
230
248
248
254
230
143
121
124
136
226
247
248
244
245
240
222
133
124
129
130
130
150
238
249
243
243
243
243
243
243
243
243
243
244
254
235
148
124
123
146
230
253
243
243
243
243
243
243
243
243
243
243
243
243
243
243
243
243
243
243
243
243
243
243
243
243
243
243
243
243
243
243
243
243
243
243
243
244
249
239
243
249
237
146
115
146
233
254
244
243
243
243
250
234
145
126
118
143
228
252
243
243
243
251
228
141
120
122
151
225
252
239
249
244
244
245
247
249
247
226
138
119
142
229
254
235
187
212
140
125
130
129
121
120
141
233
248
243
243
243
244
245
247
245
244
243
253
231
142
121
152
239
253
247
227
137
123
132
157
242
251
244
243
246
243
161
147
136
129
125
140
224
244
246
243
243
243
243
243
243
243
243
243
246
245
226
138
126
123
147
230
253
243
243
243
243
243
244
245
247
245
244
243
243
243
243
243
243
243
243
243
243
243
243
243
243
243
243
243
243
243
243
243
243
243
243
243
249
246
225
123
234
231
151
114
146
230
253
243
243
243
243
252
229
142
119
129
149
237
249
243
243
243
250
239
153
133
126
146
210
129
219
239
245
243
243
243
244
254
233
147
119
135
189
251
236
154
130
139
128
129
135
139
149
231
242
246
243
244
247
253
242
245
239
249
244
253
231
144
111
141
230
253
237
145
133
123
139
226
246
246
243
243
246
242
233
215
135
125
133
154
242
251
244
243
243
243
243
243
243
243
243
244
251
241
151
132
128
121
143
228
251
243
243
243
243
244
249
239
243
239
249
244
243
243
243
243
243
243
243
243
243
243
243
243
243
243
243
243
244
245
247
245
244
243
243
243
239
225
104
100
121
219
145
118
148
236
255
251
249
246
244
253
229
145
117
138
226
245
246
243
243
243
249
238
222
131
126
134
96
109
120
243
247
243
243
243
243
252
230
146
121
127
152
238
234
137
122
129
126
132
155
228
240
242
248
244
244
249
242
239
214
123
219
239
245
253
230
144
118
149
240
247
171
129
125
121
144
231
253
244
243
244
249
248
240
148
136
124
137
226
245
246
243
243
243
243
243
243
243
243
243
246
245
224
135
124
128
130
148
237
249
243
243
243
244
249
246
224
120
219
239
245
243
243
243
243
243
243
243
243
243
243
243
243
243
243
243
244
249
239
243
239
249
244
243
243
244
126
103
88
132
134
139
123
141
222
237
229
236
242
249
254
233
148
115
147
234
253
244
243
243
243
250
240
151
133
129
99
96
105
224
239
245
243
243
243
243
250
232
149
125
124
142
219
151
134
129
129
134
144
236
249
251
246
244
244
249
246
230
123
96
107
120
243
247
253
230
144
117
185
242
238
147
125
129
131
149
237
249
243
243
246
242
233
141
130
126
120
144
231
254
244
243
243
243
243
243
243
243
243
243
250
238
152
131
128
124
135
224
244
246
243
243
243
245
239
224
99
101
120
243
247
243
243
243
243
243
243
243
243
243
243
243
243
243
243
244
249
246
224
120
219
239
245
243
243
241
214
103
112
125
126
129
127
137
142
149
143
146
230
245
249
226
135
114
143
228
252
243
243
243
243
251
228
143
120
125
123
114
231
246
249
244
243
243
243
243
248
240
173
134
125
139
134
136
126
127
121
134
225
247
248
243
243
243
245
239
224
104
85
85
104
224
239
245
253
231
145
120
158
246
237
145
122
124
135
224
245
246
243
243
249
237
150
127
127
128
130
152
238
249
243
243
243
243
243
243
243
243
243
243
251
228
142
120
126
129
150
240
251
244
243
243
243
247
243
120
101
99
224
239
245
243
243
243
243
243
243
243
243
243
243
243
243
243
243
245
239
224
99
101
120
243
247
243
243
253
236
155
141
144
137
129
127
124
121
121
119
122
143
241
243
149
127
127
148
237
249
243
243
243
244
254
234
147
120
136
144
236
244
249
244
243
243
243
243
244
249
253
233
143
125
130
128
127
128
135
136
167
239
251
244
243
243
243
247
243
120
107
96
123
230
246
249
245
254
233
148
114
150
245
243
148
121
132
155
241
251
244
243
243
251
229
143
121
131
126
136
226
244
246
243
243
243
243
243
243
243
243
243
243
253
230
144
119
133
142
233
242
247
245
247
245
244
245
239
219
120
224
246
249
244
243
243
243
243
243
243
243
243
243
243
243
243
243
243
247
243
120
101
99
224
239
245
243
243
246
239
235
230
232
169
133
132
144
141
131
120
125
146
246
236
143
115
137
226
246
246
243
243
243
246
245
225
137
119
138
228
249
249
244
243
243
243
244
245
250
242
244
221
142
127
131
128
132
139
180
226
236
239
246
243
243
243
243
245
239
219
123
214
239
242
249
245
249
249
225
113
116
139
230
227
138
114
132
223
244
246
243
243
244
253
233
148
124
130
128
150
237
253
244
243
243
243
243
243
243
243
243
243
244
254
233
146
117
139
228
248
249
250
239
243
239
249
245
249
239
243
239
249
244
243
243
243
243
243
243
243
243
243
243
243
243
243
243
243
245
239
219
120
224
246
249
244
243
243
244
246
249
253
254
232
135
135
224
232
149
132
142
227
249
231
138
117
147
233
253
244
243
243
244
251
242
152
130
121
146
235
253
244
243
243
243
243
246
237
245
229
162
136
137
129
130
134
145
231
243
248
250
246
244
243
243
243
243
244
249
239
245
242
253
247
244
245
239
226
109
103
100
143
146
141
141
132
166
241
254
249
249
245
248
245
226
137
126
128
136
193
242
248
243
243
243
243
243
243
243
243
243
244
248
248
228
139
118
148
233
254
250
246
224
120
219
239
245
244
245
247
245
244
243
243
243
243
243
243
243
243
243
243
243
243
243
243
243
243
244
249
239
243
239
249
244
243
243
243
243
243
243
244
254
233
138
140
239
254
242
225
158
241
242
161
133
120
146
233
254
244
243
244
249
247
227
134
119
128
172
239
249
243
243
243
244
246
253
237
165
192
137
121
129
131
126
138
229
250
250
245
244
243
243
243
243
243
243
243
244
245
247
245
244
243
243
247
244
126
104
93
127
129
128
121
138
219
248
235
250
231
247
239
253
239
150
130
129
124
143
229
251
245
243
243
243
243
243
243
243
243
243
246
244
234
143
133
120
146
229
254
239
224
99
101
120
243
247
243
243
243
243
243
243
243
243
243
243
243
243
243
243
243
243
243
243
243
243
243
243
244
245
247
245
244
243
243
243
243
243
243
243
243
253
230
137
137
234
254
254
244
223
123
208
138
124
125
140
228
250
251
247
249
245
235
144
130
130
147
236
245
245
243
243
244
248
242
242
215
144
127
135
128
131
132
123
148
233
254
244
243
243
243
243
243
243
243
243
243
243
243
243
243
243
243
243
245
242
218
110
121
133
132
132
122
147
240
255
229
132
207
127
220
250
234
144
121
130
124
142
232
252
244
243
243
243
243
243
243
243
243
244
251
242
162
130
126
122
146
229
254
243
120
101
99
224
239
245
243
243
243
243
243
243
243
243
243
243
243
243
243
243
243
243
243
243
243
243
243
243
243
243
243
243
243
243
243
243
243
243
243
243
243
253
229
139
129
227
249
243
226
103
115
112
148
128
129
134
146
228
241
247
251
236
143
129
119
135
226
246
248
244
243
244
248
246
232
148
137
135
125
125
137
142
139
120
148
233
254
244
243
243
243
243
243
243
243
243
243
243
243
243
243
243
243
243
244
254
233
148
123
134
133
128
128
150
233
231
103
102
85
108
123
245
231
138
127
128
132
164
239
249
243
243
243
243
243
243
243
243
243
246
244
225
137
126
130
122
143
228
254
239
219
120
224
246
249
244
243
243
243
243
243
243
243
243
243
243
243
243
243
243
243
243
243
243
243
243
243
243
243
243
243
243
243
243
243
243
243
243
243
243
243
253
230
142
123
165
243
249
120
104
101
207
134
129
132
127
133
139
153
229
231
143
131
124
131
152
241
251
244
244
246
251
247
236
139
127
123
126
123
127
149
220
146
119
138
226
246
246
243
243
243
243
243
243
243
243
243
243
243
243
243
243
243
243
243
253
232
147
124
133
130
129
136
231
243
124
108
85
102
103
231
233
152
131
129
125
137
227
246
246
243
243
243
243
243
243
243
243
243
249
237
148
130
129
129
133
152
241
252
249
239
243
239
249
244
243
243
243
243
243
243
243
243
243
243
243
243
243
243
243
243
243
243
243
243
243
243
243
243
243
243
243
243
243
243
243
243
243
243
243
243
253
230
144
112
142
232
247
219
126
219
151
136
129
129
129
129
124
132
140
141
133
125
121
133
223
244
246
244
248
242
240
226
145
131
128
128
136
138
152
241
232
151
120
131
153
238
249
243
244
245
247
245
244
243
243
243
243
243
243
243
243
243
243
244
254
233
147
124
132
128
135
184
247
246
220
127
207
132
229
255
239
146
121
126
129
159
240
250
244
243
243
243
243
243
243
243
243
243
251
228
144
122
132
125
102
213
236
251
249
249
249
245
244
243
243
243
243
243
243
243
243
243
243
243
243
243
243
243
243
243
243
243
243
243
243
243
243
243
243
243
243
243
243
243
243
243
243
243
243
244
254
233
147
114
144
231
255
239
252
225
148
119
138
134
134
124
128
129
128
127
127
131
132
152
238
252
244
245
239
227
147
135
133
126
127
118
135
217
242
251
234
143
119
121
144
229
251
244
249
239
243
239
249
244
243
243
243
243
243
243
243
243
243
246
245
226
138
126
132
125
142
229
250
252
239
247
231
250
237
249
222
140
123
133
143
234
243
246
243
243
243
243
243
243
243
243
243
243
253
231
147
123
128
94
106
130
253
244
243
239
249
244
243
243
243
243
243
243
243
243
243
243
243
243
243
243
243
243
243
243
243
243
243
243
243
243
243
243
243
243
243
243
243
243
243
243
243
243
243
246
246
226
138
117
146
230
254
247
254
236
150
118
145
217
157
134
132
123
126
126
120
131
176
237
240
246
243
246
243
147
129
120
126
130
138
137
157
240
254
252
239
147
130
120
146
233
254
250
246
224
120
219
239
245
243
243
243
243
243
243
243
243
243
249
238
147
130
130
131
121
144
230
253
245
245
249
249
254
238
173
135
136
123
139
228
249
248
244
243
243
243
243
243
243
243
243
243
244
254
233
148
125
103
103
110
233
242
227
120
219
239
245
243
243
243
243
243
243
243
243
243
243
243
243
243
243
243
243
243
243
243
243
243
243
243
243
243
243
243
243
243
243
243
243
243
243
243
243
243
249
237
150
131
120
146
230
253
246
246
226
138
118
151
228
250
224
152
136
138
136
144
153
237
250
247
244
243
245
239
228
137
127
121
133
187
229
235
239
246
246
245
226
138
120
139
226
248
242
224
99
101
120
243
247
243
243
243
244
246
248
248
246
245
254
232
145
121
131
126
127
150
237
249
243
243
243
243
251
229
139
119
129
123
148
233
254
244
243
243
243
243
243
243
243
243
243
243
246
245
226
139
125
121
113
227
245
231
100
101
120
243
247
243
243
243
243
243
243
243
243
243
243
243
243
243
243
243
243
243
243
243
243
243
243
243
243
243
243
243
243
243
243
243
243
243
243
243
243
244
254
232
143
121
123
154
239
255
254
246
154
133
124
152
242
255
254
253
233
164
234
243
248
253
254
254
254
254
254
254
254
247
151
142
158
253
255
255
254
254
254
255
242
153
123
135
164
252
255
132
113
110
236
251
254
254
254
254
254
248
238
238
248
254
254
232
142
129
133
139
149
245
254
254
254
254
254
254
255
239
150
125
135
128
152
240
255
254
254
254
254
254
254
254
254
254
254
254
255
247
158
135
133
127
152
246
255
134
113
110
236
251
254
254
254
254
254
254
254
254
254
254
254
254
254
254
253
251
247
244
243
243
243
243
243
243
243
243
243
243
243
243
243
243
243
243
243
243
243
246
245
227
134
100
114
130
207
221
221
207
129
117
116
126
207
223
218
224
213
217
214
226
221
218
216
215
215
215
215
216
220
217
201
123
200
215
219
216
216
219
223
230
215
132
117
118
131
215
219
192
92
196
218
221
216
215
215
216
220
215
139
141
219
231
223
139
127
121
121
123
205
216
220
216
215
215
215
215
222
209
132
120
125
117
128
208
221
215
215
215
215
215
215
215
215
215
215
216
223
211
133
120
127
119
130
211
218
191
92
196
218
221
216
215
216
218
219
218
216
215
215
215
215
215
215
215
212
224
234
245
243
243
243
243
243
243
243
243
243
243
243
243
243
243
243
243
243
243
243
249
239
153
128
102
107
123
134
138
141
126
119
100
110
123
133
138
134
136
137
138
137
136
134
134
134
134
134
134
134
134
136
140
133
135
132
139
136
136
141
134
125
113
119
113
114
104
111
124
141
134
135
131
141
136
134
134
134
135
136
121
105
103
115
127
116
111
104
105
112
127
141
143
137
134
134
134
134
134
141
127
118
101
104
107
121
133
138
134
134
134
134
134
134
134
134
134
134
138
134
123
110
105
100
107
120
135
144
131
135
131
141
136
134
136
141
131
135
131
141
136
134
134
134
134
134
134
130
141
238
247
243
243
243
243
243
243
243
243
243
243
243
243
243
243
243
243
243
243
243
250
227
152
119
119
134
213
225
217
224
212
134
114
135
212
224
216
215
215
215
215
215
215
215
215
215
215
215
215
215
215
215
216
217
218
217
216
215
218
211
194
83
84
114
210
138
119
117
132
208
224
219
218
216
215
215
215
215
217
219
174
125
115
119
119
121
122
122
119
137
209
223
212
221
216
215
215
215
215
222
209
132
116
128
138
220
221
216
215
215
215
215
215
215
215
215
215
215
221
208
126
113
98
92
111
211
226
217
218
219
218
216
215
216
221
218
196
92
191
211
218
215
215
215
215
215
215
212
224
234
245
243
243
243
243
243
243
243
243
243
243
243
243
243
243
243
243
243
243
243
249
238
151
128
117
148
238
255
254
254
235
144
121
151
239
255
254
254
254
254
254
254
254
254
254
254
254
254
254
254
254
254
254
254
254
254
254
254
254
254
131
110
107
242
234
155
127
126
151
240
255
254
254
254
254
254
254
254
254
254
242
149
131
129
133
134
131
136
145
188
227
137
231
251
254
254
254
254
254
255
239
150
119
141
231
253
254
254
254
254
254
254
254
254
254
254
254
254
255
240
151
100
100
91
142
235
255
254
254
254
254
254
254
254
251
236
110
113
132
254
254
254
254
254
254
254
254
253
251
247
244
243
243
243
243
243
243
243
243
243
243
243
243
243
243
243
243
243
243
243
246
242
229
147
126
146
224
251
249
237
149
129
118
141
228
251
243
243
243
243
243
243
243
243
243
243
243
243
243
243
243
243
243
243
243
243
243
243
245
239
219
120
224
254
234
141
121
123
147
231
252
243
243
243
243
243
243
243
244
247
243
233
138
129
122
121
127
144
225
221
98
104
120
243
247
243
243
243
244
254
230
156
121
157
229
254
244
243
243
243
243
243
243
243
243
243
244
245
254
234
147
115
110
132
164
237
250
243
243
243
243
243
243
247
243
120
101
99
224
239
245
243
243
243
243
243
243
243
243
243
243
243
243
243
243
243
243
243
243
243
243
243
243
243
243
243
243
243
243
243
244
248
242
239
218
158
231
249
251
228
141
117
129
150
237
249
243
243
243
243
243
243
243
243
243
243
243
243
243
243
243
243
243
243
243
243
243
243
244
249
239
243
239
254
239
147
130
121
146
233
254
244
243
243
243
243
243
243
243
244
248
245
232
149
149
143
147
237
245
128
104
99
224
239
245
243
243
244
249
249
221
115
191
152
234
249
243
243
243
243
243
243
243
243
243
243
245
244
246
225
142
118
140
218
243
240
246
243
243
243
243
243
243
245
239
219
120
224
246
249
244
243
243
243
243
243
243
243
243
243
243
243
243
243
243
243
243
243
243
243
243
243
243
243
243
243
243
243
243
243
243
244
246
251
241
242
237
246
251
228
142
114
135
227
245
246
243
243
243
243
243
243
243
243
243
243
243
243
243
243
243
243
243
243
243
243
243
243
243
244
245
247
245
248
245
226
137
120
138
226
245
246
243
243
243
243
243
243
243
243
244
248
242
237
229
229
236
245
245
220
120
224
246
249
244
243
243
245
239
225
102
110
118
242
239
246
243
243
243
243
243
243
243
243
243
244
250
242
202
140
135
122
149
236
254
246
244
243
243
243
243
243
243
244
249
239
243
239
249
244
243
243
243
243
243
243
243
243
243
243
243
243
243
243
243
243
243
243
243
243
243
243
243
243
243
243
243
243
243
243
243
243
243
244
245
246
245
244
249
237
147
116
139
231
254
248
245
244
243
243
243
243
243
243
243
243
243
243
243
243
243
243
243
243
243
243
243
243
243
243
243
243
243
244
254
233
148
121
131
149
237
249
243
243
243
243
243
243
243
243
243
244
246
249
251
251
249
247
250
239
243
239
249
244
243
243
243
247
243
120
101
100
226
243
248
244
243
243
243
243
243
243
243
243
243
246
243
228
137
126
127
120
142
229
251
243
243
243
243
243
243
243
243
243
244
245
247
245
244
243
243
243
243
243
243
243
243
243
243
243
243
243
243
243
243
243
243
243
243
243
243
243
243
243
243
243
243
243
243
243
243
243
243
243
243
243
243
243
246
242
230
143
154
241
245
243
239
249
244
243
243
243
243
243
243
243
243
243
243
243
243
243
243
243
243
243
243
243
243
243
243
243
243
243
251
227
139
113
113
137
225
250
243
243
243
243
243
243
243
243
243
243
243
243
243
243
243
243
244
245
247
245
244
243
243
243
243
245
239
219
120
225
249
253
247
244
243
243
243
243
243
243
243
243
243
249
237
149
129
128
128
130
150
237
249
243
243
243
243
243
243
243
243
243
243
243
243
243
243
243
243
243
243
243
243
243
243
243
243
243
243
243
243
243
243
243
243
243
243
243
243
243
243
243
243
243
243
243
243
243
243
243
243
243
243
243
243
243
244
248
242
234
239
242
228
120
219
239
245
243
243
243
243
243
243
243
243
243
243
243
243
243
243
243
243
243
243
243
243
243
243
243
243
243
249
234
154
139
139
154
235
249
243
243
243
243
243
243
243
243
243
243
243
243
243
243
243
243
243
243
243
243
243
243
243
243
243
244
249
239
245
246
246
245
239
249
244
243
243
243
243
243
243
243
243
251
228
143
121
132
124
135
224
245
246
243
243
243
243
243
243
243
243
243
243
243
243
243
243
243
243
243
243
243
243
243
243
243
243
243
243
243
243
243
243
243
243
243
243
243
243
243
243
243
243
243
243
243
243
243
243
243
243
243
243
243
243
243
243
244
246
251
245
228
100
101
120
243
247
243
243
243
243
243
243
243
243
243
243
243
243
243
243
243
243
243
243
243
243
243
243
243
243
243
246
240
234
228
226
235
239
246
243
243
243
243
243
243
243
243
243
243
243
243
243
243
243
243
243
243
243
243
243
243
243
243
243
243
244
247
253
249
225
120
219
239
245
243
243
243
244
245
247
245
244
251
228
139
116
121
126
149
239
251
244
243
243
243
243
243
243
243
243
243
243
243
243
243
243
243
243
243
243
243
243
243
243
243
243
243
243
243
243
243
243
243
243
243
243
243
243
243
243
243
243
243
243
243
243
243
243
243
243
243
243
243
243
243
243
243
243
249
247
128
110
107
229
241
245
243
243
243
243
243
243
243
243
243
243
243
243
243
243
243
243
243
243
243
243
243
243
243
243
243
244
246
249
251
251
249
246
244
243
243
243
243
243
243
243
243
243
243
243
243
243
243
243
243
243
243
243
243
243
243
243
243
243
243
243
245
239
224
99
101
120
243
247
243
243
244
249
239
243
239
249
250
234
157
139
143
147
230
242
246
243
243
243
243
243
243
243
243
243
243
243
243
243
243
243
243
243
243
243
243
243
243
243
243
243
243
243
243
243
243
243
243
243
243
243
243
243
243
243
243
243
243
243
243
243
243
243
243
243
243
243
243
243
243
243
243
244
252
238
210
95
210
238
252
244
243
243
243
243
243
243
243
243
243
243
243
243
243
243
243
243
243
243
243
243
243
243
243
243
243
243
243
243
243
243
243
243
243
243
243
243
243
243
243
243
243
243
243
243
243
243
243
243
243
243
243
243
243
243
243
243
243
243
243
243
247
243
120
101
99
224
239
245
243
244
249
246
224
120
219
239
249
239
234
228
227
237
242
248
244
243
243
243
243
243
243
243
243
243
243
243
243
243
243
243
243
243
243
243
243
243
243
243
243
243
243
243
243
243
243
243
243
243
243
243
243
243
243
243
243
243
243
243
243
243
243
243
243
243
243
243
243
243
243
243
243
245
241
229
107
110
128
247
249
243
243
243
243
243
243
243
243
243
243
243
243
243
243
243
243
243
243
243
243
243
243
243
243
243
243
243
243
243
243
243
243
243
243
243
243
243
243
243
243
243
243
243
243
243
243
243
243
243
243
243
243
243
243
243
243
243
243
243
243
243
245
239
219
120
224
246
249
244
243
245
239
224
99
101
120
243
248
246
249
251
251
249
246
244
243
243
243
243
243
243
243
243
243
243
243
243
243
243
243
243
243
243
243
243
243
243
243
243
243
243
243
243
243
243
243
243
243
243
243
243
243
243
243
243
243
243
243
243
243
243
243
243
243
243
243
243
243
243
243
243
243
247
243
120
101
99
224
239
245
243
243
243
243
243
243
243
243
243
243
243
243
243
243
243
243
243
243
243
243
243
243
243
243
243
243
243
243
243
243
243
243
243
243
243
243
243
243
243
243
243
243
243
243
243
243
243
243
243
243
243
243
243
243
243
243
243
243
243
243
243
244
249
239
243
239
249
244
243
243
247
243
120
101
99
224
239
245
243
243
243
243
243
243
243
243
243
243
243
243
243
243
243
243
243
243
243
243
243
243
243
243
243
243
243
243
243
243
243
243
243
243
243
243
243
243
243
243
243
243
243
243
243
243
243
243
243
243
243
243
243
243
243
243
243
243
243
243
243
243
243
243
245
238
216
116
221
245
249
244
243
243
243
243
243
243
243
243
243
243
243
243
243
243
243
243
243
243
243
243
243
243
243
243
243
243
243
243
243
243
243
243
243
243
243
243
243
243
243
243
243
243
243
243
243
243
243
243
243
243
243
243
243
243
243
243
243
243
243
243
243
243
244
245
247
245
244
243
243
243
245
238
216
116
221
245
249
244
243
243
243
243
243
243
243
243
243
243
243
243
243
243
243
243
243
243
243
243
243
243
243
243
243
243
243
243
243
243
243
243
243
243
243
243
243
243
243
243
243
243
243
243
243
243
243
243
243
243
243
243
243
243
243
243
243
243
243
243
243
243
243
243
243
243
243
243
243
243
243
243
243
243
243
243
243
243
243
243
243
243
243
243
243
243
243
243
243
243
243
243
243
243
243
243
243
243
243
243
243
243
243
243
243
243
243
243
243
243
243
243
243
243
243
243
243
243
243
243
243
243
243
243
243
243
243
243
243
243
243
243
243
243
243
243
243
243
243
243
243
243
243
243
243
243
243
243
243
243
243
243
243
243
243
243
243
243
243
243
243
243
243
243
243
243
243
243
243
243
243
243
243
243
243
243
243
243
243
243
243
243
243
243
243
243
243
243
243
243
243
243
243
243
243
243
243
243
243
243
243
