246
246
246
246
246
246
246
246
246
246
246
246
246
246
246
246
246
246
246
246
246
246
246
246
246
246
246
246
246
246
246
246
246
246
246
246
246
246
246
246
246
246
246
246
246
246
105
105
105
246
246
246
246
246
246
246
246
246
246
105
105
105
246
246
246
246
246
246
246
246
246
246
246
246
246
246
246
246
246
246
246
246
246
246
246
246
246
246
246
246
246
246
246
246
135
246
246
246
246
246
246
246
246
246
246
246
246
246
246
246
246
246
246
246
246
246
246
246
246
246
246
246
246
246
246
246
246
246
246
246
246
246
246
246
246
246
246
246
246
246
246
246
246
246
246
246
246
246
246
246
246
246
246
246
246
246
246
246
246
246
246
246
246
246
246
246
246
246
246
246
246
246
246
246
246
246
246
246
246
246
246
246
246
246
246
246
246
246
246
246
246
246
246
249
241
124
103
108
220
233
241
250
250
238
237
246
251
249
248
231
137
231
248
247
246
246
246
246
246
246
246
246
246
246
246
246
246
246
246
246
246
246
246
246
246
246
246
246
246
250
234
148
131
134
135
131
144
232
246
250
247
246
246
246
246
246
246
246
246
246
246
246
246
246
246
246
246
246
246
246
246
246
246
246
246
246
246
246
246
246
246
246
246
246
246
246
246
246
246
246
246
246
246
246
247
251
248
225
121
246
246
246
246
246
246
246
246
246
246
246
246
246
246
246
246
246
246
246
247
249
251
252
253
252
251
249
247
246
246
246
246
246
246
246
246
246
246
246
246
246
246
246
246
249
242
228
115
137
142
150
152
232
232
147
146
233
248
251
254
243
246
242
251
247
246
246
246
246
246
246
246
246
246
246
246
246
246
246
246
246
246
246
246
246
246
246
246
246
246
252
229
140
116
125
126
123
129
141
238
249
250
247
246
246
246
246
246
246
246
246
246
246
246
246
246
246
246
246
246
246
246
246
246
246
246
246
246
246
246
246
246
246
246
246
246
246
246
246
246
246
246
246
246
246
249
242
227
101
102
105
246
246
246
246
246
246
246
246
246
247
249
250
249
247
246
246
246
246
248
239
233
227
232
231
239
246
250
247
246
246
246
246
246
246
246
246
246
246
246
246
246
246
246
247
251
250
230
137
120
121
131
140
141
127
126
143
195
240
250
254
252
250
247
246
246
246
246
246
246
246
246
246
246
246
246
246
246
246
246
246
246
246
246
246
246
246
246
246
247
254
236
148
125
133
132
131
126
131
143
239
250
252
249
247
246
246
246
246
246
246
246
246
246
246
246
246
246
246
246
246
246
246
246
246
246
246
246
246
246
246
246
246
246
246
246
246
246
246
246
246
246
246
246
246
250
246
123
103
102
246
246
246
246
246
246
246
246
246
247
251
242
246
242
251
247
246
246
246
249
245
157
147
142
141
148
233
246
249
246
246
246
246
246
246
246
246
246
246
246
246
246
246
246
246
247
254
234
144
123
130
129
128
127
128
127
129
133
147
226
242
245
250
247
246
246
246
246
246
246
246
246
246
246
246
246
246
247
249
250
249
247
246
246
246
246
246
246
246
249
247
228
138
126
134
133
132
130
126
130
145
229
242
244
249
247
246
246
246
246
246
246
246
246
246
246
246
246
246
246
246
246
246
246
246
246
246
246
246
246
246
246
246
246
246
246
247
249
250
249
247
246
246
246
246
249
242
222
123
222
246
246
246
246
246
246
246
246
247
251
249
227
123
222
242
249
246
246
246
248
245
222
130
117
120
123
148
239
251
246
246
246
246
246
246
247
249
251
252
252
251
249
247
246
246
246
251
239
148
127
124
126
127
125
127
127
127
124
131
135
150
233
247
248
246
246
246
246
246
246
246
246
246
246
246
246
247
251
242
246
242
251
247
246
246
246
246
246
246
251
241
148
131
130
134
129
142
137
137
119
130
136
161
239
252
252
250
249
247
246
246
246
246
246
246
246
246
246
246
246
246
246
246
246
246
246
246
246
246
246
246
246
246
246
246
247
251
242
246
242
251
247
246
246
246
247
251
242
246
241
246
246
246
246
246
246
246
246
249
242
227
101
103
123
246
250
246
246
246
247
254
236
148
124
131
121
146
235
254
247
246
246
246
246
246
248
239
234
228
230
240
248
252
249
247
246
249
244
235
148
135
133
139
137
144
132
135
126
128
122
126
159
241
250
246
246
246
246
246
246
246
246
247
249
251
253
254
251
228
123
222
242
249
246
246
246
246
246
246
252
231
142
120
133
134
127
110
207
148
137
131
117
130
198
242
242
237
245
250
247
246
246
246
246
246
246
246
246
246
246
246
246
246
246
246
246
246
246
246
246
246
246
246
246
247
251
249
227
123
222
242
249
246
246
246
246
247
249
250
249
246
246
246
246
246
246
246
246
250
246
123
103
101
227
242
249
246
246
246
246
253
233
145
122
133
125
138
228
249
249
246
246
246
246
246
250
247
164
148
140
150
224
240
242
249
246
247
250
246
237
184
191
201
225
185
225
146
130
128
130
123
146
233
252
247
246
246
246
246
247
249
251
254
249
240
231
235
226
106
104
123
246
250
246
246
246
246
246
246
253
233
145
122
132
138
96
111
126
243
234
145
130
124
144
224
151
145
236
250
252
249
247
246
246
246
246
246
246
246
246
246
246
246
246
246
246
246
246
246
246
246
246
246
246
249
242
227
101
103
123
246
250
246
246
246
246
246
246
246
246
246
246
249
249
247
246
246
246
249
242
222
123
227
249
251
247
246
246
246
246
252
231
144
122
130
129
132
154
244
252
247
246
246
246
247
251
241
219
123
117
131
131
157
237
251
246
246
247
249
247
247
242
249
245
253
244
241
150
135
128
125
145
233
251
248
246
246
246
246
248
240
233
231
228
152
145
146
111
106
106
228
242
249
246
246
246
246
246
246
253
232
146
121
142
108
111
107
231
250
253
233
137
122
135
134
131
124
143
228
242
245
250
247
246
246
246
246
246
246
246
246
246
246
246
246
246
246
246
246
246
246
246
246
246
250
246
123
103
101
227
242
249
246
246
246
246
246
246
246
246
246
246
241
242
251
247
246
246
247
251
242
246
242
251
247
246
246
246
246
246
251
242
158
132
130
132
125
136
227
248
249
246
246
247
250
250
242
149
135
129
130
117
141
230
252
246
246
246
246
247
248
248
249
249
250
252
251
232
140
126
128
136
196
245
250
246
246
247
249
253
251
165
153
138
131
121
122
115
114
230
252
252
247
246
246
246
246
246
246
253
233
146
116
143
212
134
228
249
252
252
245
176
129
124
128
129
126
135
135
148
233
245
249
246
246
246
246
246
246
246
246
246
246
246
246
246
246
246
246
246
246
246
246
246
249
242
222
123
227
249
251
247
246
246
246
246
246
246
246
246
246
246
121
222
242
249
246
246
246
247
249
250
249
247
246
246
246
246
246
246
249
248
228
139
123
131
130
132
153
242
251
246
246
249
245
235
145
132
127
132
132
121
144
231
252
246
246
246
246
246
246
246
246
246
246
247
254
236
147
124
131
126
147
236
251
246
247
250
245
241
226
213
126
123
130
131
133
127
141
231
251
250
246
246
246
246
246
246
246
253
233
145
114
153
229
253
242
251
247
248
248
238
146
133
129
131
130
126
121
126
149
242
252
247
246
246
246
246
246
246
246
246
246
246
246
246
246
246
246
246
246
246
246
246
247
251
242
246
242
251
247
246
246
246
246
246
246
246
246
246
246
105
107
123
248
251
250
249
247
246
246
247
248
249
248
247
246
246
246
246
247
252
242
151
128
128
130
122
140
230
251
248
247
253
242
152
129
127
131
132
127
128
151
242
254
249
247
246
246
246
246
246
246
246
246
246
253
233
145
123
130
123
142
234
250
247
250
249
235
149
149
144
139
130
134
134
134
131
133
152
244
252
247
246
246
246
246
246
246
253
233
145
114
149
238
254
250
247
246
247
250
250
231
138
126
129
139
134
134
114
132
226
248
249
246
246
246
246
246
246
246
246
246
246
246
246
246
246
246
246
246
246
246
246
246
247
249
250
249
247
246
246
246
246
246
246
246
246
246
246
246
105
116
228
249
245
246
242
251
247
247
250
243
246
243
251
247
246
246
246
246
249
245
237
142
133
129
128
133
182
245
249
249
244
227
136
125
133
133
129
134
147
244
241
250
242
251
247
246
246
246
246
246
246
246
247
254
235
147
125
127
132
181
243
250
250
249
237
140
127
120
125
125
124
124
127
129
130
123
134
226
248
249
246
246
246
246
246
246
253
233
145
116
139
229
248
249
246
246
246
247
253
233
146
121
126
146
223
162
133
129
142
237
250
246
246
246
246
246
246
246
246
246
246
246
246
246
246
246
246
246
246
246
246
246
246
246
246
246
246
246
246
246
246
246
246
246
246
246
246
246
105
238
253
253
228
123
222
242
249
249
245
229
151
232
247
250
247
246
246
246
247
250
250
229
135
123
129
126
153
237
252
254
242
152
132
130
132
132
127
141
237
252
233
124
222
242
249
246
246
246
246
246
246
246
249
248
229
138
127
125
143
232
252
251
248
237
143
130
124
125
127
136
141
148
139
133
127
129
131
150
240
251
246
246
246
246
246
246
253
233
146
118
132
161
242
251
246
246
246
246
251
241
148
130
123
144
227
246
228
141
147
235
250
246
246
246
246
246
246
246
246
246
246
246
246
246
246
246
246
246
246
246
246
246
246
246
246
246
246
246
246
246
246
246
246
246
246
246
246
246
246
250
249
228
101
103
123
246
250
252
243
146
130
138
238
249
250
248
250
252
252
250
254
243
152
133
129
126
143
231
252
250
225
136
124
131
131
131
124
151
232
238
102
103
123
246
250
246
246
246
246
246
246
246
252
240
152
130
129
123
147
235
254
245
236
141
128
121
133
139
150
182
232
237
231
146
135
129
121
143
231
252
246
246
246
246
246
246
252
232
143
121
122
147
237
254
249
247
246
246
249
248
228
138
123
131
154
249
251
237
235
242
249
246
246
246
246
246
246
246
246
246
246
246
246
246
246
246
246
246
246
246
246
246
246
246
246
246
246
246
246
246
246
246
246
246
246
246
246
246
246
250
248
123
103
102
230
246
253
250
225
130
114
123
137
234
247
253
245
235
235
245
254
249
228
138
126
128
134
177
250
246
150
131
129
132
130
125
129
169
241
128
103
101
227
243
251
251
252
253
252
251
249
248
254
234
145
122
132
124
149
239
255
246
152
128
122
130
143
230
239
244
252
254
251
231
138
125
122
147
237
254
247
246
246
246
246
246
252
243
160
133
123
141
222
245
244
249
246
246
247
254
236
148
123
122
147
236
254
252
250
249
247
246
246
246
246
246
246
246
246
246
246
246
246
246
246
246
246
246
246
246
246
246
246
246
246
246
246
246
246
246
246
246
246
246
246
246
246
246
246
249
242
222
124
232
246
249
247
240
147
132
138
135
126
141
243
253
232
119
116
226
243
254
234
146
122
131
126
153
249
244
146
122
131
130
132
135
150
238
242
225
123
227
249
254
244
238
229
234
231
240
248
254
253
232
140
126
133
126
142
224
244
223
137
121
132
142
239
250
252
249
248
248
252
238
147
125
124
138
229
248
249
246
246
246
246
246
251
242
225
131
126
136
138
173
242
252
247
246
246
253
234
147
124
128
138
230
250
251
247
246
246
246
246
246
246
246
246
246
246
246
246
246
246
246
246
246
246
246
246
246
246
246
246
246
246
246
246
246
246
246
246
246
246
246
246
246
246
246
246
247
251
242
249
239
236
147
207
226
150
134
234
231
141
150
232
234
109
87
97
125
246
253
241
158
132
129
127
142
231
230
140
125
130
123
134
186
241
247
254
243
246
242
252
254
240
157
142
146
144
150
229
239
233
153
134
128
130
125
133
139
152
142
135
125
141
233
249
250
247
246
246
246
249
243
180
130
123
129
150
243
251
246
246
246
247
250
254
248
156
133
129
128
123
137
229
250
250
247
247
253
234
147
126
131
130
117
228
242
249
246
246
246
246
246
246
246
246
246
246
246
246
246
246
246
246
246
246
246
246
246
246
246
246
246
246
246
246
246
246
246
246
246
246
246
246
246
246
246
246
246
247
249
252
245
146
125
141
209
149
223
252
250
237
239
241
129
97
87
109
228
242
251
249
227
136
125
128
137
146
144
137
127
131
133
154
240
252
250
248
249
250
249
249
245
223
130
117
122
119
130
139
149
141
134
128
128
140
134
133
122
124
127
124
134
184
248
250
247
246
246
246
246
248
249
239
147
133
120
138
228
251
248
246
247
251
244
245
220
140
123
131
133
129
133
145
239
249
252
252
254
237
145
124
129
95
107
128
248
250
246
246
246
246
246
246
246
246
246
246
246
246
246
246
246
246
246
246
246
246
246
246
246
246
246
246
246
246
246
246
246
246
246
246
246
246
246
246
246
246
246
246
246
248
242
179
127
131
137
162
242
254
250
250
252
245
227
116
119
232
249
251
248
252
243
151
132
128
129
128
128
131
128
137
175
241
245
250
247
246
246
246
246
249
248
154
139
127
129
107
125
125
126
125
127
128
120
140
211
144
126
131
131
124
140
231
251
248
246
246
246
246
246
246
249
248
231
138
122
135
185
246
250
248
251
249
231
129
141
136
129
131
129
129
125
131
151
242
243
244
235
191
139
127
108
97
108
221
245
249
246
246
246
246
246
246
246
246
246
246
246
246
246
246
246
246
246
246
246
246
246
246
246
246
246
246
246
246
246
246
246
246
246
246
246
246
246
246
246
246
246
246
246
248
252
230
140
118
129
225
245
254
249
247
247
251
245
235
235
245
251
247
246
249
247
227
135
124
132
133
133
133
124
139
231
252
249
247
246
246
246
246
246
248
245
223
131
116
97
98
103
129
132
134
129
138
136
165
232
170
128
130
131
135
161
245
252
246
246
246
246
246
246
246
247
254
233
144
121
128
138
231
247
251
242
227
106
97
99
131
129
139
134
135
122
126
130
149
226
155
144
138
133
129
127
98
140
234
254
247
246
246
246
246
246
246
246
246
246
246
246
246
246
246
246
246
246
246
246
246
246
246
246
246
246
246
246
246
246
246
246
246
246
246
246
246
246
246
246
246
246
246
246
246
253
228
123
116
138
149
232
241
242
249
246
247
250
252
252
250
247
246
246
247
253
247
156
133
129
133
134
129
133
154
246
252
246
246
246
246
246
246
246
247
252
242
163
107
111
111
140
137
129
133
126
142
221
248
240
198
132
126
127
133
227
245
252
247
246
246
246
246
246
246
246
251
241
151
131
125
127
149
240
254
246
123
111
97
136
128
126
144
220
158
135
130
118
133
131
133
124
128
130
133
127
130
148
241
252
246
246
246
246
246
246
246
246
246
246
246
246
246
246
246
246
246
246
246
246
246
246
246
246
246
246
246
246
246
246
246
246
246
246
246
247
250
252
250
246
246
246
246
246
246
253
239
130
120
119
131
133
157
237
251
246
246
246
246
246
246
246
246
246
247
253
244
223
107
125
133
133
124
105
217
238
251
246
246
246
246
246
246
246
246
249
243
240
218
130
226
224
137
120
130
124
151
241
255
252
241
151
132
126
136
147
238
245
249
246
246
246
246
246
246
246
249
248
229
137
124
120
144
234
254
243
222
130
210
142
126
124
154
237
254
229
153
133
128
120
127
130
132
130
132
126
138
226
247
249
246
246
246
246
246
246
246
246
246
246
246
246
246
246
246
246
246
246
246
246
246
246
246
246
246
246
246
246
246
246
246
246
246
247
250
253
244
228
223
246
246
246
246
246
246
252
239
218
116
106
127
107
139
236
254
250
247
246
246
246
246
246
246
246
250
245
235
117
108
107
131
129
99
113
133
250
250
246
246
246
246
246
246
246
246
247
249
253
244
249
250
247
161
136
137
123
139
231
251
253
250
229
137
124
126
126
145
238
252
246
246
246
246
246
246
246
247
254
235
145
123
125
138
229
250
253
243
253
241
162
134
124
142
224
253
245
249
229
154
138
134
124
126
122
133
158
165
239
252
247
246
246
246
246
246
246
246
246
246
246
246
246
246
246
246
246
246
246
246
246
246
246
246
246
246
246
246
246
246
246
247
250
252
254
245
233
221
129
138
246
246
246
246
246
246
252
243
146
141
213
137
106
137
206
238
245
254
254
252
250
247
246
246
246
252
242
125
100
99
129
131
109
98
110
225
248
250
246
246
246
246
246
246
246
246
246
246
247
249
250
250
243
241
219
139
121
133
143
238
248
254
244
161
131
127
121
143
231
253
246
246
246
246
246
246
246
246
251
240
155
129
124
130
150
242
252
251
249
238
218
135
126
137
138
154
240
254
254
243
227
148
139
139
131
154
228
244
242
249
246
246
246
246
246
246
246
246
246
246
246
246
246
246
246
246
246
246
246
246
246
246
246
246
246
246
246
247
250
252
254
254
245
231
218
222
131
131
219
225
246
246
246
246
246
246
252
230
134
138
228
248
218
132
128
136
222
219
217
231
245
254
254
254
254
255
233
135
99
126
132
130
126
102
138
235
253
251
247
246
246
246
246
246
246
246
246
246
246
246
246
247
249
253
246
155
128
120
128
161
240
253
248
227
136
123
123
149
236
254
247
246
246
246
246
246
246
246
249
245
237
143
133
119
138
229
252
253
241
163
145
141
129
130
123
129
151
233
243
229
127
219
219
155
223
243
246
252
248
247
246
246
246
246
246
246
246
246
246
246
246
246
246
246
246
246
246
246
246
246
246
247
250
252
254
254
254
254
245
231
217
219
222
133
134
133
221
233
244
252
246
246
246
246
246
247
254
232
147
142
244
254
245
234
220
223
133
136
136
133
222
219
218
218
222
227
176
137
129
133
147
144
143
128
134
144
237
245
249
246
246
246
246
246
246
246
246
246
246
246
246
246
246
249
246
236
143
132
120
147
236
254
253
243
151
131
122
138
229
249
249
246
246
246
246
246
246
246
247
250
251
231
139
122
133
182
247
250
226
134
121
131
131
132
130
129
135
140
145
103
111
131
245
251
244
252
249
247
246
246
246
246
246
246
246
246
246
246
246
246
246
246
246
246
247
250
252
254
254
254
254
254
245
231
217
218
218
219
222
133
136
136
133
222
218
231
244
253
250
247
246
246
246
246
246
249
248
222
143
222
249
250
250
252
254
245
231
217
219
222
133
136
137
139
140
130
134
125
125
122
129
198
132
126
129
131
154
248
254
254
254
252
250
247
246
246
246
246
246
246
247
249
250
249
251
250
232
139
119
138
228
247
251
247
227
136
122
130
154
243
253
247
246
246
246
246
246
246
246
247
254
236
149
122
124
146
243
249
152
131
129
131
132
131
131
132
132
125
99
102
114
235
248
252
248
247
246
246
246
246
246
246
246
246
246
247
250
252
254
254
254
254
254
254
254
246
235
225
227
226
222
221
222
133
136
137
137
136
133
222
219
217
231
245
254
252
250
247
246
246
246
246
246
246
247
252
243
140
143
231
254
247
246
246
247
250
252
254
254
245
231
217
219
224
217
176
105
107
107
114
131
137
127
128
123
118
131
213
227
219
217
231
245
254
254
254
254
254
254
254
254
246
249
246
254
255
245
155
123
130
149
241
252
252
245
160
131
120
135
227
247
249
246
246
246
246
246
246
246
246
252
235
150
124
121
151
236
238
135
123
129
127
129
129
130
129
132
133
125
110
218
245
254
254
254
254
254
254
254
254
254
254
254
254
254
254
245
231
218
222
226
227
226
222
222
228
132
127
111
123
130
138
133
222
219
218
218
217
231
245
254
254
252
250
247
246
246
246
246
246
246
246
246
246
249
248
223
133
141
239
251
246
246
246
246
246
246
246
247
250
252
254
254
254
245
147
129
125
118
131
215
235
200
116
105
108
113
126
140
143
137
133
222
219
218
218
218
218
219
222
230
217
128
212
223
224
210
135
122
122
148
239
255
254
254
238
145
126
134
155
249
254
254
254
254
254
254
254
254
254
254
253
185
139
125
147
225
154
136
131
137
145
158
194
159
142
134
135
132
141
140
153
223
231
228
226
224
221
219
218
218
218
218
218
218
219
222
134
142
136
128
111
123
130
141
129
200
86
85
106
214
221
231
245
254
254
254
254
252
250
247
246
246
246
246
246
246
246
246
246
246
246
246
247
253
242
146
137
227
249
249
246
246
246
246
246
246
246
246
246
246
248
250
240
156
132
129
131
134
157
250
255
237
144
118
125
120
122
206
216
223
222
133
136
137
137
137
137
140
130
124
96
111
118
142
140
137
125
129
118
135
215
228
220
226
213
129
118
118
132
216
230
221
219
218
218
218
218
218
218
221
220
210
127
118
133
129
131
120
123
123
154
208
213
205
128
116
117
117
118
116
108
117
127
124
123
132
137
142
138
137
137
137
137
137
136
133
225
214
197
85
85
106
214
225
231
120
114
109
237
251
254
252
250
247
246
246
246
246
246
246
246
246
246
246
246
246
246
246
246
246
246
247
251
250
225
103
134
234
254
247
246
246
246
246
246
246
246
246
246
247
251
246
196
135
126
131
128
139
229
248
253
242
164
131
128
131
137
161
253
255
248
232
217
218
218
218
218
222
214
103
94
106
217
223
219
229
217
119
102
113
124
137
141
140
136
124
112
105
115
118
135
136
142
138
137
137
137
137
137
138
144
129
118
101
106
105
107
109
108
117
131
146
149
139
132
123
125
126
117
111
120
119
118
117
114
129
207
220
223
219
218
218
218
218
217
231
249
254
133
113
109
237
251
254
250
226
124
227
249
251
247
246
246
246
246
246
246
246
246
246
246
246
246
246
246
246
246
246
246
246
246
249
242
229
110
94
115
231
253
246
246
246
246
246
246
246
246
246
246
248
250
237
152
129
130
131
122
144
234
254
250
247
237
145
133
128
124
138
219
245
246
254
254
254
254
254
254
254
251
230
126
230
251
254
254
255
239
145
119
117
130
209
224
219
226
214
133
118
123
117
119
206
217
221
218
218
218
218
218
218
222
219
131
118
126
128
133
123
120
133
214
226
219
221
224
226
228
231
226
141
131
131
133
134
134
142
161
250
254
254
254
254
254
254
254
252
251
244
222
123
227
249
251
249
251
242
246
242
251
247
246
246
246
246
246
246
246
246
246
246
246
246
246
246
246
246
246
246
246
246
246
250
250
131
106
95
145
239
252
246
246
246
246
246
246
246
246
246
246
250
243
195
135
127
132
131
130
150
240
251
247
250
250
230
139
126
130
137
136
154
237
250
248
246
246
246
246
247
251
242
246
242
251
248
251
246
197
139
129
125
152
242
255
254
254
250
165
135
131
132
138
168
250
254
254
254
254
254
254
254
254
252
238
148
155
223
147
128
126
153
242
255
254
254
254
254
254
254
252
240
146
132
129
132
130
127
131
146
235
245
249
246
246
246
246
246
247
251
242
246
242
251
247
246
247
249
250
249
247
246
246
246
246
246
246
246
246
246
246
246
246
246
246
246
246
246
246
246
246
246
246
251
239
216
99
130
229
250
249
246
246
246
246
246
246
246
246
246
247
253
239
148
128
129
133
126
139
228
249
249
246
247
254
235
145
123
130
129
122
132
196
250
253
250
247
246
246
246
247
249
250
249
247
248
247
233
141
130
130
123
146
233
253
246
249
249
229
139
126
132
123
146
235
253
247
246
246
246
246
246
247
250
246
237
247
231
151
123
123
147
233
253
246
246
246
246
246
247
250
250
243
147
137
127
132
130
127
128
152
243
252
247
246
246
246
246
246
247
249
250
249
247
246
246
246
246
246
246
246
246
246
246
246
246
246
246
246
246
246
246
246
246
246
246
246
246
246
246
246
246
246
252
245
159
125
145
238
254
247
246
246
246
246
246
246
246
246
246
249
248
228
136
125
132
131
121
144
234
253
247
246
246
250
240
156
128
127
132
129
131
143
227
243
248
254
249
247
246
246
246
246
246
246
250
241
160
129
129
133
122
146
233
253
246
247
254
235
145
122
132
126
138
228
249
249
246
246
246
246
246
246
247
249
250
254
237
146
122
123
146
234
253
247
246
246
246
246
246
248
254
248
224
105
135
132
136
126
122
136
227
249
250
247
246
246
246
246
246
246
246
246
246
246
246
246
246
246
246
246
246
246
246
246
246
246
246
246
246
246
246
246
246
246
246
246
246
246
246
246
246
246
252
231
145
113
146
233
253
246
246
246
246
246
246
246
246
246
247
252
244
154
132
129
133
128
128
148
240
251
246
246
246
249
245
236
141
130
129
128
105
128
121
151
227
241
244
253
250
250
250
250
252
253
255
239
146
123
130
131
121
143
231
253
246
246
251
242
155
130
129
129
130
150
241
251
246
246
246
246
246
246
246
246
246
252
231
143
120
124
143
234
252
248
246
246
246
246
246
249
243
230
109
106
121
229
149
131
124
131
149
237
249
247
246
246
246
246
246
246
246
246
246
246
246
246
246
246
246
246
246
246
246
246
246
246
246
246
246
246
246
246
246
246
246
246
246
246
246
246
246
246
252
231
142
109
144
231
253
246
246
246
246
246
246
246
246
246
249
247
227
135
123
131
130
129
141
232
246
249
246
246
246
247
250
248
237
141
131
121
105
101
103
127
136
152
239
241
251
237
253
240
243
230
239
224
140
125
133
130
131
157
241
251
246
246
249
247
226
134
124
130
120
143
231
252
246
246
246
246
246
246
246
246
246
251
240
151
131
124
137
197
248
251
247
246
246
246
246
250
246
123
105
104
236
246
242
144
132
122
142
201
252
249
246
246
246
246
246
246
246
246
246
246
246
246
246
246
246
246
246
246
246
246
246
246
246
246
246
246
246
246
246
246
246
246
246
246
246
246
246
246
252
244
152
133
152
245
252
246
246
246
246
246
246
246
246
247
252
244
153
131
130
132
127
135
197
248
251
247
246
246
246
246
247
250
249
238
144
131
112
109
108
107
122
128
147
224
161
219
168
222
153
142
148
142
136
129
132
125
140
229
248
249
246
246
247
252
244
150
131
129
123
146
233
253
246
246
246
246
246
246
246
246
246
249
249
228
139
123
130
142
236
251
252
249
247
246
246
249
242
222
123
227
250
254
252
233
142
121
133
224
246
250
246
246
246
246
246
246
246
246
246
246
246
246
246
246
246
246
246
246
246
246
246
246
246
246
246
246
246
246
246
246
246
246
246
246
246
246
246
246
253
244
218
103
213
238
251
246
246
246
246
246
246
246
246
249
247
226
136
123
131
130
129
150
236
250
248
246
246
246
246
246
246
247
250
250
231
136
124
129
111
108
108
123
135
130
142
126
142
129
132
120
123
127
129
130
128
124
146
237
252
247
246
246
246
249
248
228
136
124
118
140
230
252
246
246
246
246
246
246
246
246
246
247
254
234
144
122
127
132
145
230
243
246
250
247
246
247
251
242
246
242
251
250
253
237
150
119
108
147
241
252
246
246
246
246
246
246
246
246
246
246
246
246
246
246
246
246
246
246
246
246
246
246
246
246
246
246
246
246
246
246
246
246
246
246
246
246
246
246
243
230
107
111
129
250
250
246
246
246
246
246
246
246
246
251
241
150
130
129
132
126
133
194
246
251
247
246
246
246
246
246
246
246
247
252
237
148
128
131
128
114
106
107
119
123
124
127
128
128
130
132
133
132
131
127
133
136
189
240
249
246
246
246
246
247
254
233
140
124
132
157
237
251
246
246
246
246
246
246
246
246
246
246
251
240
150
130
128
127
134
137
154
238
250
253
250
247
247
249
250
249
248
251
248
197
133
98
93
118
231
253
246
246
246
246
246
246
246
246
246
246
246
246
246
246
246
246
246
246
246
246
246
246
246
246
246
246
246
246
246
246
246
246
246
246
246
246
246
246
246
123
103
101
227
242
249
246
246
246
246
246
246
246
246
252
231
142
121
131
130
133
148
240
250
248
246
246
246
246
246
246
246
246
246
249
243
179
127
121
119
134
165
132
145
140
129
121
123
125
129
133
132
129
123
128
142
232
243
246
248
246
246
246
246
246
251
237
151
146
226
240
242
249
246
246
246
246
246
246
246
246
246
246
249
248
226
134
124
131
130
124
131
147
227
243
245
251
247
246
247
249
252
250
236
139
105
102
94
141
232
254
246
246
246
246
246
246
246
246
246
246
246
246
246
246
246
246
246
246
246
246
246
246
246
246
246
246
246
246
246
246
246
246
246
246
246
246
246
246
242
222
123
227
249
251
247
246
246
246
246
246
246
246
246
253
232
145
122
133
127
138
230
250
250
247
246
246
246
246
246
246
246
246
246
248
249
235
155
143
141
156
231
239
234
229
149
142
148
138
130
121
122
131
135
152
235
249
250
248
246
246
246
246
246
246
249
242
235
237
248
252
249
247
246
246
246
246
246
246
246
246
246
246
247
252
243
151
126
122
125
128
128
136
134
126
232
250
254
253
254
249
243
230
144
131
124
107
117
144
232
252
246
246
246
246
246
246
246
246
246
246
246
246
246
246
246
246
246
246
246
246
246
246
246
246
246
246
246
246
246
246
246
246
246
246
246
246
246
246
251
242
246
242
251
247
246
246
246
246
246
246
246
246
246
252
230
138
115
122
115
141
233
254
247
246
246
246
246
246
246
246
246
246
246
246
248
244
238
231
230
239
247
254
254
247
241
231
237
227
148
141
145
156
227
243
245
250
247
246
246
246
246
246
246
246
247
249
250
250
249
247
246
246
246
246
246
246
246
246
246
246
246
246
246
249
245
233
150
145
140
135
125
126
95
101
118
231
237
233
237
228
152
136
133
129
132
129
132
158
246
252
247
246
246
246
246
246
246
246
246
246
246
246
246
246
246
246
246
246
246
246
246
246
246
246
246
246
246
246
246
246
246
246
246
246
246
246
246
246
247
249
250
249
247
246
246
246
246
246
246
246
246
246
246
251
237
154
139
146
140
152
236
251
246
246
246
246
246
246
246
246
246
246
246
246
247
249
251
252
252
251
249
247
247
249
251
252
254
249
240
231
232
241
247
252
249
247
246
246
246
246
246
246
246
246
246
246
246
246
246
246
246
246
246
246
246
246
246
246
246
246
246
246
246
247
250
246
239
234
231
144
131
103
102
99
130
138
148
146
148
138
132
125
130
131
132
125
145
223
247
245
251
249
249
250
249
247
246
246
246
246
246
246
246
246
246
246
246
246
246
246
246
246
246
246
246
246
246
246
246
246
246
246
246
246
246
246
246
246
246
246
246
246
246
246
246
246
246
246
246
246
246
246
246
249
242
236
230
233
229
237
241
249
246
246
246
246
246
246
247
249
250
249
247
246
246
246
246
246
246
246
246
246
246
246
246
246
247
249
251
252
252
251
249
247
246
246
246
246
246
246
246
246
246
246
246
246
246
246
246
246
246
246
246
246
246
246
246
246
246
246
246
246
246
246
247
249
251
254
251
239
139
123
97
119
121
122
121
121
124
126
129
133
134
128
105
130
152
224
131
223
244
253
242
246
242
251
247
246
246
246
246
246
246
246
246
246
246
246
246
246
246
246
246
246
246
246
246
246
246
246
246
246
246
246
246
246
246
246
246
246
246
246
246
246
246
246
246
246
246
246
246
246
246
247
249
251
252
253
252
251
249
247
246
246
246
246
246
247
251
242
246
242
251
247
246
246
246
246
246
246
246
246
246
246
246
246
246
246
246
246
246
246
246
246
246
246
246
246
246
246
246
246
246
246
246
246
246
246
246
246
246
246
246
246
246
246
246
246
246
246
246
246
246
246
246
246
246
247
250
249
237
146
143
144
149
139
130
121
122
123
123
123
121
96
104
113
216
101
107
124
251
251
227
123
222
242
249
246
246
246
246
246
246
246
246
246
246
246
246
246
246
246
246
246
246
246
246
246
246
246
246
246
246
246
246
246
246
246
246
246
246
246
246
246
246
246
246
246
246
246
246
246
246
246
246
246
246
246
246
246
246
246
246
246
246
246
247
251
249
227
123
222
242
249
246
246
246
246
246
246
246
246
246
246
246
246
246
246
246
246
246
246
246
246
246
246
246
246
246
246
246
246
246
246
246
246
246
246
246
246
246
246
246
246
246
246
246
246
246
246
246
246
246
246
246
246
246
246
247
250
244
240
231
233
236
228
148
142
147
145
147
149
112
107
114
233
124
109
102
230
238
230
101
103
123
246
250
246
246
246
246
246
246
246
246
246
246
246
246
246
246
246
246
246
246
246
246
246
246
246
246
246
246
246
246
246
246
246
246
246
246
246
246
246
246
246
246
246
246
246
246
246
246
246
246
246
246
246
246
246
246
246
246
246
246
246
247
248
237
116
107
121
241
249
246
246
246
246
246
246
246
246
246
246
246
246
246
246
246
246
246
246
246
246
246
246
246
246
246
246
246
246
246
246
246
246
246
246
246
246
246
246
246
246
246
246
246
246
246
246
246
246
246
246
246
246
246
246
246
247
249
252
253
254
254
247
241
230
232
232
234
235
217
124
228
242
226
120
225
250
248
126
102
102
222
241
249
246
246
246
246
246
246
246
246
246
246
246
246
246
246
246
246
246
246
246
246
246
246
246
246
246
246
246
246
246
246
246
246
246
246
246
246
246
246
246
246
246
246
246
246
246
246
246
246
246
246
246
246
246
246
246
246
246
246
246
246
246
105
105
105
246
246
246
246
246
246
246
246
246
246
246
246
246
246
246
246
246
246
246
246
246
246
246
246
246
246
246
246
246
246
246
246
246
246
246
246
246
246
246
246
246
246
246
246
246
246
246
246
246
246
246
246
246
246
246
246
246
246
246
246
246
246
246
246
246
246
246
246
246
246
246
246
246
246
246
246
246
246
246
246
246
105
246
246
246
246
246
246
246
246
246
246
246
246
246
246
246
246
246
246
246
246
246
246
246
246
246
246
246
246
246
246
246
246
246
246
