244
244
244
244
244
244
244
244
244
244
244
244
244
244
244
244
244
244
244
244
244
244
244
244
244
244
244
244
244
244
244
244
244
244
244
244
244
244
244
244
244
244
244
244
244
244
244
251
169
122
212
248
244
244
98
98
98
244
244
244
244
244
244
244
244
244
244
244
244
244
244
244
244
244
244
244
244
244
244
244
244
244
244
244
244
244
244
244
244
244
244
244
244
244
244
244
244
244
244
244
244
244
98
98
98
244
244
244
244
244
244
244
244
244
244
244
244
244
244
244
244
244
244
244
244
244
244
244
244
244
244
244
244
244
244
244
244
244
244
244
244
244
244
244
244
244
244
244
244
244
244
244
244
244
244
244
244
244
244
244
244
244
244
244
244
244
244
244
244
244
244
244
244
244
244
244
244
244
244
244
244
244
244
245
245
238
183
128
137
196
247
248
244
244
244
249
245
184
129
132
206
249
248
246
229
132
229
246
246
244
244
244
244
244
244
244
244
244
244
244
244
244
244
244
244
244
244
244
244
244
244
244
244
244
244
244
244
244
244
244
244
244
244
244
244
244
244
244
244
244
246
246
229
132
229
246
246
244
244
244
244
244
244
244
244
244
244
244
244
244
244
244
244
244
244
244
244
244
244
244
244
244
244
246
251
246
222
112
216
239
247
244
244
244
244
244
244
244
244
244
244
244
244
244
244
244
244
244
244
244
244
244
244
244
244
244
244
244
246
247
248
247
246
244
244
244
244
244
244
244
244
244
244
246
252
204
139
119
120
188
247
250
244
244
244
251
244
174
118
129
205
251
249
251
241
245
241
251
246
244
244
244
244
244
244
244
244
244
244
244
244
244
244
244
244
244
244
244
244
244
244
244
244
244
244
244
244
244
244
244
244
244
244
244
244
244
244
244
244
244
246
251
241
245
241
251
246
244
244
244
244
244
244
244
244
244
244
244
244
244
244
244
244
246
247
248
247
246
244
244
244
244
244
247
241
225
94
96
116
245
248
244
244
244
244
244
244
244
244
244
244
244
244
244
244
244
244
244
244
244
244
244
244
244
244
244
244
246
251
241
245
242
252
251
251
249
247
245
244
244
244
244
244
245
247
239
184
121
126
191
248
250
244
244
244
251
247
180
120
130
207
251
247
245
247
248
247
246
244
244
244
244
244
244
244
244
244
244
244
244
244
244
244
244
244
244
244
244
244
244
244
244
244
244
244
244
244
244
244
244
244
244
244
244
244
244
244
244
244
244
244
246
247
248
247
246
244
244
244
244
244
244
244
244
244
244
244
244
244
244
244
244
246
251
241
245
241
251
246
244
244
244
244
248
245
116
96
94
225
241
247
244
244
244
244
244
244
244
244
244
244
244
244
244
244
244
244
244
244
244
244
244
244
244
244
244
246
251
247
226
120
224
238
237
228
238
243
247
244
244
244
244
244
244
251
251
195
126
127
192
249
250
244
244
246
248
240
169
118
131
205
249
247
244
244
244
244
244
244
244
244
244
244
244
244
244
244
244
244
244
244
244
244
244
244
244
244
244
244
244
244
244
244
244
244
244
244
244
244
244
244
244
244
244
244
244
244
244
244
244
244
244
244
244
244
244
244
244
244
244
244
244
244
244
244
244
244
244
244
244
244
246
251
247
225
116
219
241
247
244
244
244
244
247
241
219
116
225
247
251
246
244
244
244
244
244
244
244
244
244
244
244
244
244
244
244
244
244
244
244
244
244
244
244
244
244
248
243
229
100
97
111
205
146
140
182
246
250
244
244
244
244
244
244
250
249
191
124
124
191
249
250
244
244
249
249
184
133
126
144
215
251
246
244
244
244
244
244
244
244
244
244
244
244
244
244
244
244
244
244
244
244
244
244
244
244
244
244
244
244
244
244
244
244
244
244
244
244
244
244
244
244
244
244
244
244
244
244
244
244
244
244
244
244
244
244
244
244
244
244
244
244
244
244
244
244
244
244
244
244
244
247
241
225
94
96
116
245
248
244
244
244
244
246
251
241
245
241
251
246
244
244
244
244
244
244
244
244
244
244
244
244
244
244
244
244
244
244
244
244
244
244
244
244
244
245
251
238
117
92
87
128
130
130
118
168
242
251
244
244
244
244
244
244
250
249
191
125
124
192
249
250
244
244
251
244
175
121
124
202
248
251
248
246
244
244
244
244
244
244
244
244
244
244
244
244
244
244
244
244
244
244
244
244
244
244
244
244
244
244
244
244
244
244
244
244
244
244
244
244
244
246
248
251
251
251
250
247
245
244
244
244
244
244
244
244
244
244
244
244
244
244
244
244
244
244
244
244
244
244
244
248
245
116
96
94
225
241
247
244
244
244
244
244
246
247
248
247
246
244
244
244
244
244
244
244
244
244
244
244
244
244
244
244
244
244
244
244
244
244
244
244
244
246
247
249
252
216
134
91
127
129
128
121
120
168
242
251
244
244
244
244
244
244
250
249
192
125
124
192
249
250
244
244
251
247
179
119
129
211
247
249
241
251
246
244
244
244
244
244
244
244
244
244
244
244
244
244
244
244
244
244
245
247
249
249
247
245
244
244
244
244
244
244
244
244
244
244
244
246
249
251
245
237
228
231
242
250
251
249
247
245
244
244
244
244
244
244
244
244
244
244
244
244
244
244
244
244
244
244
244
247
241
219
116
225
247
251
246
244
244
244
244
244
244
244
244
244
244
244
244
244
244
244
244
244
244
244
244
244
244
244
244
244
244
244
244
244
244
244
244
244
246
251
240
247
249
224
137
125
131
141
144
145
142
182
246
249
244
244
244
244
244
244
250
249
191
124
124
192
250
250
244
245
251
245
175
127
141
214
231
119
219
241
247
244
244
244
244
244
244
244
244
244
244
244
244
244
244
245
248
250
252
247
238
237
243
249
245
244
244
244
244
244
244
244
244
244
246
249
242
240
212
147
142
143
171
233
235
241
248
251
247
245
244
244
244
244
244
244
244
244
244
244
244
244
244
245
246
247
247
247
251
241
245
241
251
246
244
244
244
244
244
244
244
244
244
244
244
244
244
244
244
244
244
244
244
244
244
244
244
244
244
244
244
244
244
244
244
244
244
246
251
247
225
118
223
207
137
124
130
163
232
234
229
238
243
247
244
244
244
244
244
244
250
249
190
123
125
192
248
250
243
248
249
215
148
124
188
223
97
98
116
245
248
244
244
244
244
244
244
244
244
244
244
244
244
244
245
249
243
237
233
228
156
147
232
243
247
244
244
244
244
244
244
244
244
246
249
246
218
140
135
131
122
124
134
141
144
171
234
242
246
249
244
244
244
244
244
244
244
244
244
244
244
244
244
249
245
243
242
247
251
251
252
251
251
249
248
247
246
244
244
244
244
244
244
244
244
244
244
244
244
244
244
244
244
244
244
244
244
244
244
244
244
244
244
244
244
244
244
247
241
225
93
100
119
185
141
122
144
198
252
253
251
249
247
245
244
244
244
244
244
244
250
249
191
125
127
195
251
251
244
251
250
181
131
144
215
124
101
94
225
241
247
244
244
244
244
244
244
244
244
244
244
244
244
245
249
247
236
152
146
141
132
126
150
241
251
245
244
244
244
244
244
244
246
249
249
224
140
126
122
125
125
124
122
121
124
132
138
176
241
245
247
244
244
244
244
244
244
244
244
244
244
244
246
246
239
174
196
247
251
239
239
237
248
238
244
243
248
246
244
244
244
244
244
244
244
244
244
244
244
244
244
244
244
244
244
244
244
244
244
244
244
244
244
244
244
244
244
248
245
116
96
97
229
207
134
121
165
243
252
247
244
244
244
244
244
244
244
244
244
244
250
249
192
127
123
187
243
248
248
248
238
168
116
187
229
221
117
225
247
251
246
244
244
244
244
244
244
244
244
244
244
245
247
251
249
240
148
129
124
127
129
124
137
226
245
247
244
244
244
244
244
244
247
242
226
157
130
125
135
142
151
147
147
138
132
125
124
131
179
249
249
244
244
244
244
244
244
244
244
244
244
244
250
251
186
133
131
201
238
172
142
204
176
205
167
209
241
247
245
244
244
244
244
246
247
248
247
246
244
244
244
244
244
244
244
244
244
244
244
244
244
244
244
244
244
244
244
247
241
219
116
229
252
226
138
118
160
237
248
247
244
246
247
248
247
246
244
244
244
244
250
249
192
129
124
140
201
250
251
249
186
132
132
146
226
248
246
241
251
246
244
244
244
244
244
244
244
244
244
245
247
251
246
242
231
150
134
129
132
133
133
129
139
161
244
247
244
244
244
244
244
245
251
225
140
128
129
134
164
236
235
232
236
208
137
130
124
126
174
244
252
244
244
244
244
244
244
244
244
244
244
246
246
236
169
119
129
140
141
132
132
130
142
132
134
139
220
252
247
244
244
244
246
251
241
245
241
251
246
244
244
244
244
244
244
244
244
244
244
244
244
244
244
244
244
244
244
246
251
241
245
244
252
210
130
123
143
183
252
247
245
251
241
245
241
251
246
244
244
244
250
249
191
132
120
129
191
248
253
247
180
122
122
193
243
250
248
247
246
244
244
244
244
244
244
244
245
247
250
252
248
243
230
158
138
135
128
130
131
132
133
125
133
192
242
247
244
244
244
244
244
245
251
215
133
120
128
157
241
252
252
252
252
249
211
136
129
126
175
245
251
244
244
244
244
244
244
244
244
244
244
246
251
194
142
131
128
129
129
130
132
131
130
130
123
126
205
243
248
244
244
246
251
247
225
116
219
241
247
244
244
244
244
244
244
244
244
244
244
244
244
244
244
244
244
244
244
244
246
247
250
250
223
139
128
123
159
235
246
248
251
247
225
116
219
241
247
244
244
244
250
249
191
130
121
130
192
251
252
240
174
121
132
206
251
250
244
244
244
244
244
244
244
244
245
245
249
242
237
232
231
164
138
133
123
123
136
138
141
131
131
134
152
239
248
246
244
244
244
244
244
245
252
220
138
123
128
167
245
252
244
244
246
250
247
204
129
123
161
226
250
247
244
244
244
244
244
244
244
244
244
246
249
241
175
128
130
132
129
127
127
129
133
133
132
131
141
220
251
245
244
247
241
225
94
96
116
245
248
244
244
244
244
244
244
244
244
244
244
244
244
244
244
244
244
244
244
244
244
244
246
249
225
150
126
124
170
245
252
247
240
225
94
96
116
245
248
244
244
244
250
249
190
131
122
132
194
251
252
193
140
121
127
199
249
248
244
244
244
244
244
244
244
244
246
242
251
243
170
146
142
134
126
127
136
141
152
214
140
129
126
139
227
247
248
245
244
244
244
244
244
247
252
223
141
124
127
163
242
251
244
244
244
249
252
211
138
122
144
198
247
249
244
244
244
244
244
244
244
244
244
247
250
243
178
127
125
133
139
147
143
139
130
132
134
124
132
210
251
246
244
248
245
116
96
94
225
241
247
244
244
244
244
244
244
244
244
244
244
244
244
244
244
244
244
244
244
246
248
251
251
252
252
216
133
122
170
246
253
252
250
121
100
95
225
241
247
244
244
244
250
249
190
131
122
132
195
251
243
171
122
124
133
206
251
247
244
244
244
244
244
245
247
250
253
247
215
218
148
122
126
128
127
125
140
224
239
152
138
128
133
155
242
251
245
244
244
244
244
244
244
246
244
213
132
125
126
162
241
251
244
244
244
249
251
211
137
121
130
179
245
250
244
244
244
244
244
244
244
244
244
250
251
190
133
129
136
151
207
237
237
171
147
137
133
125
138
214
251
246
244
247
241
219
116
225
247
251
246
244
244
244
244
244
244
244
244
244
244
244
244
244
244
244
244
244
244
247
239
234
228
234
239
210
134
124
172
240
243
233
236
213
114
220
249
251
246
244
244
244
250
249
190
130
123
132
197
250
192
132
129
134
203
244
247
246
244
244
244
245
247
251
247
240
235
229
163
137
137
130
125
131
137
159
199
246
223
143
126
130
144
231
244
248
244
244
244
244
244
244
244
249
238
154
137
127
129
164
244
252
244
244
244
249
245
202
132
124
136
186
248
249
244
244
244
244
244
244
244
244
246
249
242
173
123
133
199
242
246
252
251
249
191
145
132
123
137
213
251
247
244
246
251
241
245
241
251
246
244
244
244
244
244
244
244
244
244
244
244
244
244
244
244
244
244
244
245
249
222
146
139
146
149
141
136
128
167
209
151
142
183
197
179
237
251
245
244
244
244
244
250
248
191
132
121
132
199
247
184
120
122
196
246
250
246
244
244
244
244
247
242
241
232
166
145
139
133
123
121
131
136
145
221
240
242
236
156
135
123
134
194
245
251
245
244
244
244
244
244
244
244
246
242
210
128
123
128
158
239
250
249
246
250
252
222
148
128
126
163
228
250
247
244
244
244
244
244
244
244
244
249
251
208
145
126
196
249
252
249
246
248
252
242
167
128
122
136
213
251
247
244
244
246
247
248
247
246
244
244
244
244
244
244
244
244
244
244
244
244
244
244
244
244
244
244
244
245
249
224
135
122
121
125
129
132
132
140
136
131
124
133
132
180
242
251
244
244
244
244
244
250
249
191
132
122
132
199
248
186
121
130
204
251
250
244
244
244
244
244
250
244
178
139
132
120
129
128
140
139
153
219
243
246
255
250
167
134
127
132
148
237
249
246
244
244
244
244
244
244
244
244
246
251
229
142
131
130
135
164
245
252
252
246
241
198
129
119
123
174
244
251
244
244
244
244
244
244
244
244
245
247
240
177
122
124
194
244
248
245
244
244
251
245
171
129
122
137
213
251
247
244
244
244
244
244
244
244
244
244
244
244
244
244
244
244
244
244
244
244
244
244
244
244
244
244
244
244
247
243
210
126
121
127
130
131
132
132
128
128
130
125
123
172
244
251
244
244
244
244
244
250
248
193
133
121
131
200
251
187
126
143
213
251
247
244
244
244
244
244
251
239
163
123
126
133
143
217
173
209
240
241
254
251
248
230
138
126
124
135
224
246
248
245
244
244
244
244
244
244
244
246
248
251
251
220
133
128
130
133
161
236
238
210
147
137
134
134
142
187
247
250
244
244
244
244
244
244
244
244
248
253
210
152
128
129
149
216
251
245
244
244
252
246
174
131
123
138
213
251
247
244
244
244
244
244
244
244
244
244
244
244
244
244
244
244
244
244
244
244
244
244
244
244
244
244
244
244
246
252
227
152
144
151
142
136
128
130
137
132
133
128
128
176
239
251
244
244
244
244
244
250
249
190
132
122
133
197
244
177
121
190
246
249
244
244
244
244
244
244
251
242
167
127
127
135
222
251
251
224
124
223
242
252
246
161
135
128
133
152
240
251
245
244
244
244
244
244
246
247
251
252
246
240
238
215
139
129
133
130
137
145
150
137
130
121
123
163
231
242
243
247
244
244
244
244
244
244
244
246
244
237
226
169
122
126
191
241
247
244
244
248
247
238
165
128
123
137
214
251
247
244
244
244
244
244
244
244
244
244
244
244
244
244
244
244
244
244
244
244
244
244
244
244
244
244
244
244
244
247
239
234
231
236
208
134
126
135
172
213
145
172
202
181
243
250
244
244
244
244
244
250
249
193
133
122
139
203
201
138
128
198
251
251
244
244
244
244
244
244
252
239
161
122
123
132
220
247
235
97
98
116
247
250
231
142
126
127
138
225
245
248
244
244
244
244
244
246
249
243
237
232
220
149
147
142
137
132
134
133
131
127
125
124
124
132
145
197
251
252
246
245
244
244
244
244
244
244
244
249
253
210
157
142
126
130
200
251
249
244
244
250
248
173
133
132
126
137
214
251
247
244
244
244
244
244
244
244
244
244
244
244
244
244
244
244
244
244
244
244
244
244
244
244
244
244
244
244
244
245
248
251
252
253
235
163
125
159
242
244
239
238
239
243
241
247
244
244
244
244
244
250
248
194
133
123
135
190
181
123
126
196
249
248
244
246
247
248
247
245
250
245
173
136
131
130
139
223
118
102
95
225
246
246
161
132
129
124
145
230
252
246
244
244
244
244
246
249
246
227
148
146
138
131
121
121
124
128
132
134
135
133
132
139
140
172
235
242
243
247
244
244
244
244
244
244
244
244
247
246
239
226
165
122
127
141
208
251
247
244
244
251
242
170
125
129
124
133
210
251
247
244
244
244
244
244
244
244
244
244
244
244
244
244
244
244
244
244
244
244
244
244
244
244
244
244
244
244
244
244
244
244
244
248
247
208
128
166
250
254
250
250
249
248
246
245
244
244
244
244
244
250
250
193
134
125
137
140
140
130
134
203
249
247
245
251
241
245
241
251
250
242
239
233
160
129
131
130
197
116
231
250
255
239
156
124
126
129
150
235
251
244
244
244
244
246
249
245
229
138
127
119
121
122
133
141
151
139
133
130
134
133
129
163
235
248
248
252
246
245
244
244
244
244
244
244
244
244
250
251
200
145
139
130
126
190
242
248
245
244
244
251
243
170
129
128
130
142
221
250
245
244
244
244
244
244
244
244
244
244
244
244
244
244
244
244
244
244
244
244
244
244
244
244
244
244
244
244
244
244
244
244
244
248
252
213
132
152
239
248
247
244
244
244
244
244
244
244
244
244
244
249
249
205
144
128
133
132
129
128
168
228
249
248
251
247
225
116
219
240
248
247
251
250
246
163
133
132
105
218
241
254
250
233
149
126
133
142
232
243
248
244
244
244
244
248
243
229
135
131
126
137
142
147
158
233
238
216
137
127
127
130
129
165
243
253
249
244
244
244
244
244
244
244
244
244
244
247
247
240
177
121
124
129
138
206
252
249
244
244
248
250
213
152
130
127
130
206
245
249
244
244
244
244
244
244
244
244
244
244
244
244
244
244
244
244
244
244
244
244
244
244
244
244
244
244
244
244
244
244
244
244
244
247
251
213
132
126
174
248
249
244
244
244
244
244
244
244
244
244
244
249
250
202
143
130
136
137
127
128
193
247
250
247
240
225
94
96
116
245
248
244
245
249
251
234
146
86
97
113
226
251
249
167
136
126
140
226
249
250
245
244
244
244
244
250
234
148
127
124
127
148
229
235
240
248
253
248
219
145
138
135
127
135
176
249
249
245
244
244
244
244
244
244
244
244
244
248
251
193
136
132
129
127
190
243
249
244
244
244
249
246
181
133
128
123
133
212
251
248
244
244
244
244
244
244
244
244
244
244
244
244
244
246
247
247
244
244
244
244
244
244
244
244
244
244
244
244
244
244
244
244
244
248
252
216
133
116
165
241
251
244
244
244
244
244
244
244
244
244
244
250
248
196
138
127
134
131
133
138
205
252
248
248
245
116
96
94
225
241
247
244
244
244
252
250
124
98
88
125
151
234
240
148
128
124
151
233
253
247
244
244
244
244
244
251
225
140
121
136
144
196
249
254
250
247
247
249
244
242
204
135
126
125
160
236
246
247
244
244
244
244
244
244
244
244
244
251
250
191
131
127
128
131
198
250
251
246
247
248
252
249
177
133
128
131
140
218
251
246
244
244
244
244
244
244
244
244
244
244
244
244
246
251
241
239
244
244
244
244
244
244
244
244
244
244
244
244
244
244
244
244
244
246
243
206
127
120
168
242
251
244
244
244
244
244
244
244
244
244
244
250
250
192
132
124
103
121
125
189
242
248
245
247
241
219
116
225
247
251
246
244
244
244
250
250
227
110
121
130
140
215
160
139
132
120
105
219
243
247
244
244
244
244
246
252
230
146
119
148
228
245
244
246
244
244
244
245
250
253
219
141
125
130
134
175
247
249
244
244
244
244
244
244
244
244
246
248
242
183
128
129
131
141
204
251
248
251
241
244
246
251
208
144
123
131
207
245
248
244
244
244
244
244
244
244
244
244
244
244
244
246
251
247
225
118
244
244
244
244
244
244
244
244
244
244
244
244
244
244
244
244
245
250
234
156
136
122
169
243
251
244
244
244
244
244
244
244
244
244
244
250
248
193
130
91
95
98
140
207
252
249
244
246
251
241
245
241
251
246
244
244
244
246
251
252
226
109
130
129
140
136
140
129
126
89
99
122
246
248
244
244
244
245
250
249
226
137
121
156
243
254
250
249
248
247
246
244
246
251
212
135
125
130
126
168
242
251
244
244
244
244
244
244
244
244
248
250
197
137
130
127
126
187
242
249
251
247
225
117
227
246
180
133
123
137
214
252
248
244
244
244
244
244
244
244
244
244
244
244
244
247
241
225
94
95
98
244
244
244
244
244
244
244
244
244
244
244
244
244
244
244
246
247
236
205
120
123
169
243
251
244
244
244
246
247
248
247
246
244
244
250
250
191
104
92
91
121
185
243
248
246
244
244
246
247
248
247
246
244
244
244
244
247
241
226
99
102
104
148
128
128
133
129
94
92
101
226
241
247
244
244
244
247
243
231
142
134
124
162
233
252
247
247
246
241
251
246
245
250
223
148
131
128
128
167
239
250
244
244
244
244
244
244
244
244
249
245
189
130
123
130
138
205
252
251
241
225
93
99
119
238
167
126
120
134
208
250
246
244
244
244
244
244
244
244
244
244
244
244
244
248
245
116
96
95
244
244
244
244
244
244
244
244
244
244
244
244
244
244
244
244
245
250
232
149
135
122
169
243
251
244
244
244
248
235
239
236
251
248
247
251
249
189
124
95
125
140
205
252
248
244
244
244
244
244
244
244
244
244
244
244
244
248
245
116
97
102
230
163
140
133
133
139
134
125
232
248
251
246
244
244
244
249
237
149
129
127
130
158
216
132
221
220
119
219
241
247
244
248
245
208
131
125
126
156
216
252
244
244
244
244
244
244
244
244
248
251
194
131
118
120
182
241
247
250
244
116
96
98
228
175
138
129
129
141
219
250
246
244
244
244
244
244
244
244
244
244
244
244
244
247
241
219
116
219
244
244
244
244
244
244
244
244
244
244
244
244
244
244
244
244
244
247
241
205
127
123
172
246
252
244
244
244
251
222
137
232
250
246
240
253
251
192
129
124
128
189
244
248
246
244
244
244
244
244
244
244
244
244
244
244
244
247
241
219
116
231
244
236
147
130
131
136
203
233
241
253
247
244
244
244
244
249
237
169
131
129
130
142
94
99
97
94
100
116
245
248
244
249
253
218
139
123
134
172
245
247
244
244
244
244
244
244
244
244
246
248
244
193
137
144
203
251
250
247
241
219
116
232
245
178
127
124
130
203
244
248
244
244
244
244
244
244
244
244
244
244
244
244
244
246
251
241
245
239
244
244
244
244
244
244
244
244
244
244
244
244
244
244
244
244
244
248
251
217
137
121
163
238
248
247
244
244
251
225
128
214
220
123
227
252
253
193
129
120
131
195
251
251
244
244
244
244
244
244
244
244
244
244
244
244
244
246
251
241
245
249
252
169
136
133
132
142
143
150
228
241
247
244
244
244
244
247
248
227
140
127
133
97
99
101
98
93
96
225
241
247
244
248
245
207
127
122
164
240
250
247
244
244
244
244
244
244
244
244
246
252
243
240
226
237
239
245
246
245
251
241
245
249
253
178
129
122
133
210
252
248
244
244
244
246
248
251
252
252
251
248
246
244
244
244
246
247
248
247
244
244
244
244
244
244
244
244
244
244
244
244
244
244
244
244
244
247
251
213
135
121
136
180
249
249
244
244
248
242
225
114
91
91
95
214
239
194
145
133
149
212
253
251
245
244
244
244
244
244
244
244
244
244
244
244
244
244
246
248
251
252
237
151
126
129
128
126
119
132
152
244
251
247
246
244
244
245
252
228
141
123
132
130
116
226
230
126
227
247
251
247
249
253
225
142
126
123
171
244
251
244
244
244
244
244
244
244
244
246
251
248
227
121
226
247
251
246
244
244
246
247
250
251
246
170
125
128
140
218
252
251
252
253
253
253
243
228
214
212
224
235
247
244
244
244
244
244
244
244
244
244
244
244
244
244
244
244
244
244
244
244
244
244
244
244
244
247
251
213
137
120
129
173
242
251
244
244
246
252
235
110
89
91
118
124
134
223
166
111
166
215
231
244
253
253
253
253
253
252
251
248
246
244
244
244
244
244
244
247
244
241
162
136
126
134
142
142
128
128
223
238
246
241
251
246
244
244
250
236
148
131
134
129
153
235
246
249
251
253
252
251
246
241
202
130
120
132
173
246
250
244
244
244
244
244
244
244
244
247
241
225
94
96
116
245
248
244
244
244
244
247
247
246
175
139
130
135
212
252
247
230
213
215
215
216
219
127
130
128
137
239
248
244
246
247
248
247
246
244
244
244
244
244
244
244
244
244
244
244
244
244
244
244
244
244
244
247
251
214
137
122
129
173
244
251
244
244
244
248
243
223
122
215
227
224
231
128
111
108
120
133
133
219
216
215
215
215
215
214
228
243
253
253
253
253
253
253
253
255
252
173
137
130
137
147
228
235
153
160
237
232
118
219
241
247
244
244
248
245
220
134
126
132
140
142
167
237
240
235
234
234
214
149
139
134
132
167
243
245
247
244
244
244
244
244
246
248
251
253
253
129
109
106
237
252
253
253
253
253
253
253
248
175
121
121
118
125
191
225
222
127
130
132
132
130
127
219
216
212
224
235
247
246
251
241
245
241
251
246
244
244
244
244
244
244
244
244
244
244
244
244
244
244
244
244
244
246
251
214
138
122
129
170
243
251
244
244
244
246
251
241
246
245
254
255
245
179
109
113
169
221
222
127
130
132
132
132
132
130
127
219
216
215
215
215
215
215
215
222
218
145
120
119
118
211
250
254
252
240
230
105
106
127
253
254
253
253
253
255
249
160
139
134
134
130
139
143
154
165
149
150
143
136
128
131
168
250
255
254
253
253
253
253
253
253
253
243
228
216
210
189
87
195
216
222
216
215
215
215
215
219
217
107
96
95
94
105
118
132
130
219
216
215
215
214
228
243
253
252
251
248
247
251
247
225
116
219
241
247
244
244
244
244
244
244
244
244
244
244
244
244
244
244
244
244
244
246
251
214
139
123
129
172
245
252
244
244
244
244
246
247
248
248
249
249
195
136
131
140
205
255
247
228
214
215
215
215
215
216
219
127
130
132
132
132
132
132
136
135
124
110
99
104
115
127
225
220
224
216
102
77
76
192
210
218
215
215
215
218
212
197
117
114
118
118
117
118
120
118
119
118
121
121
118
116
148
219
222
215
215
215
215
215
215
215
216
219
127
132
138
127
132
127
138
133
132
132
132
132
131
133
130
188
147
130
128
123
192
220
230
243
253
253
253
252
252
251
250
247
246
244
247
241
225
94
96
116
245
248
244
244
244
244
244
244
244
244
244
244
244
244
244
244
244
244
244
246
251
213
137
123
128
166
240
249
246
244
246
248
251
251
252
252
252
202
139
125
125
184
242
249
250
251
252
253
253
253
253
253
243
228
214
215
215
215
215
219
219
212
136
117
125
133
212
226
129
130
134
123
117
105
122
131
138
133
132
132
132
133
137
130
124
117
119
120
110
103
94
97
96
96
96
106
113
119
124
130
135
131
132
132
132
132
132
132
130
127
219
216
216
218
219
218
216
215
215
215
215
215
215
214
226
232
243
234
170
210
249
253
251
248
246
244
244
246
251
241
245
241
251
246
248
245
116
96
94
225
241
247
244
244
244
244
244
244
244
244
244
244
244
244
244
244
244
244
244
246
250
209
132
121
130
144
196
249
248
244
246
239
232
229
234
237
210
155
130
122
130
191
249
251
244
244
244
244
244
244
244
246
248
251
252
253
253
253
254
252
251
170
142
128
133
218
252
245
228
214
216
219
223
225
223
219
216
215
215
215
215
215
216
218
221
223
225
227
212
139
139
141
141
141
137
157
224
225
220
217
215
215
215
215
215
215
215
215
214
228
243
253
253
253
253
253
253
253
253
253
253
253
253
252
252
251
252
247
245
241
247
246
244
244
244
244
246
251
247
225
116
219
241
247
247
241
219
116
225
247
251
246
244
244
244
244
244
244
244
244
244
244
244
244
244
244
244
244
244
246
251
218
136
127
124
130
177
244
250
247
249
207
143
142
149
150
143
135
130
126
131
193
250
248
244
244
244
244
244
244
244
244
244
244
244
244
244
244
250
246
164
130
126
130
146
230
252
250
251
252
253
253
253
253
253
253
253
253
253
253
253
253
253
253
253
253
253
253
249
241
233
235
235
235
235
244
252
253
253
253
253
253
253
254
253
253
253
253
252
251
248
246
244
244
244
244
244
244
244
244
244
244
244
244
244
244
245
246
247
247
246
244
244
244
244
244
247
241
225
94
96
116
245
248
246
251
241
245
241
251
246
244
244
244
244
244
244
244
244
244
244
244
244
244
244
244
244
244
244
244
247
243
213
132
124
120
170
243
251
248
248
197
125
117
127
126
127
125
125
131
190
243
246
246
244
244
244
244
244
244
244
244
244
244
244
244
244
244
251
239
161
124
124
129
212
244
247
244
244
244
244
244
244
244
244
244
244
244
244
244
244
244
244
244
244
244
244
246
248
251
251
251
251
251
250
249
246
245
244
244
246
251
241
245
241
251
246
244
244
244
244
244
244
244
244
244
244
244
244
244
244
244
244
244
244
244
244
244
244
244
244
244
244
244
244
244
248
245
116
96
94
225
241
247
244
246
247
248
247
246
244
244
244
244
244
244
244
244
244
244
244
244
244
244
244
244
244
244
244
244
246
249
247
214
137
129
169
238
251
248
248
198
128
122
133
131
132
135
140
192
245
249
248
244
244
244
244
244
244
244
244
244
244
244
244
244
244
244
251
240
161
120
124
141
228
250
246
244
244
244
244
244
244
244
244
244
244
244
244
244
244
244
244
244
244
244
244
244
244
244
244
244
244
244
244
244
244
244
244
246
251
247
225
116
219
241
247
244
244
244
244
244
244
244
244
244
244
244
244
244
244
244
244
244
244
244
244
244
244
244
244
244
244
244
244
244
247
241
219
116
225
247
251
246
244
244
244
244
244
244
244
244
244
244
244
244
244
244
244
244
244
244
244
244
244
244
244
244
244
244
244
246
249
243
237
199
174
242
250
247
250
209
144
132
128
123
132
182
239
243
246
248
244
244
244
244
244
244
244
244
244
244
244
244
244
244
244
244
250
246
164
130
130
218
243
247
245
244
244
244
244
244
244
244
244
244
244
244
244
244
244
244
244
244
244
244
244
244
244
244
244
244
244
244
244
244
244
244
244
247
241
225
94
96
116
245
248
244
244
244
244
244
244
244
244
244
244
244
244
244
244
244
244
244
244
244
244
244
244
244
244
244
244
244
244
244
246
251
241
245
241
251
246
244
244
244
244
246
247
248
247
246
244
244
244
244
244
244
244
244
244
244
244
244
244
244
244
244
244
244
244
244
246
249
250
242
241
239
247
245
245
240
236
196
144
137
185
246
251
250
248
248
248
247
246
244
244
244
244
244
244
244
244
244
244
244
244
244
247
245
236
159
215
245
250
246
244
244
244
244
246
247
248
247
246
244
244
244
244
244
244
244
244
244
244
244
244
244
244
244
244
244
244
244
244
244
244
244
244
248
245
116
96
94
225
241
247
244
244
244
244
244
244
244
244
244
244
244
244
244
244
244
244
244
244
244
244
244
246
247
248
247
246
244
244
244
244
246
247
248
247
246
244
244
244
244
246
251
241
245
241
251
244
244
244
244
244
244
244
244
244
244
244
244
244
244
244
244
244
246
247
248
247
246
246
247
247
246
245
244
246
249
251
243
235
231
240
247
248
246
251
241
245
241
251
246
244
244
244
244
244
244
244
244
244
244
244
244
245
249
243
244
241
248
246
244
244
244
244
246
251
241
245
241
251
246
244
244
244
244
244
244
244
244
244
244
244
244
244
244
244
244
244
244
244
244
244
244
244
247
241
219
116
225
247
251
246
244
244
244
244
244
244
244
244
244
244
244
244
244
244
244
244
244
244
244
244
246
251
241
245
241
251
246
244
244
244
244
244
244
244
244
244
244
244
246
251
247
225
116
219
241
244
244
244
244
244
244
244
244
244
244
244
244
244
244
244
244
246
251
241
245
241
251
246
244
244
244
244
244
244
244
246
249
251
251
249
247
246
251
247
225
116
219
241
247
244
244
244
244
244
244
244
244
244
244
244
244
244
245
246
247
247
246
244
244
244
244
246
251
247
225
116
219
241
247
244
244
244
244
244
244
244
244
244
244
244
244
244
244
244
244
244
244
244
244
244
244
244
246
251
241
245
241
251
246
244
244
244
244
244
244
244
244
244
244
244
244
244
244
244
244
244
244
244
244
246
251
247
225
116
219
241
247
244
244
244
244
244
244
244
244
244
244
244
247
241
225
94
96
116
245
244
244
244
244
244
244
244
244
244
244
244
244
244
244
244
244
246
246
229
132
229
246
246
244
244
244
244
244
244
244
244
244
244
244
244
244
246
246
235
109
100
115
239
247
244
244
244
244
244
244
244
244
244
244
244
244
244
244
244
244
244
244
244
244
244
244
246
246
235
109
100
115
239
247
244
244
244
244
244
244
244
244
244
244
244
244
244
244
244
244
244
244
244
244
244
244
244
244
246
247
248
247
246
244
244
244
244
244
244
244
244
244
244
244
244
244
244
244
244
244
244
244
244
244
246
246
235
109
100
115
239
247
244
244
244
244
244
244
244
244
244
244
244
247
239
118
95
95
219
239
244
244
244
244
244
244
244
244
244
244
244
244
244
244
244
244
244
244
98
98
98
244
244
244
244
244
244
244
244
244
244
244
244
244
244
244
244
244
98
98
98
244
244
244
244
244
244
244
244
244
244
244
244
244
244
244
244
244
244
244
244
244
244
244
244
244
244
244
98
98
98
244
244
244
244
244
244
244
244
244
244
244
244
244
244
244
244
244
244
244
244
244
244
244
244
244
244
244
244
244
244
244
244
244
244
244
244
244
244
244
244
244
244
244
244
244
244
244
244
244
244
244
244
244
244
244
98
98
98
244
244
244
244
244
244
244
244
244
244
244
244
244
244
244
244
244
98
244
244
244
244
