251
251
251
251
251
251
251
251
251
251
251
251
251
251
251
251
251
251
251
251
251
251
251
251
251
251
251
251
251
251
251
251
251
251
251
251
251
251
251
251
251
251
251
251
251
251
251
251
251
251
251
251
251
251
251
251
251
251
251
251
251
251
251
251
251
251
52
52
52
251
251
251
251
251
251
251
251
251
251
251
251
251
251
251
251
251
251
251
251
251
251
251
251
251
251
251
251
251
251
251
251
251
251
251
251
251
251
251
251
251
251
251
251
251
251
251
251
251
251
251
251
251
251
251
251
251
251
251
251
251
251
251
251
251
251
251
251
251
251
251
251
251
251
251
251
251
251
251
251
251
251
251
251
251
251
251
252
253
253
254
253
253
252
251
253
244
194
236
242
240
245
248
252
251
251
251
251
251
251
251
251
251
251
251
251
252
253
249
246
248
253
253
252
251
251
251
251
251
251
251
251
251
251
251
251
251
251
251
251
251
251
251
251
251
253
253
230
98
230
253
253
251
251
251
251
251
251
251
251
251
251
251
251
251
251
251
251
251
251
251
251
251
251
251
251
251
251
251
251
251
251
251
251
251
251
251
251
251
251
251
251
251
251
251
251
251
251
251
251
251
251
251
251
251
251
251
251
251
251
251
251
251
251
251
251
251
251
251
251
251
251
251
251
251
251
251
251
251
251
251
251
251
251
251
251
251
250
247
243
239
245
250
254
254
255
246
203
175
181
178
200
251
254
251
251
251
251
251
251
251
251
251
251
251
251
252
249
231
184
200
244
251
253
253
253
252
252
251
251
251
251
251
251
251
251
251
251
251
251
251
251
251
251
251
253
255
245
251
245
255
253
251
251
251
251
251
251
251
251
251
251
251
251
251
251
251
251
251
251
251
251
251
251
251
251
251
251
251
251
251
251
251
251
251
251
251
251
251
251
251
251
251
251
251
251
251
251
251
251
251
251
251
251
251
253
253
254
253
253
251
251
251
251
251
251
251
251
251
251
251
251
251
251
251
251
251
251
251
251
251
251
251
251
251
251
253
253
223
189
182
177
222
245
243
246
238
184
167
167
161
183
241
251
252
251
251
251
251
251
251
251
251
251
251
252
253
236
177
166
171
176
210
247
248
250
250
252
251
251
251
251
251
251
251
251
251
251
251
251
251
251
251
251
251
251
253
253
254
253
253
251
251
251
251
251
251
251
251
251
251
251
251
251
251
251
251
251
251
251
251
251
251
251
251
251
251
251
251
251
251
251
251
251
251
251
251
251
251
251
251
251
251
251
251
251
251
251
251
251
251
251
251
251
253
255
245
251
245
255
253
251
251
251
251
251
251
251
251
251
251
251
251
251
251
251
251
251
251
251
251
251
251
251
251
251
253
253
224
179
160
167
175
181
182
185
175
177
171
169
167
173
202
254
252
251
251
251
251
251
251
251
251
251
251
252
254
231
175
165
170
168
171
177
219
222
238
253
252
251
251
251
251
251
251
251
251
251
251
251
251
251
251
251
251
251
251
251
251
251
251
251
251
251
251
251
251
251
251
251
251
251
251
251
251
251
251
251
251
251
251
253
253
254
253
253
251
251
251
251
251
251
251
251
251
251
251
251
251
251
251
251
251
251
251
251
251
251
251
251
251
251
251
253
255
253
225
77
217
245
253
251
251
251
253
253
254
253
253
251
251
251
251
251
251
251
251
251
251
251
251
251
251
251
251
252
253
251
215
172
169
171
168
166
167
167
166
169
172
176
179
199
238
250
252
251
251
251
251
251
251
251
251
251
251
253
252
225
162
159
167
171
167
170
169
193
237
254
252
251
251
251
251
251
251
251
251
251
251
251
251
251
251
251
251
251
251
251
251
251
251
251
251
251
251
251
251
251
251
251
251
251
251
251
251
251
251
251
251
251
253
255
245
251
245
255
253
251
251
251
251
251
251
251
251
251
251
251
251
251
251
251
251
251
251
251
251
251
251
251
251
251
251
253
245
225
47
50
77
251
254
251
251
253
255
245
251
245
255
253
251
251
251
251
251
251
251
251
251
251
251
251
251
251
251
253
250
220
172
170
170
169
168
170
170
170
172
172
178
203
246
249
251
253
252
251
251
251
251
251
251
251
251
251
251
253
247
201
172
155
176
175
170
169
167
171
224
251
253
251
251
251
251
251
251
251
251
251
251
251
251
251
251
251
251
251
251
251
251
251
251
251
251
251
251
251
251
251
251
251
251
251
251
251
251
251
251
251
251
253
255
253
225
77
217
245
253
251
251
251
251
251
251
253
253
254
253
253
251
251
251
251
251
251
251
251
251
251
251
251
252
252
252
254
251
77
50
47
225
245
253
251
253
255
253
225
77
217
245
253
251
251
251
251
251
251
251
251
251
251
251
251
251
251
252
254
227
173
166
165
170
176
179
187
183
174
169
169
181
244
253
254
253
253
254
253
253
251
251
251
251
251
251
251
251
252
248
244
238
240
224
192
179
171
167
169
181
237
254
252
251
251
251
251
251
251
251
251
251
251
251
251
251
251
251
251
251
251
251
251
251
251
251
251
251
251
251
251
251
251
251
251
251
251
251
251
251
251
251
253
245
226
49
55
84
254
255
253
252
251
251
251
253
255
245
251
245
255
253
251
251
251
251
251
251
251
251
251
252
253
254
252
253
254
250
221
80
226
253
255
253
251
253
245
225
47
50
77
251
254
251
251
251
251
251
251
251
251
251
251
251
251
251
251
253
253
221
168
165
182
177
215
244
245
243
190
170
167
177
209
253
254
255
245
251
245
255
253
251
251
251
251
251
251
251
252
253
254
255
255
254
250
217
180
173
167
170
226
252
253
251
251
251
251
253
253
254
253
253
251
251
251
251
251
251
251
251
251
252
252
253
252
252
251
251
251
251
251
251
251
251
251
251
251
251
251
251
251
251
254
252
83
53
43
215
235
249
249
253
252
251
253
255
253
225
77
217
245
253
251
251
251
251
251
251
251
252
253
254
250
248
228
209
244
255
242
249
244
255
253
251
251
254
251
77
50
47
225
245
253
251
251
251
251
251
251
251
251
251
251
251
251
251
251
253
254
223
169
164
206
246
251
253
255
253
248
185
171
167
183
244
255
254
225
77
217
245
253
251
251
251
251
251
251
251
251
251
251
251
252
253
254
250
215
175
165
169
188
240
253
251
251
251
253
255
245
251
245
255
253
251
251
251
251
252
253
253
254
254
251
251
249
253
251
251
251
251
251
251
251
251
251
251
251
251
251
251
251
251
254
254
217
69
146
188
191
181
233
253
254
253
254
246
225
47
50
77
251
254
251
251
251
251
251
251
251
253
251
251
234
181
174
174
176
210
219
225
255
254
252
251
251
253
245
217
77
225
253
255
253
251
251
251
251
251
251
251
251
251
251
251
251
251
251
253
254
223
168
165
215
254
254
252
252
253
253
239
177
164
171
197
245
228
47
50
77
251
254
251
251
251
251
251
251
251
251
251
251
251
251
251
253
254
220
179
167
169
183
239
253
251
251
253
255
253
225
77
217
245
253
251
251
252
253
254
252
246
240
243
230
194
244
252
252
251
251
251
251
251
251
251
251
251
251
251
251
251
251
253
255
255
225
72
137
169
170
168
172
231
246
248
254
253
78
50
47
225
245
253
251
251
251
251
251
251
252
254
248
209
176
170
166
166
169
170
171
206
243
251
253
252
251
253
255
245
251
245
255
253
251
251
251
251
251
251
251
251
251
251
251
251
251
251
251
253
254
222
168
165
213
252
253
251
251
252
254
249
188
172
162
190
243
82
50
47
225
245
253
251
251
251
251
251
251
251
251
251
251
251
251
251
251
253
247
200
164
170
227
253
253
251
251
253
245
225
47
50
77
251
254
251
251
253
251
250
240
186
179
182
173
172
197
250
253
251
251
251
251
251
251
251
251
251
251
251
251
251
251
253
245
229
58
55
67
173
177
170
172
177
183
199
248
245
219
77
225
253
255
253
251
251
251
251
251
251
253
251
237
175
166
169
170
170
169
167
171
174
178
223
250
253
251
251
253
253
254
253
253
251
251
251
251
251
251
251
251
251
251
251
251
251
251
251
251
253
254
222
170
165
212
253
253
251
251
251
253
253
237
176
162
193
240
223
77
225
253
255
253
251
251
251
251
251
251
251
251
251
251
251
251
251
251
254
252
206
164
172
232
254
252
251
251
254
251
77
50
47
225
245
253
251
253
253
247
199
170
170
165
164
164
163
191
247
254
251
251
251
251
251
251
251
251
251
251
251
251
251
251
254
250
80
52
45
157
167
172
167
167
165
165
167
199
255
253
253
246
255
253
251
251
251
251
251
251
252
254
249
187
170
167
171
174
173
178
174
175
167
165
178
232
254
252
251
251
251
251
251
251
251
251
251
251
251
251
251
251
251
251
251
251
251
251
251
251
253
254
222
168
164
212
253
253
251
251
251
252
255
243
181
162
194
255
253
251
245
255
253
251
251
251
251
251
251
251
251
251
251
251
251
251
251
251
254
253
205
162
171
230
253
252
251
251
253
245
217
77
225
253
255
253
253
254
250
194
165
160
166
171
175
171
164
191
246
254
251
251
251
251
251
251
251
251
251
251
251
251
251
251
254
248
197
67
153
172
178
177
177
179
170
172
164
178
238
253
254
254
253
251
251
251
251
251
251
251
253
253
239
176
165
169
174
195
223
200
224
185
166
165
166
220
252
254
252
251
251
251
251
251
251
251
251
251
251
251
251
251
251
251
251
251
251
251
251
251
253
254
224
170
164
211
253
253
251
251
251
251
254
241
180
161
187
245
254
254
253
253
251
251
251
251
251
251
251
251
251
251
251
251
251
251
251
251
253
247
196
166
189
240
253
251
251
251
253
255
245
251
245
255
253
251
248
243
195
169
170
178
192
182
197
171
187
200
250
253
251
251
251
251
251
251
251
251
251
251
251
251
251
251
253
254
211
166
166
178
178
225
241
199
231
186
169
172
175
192
245
250
252
251
251
251
251
251
251
252
251
245
185
172
167
173
193
249
251
253
234
196
173
168
169
171
228
249
252
251
251
251
251
251
251
251
251
251
251
251
251
251
251
251
251
251
251
251
251
251
253
254
223
168
163
211
252
253
251
251
251
251
254
240
179
164
173
199
252
253
251
251
251
251
251
251
251
251
251
251
252
252
253
252
252
251
251
253
254
216
171
169
224
252
253
251
251
251
251
253
253
254
253
253
253
248
200
167
170
169
191
246
248
218
71
201
204
248
250
252
251
251
251
251
251
251
251
251
251
251
251
251
251
252
254
225
170
173
172
181
227
254
252
253
249
248
185
170
165
167
193
251
253
251
251
251
251
251
251
253
252
196
172
168
171
191
249
254
253
253
250
248
208
174
169
168
173
236
253
252
251
251
251
251
251
251
251
251
251
251
251
251
251
251
251
251
251
251
251
251
253
254
223
168
164
214
254
254
251
251
252
253
255
244
186
166
167
194
246
254
251
251
251
251
251
251
251
251
251
252
253
249
251
252
254
253
253
253
247
203
161
169
226
253
252
251
251
251
251
251
251
251
251
253
254
217
171
164
170
197
244
250
232
52
57
79
253
253
253
251
251
251
251
251
251
251
251
251
251
251
251
251
251
253
251
219
169
164
171
214
251
254
253
253
253
253
246
187
172
165
193
248
254
251
251
251
251
251
251
254
246
201
169
176
168
209
247
255
253
252
253
253
249
201
166
162
187
234
253
252
251
251
251
251
251
251
251
251
251
251
251
251
251
251
251
251
251
251
251
251
253
254
222
169
163
210
252
254
253
252
253
249
249
234
181
168
168
193
247
254
251
251
251
251
251
251
251
251
251
253
249
235
192
239
244
244
251
252
215
170
169
175
230
254
252
251
251
251
251
251
251
251
252
254
250
204
167
173
226
252
254
253
78
50
47
226
247
253
252
251
251
251
251
251
251
251
251
251
251
251
251
251
252
254
240
194
171
168
183
226
254
254
254
253
253
253
253
238
178
162
189
246
254
254
254
254
253
252
251
254
249
193
178
173
156
73
219
247
253
251
251
254
254
212
175
164
178
234
253
252
251
251
251
251
251
251
251
251
251
251
251
251
251
251
251
251
251
251
251
251
253
253
223
172
165
179
218
249
253
254
255
251
202
179
174
168
177
211
252
253
251
251
251
251
251
251
251
251
251
253
244
180
172
178
185
185
216
221
178
161
162
216
249
253
251
251
251
251
251
251
251
252
253
251
217
171
168
221
252
254
253
247
217
77
225
253
255
253
251
251
251
251
251
251
251
251
251
251
251
251
251
252
253
252
227
174
167
171
200
243
255
247
250
245
255
253
255
243
179
165
173
195
244
244
240
243
248
253
253
254
248
211
167
153
43
52
80
251
254
252
252
252
253
245
196
161
173
234
254
252
251
251
251
251
251
251
251
251
253
253
254
253
253
251
251
251
251
251
251
251
253
253
220
169
163
172
178
190
228
243
246
236
183
168
169
175
198
250
252
252
251
251
251
251
251
251
251
251
251
254
237
176
162
168
167
169
174
174
176
171
176
227
254
253
251
251
251
251
251
251
251
253
249
218
169
166
168
218
242
197
237
255
249
251
245
255
253
251
251
251
251
251
251
251
251
251
251
253
253
254
253
254
253
234
178
171
167
183
227
255
254
225
77
217
246
254
253
237
174
166
171
178
183
186
181
177
216
252
254
253
243
188
169
66
54
58
232
251
255
253
253
253
255
255
207
167
170
230
252
253
251
251
251
251
251
251
251
253
255
245
251
245
255
253
251
251
251
251
251
251
252
253
225
175
167
166
168
174
177
178
180
185
181
171
168
179
238
249
253
251
251
251
251
251
251
251
251
251
251
253
244
182
169
169
172
171
170
167
169
206
243
248
251
252
251
251
251
251
251
251
252
254
230
177
168
166
175
183
175
175
221
251
253
255
253
253
251
251
251
251
251
251
251
251
251
251
253
255
245
251
248
255
238
173
169
166
164
200
251
248
226
47
50
78
253
254
247
186
173
170
177
166
170
164
169
167
170
216
248
253
199
178
165
154
69
219
248
252
246
227
219
242
247
241
201
167
168
184
241
253
251
251
251
251
251
251
253
255
253
225
77
217
245
253
251
251
251
251
251
251
251
252
249
227
185
177
172
170
169
164
166
169
172
169
168
180
199
253
252
251
251
251
251
251
251
251
251
251
251
253
250
239
178
171
170
172
172
173
179
223
255
254
252
251
251
251
251
251
251
251
253
249
219
167
165
167
165
164
162
169
172
183
240
253
253
252
251
251
251
251
251
251
251
251
251
253
255
253
225
78
221
234
182
169
169
172
170
205
255
253
77
50
47
226
247
250
194
174
169
178
174
158
65
149
163
167
169
174
180
233
244
187
174
167
179
180
196
196
182
185
188
180
188
182
176
171
165
177
234
254
251
251
251
251
251
251
253
245
225
47
50
77
251
254
251
251
251
251
251
251
251
252
253
252
243
203
168
170
171
172
169
168
166
171
177
203
244
249
252
251
251
251
251
251
251
251
251
251
251
252
253
253
236
171
171
169
170
168
207
248
253
251
251
251
251
251
251
251
251
252
254
232
175
170
176
181
183
183
184
179
172
168
181
242
251
253
251
251
251
251
251
251
251
251
251
253
245
225
47
52
86
240
185
167
170
170
202
245
254
246
217
77
225
254
255
213
175
168
173
168
168
45
50
74
186
174
166
162
169
194
233
187
172
174
174
171
171
167
170
170
168
168
167
169
169
172
167
178
235
254
251
251
251
251
251
251
254
251
77
50
47
225
245
253
251
251
251
251
251
251
251
251
253
254
231
184
166
167
166
167
174
179
180
188
240
250
252
253
251
251
251
251
251
251
251
251
251
251
251
251
252
253
252
234
178
174
167
171
214
253
254
251
251
251
251
251
251
251
251
253
247
220
164
164
203
243
246
241
247
241
187
165
169
189
247
253
251
251
251
251
251
251
251
251
251
254
251
77
52
56
224
230
174
173
169
175
211
255
255
255
245
251
247
255
248
192
171
169
174
184
70
55
53
225
243
217
179
174
174
174
152
169
174
172
168
167
166
168
168
169
170
170
168
167
168
167
164
178
235
253
251
251
251
251
251
251
253
245
217
77
225
253
255
253
251
251
251
251
251
253
254
255
255
255
229
184
178
192
183
180
214
240
242
247
251
253
252
251
251
251
251
251
251
251
251
251
251
251
251
251
251
252
253
253
235
186
167
165
209
249
253
251
251
251
251
251
251
251
251
253
232
167
169
170
211
255
255
254
255
250
191
165
165
183
243
254
252
251
251
251
251
251
251
251
251
253
245
219
87
228
233
82
147
158
170
204
242
252
246
255
254
254
254
249
203
181
171
171
182
209
219
82
226
254
255
252
248
215
185
163
139
158
172
176
178
184
184
175
173
172
169
171
172
182
184
178
176
195
242
254
254
255
255
255
255
255
255
255
254
254
247
255
253
251
251
251
251
251
251
253
237
223
209
215
180
138
194
243
255
255
255
255
255
255
255
255
255
255
255
255
255
255
255
255
255
255
255
255
255
255
254
253
252
253
253
229
174
168
187
231
253
252
251
251
251
251
251
251
251
253
231
188
159
172
213
250
253
250
253
251
195
172
166
179
239
253
253
251
251
251
251
251
251
251
251
253
255
249
244
219
58
52
68
176
200
250
227
81
217
245
253
254
251
201
170
169
172
169
193
253
249
252
245
255
253
254
254
251
204
176
152
173
181
196
252
255
255
249
210
223
232
192
230
255
255
254
229
253
255
255
249
229
210
211
211
211
211
210
228
243
254
253
251
251
251
251
251
251
251
254
243
106
95
99
87
80
84
211
228
222
220
216
216
216
217
219
220
221
221
218
216
214
212
211
211
211
211
211
210
229
249
255
255
255
255
255
231
178
185
234
255
255
255
255
255
255
255
255
255
255
246
190
179
192
232
255
255
255
255
255
255
198
178
183
206
255
255
255
255
255
255
255
255
255
255
255
255
255
255
98
70
67
240
255
254
237
61
63
92
255
255
255
255
204
177
180
181
188
216
255
255
255
255
255
255
255
255
204
162
143
149
145
146
160
214
223
219
212
209
208
205
207
208
216
219
214
213
210
213
214
217
92
97
98
98
98
98
92
106
243
254
251
251
251
251
251
251
251
251
253
237
223
209
215
182
143
148
82
89
89
95
96
97
91
90
95
86
90
84
92
93
97
101
99
98
98
98
98
97
92
217
213
211
211
215
219
191
143
140
182
214
213
211
211
211
211
213
217
223
229
206
150
140
170
208
212
212
211
212
217
212
162
145
141
151
207
215
211
211
211
211
211
211
211
211
211
211
215
206
176
38
185
217
230
213
56
31
30
180
206
217
219
201
161
145
146
142
149
203
211
213
211
211
211
214
217
183
153
74
78
82
81
78
82
90
98
102
100
102
103
103
103
102
100
99
99
100
99
99
97
92
217
213
211
211
211
211
208
223
237
253
251
251
251
251
251
251
251
251
253
254
255
255
255
230
185
165
158
144
143
147
193
170
146
147
144
125
37
120
122
150
207
216
213
211
211
211
211
213
217
92
97
98
99
100
95
86
75
79
89
99
100
98
98
98
100
108
96
85
66
71
72
79
90
98
102
98
98
98
102
93
87
75
75
84
92
102
98
98
98
98
98
98
98
98
98
98
100
108
93
98
93
108
104
87
77
61
85
96
110
99
94
86
80
75
80
84
95
97
102
99
98
98
101
101
95
83
74
150
149
145
145
145
144
158
208
215
211
211
211
211
211
211
211
211
211
211
211
211
210
229
249
255
255
255
255
255
255
255
254
253
251
251
251
251
251
251
251
251
251
251
251
253
253
215
172
172
180
184
182
189
191
193
188
178
168
59
63
77
180
188
226
255
255
255
255
255
255
255
249
229
210
211
212
215
189
145
139
146
184
214
213
211
211
211
215
206
180
31
32
51
145
144
171
213
214
211
211
211
217
211
155
138
149
167
215
214
211
211
211
211
211
211
211
211
211
211
211
213
215
217
215
213
213
217
222
225
222
217
216
210
166
144
144
149
156
214
217
214
212
211
211
213
214
210
176
143
154
173
204
189
185
181
179
202
255
255
255
255
255
255
255
255
255
255
255
255
255
255
255
255
254
253
251
251
251
251
251
251
251
251
251
251
251
251
251
251
251
251
251
251
251
253
252
218
174
169
172
174
172
169
168
168
171
168
65
50
50
158
170
173
172
214
248
252
252
251
251
253
254
255
255
255
255
255
240
185
174
186
232
255
255
255
255
255
255
255
92
64
63
215
179
180
220
255
255
255
255
255
255
255
195
172
189
251
255
255
255
255
255
255
255
255
255
255
255
255
255
255
255
255
255
255
255
255
255
255
255
255
255
255
215
180
177
189
245
255
255
255
255
255
255
255
255
234
189
182
179
185
235
243
186
169
168
188
247
254
252
251
251
251
251
251
251
251
251
251
251
251
251
251
251
251
251
251
251
251
251
251
251
251
251
251
251
251
251
251
251
251
251
251
251
252
254
229
186
169
168
166
165
165
170
180
190
175
149
59
152
170
176
170
168
173
220
254
252
251
251
251
251
251
251
251
253
252
222
171
162
175
218
253
253
251
251
251
253
245
217
78
229
231
180
162
202
248
253
252
251
254
253
211
174
169
187
249
254
252
251
251
251
251
251
251
251
251
251
251
251
251
251
251
251
251
251
251
251
251
251
251
253
247
198
166
169
180
244
254
252
251
251
251
253
254
229
182
167
165
169
221
255
252
195
168
167
179
242
253
253
252
251
251
251
251
251
251
251
253
253
254
253
253
251
251
251
251
251
251
251
251
251
251
251
251
251
251
251
251
251
251
251
251
251
253
253
248
203
169
176
182
180
177
193
238
247
241
182
192
174
183
179
169
161
169
217
253
253
251
251
251
251
251
251
252
253
239
192
169
167
178
221
253
252
251
251
251
253
255
245
252
250
243
176
166
170
210
253
254
255
254
248
188
165
174
237
252
253
251
251
251
251
251
251
251
251
251
251
251
251
251
251
251
251
251
251
251
251
251
251
253
252
219
178
163
170
230
250
253
251
251
251
252
253
249
216
169
168
169
179
230
255
248
193
167
169
172
186
249
253
253
252
251
251
251
251
251
253
255
245
251
245
255
253
251
251
251
251
251
251
251
251
251
251
251
251
251
251
251
251
251
251
251
251
253
251
217
170
171
215
244
244
240
246
253
255
253
251
245
246
244
221
178
171
169
213
250
253
251
251
251
251
251
251
253
253
230
178
165
167
206
247
253
251
251
251
251
251
253
253
254
254
252
227
169
164
168
211
244
245
243
196
173
165
182
243
254
252
251
251
251
251
251
251
251
251
251
251
251
251
251
251
251
251
251
251
251
251
251
251
253
251
213
176
166
175
234
254
252
251
251
251
252
251
222
171
171
167
169
216
248
255
246
189
165
170
169
173
190
245
251
252
253
252
251
251
253
255
253
225
78
218
246
253
251
251
251
251
251
251
251
251
251
251
251
251
251
251
251
251
251
251
251
252
253
223
174
163
172
225
255
255
254
253
253
252
253
253
254
254
254
252
247
208
170
183
233
254
252
251
251
251
251
252
254
248
211
170
168
178
218
254
253
251
251
251
251
251
251
251
251
252
253
252
224
174
172
174
178
181
178
174
166
167
196
246
253
251
251
251
251
251
251
251
251
251
251
251
251
251
251
251
251
251
251
251
251
251
251
251
252
250
247
241
189
188
238
253
251
251
251
252
253
234
183
168
168
170
174
226
254
254
250
193
170
168
173
170
174
183
222
248
253
252
253
253
255
250
229
51
51
77
249
254
251
251
251
251
251
251
251
251
251
251
251
251
251
251
251
251
251
251
251
253
253
220
169
163
188
234
254
252
251
251
251
251
251
251
251
251
252
255
255
214
162
169
231
255
255
253
252
251
252
253
253
234
175
168
166
201
246
253
251
251
251
251
251
251
251
251
251
251
252
253
250
246
210
170
165
166
168
167
169
180
240
252
253
251
251
251
251
251
251
251
251
251
251
251
251
251
253
253
254
253
253
251
251
251
251
251
251
252
253
252
247
245
248
252
251
251
252
252
254
231
178
166
170
163
207
248
253
252
251
245
183
172
172
172
168
169
194
218
210
248
251
247
249
244
75
48
40
181
238
254
251
251
251
251
251
251
251
251
251
251
251
251
251
251
251
251
251
251
251
253
249
215
166
167
215
251
253
251
251
251
251
251
251
251
251
251
251
254
251
191
120
151
211
243
244
253
255
254
254
253
241
189
170
164
174
213
253
253
251
251
251
251
251
251
251
251
251
251
251
252
253
253
253
222
173
175
168
182
197
241
252
253
252
251
251
251
251
251
251
251
251
251
251
251
251
253
255
245
251
245
255
253
251
251
251
251
251
251
252
253
253
253
253
252
251
251
252
242
241
214
172
167
167
176
224
254
253
251
253
252
246
189
171
168
171
172
176
175
177
210
224
188
195
179
152
64
151
185
249
254
251
251
251
251
251
251
251
251
251
251
251
251
251
251
251
251
253
253
252
254
229
179
165
172
219
254
254
251
251
251
251
251
251
251
251
251
252
255
233
162
120
125
147
77
160
227
247
243
245
237
180
171
169
173
204
249
252
252
251
251
251
253
253
254
253
253
251
251
251
251
251
253
255
251
220
62
146
217
253
252
253
252
251
251
251
251
251
251
251
251
251
251
251
251
253
255
253
225
77
217
245
253
253
253
254
253
253
251
251
251
251
251
251
251
251
251
252
235
168
178
172
161
160
202
247
253
251
251
251
253
252
245
181
173
171
172
172
168
171
176
175
172
168
176
168
171
163
186
241
254
251
251
251
251
251
251
251
251
251
251
251
251
251
251
251
251
253
255
253
253
222
175
164
169
214
250
253
251
251
251
251
251
251
251
252
253
253
253
217
145
112
108
41
46
64
175
187
184
187
176
170
162
163
192
245
253
253
251
251
251
253
255
245
251
245
255
253
251
251
251
251
253
247
228
54
50
77
248
255
253
252
251
251
251
251
251
251
251
251
251
251
251
251
251
253
245
225
47
50
77
251
254
255
245
251
245
255
253
251
251
251
251
251
251
251
251
252
242
241
217
180
180
180
216
253
253
251
251
251
252
253
252
237
174
163
165
172
172
172
168
167
168
167
168
171
172
166
181
240
254
251
251
251
251
251
251
251
251
251
251
251
251
251
251
251
52
230
245
254
253
223
175
166
171
188
233
253
251
251
251
251
251
251
252
253
251
249
222
176
152
127
60
50
49
155
166
169
165
164
165
173
172
176
200
253
254
251
251
251
253
255
253
225
77
217
245
253
251
251
251
251
254
251
77
51
48
228
247
253
251
251
251
251
251
251
251
251
251
251
251
251
251
251
251
254
251
77
50
47
225
247
255
253
225
77
217
245
253
251
251
251
251
251
251
251
251
252
252
253
250
245
239
243
247
251
252
251
251
251
251
252
254
247
204
170
173
169
164
171
174
171
171
173
183
177
178
163
182
236
254
251
251
251
251
251
251
251
253
253
254
253
253
251
251
251
52
98
251
255
253
220
172
165
168
184
230
254
254
252
251
251
252
253
254
251
230
180
183
170
165
165
149
67
153
170
173
167
168
171
178
199
231
211
244
251
252
251
251
251
253
245
225
47
50
77
251
254
251
251
251
251
253
245
217
77
225
253
255
253
251
251
251
251
251
251
251
251
251
251
251
251
251
251
251
253
245
217
77
225
253
255
247
225
47
50
77
251
254
251
251
251
251
251
251
251
251
251
251
252
253
253
254
254
253
252
251
251
251
251
251
251
253
250
246
243
224
176
173
172
204
207
177
218
247
239
192
223
194
241
253
251
251
251
251
251
251
253
255
245
251
245
255
253
251
251
52
230
245
253
253
226
176
170
168
176
216
248
251
254
254
253
254
250
249
225
161
175
168
171
178
193
195
201
189
191
186
185
194
201
225
250
249
253
251
253
251
251
251
251
254
251
77
50
47
225
245
253
251
251
251
251
253
255
245
251
245
255
253
251
251
251
251
251
251
251
251
251
251
251
251
251
251
251
251
253
255
245
251
245
255
254
251
77
50
47
225
245
253
251
251
251
251
251
251
251
251
251
251
251
251
251
251
251
251
251
251
251
251
251
251
251
252
253
253
254
250
246
238
215
211
246
248
248
255
253
253
243
251
248
253
251
251
251
251
251
253
255
253
225
77
217
245
253
251
251
251
253
255
253
253
249
214
168
167
174
186
178
222
242
246
252
253
240
177
174
171
167
168
166
197
239
251
251
247
245
243
244
244
248
250
253
253
253
252
251
251
251
251
251
253
245
217
77
225
253
255
253
251
251
251
251
251
253
253
254
253
253
251
251
251
251
251
251
251
251
251
251
251
251
251
251
251
251
251
251
253
253
254
253
253
253
245
217
77
225
253
255
253
251
251
251
251
251
251
251
251
251
251
251
251
251
251
251
251
251
251
251
251
251
251
251
251
251
251
252
253
254
253
250
249
251
253
253
253
252
253
253
253
252
251
251
251
251
251
251
253
245
225
47
50
77
251
254
251
251
251
253
253
251
253
254
220
173
168
174
168
170
178
180
178
236
242
177
168
167
172
170
171
175
214
254
254
254
254
254
254
254
254
253
253
252
251
251
251
251
251
251
251
251
253
255
245
251
245
255
253
251
251
251
251
251
251
251
251
251
251
251
251
251
251
251
251
251
251
251
251
251
251
251
251
251
253
253
254
253
253
251
251
251
251
253
255
245
251
245
255
253
251
251
251
251
251
251
251
251
251
251
251
251
251
251
251
251
251
251
251
251
251
251
251
251
251
251
251
251
251
251
252
252
252
252
251
251
251
251
251
251
251
251
251
251
251
251
251
251
254
251
77
50
47
225
245
253
251
251
251
251
251
251
253
253
220
173
167
172
172
172
173
167
172
177
179
173
167
168
164
165
175
215
249
253
252
251
251
251
251
251
251
251
251
251
251
251
251
251
251
251
251
251
251
253
253
254
253
253
251
251
251
251
251
251
251
251
251
251
251
251
251
251
251
251
251
251
251
251
251
251
251
251
251
253
255
245
251
245
255
253
251
251
251
251
253
253
254
253
253
251
251
251
251
251
251
251
251
251
251
251
251
251
251
251
251
251
251
251
251
251
251
251
251
251
251
251
251
251
251
251
251
251
251
251
251
251
251
251
251
251
251
251
251
251
251
251
251
251
253
245
217
77
225
253
255
253
251
251
251
251
251
251
252
253
230
183
168
172
178
168
172
166
172
165
164
163
171
177
181
175
207
251
253
253
251
251
251
251
251
251
251
251
251
251
251
251
251
251
251
251
251
251
251
251
251
251
251
251
251
251
251
251
251
251
251
251
251
251
251
251
251
251
251
251
251
251
251
251
251
253
253
254
254
255
253
225
77
217
245
253
251
251
251
251
251
251
251
251
251
251
251
251
251
251
251
251
251
251
251
251
251
251
251
251
251
251
251
251
251
251
251
251
251
251
251
251
251
251
251
251
251
251
251
251
251
251
251
251
251
251
251
251
251
251
251
251
251
251
253
255
245
251
245
255
253
251
251
251
251
251
251
251
251
253
252
214
172
175
174
155
65
152
175
185
183
179
190
240
242
241
247
251
253
251
251
251
251
251
251
251
251
251
251
251
251
251
251
251
251
251
251
251
251
251
251
251
251
251
251
251
251
251
251
251
251
251
251
251
251
251
251
251
251
251
251
251
251
251
253
255
245
251
249
253
227
47
50
77
251
254
251
251
251
251
251
251
251
251
251
251
251
251
251
251
251
251
251
251
251
251
251
251
251
251
251
251
251
251
251
251
251
251
251
251
251
251
251
251
251
251
251
251
251
251
251
251
251
251
251
251
251
251
251
251
251
251
251
251
251
253
253
254
253
253
251
251
251
251
251
251
251
251
251
252
253
249
211
178
163
42
48
74
233
248
242
241
248
253
254
254
253
252
251
251
251
251
251
251
251
251
251
251
251
251
251
251
251
251
251
251
251
251
251
251
251
251
251
251
251
251
251
251
251
251
251
251
251
251
251
251
251
251
251
251
251
251
251
253
255
253
225
77
223
244
81
50
47
225
245
253
251
251
251
251
251
251
251
251
251
251
251
251
251
251
251
251
251
251
251
251
251
251
251
251
251
251
251
251
251
251
251
251
251
251
251
251
251
251
251
251
251
251
251
251
251
251
251
251
251
251
251
251
251
251
251
251
251
251
251
251
251
251
251
251
251
251
251
251
251
251
251
251
251
251
253
251
252
235
75
49
53
210
249
255
254
254
253
253
252
251
251
251
251
251
251
251
251
251
251
251
251
251
251
251
251
251
251
251
251
251
251
251
251
251
251
251
251
251
251
251
251
251
251
251
251
251
251
251
251
251
251
251
251
251
251
251
251
253
253
238
67
56
79
235
217
72
221
253
255
253
251
251
251
251
251
251
251
251
251
251
251
251
251
251
251
251
251
251
251
251
251
251
251
251
251
251
251
251
251
251
251
251
251
251
251
251
251
251
251
251
251
251
251
251
251
251
251
251
251
251
251
251
251
251
251
251
251
251
251
251
251
251
251
251
251
251
251
251
251
251
251
251
251
251
251
251
251
251
251
52
251
251
251
251
251
251
251
251
251
251
251
251
251
251
251
251
251
251
251
251
251
251
251
251
251
251
251
251
251
251
251
251
251
251
251
251
251
251
251
251
251
251
251
251
251
251
251
251
251
251
251
251
251
251
251
251
251
251
251
52
52
52
251
251
251
251
251
251
251
251
251
251
251
251
251
251
251
251
251
251
251
251
251
251
251
251
251
251
251
251
251
251
251
251
251
251
251
251
251
251
251
251
251
251
251
251
251
251
251
251
251
251
251
251
251
251
251
251
251
251
251
251
251
251
251
251
251
251
251
251
251
251
251
251
251
251
251
251
