248
248
248
248
248
248
248
248
248
248
248
248
248
248
248
248
248
248
248
248
248
248
248
248
248
248
248
248
248
248
248
248
248
248
248
248
248
248
248
248
248
248
248
248
248
248
248
248
248
248
248
248
89
89
89
248
248
248
248
248
248
248
248
248
248
248
248
248
248
248
248
248
248
248
248
248
248
248
248
248
248
248
248
248
248
248
248
248
248
248
248
248
248
248
248
248
248
248
248
248
248
248
248
248
248
248
248
248
248
248
248
248
248
248
248
248
248
248
248
248
248
248
248
248
248
248
248
248
248
248
248
248
248
248
248
248
248
248
248
248
248
248
248
248
89
89
89
248
248
248
248
248
248
248
248
248
248
248
248
248
248
248
248
248
248
248
248
248
248
248
248
248
248
248
248
248
248
248
248
248
248
248
248
248
248
248
248
249
252
246
202
175
233
240
247
249
248
244
248
254
244
109
92
101
237
249
249
248
248
248
248
248
248
248
248
248
248
248
248
248
248
248
248
248
248
248
248
248
248
248
248
248
248
248
248
248
248
248
248
248
248
248
248
248
248
248
248
248
248
248
248
248
248
248
248
248
248
248
248
248
248
248
248
248
248
248
248
248
248
248
248
248
248
248
248
248
248
248
248
248
248
248
248
248
248
248
248
248
248
248
248
248
249
249
231
126
231
249
249
248
248
248
248
248
248
248
248
248
248
248
248
248
248
248
248
248
248
248
248
248
248
248
248
248
248
248
248
248
248
248
248
248
248
248
248
248
248
248
244
207
136
141
145
150
194
234
188
209
250
252
237
220
110
226
250
254
249
248
248
248
248
248
248
248
248
248
248
248
248
248
248
248
248
248
248
248
248
248
248
248
248
248
248
248
248
248
248
248
248
248
248
248
248
248
249
250
251
250
249
248
248
248
248
248
248
248
248
248
248
248
248
248
248
248
248
248
248
248
248
248
248
248
248
248
248
248
248
248
248
248
248
248
248
248
248
248
248
248
248
248
248
248
249
254
243
248
243
254
249
248
248
248
248
248
248
248
248
248
248
248
248
248
248
248
248
248
248
248
248
248
248
248
248
248
248
248
248
248
248
248
248
248
248
248
248
248
248
252
224
144
134
126
130
133
142
141
140
194
231
184
224
253
254
249
254
251
249
248
248
248
248
248
248
248
248
248
248
248
249
251
253
254
254
254
254
251
249
248
248
248
248
248
248
248
248
248
248
248
248
248
249
250
251
253
254
246
249
243
254
249
248
248
248
248
248
248
248
248
248
248
248
248
248
248
248
248
248
248
248
248
248
248
248
248
248
248
248
248
248
248
248
248
248
248
248
248
248
248
248
248
248
249
250
253
253
253
250
249
248
248
248
248
248
248
248
248
248
248
248
248
248
248
248
248
248
248
248
248
248
248
249
249
249
249
248
248
248
248
248
248
248
248
248
248
248
248
248
248
244
208
137
135
134
136
136
134
137
146
143
142
202
239
250
243
249
244
252
249
248
248
248
248
248
248
248
248
248
249
250
245
238
233
236
234
236
245
250
251
248
248
248
248
248
248
248
248
248
248
248
250
253
246
251
242
248
218
111
220
243
250
248
248
248
248
248
248
248
248
248
248
248
248
248
248
248
248
248
248
248
248
248
248
248
248
248
248
249
249
250
249
248
248
248
248
248
248
248
248
248
248
249
254
243
248
243
254
249
248
248
248
248
248
248
248
248
248
248
248
248
248
248
248
248
249
250
250
249
248
248
249
246
248
251
254
254
253
251
249
248
248
248
248
248
248
248
248
248
249
252
249
209
137
133
133
138
138
137
136
132
137
145
150
155
215
162
220
246
250
249
250
251
250
249
248
248
248
249
252
250
214
147
151
153
151
147
196
250
254
254
252
250
249
250
249
249
248
249
251
254
251
248
225
167
218
151
86
99
117
254
254
249
249
248
248
248
248
248
248
248
248
248
248
248
248
248
248
248
248
248
248
248
248
248
249
251
253
254
249
249
246
251
248
248
248
248
248
248
248
248
249
254
250
226
109
220
243
250
248
248
248
248
248
248
248
248
248
248
248
248
248
248
248
250
246
244
247
251
254
252
254
249
210
223
235
234
240
246
251
249
248
248
248
248
248
248
248
248
248
249
252
249
209
146
141
137
132
134
135
136
136
135
130
137
135
138
146
232
254
254
243
248
243
254
249
248
249
252
250
218
143
132
129
132
129
131
136
197
237
238
241
252
250
250
247
252
249
251
243
242
230
179
146
147
135
96
75
84
214
231
244
247
250
248
248
248
248
248
248
248
248
248
248
248
248
248
248
248
248
248
248
248
248
249
251
246
241
234
217
194
248
254
252
249
248
248
248
248
248
248
250
243
226
84
87
109
248
251
248
248
248
248
248
248
248
248
248
248
248
248
248
248
249
254
254
205
196
233
243
241
253
244
185
145
149
150
149
228
247
250
248
248
248
248
248
248
248
248
248
248
249
250
246
241
199
159
152
153
148
144
140
139
139
138
136
125
139
224
254
251
226
109
220
243
250
248
250
249
221
146
135
134
134
132
133
132
135
143
147
149
215
254
245
185
221
243
250
253
242
161
140
141
134
135
135
129
92
139
151
161
194
251
253
248
248
248
248
248
248
248
248
248
248
248
248
248
248
248
248
248
248
249
251
254
252
229
151
148
142
156
201
240
244
249
251
248
248
248
248
248
251
248
109
87
84
226
243
250
248
248
248
248
248
248
248
248
248
248
248
248
248
250
248
244
237
186
141
144
153
204
187
207
168
129
127
122
124
144
233
252
248
248
248
248
248
248
248
248
248
248
248
249
252
253
247
241
236
204
207
173
131
132
135
137
137
138
154
238
249
226
84
87
109
248
251
248
252
231
163
131
132
142
151
157
151
145
139
133
124
137
208
248
174
137
144
227
254
254
234
154
124
136
139
140
143
138
138
135
135
129
168
242
252
251
248
248
248
248
248
248
248
248
248
248
248
248
248
248
248
249
250
254
248
245
223
150
133
129
131
139
144
149
191
248
253
251
248
248
248
248
250
243
220
109
226
250
254
249
248
248
248
248
248
248
248
248
248
248
248
248
248
252
253
213
152
143
136
127
135
137
147
144
144
136
141
149
140
148
224
253
248
248
248
248
248
248
248
248
248
248
248
248
248
249
251
254
251
254
249
189
139
144
144
144
136
134
215
246
252
110
87
84
226
243
250
251
254
223
141
128
141
182
243
240
240
206
153
136
131
142
207
179
139
126
133
217
251
255
245
159
133
139
140
139
137
136
138
137
139
136
140
181
248
251
250
248
248
248
248
248
248
248
248
248
248
248
248
248
248
250
244
243
225
155
143
140
136
138
139
137
134
131
145
198
246
248
250
248
248
248
249
254
243
248
243
254
249
248
248
248
248
248
248
248
248
248
248
248
248
248
248
251
244
192
131
132
139
140
139
137
136
136
137
133
141
217
235
189
233
252
248
248
248
248
248
248
248
248
248
248
248
248
248
248
248
248
249
252
247
243
235
199
222
172
134
135
152
237
250
220
109
226
250
254
249
250
247
213
137
140
171
249
251
255
254
253
202
145
130
140
144
145
139
135
139
147
223
247
230
155
134
138
137
134
142
138
152
149
144
132
133
149
205
253
252
248
248
248
248
248
248
248
248
248
248
248
248
248
249
254
242
166
139
138
128
132
136
138
140
140
139
139
136
140
194
252
251
248
248
248
248
249
250
251
250
249
248
248
248
248
248
248
248
248
248
248
248
248
248
248
251
253
211
143
136
137
138
140
137
143
139
143
138
131
147
232
254
251
244
249
248
248
248
248
248
248
248
248
248
248
248
248
248
248
248
248
248
248
250
254
247
246
231
167
134
132
147
233
254
244
248
243
254
249
249
254
231
150
138
167
221
114
224
244
252
252
251
194
142
137
132
133
133
136
133
139
145
157
159
145
136
134
141
147
171
220
175
207
142
127
134
133
178
246
252
251
248
248
248
248
248
248
248
248
248
248
248
248
251
250
229
140
128
132
143
148
146
137
130
138
140
140
133
132
185
248
252
247
248
248
248
248
248
248
248
248
248
248
248
248
248
248
248
248
248
248
248
248
248
248
252
254
205
135
128
142
147
147
134
92
158
137
142
131
138
219
250
252
249
248
248
248
248
248
248
248
248
248
248
248
248
248
248
248
248
248
248
248
248
251
254
193
153
142
130
135
218
248
251
250
251
250
249
248
251
248
214
135
130
162
86
95
110
248
251
252
251
240
175
130
140
147
149
141
132
133
131
136
140
140
135
141
154
235
247
243
254
221
156
145
137
132
138
184
247
249
250
248
248
248
248
248
248
248
248
248
249
251
252
244
153
140
134
141
160
241
222
147
144
142
134
140
135
137
192
252
254
248
248
248
248
248
248
248
248
248
248
248
248
248
248
248
248
248
248
248
248
248
248
248
251
247
199
133
133
150
193
174
77
88
111
201
156
133
136
152
232
253
248
248
248
248
248
248
248
248
248
248
248
248
248
248
248
248
248
248
248
248
248
250
250
239
165
127
134
152
235
254
249
248
248
248
248
248
253
233
152
135
162
97
91
86
226
243
250
251
254
197
144
132
137
206
240
181
147
144
138
141
148
141
133
150
235
253
254
252
252
245
243
210
141
136
132
140
195
254
252
248
248
248
248
248
248
248
248
249
251
248
244
184
142
131
131
150
237
254
249
245
213
145
136
135
136
133
183
244
251
250
248
248
248
248
248
248
248
248
248
248
248
248
248
248
248
248
248
248
248
248
248
250
251
210
139
127
130
194
245
116
90
91
235
239
173
132
125
141
223
254
249
248
248
248
248
248
248
248
248
248
248
248
248
248
248
248
248
248
248
248
248
252
254
246
171
129
136
217
249
250
248
248
248
248
248
249
254
222
140
128
168
219
119
226
250
254
249
252
248
187
134
125
144
218
254
253
233
159
134
139
140
139
131
153
238
254
249
248
249
251
254
250
205
132
129
131
180
243
251
250
248
248
248
248
248
248
248
249
245
236
154
141
137
135
139
165
248
254
251
254
252
218
142
139
136
136
143
201
254
252
248
248
248
248
248
248
248
248
248
248
248
248
248
248
248
248
248
248
248
248
248
250
251
212
148
133
137
195
250
229
110
227
254
254
181
141
127
145
224
254
249
248
248
248
248
248
248
248
248
248
248
248
248
248
248
248
248
248
248
248
250
249
245
174
139
126
139
221
254
249
248
248
248
248
248
249
254
226
144
127
184
244
254
244
254
249
247
253
249
188
136
126
141
211
254
255
246
165
131
138
140
138
139
159
243
252
248
248
248
248
251
254
220
145
136
135
144
201
254
252
248
248
248
248
248
248
248
251
253
162
145
132
132
139
163
240
246
250
248
249
253
248
206
133
133
135
132
183
243
250
250
248
248
248
248
248
248
248
248
248
248
248
248
248
248
248
248
248
248
248
248
249
248
245
241
187
133
192
254
251
248
243
254
254
243
166
125
145
224
254
249
248
248
248
248
248
248
248
248
248
248
248
248
248
248
248
248
248
248
248
251
251
181
135
130
134
145
228
252
249
248
248
248
248
248
249
254
225
143
125
166
244
254
252
249
248
248
254
253
191
136
127
140
211
252
254
248
172
140
136
140
135
149
234
252
251
248
248
248
248
248
250
246
207
142
129
130
181
245
251
250
248
248
248
248
248
248
254
243
228
143
133
141
154
242
251
251
249
248
248
251
254
224
154
139
137
137
142
201
253
251
248
248
248
248
248
248
248
248
248
248
248
248
248
248
248
248
248
248
248
248
248
249
254
254
202
134
181
247
253
253
250
252
252
243
167
126
144
225
254
249
248
248
248
248
248
248
248
248
248
248
248
248
248
248
248
248
248
248
250
254
251
181
132
130
138
215
247
250
248
248
248
248
248
248
249
254
224
143
126
144
188
253
253
248
248
249
251
243
183
133
128
139
210
251
253
250
236
153
129
138
135
154
235
253
251
248
248
248
248
248
251
254
235
175
130
90
134
202
254
252
248
248
248
248
248
249
249
246
163
142
130
141
230
251
252
249
248
249
251
254
254
246
200
131
137
131
130
189
248
252
248
248
248
248
248
248
248
248
248
248
248
248
248
248
248
248
248
248
248
248
248
247
252
253
200
133
137
204
254
252
248
253
253
181
141
126
142
223
254
249
248
248
248
248
248
248
248
248
248
248
248
248
248
248
248
248
248
250
245
244
235
172
136
128
145
221
254
251
248
248
248
248
248
248
249
254
227
147
128
132
166
240
250
250
247
251
253
196
141
131
132
149
219
253
250
254
250
169
139
137
137
143
175
248
253
248
248
248
248
248
248
253
242
191
83
79
91
186
243
251
250
248
248
248
248
253
248
178
140
131
137
153
243
254
249
248
249
251
245
240
239
213
146
140
136
135
142
202
253
251
248
248
248
248
248
248
248
248
248
248
248
248
248
248
248
249
250
251
250
249
248
247
252
253
201
131
124
189
248
254
254
254
243
166
129
133
154
232
253
248
248
248
248
248
248
248
248
248
248
248
248
248
248
248
248
248
248
252
249
191
142
140
135
134
151
226
253
249
248
248
248
248
248
248
250
250
220
139
133
137
142
186
253
253
248
254
251
193
133
131
141
209
247
250
248
249
250
234
151
132
137
135
159
236
250
250
248
248
248
248
248
253
248
114
88
79
130
138
202
253
251
248
248
248
248
254
241
163
133
132
142
229
246
251
248
249
252
249
222
148
148
143
138
136
133
130
182
242
251
250
248
248
248
248
248
248
248
248
248
248
248
248
248
248
249
254
243
248
243
254
249
247
252
253
200
136
130
141
198
240
239
240
178
141
128
135
215
248
251
248
248
248
248
248
248
248
248
248
248
248
248
248
248
248
248
248
248
254
249
187
132
127
138
142
219
247
250
248
248
248
248
248
248
249
254
237
153
138
136
137
132
169
245
254
254
254
250
188
128
129
198
248
253
249
248
249
254
249
167
141
135
137
141
180
245
252
248
248
248
248
248
251
244
231
111
132
134
136
202
254
254
249
248
248
248
254
242
162
131
130
152
236
254
252
253
254
251
226
140
134
129
133
133
132
130
138
200
254
252
248
248
248
248
248
248
248
248
248
248
248
248
248
248
249
254
250
226
109
220
243
250
247
252
252
199
136
129
139
144
152
158
150
141
132
130
147
229
254
249
248
248
248
248
248
248
248
248
248
248
248
248
248
248
248
248
249
253
254
248
183
136
132
136
211
249
253
249
248
248
248
248
248
248
251
247
220
135
128
134
135
135
140
180
241
239
241
195
139
135
143
214
254
251
248
248
248
250
249
233
149
132
136
133
153
241
254
249
248
248
248
248
249
254
254
244
182
91
126
187
240
244
248
249
248
248
254
242
162
132
129
151
236
255
249
242
236
224
145
137
135
140
140
148
151
154
192
244
249
250
248
248
248
248
248
248
248
248
248
248
248
248
248
248
250
243
226
84
87
109
249
254
251
253
253
202
137
132
138
135
133
132
132
131
134
138
220
247
250
248
248
248
248
248
248
248
248
248
248
248
248
248
248
248
248
250
246
242
238
186
141
138
130
139
214
254
251
248
248
248
248
248
248
249
254
239
150
136
143
155
148
138
133
144
149
157
152
143
133
129
194
245
251
248
248
248
248
249
254
247
164
138
135
132
153
233
250
250
248
248
248
248
248
251
248
229
95
86
95
143
146
211
254
251
248
248
254
242
163
132
130
155
232
253
226
155
149
144
136
128
132
137
132
177
233
247
246
249
251
248
248
248
248
248
248
248
248
248
248
248
248
248
248
248
251
248
109
87
86
231
253
245
242
239
254
217
155
134
137
141
139
138
131
134
137
218
249
252
250
250
251
250
249
248
248
248
248
248
248
248
248
248
248
248
248
250
254
213
157
143
136
134
134
149
221
253
250
248
248
248
248
248
248
251
249
223
134
137
184
245
218
143
135
131
132
132
132
133
132
144
211
254
251
248
248
248
248
248
250
246
241
161
142
135
142
168
250
254
248
248
248
248
248
251
249
110
94
88
174
127
126
194
244
251
248
248
254
242
163
132
132
152
220
166
142
137
128
132
142
150
161
150
156
105
227
251
254
249
248
248
248
248
248
248
248
248
248
248
248
248
248
248
248
248
250
243
220
109
231
244
243
221
131
242
254
248
196
136
133
136
132
135
141
150
222
254
254
254
254
246
246
242
251
248
248
248
248
248
248
248
248
248
248
248
248
251
249
239
179
129
132
135
142
213
245
250
248
248
248
248
248
248
248
252
240
159
134
159
249
255
254
216
136
132
130
134
132
131
135
199
251
253
251
249
248
248
248
248
249
251
252
233
146
130
131
152
233
250
249
248
248
248
248
250
243
220
114
226
191
137
131
146
216
254
251
248
254
240
162
130
133
146
141
142
132
136
137
132
158
234
235
213
79
88
113
249
251
248
248
248
248
248
248
248
248
248
248
248
248
248
248
248
248
248
249
254
243
248
250
238
109
93
229
252
255
254
226
163
139
148
157
156
212
243
239
238
237
236
237
229
160
231
250
250
248
248
248
248
248
248
248
248
248
248
249
251
250
208
151
136
135
140
212
250
252
249
248
248
248
248
248
248
250
254
235
156
125
157
233
248
249
252
213
147
147
142
140
141
201
254
248
250
244
254
249
248
248
248
248
249
254
245
160
139
135
138
164
247
252
248
248
248
248
249
254
243
251
249
205
144
129
132
201
248
253
249
253
248
169
140
135
138
140
140
138
135
130
136
172
254
255
117
93
87
227
243
250
248
248
248
248
248
248
248
248
248
248
248
248
248
248
248
248
248
248
249
250
251
254
232
108
95
214
221
233
251
254
200
140
189
228
233
249
254
192
149
151
153
157
144
145
184
244
252
248
248
248
248
248
248
248
248
248
249
252
251
205
144
135
132
137
203
247
253
249
248
248
248
248
248
248
250
251
250
227
146
132
144
145
178
250
254
245
240
236
194
181
239
253
252
230
109
220
243
250
248
248
248
248
248
250
249
229
143
130
131
169
243
254
249
248
248
248
248
249
250
253
253
243
180
126
133
141
214
250
253
254
254
246
162
139
139
132
121
132
141
153
163
240
251
245
220
109
226
250
254
249
248
248
248
248
248
248
248
248
248
248
248
248
248
248
248
248
248
248
248
248
248
251
242
235
225
125
124
121
225
224
172
126
169
178
155
216
240
168
131
134
131
132
131
133
155
236
253
248
248
248
248
248
248
248
248
248
249
249
219
158
135
132
136
160
224
254
251
248
248
248
248
248
249
251
252
244
203
157
142
135
135
129
158
239
254
254
254
252
246
246
251
249
228
85
87
109
248
251
248
248
248
248
248
249
254
243
158
136
131
152
238
251
253
249
248
248
248
248
248
249
254
255
202
147
138
140
143
221
254
248
240
215
144
124
129
106
107
123
230
238
242
247
252
254
243
248
243
254
249
248
248
248
248
248
248
248
248
248
248
248
248
248
248
248
248
248
248
248
248
248
248
249
251
254
245
230
215
220
124
124
112
102
95
126
126
134
139
136
130
133
130
98
134
134
158
243
255
254
254
254
254
254
254
254
254
254
255
228
164
137
136
131
132
195
247
252
248
248
248
248
248
248
250
246
240
187
144
134
131
133
136
137
140
169
247
250
252
250
251
251
253
249
109
87
84
226
243
250
248
248
248
248
248
249
254
254
247
159
143
134
108
239
254
255
254
254
254
254
254
254
248
233
210
153
117
123
125
131
203
227
129
118
111
94
95
143
212
237
249
254
252
250
249
249
250
251
250
249
248
248
248
248
248
248
248
248
248
248
248
248
248
248
248
248
248
248
248
248
248
248
248
248
248
249
251
254
254
246
236
219
174
122
126
98
96
94
90
89
88
88
81
82
86
122
137
210
224
216
215
215
215
215
215
216
217
222
226
192
136
136
146
151
165
227
255
255
254
254
254
254
254
254
255
253
170
144
141
149
163
161
150
140
138
141
178
253
254
255
254
254
255
254
234
123
240
255
255
254
254
254
254
254
254
254
248
236
216
204
122
79
81
96
218
222
216
215
215
215
215
217
221
125
129
121
109
98
95
97
107
116
228
214
139
120
131
145
189
253
254
249
248
248
248
248
248
248
248
248
248
248
248
248
248
248
248
248
248
248
248
248
248
248
248
248
248
248
248
248
248
248
248
248
248
248
248
248
249
251
254
254
204
142
134
136
127
131
136
144
144
91
95
86
102
89
104
113
126
127
125
125
125
126
127
130
132
125
118
102
131
125
124
166
210
212
216
217
215
215
215
215
215
215
222
210
135
118
121
134
205
197
123
124
126
126
129
165
226
223
217
216
217
223
211
216
211
223
217
215
215
215
215
215
215
217
220
122
129
129
107
92
76
97
112
128
127
125
125
125
125
124
121
222
229
220
171
126
133
120
122
208
254
254
172
144
137
133
156
239
254
249
248
248
248
248
248
248
248
248
248
248
248
248
248
248
248
248
248
248
248
248
248
248
248
248
248
248
248
248
248
248
248
248
248
248
248
248
248
247
252
251
196
136
133
139
132
136
203
243
243
221
124
214
149
118
130
169
219
217
215
215
215
217
220
215
210
175
118
122
96
92
98
111
128
133
127
126
125
125
125
125
125
125
132
118
109
89
100
116
132
130
111
98
96
98
97
102
110
123
128
130
126
127
129
131
129
127
125
125
125
125
125
125
125
124
121
220
219
225
204
100
118
131
169
219
222
216
215
215
215
214
232
253
255
238
112
158
140
133
148
224
254
253
235
151
133
132
148
233
252
251
248
248
248
248
248
248
248
248
248
249
252
253
253
251
250
251
251
250
249
248
248
248
248
248
248
248
248
248
248
248
248
248
248
248
248
248
249
250
254
254
196
131
132
146
148
151
220
254
254
247
254
240
174
130
149
238
254
254
254
254
254
255
254
235
164
154
148
135
134
133
132
178
221
218
215
215
215
215
215
215
215
216
225
215
138
124
141
221
223
224
208
128
126
122
126
123
118
155
211
217
218
215
215
215
215
215
215
215
215
215
215
215
215
214
230
247
255
255
244
158
136
140
173
254
255
255
254
254
254
254
254
248
228
88
94
97
146
126
141
219
254
254
242
161
132
136
142
162
245
251
251
249
248
248
248
248
248
248
250
249
243
235
233
244
254
244
248
243
254
249
248
248
248
248
248
248
248
248
248
248
248
248
248
248
248
249
254
243
253
248
203
139
137
202
238
238
242
249
250
253
254
242
154
133
158
243
254
249
248
249
252
249
223
143
135
133
137
134
134
182
241
252
254
255
254
254
254
254
254
254
254
255
255
245
150
147
237
254
255
254
253
227
151
152
147
141
142
151
206
255
255
254
254
254
254
254
254
254
254
254
254
254
254
254
254
251
249
251
249
224
141
130
141
170
248
250
252
248
248
248
251
248
109
88
92
229
177
131
137
217
253
254
239
158
131
138
135
142
175
244
249
251
249
248
248
248
248
248
251
250
201
144
150
216
254
230
112
225
247
251
248
248
248
249
249
248
248
248
248
248
248
248
248
248
249
254
250
226
116
224
187
133
190
251
254
253
251
249
251
247
244
171
135
137
224
248
251
248
249
252
249
225
141
136
136
138
138
143
150
203
254
254
249
248
248
248
248
248
248
248
248
253
245
161
131
152
238
254
249
249
252
245
244
204
138
132
135
131
177
242
251
250
248
248
248
248
248
248
248
248
248
248
248
248
248
248
248
249
254
227
145
129
135
138
173
245
248
250
248
248
250
243
220
109
229
251
254
163
140
214
252
254
236
155
128
137
138
138
139
161
244
251
254
249
249
249
251
254
254
227
164
123
131
193
231
96
83
108
243
254
249
248
249
254
249
248
248
248
248
248
248
248
248
248
251
247
232
91
98
104
162
137
199
254
254
248
249
249
254
252
172
136
134
150
240
254
249
248
249
245
221
133
136
136
138
133
129
171
234
246
247
250
248
248
248
248
248
248
248
248
248
254
237
154
119
151
235
254
248
248
249
252
254
227
144
132
132
134
138
192
252
251
248
248
248
248
248
248
248
248
248
248
248
248
248
248
248
248
253
234
150
137
135
134
137
180
250
252
248
248
249
254
243
248
244
254
252
239
173
219
252
254
243
156
138
136
138
138
135
139
161
239
248
252
254
254
247
241
237
193
139
129
143
205
120
96
63
88
216
247
250
248
250
243
231
89
248
248
248
248
248
248
248
249
254
243
111
71
83
171
136
134
198
252
252
247
250
246
247
231
160
124
135
223
248
251
248
248
251
239
153
137
128
138
139
142
149
198
254
254
249
248
248
248
248
248
248
248
248
248
248
254
239
158
123
152
237
254
249
248
248
248
251
249
220
152
146
134
130
188
251
254
248
248
248
248
248
248
248
248
248
248
248
248
248
248
248
248
250
247
215
131
129
133
132
180
248
254
248
248
248
249
250
251
250
249
252
245
245
242
249
252
246
241
159
139
132
137
136
136
140
151
192
237
239
239
206
151
150
145
140
130
138
196
215
90
63
91
117
249
251
248
251
248
126
89
248
248
248
248
248
248
248
250
247
214
82
73
111
192
142
132
199
252
253
249
254
252
191
150
139
138
156
244
254
249
248
248
249
246
225
143
138
136
141
165
231
237
249
250
248
248
248
248
248
248
248
248
248
248
248
254
239
158
126
143
229
247
251
248
248
249
254
247
248
240
206
135
128
184
245
251
250
248
248
248
248
248
248
248
248
248
248
248
248
248
248
248
249
253
230
151
142
141
131
173
245
254
251
248
248
248
248
248
248
248
249
249
250
250
249
249
252
250
240
166
144
138
131
136
134
135
143
149
155
152
142
134
130
136
138
135
135
168
215
111
84
92
227
243
250
248
250
243
231
89
248
248
248
248
248
248
248
251
249
112
93
95
236
196
133
132
203
254
254
252
251
235
166
132
123
89
209
238
252
248
248
248
249
252
250
216
132
123
165
211
193
253
253
248
248
248
248
248
248
248
248
248
248
248
248
254
239
160
128
138
156
246
254
249
249
254
251
227
116
231
207
141
127
142
197
252
251
248
248
248
248
248
248
248
248
248
248
248
248
248
248
248
248
250
243
243
208
140
131
141
180
247
248
250
248
248
248
248
248
248
248
248
248
248
248
248
248
252
247
245
228
158
145
143
137
138
136
134
132
133
135
137
140
141
138
139
140
168
220
229
117
232
253
254
249
248
249
254
249
248
248
248
248
248
248
248
248
250
243
220
109
232
254
205
132
135
202
250
245
238
197
152
138
125
76
90
117
250
252
248
248
248
248
249
254
230
154
147
184
240
245
242
250
248
248
248
248
248
248
248
248
248
248
248
248
254
237
156
128
131
154
234
252
252
251
243
226
84
92
114
210
143
127
137
193
251
251
248
248
248
248
248
248
248
248
248
248
248
248
248
248
248
248
249
252
254
223
143
128
135
139
189
253
253
248
248
248
248
248
248
248
248
248
248
248
248
248
249
250
254
248
246
214
138
128
139
140
141
140
139
139
136
134
131
125
127
185
241
254
251
244
243
250
254
249
248
248
249
249
248
248
248
248
248
248
248
248
249
254
243
248
248
254
200
132
134
194
191
157
153
139
137
143
98
89
90
227
243
250
248
248
248
248
249
252
247
240
233
243
248
253
249
248
248
248
248
248
248
248
248
248
248
248
248
248
253
246
159
138
135
145
153
240
245
254
248
109
88
88
227
199
135
127
183
242
252
253
251
250
249
248
248
248
248
248
248
248
248
248
248
248
248
248
248
249
253
225
146
134
131
131
175
243
252
250
248
248
248
248
248
248
248
249
250
251
250
249
248
248
249
251
254
239
161
138
137
129
132
135
137
139
147
151
154
148
151
208
254
255
254
231
112
221
243
250
248
248
248
248
248
248
248
248
248
248
248
248
248
249
250
252
254
254
200
136
134
137
97
126
127
134
141
216
223
115
227
250
254
249
248
248
248
249
254
245
251
250
254
253
250
249
248
248
248
248
248
248
248
248
248
248
248
248
248
248
250
248
233
147
132
133
136
156
247
254
243
220
110
232
225
162
132
134
192
253
254
243
248
243
254
249
248
248
248
248
248
248
248
248
248
248
248
248
248
248
250
247
218
141
138
131
142
194
250
251
248
248
248
248
248
248
249
254
243
248
243
254
249
248
248
248
249
244
242
219
151
150
152
143
132
127
173
235
239
232
236
241
250
244
226
84
87
109
248
251
248
248
248
248
248
248
248
248
248
248
248
248
248
248
249
253
247
253
202
151
130
85
87
92
138
143
218
254
247
249
243
254
249
248
248
248
249
254
250
226
109
220
243
250
248
248
248
248
248
248
248
248
248
248
248
248
248
248
248
248
249
254
249
167
141
134
130
155
238
254
254
246
254
253
222
139
127
151
210
254
253
225
109
220
243
250
248
248
248
248
248
248
248
248
248
248
248
248
248
248
249
252
249
206
128
122
134
187
251
251
248
248
248
248
248
249
254
250
226
109
220
243
250
248
248
248
249
251
254
247
241
234
238
211
146
146
194
254
254
254
254
251
253
248
109
87
84
226
243
250
248
248
248
248
248
248
248
248
248
248
248
248
248
249
254
250
228
113
223
185
97
81
85
121
127
203
248
254
251
252
250
249
248
248
248
248
250
243
226
84
87
109
248
251
248
248
248
248
248
248
248
248
248
248
248
248
248
248
248
248
248
250
250
229
142
128
133
147
193
247
251
254
250
246
202
132
127
181
248
247
228
84
87
109
248
251
248
248
248
248
248
248
248
248
248
248
248
248
248
248
248
251
254
222
152
141
183
244
249
250
248
248
248
248
248
250
243
226
84
87
109
248
251
248
248
248
248
248
249
251
253
254
254
247
237
233
241
247
250
248
248
248
250
243
220
109
226
250
254
249
248
248
248
248
248
248
248
248
248
248
248
248
248
250
243
226
86
100
111
189
86
84
138
151
153
219
254
251
248
248
248
248
248
248
248
248
251
248
109
87
84
226
243
250
248
248
248
248
248
248
248
248
248
248
248
248
248
248
248
248
248
249
254
243
168
144
142
135
142
166
246
254
232
163
139
135
138
196
254
252
109
87
84
226
243
250
248
248
248
248
248
248
248
248
248
248
248
248
248
248
248
248
249
242
236
232
243
250
251
248
248
248
248
248
248
251
248
109
87
84
226
243
250
248
248
248
248
248
248
248
248
248
249
251
253
253
251
249
248
248
248
248
249
254
243
248
243
254
249
248
248
248
248
248
248
248
248
248
248
248
248
248
248
251
248
109
90
82
202
85
85
105
232
239
238
242
250
248
248
248
248
248
248
248
248
248
250
243
220
109
226
250
254
249
248
248
248
248
248
248
248
248
248
248
248
248
248
248
248
248
248
248
250
244
244
219
141
126
132
137
165
241
209
133
126
139
185
246
252
244
220
109
226
250
254
249
248
248
248
248
248
248
248
248
248
248
248
248
248
248
248
248
249
251
253
253
252
250
249
248
248
248
248
248
248
250
243
220
109
226
250
254
249
248
248
248
248
248
248
248
248
248
248
248
248
248
248
248
248
248
248
248
248
249
250
251
250
249
248
248
248
248
248
248
248
248
248
248
248
248
248
248
248
250
243
220
113
227
113
98
91
234
252
254
253
251
249
248
248
248
248
248
248
248
248
248
249
254
243
248
243
254
249
248
248
248
248
248
248
248
248
248
248
248
248
248
248
248
248
248
248
248
249
250
254
244
166
144
142
132
143
147
144
134
133
180
249
252
252
254
243
248
243
254
249
248
248
248
248
248
248
248
248
248
248
248
248
248
248
248
248
248
248
248
248
248
248
248
248
248
248
248
248
248
248
249
254
243
248
243
254
249
248
248
248
248
248
248
248
248
248
248
248
248
248
248
248
248
248
248
248
248
248
248
248
248
248
248
248
248
248
248
248
248
248
248
248
248
248
248
248
248
248
249
254
243
250
237
228
111
226
250
254
249
248
248
248
248
248
248
248
248
248
248
248
248
248
249
250
251
250
249
248
248
248
248
248
248
248
248
248
248
248
248
248
248
248
248
248
248
248
248
248
248
252
251
239
224
140
141
127
127
135
140
177
245
251
251
248
249
250
251
250
249
248
248
248
248
248
248
248
248
248
248
248
248
248
248
248
248
248
248
248
248
248
248
248
248
248
248
248
248
248
248
248
248
249
250
251
250
249
248
248
248
248
248
248
248
248
248
248
248
248
248
248
248
248
248
248
248
248
248
248
248
248
248
248
248
248
248
248
248
248
248
248
248
248
248
248
248
248
248
248
248
249
250
253
254
245
248
243
254
249
248
248
248
248
248
248
248
248
248
248
248
248
248
248
248
248
248
248
248
248
248
248
248
248
248
248
248
248
248
248
248
248
248
248
248
248
248
248
248
248
248
250
252
239
127
210
146
139
139
164
235
245
248
252
248
248
248
248
248
248
248
248
248
248
248
248
248
248
248
248
248
248
248
248
248
248
248
248
248
248
248
248
248
248
248
248
248
248
248
248
248
248
248
248
248
248
248
248
248
248
248
248
248
248
248
248
248
248
248
248
248
248
248
248
248
248
248
248
248
248
248
248
248
248
248
248
248
248
248
248
248
248
248
248
248
248
248
248
248
248
248
248
248
248
248
248
248
248
248
248
248
248
248
248
248
248
248
248
248
248
248
248
248
248
248
248
248
248
248
248
248
248
248
248
248
248
248
248
248
248
248
248
248
248
248
248
248
248
248
248
248
248
248
89
89
89
249
229
153
253
248
248
248
248
248
248
248
248
248
248
248
248
248
248
248
248
248
248
248
248
248
248
248
248
248
248
248
248
248
248
248
248
248
248
248
248
248
248
248
248
248
248
248
248
248
248
248
248
248
248
248
248
248
248
248
248
248
248
248
248
248
248
248
248
248
248
248
248
248
248
248
248
248
248
248
248
248
248
248
248
248
248
