245
245
245
245
245
245
245
245
245
245
245
245
245
245
245
247
107
124
132
131
128
159
252
245
245
245
245
245
245
245
245
245
245
245
245
245
245
245
245
245
245
245
245
245
252
173
126
132
130
132
132
124
107
107
107
251
154
222
247
245
245
245
245
245
245
245
245
245
245
245
245
245
245
245
245
245
245
245
245
245
245
245
245
245
245
245
245
245
245
245
245
245
245
245
245
245
245
245
245
245
245
245
245
245
245
245
245
245
245
245
245
245
245
245
245
245
245
245
245
245
245
245
245
245
245
245
245
245
245
245
245
245
245
245
245
245
245
245
245
245
245
245
245
245
245
245
245
245
245
245
245
245
245
245
245
245
245
245
245
245
245
245
248
240
224
111
104
110
130
129
126
167
243
251
245
245
245
245
245
245
245
245
245
245
245
245
245
245
245
245
245
245
245
251
244
180
130
129
133
131
131
132
128
112
130
132
135
131
136
211
231
238
242
250
247
245
245
245
245
245
245
245
245
245
245
245
251
231
143
124
152
236
249
245
245
245
245
245
245
245
245
245
245
245
245
245
245
245
245
245
245
245
245
245
245
245
245
245
245
245
245
245
245
245
245
245
245
245
245
245
245
245
245
245
245
245
245
245
245
245
245
245
245
245
245
245
245
245
245
245
245
245
245
245
245
245
245
245
245
245
245
245
245
245
245
245
245
245
245
245
246
249
253
251
134
109
96
126
130
125
118
162
241
252
244
245
245
245
245
245
245
245
245
245
245
245
245
245
245
245
245
245
244
252
244
173
123
125
132
132
132
134
130
129
128
129
127
121
129
135
143
142
221
243
248
245
245
245
245
245
245
245
245
245
245
245
251
226
136
107
144
232
253
245
245
245
245
245
245
245
245
245
245
245
245
245
245
245
245
245
245
245
245
245
245
245
245
245
245
245
245
245
245
245
245
245
245
245
245
245
245
245
245
245
245
245
245
245
245
245
245
245
245
245
245
245
245
245
245
245
245
245
245
245
245
245
245
245
245
245
245
245
245
245
245
245
245
246
247
250
251
243
239
225
223
117
127
127
129
133
134
176
244
250
245
245
245
245
245
245
245
245
245
245
245
245
245
245
245
245
245
245
245
250
249
182
131
126
130
129
129
130
131
132
132
132
132
131
128
126
121
122
138
227
251
246
245
245
245
245
245
245
245
245
245
245
251
227
137
113
152
239
254
246
245
245
245
245
245
245
245
245
245
245
245
245
245
245
245
245
245
245
245
245
245
245
245
245
245
245
245
245
245
245
245
245
245
245
245
245
245
245
245
245
245
245
245
245
245
245
245
245
245
245
245
245
245
245
245
245
245
245
245
245
245
245
245
245
245
245
245
245
245
245
245
245
245
247
238
246
239
226
140
144
166
209
129
126
135
163
235
241
243
249
245
245
245
245
245
245
245
245
245
245
245
245
245
245
245
245
245
245
245
248
248
239
165
116
126
132
134
124
122
124
128
130
131
129
130
130
130
119
135
219
251
246
245
245
245
245
245
245
245
245
245
245
251
236
147
123
140
231
248
247
245
245
245
245
245
245
245
245
245
245
245
245
245
245
245
245
245
245
245
245
245
245
245
245
245
245
245
245
245
245
245
245
245
245
245
245
245
245
245
245
245
245
245
245
245
245
245
245
245
245
245
245
245
245
245
245
245
245
245
245
245
245
245
245
245
245
245
245
245
245
245
245
247
252
229
165
214
139
124
121
136
139
138
124
160
244
253
253
247
246
245
245
245
245
245
245
245
245
245
245
245
245
245
245
245
245
245
245
245
245
251
250
192
146
144
208
184
145
144
140
133
123
120
130
130
135
128
121
138
225
255
251
248
246
245
245
245
245
245
245
245
245
249
247
223
132
124
155
243
251
245
245
245
245
245
245
245
245
245
245
245
245
245
245
245
245
245
245
245
245
245
245
245
245
245
245
245
245
245
245
245
245
245
245
245
245
246
247
250
252
253
253
253
251
249
247
245
245
245
245
245
245
245
245
245
245
245
245
245
245
245
245
245
245
245
245
245
245
245
245
245
246
251
248
217
136
125
135
126
131
129
129
128
126
160
242
251
249
245
245
245
245
245
245
245
245
245
245
245
245
245
245
247
249
251
253
253
253
251
249
250
243
239
230
237
241
242
234
234
234
169
146
142
144
218
161
134
121
131
222
241
248
242
251
246
245
245
245
245
245
245
245
246
254
232
143
112
148
235
253
245
245
245
245
245
245
245
245
245
245
245
245
245
245
245
245
245
245
245
245
245
245
245
245
245
245
245
245
245
245
245
245
245
245
245
245
250
246
241
233
231
232
230
237
243
249
247
245
245
245
245
245
245
245
245
245
245
245
245
245
245
245
245
245
245
245
245
245
245
245
245
249
244
229
137
131
124
126
124
124
124
129
131
128
136
177
251
251
245
245
245
245
245
245
245
245
245
245
245
245
245
248
248
242
235
230
233
231
236
244
253
254
254
254
253
251
251
251
254
249
242
233
228
239
246
240
153
124
132
142
209
130
221
241
248
245
245
245
245
245
245
245
245
252
229
141
112
150
236
253
245
245
245
245
245
245
245
245
245
245
245
245
245
245
245
245
245
245
245
245
245
245
245
245
245
245
245
245
245
245
245
245
245
245
247
251
251
245
175
139
143
145
143
142
214
245
250
247
245
245
245
245
245
245
245
245
245
245
245
245
245
245
245
245
245
245
245
245
245
245
245
251
233
144
127
125
126
133
141
148
136
130
124
126
122
156
236
248
249
245
245
245
245
245
245
245
245
245
246
247
249
249
244
192
143
146
147
141
141
196
237
231
233
239
246
246
245
245
246
247
250
252
252
251
255
246
162
124
124
127
96
111
124
245
249
245
245
245
245
245
245
245
245
252
229
142
114
153
238
253
245
245
245
245
245
245
245
245
245
245
245
245
245
245
245
245
245
245
245
245
245
245
245
245
245
245
245
245
245
245
245
245
245
250
247
244
238
173
127
121
121
123
121
121
114
213
249
251
247
245
245
245
245
245
245
245
245
245
245
245
245
245
245
245
245
245
245
245
245
245
246
251
224
138
120
128
133
155
237
238
216
145
134
131
123
131
171
250
251
245
245
245
245
245
245
245
245
245
248
246
246
248
194
134
122
124
123
117
103
129
142
141
145
211
253
250
245
245
245
245
245
245
245
244
253
241
159
124
128
103
100
110
227
241
248
245
245
245
245
245
245
245
245
252
228
141
115
165
237
253
245
245
245
246
247
248
247
246
245
245
245
245
245
245
245
245
245
245
245
245
245
245
245
245
245
245
245
245
245
245
245
245
248
247
241
183
137
133
128
128
132
131
127
103
103
116
232
244
246
246
245
245
245
245
245
245
245
245
245
245
245
245
245
245
245
245
245
245
245
245
246
251
226
140
119
123
145
235
253
254
246
242
213
138
128
119
157
236
249
248
245
245
245
245
245
245
245
247
249
244
192
181
182
126
126
132
130
106
105
104
124
119
119
193
245
250
247
245
245
245
245
245
245
244
253
241
159
124
126
125
120
233
248
251
246
245
245
245
245
245
245
245
247
254
234
146
117
153
238
253
245
245
245
247
238
242
242
251
246
245
245
245
245
245
245
245
245
245
245
245
245
245
245
245
245
247
250
251
253
253
251
250
251
251
185
129
123
123
124
124
124
123
103
101
100
125
139
225
252
247
245
245
245
245
245
245
245
245
245
245
245
245
245
245
245
245
245
245
245
245
246
251
226
140
120
132
160
248
253
247
249
253
250
212
129
121
136
179
249
250
245
245
245
245
245
245
247
250
248
194
133
134
133
134
130
132
110
106
106
128
131
129
131
133
207
247
250
247
245
245
245
245
245
244
253
241
159
124
123
132
220
249
251
246
245
245
245
245
245
245
245
246
251
248
227
142
117
151
236
253
245
245
247
251
222
162
233
245
249
245
245
245
245
245
245
245
245
245
245
245
247
249
251
253
253
252
244
234
231
231
233
245
253
246
172
120
119
128
135
145
148
147
137
113
125
122
125
204
244
248
245
245
245
245
245
245
245
245
245
245
245
245
245
245
245
245
245
245
245
245
246
251
226
139
116
149
233
247
247
245
245
248
253
217
136
118
123
164
242
252
244
245
245
245
245
245
246
242
193
130
125
125
129
129
129
127
122
104
124
129
132
131
128
128
129
204
244
247
246
245
245
245
245
245
254
244
161
126
121
139
226
253
247
245
245
245
245
245
245
245
246
251
248
234
121
126
119
151
236
253
245
245
248
244
208
127
159
249
252
245
245
245
245
245
245
245
245
245
245
246
245
238
233
229
235
236
192
140
143
142
139
193
241
183
131
131
136
140
201
236
234
236
237
169
133
127
127
139
221
251
246
245
245
245
245
245
245
245
245
245
245
245
245
245
245
245
245
245
245
245
246
253
226
137
125
171
249
252
246
245
245
247
251
215
136
119
125
169
247
254
245
245
245
245
245
246
253
211
142
130
126
132
131
127
129
139
140
141
134
131
126
126
130
127
122
131
209
249
248
245
245
245
245
247
246
233
149
124
121
141
222
252
246
245
245
245
245
245
245
245
248
241
227
109
99
101
120
152
236
253
245
247
251
231
140
120
147
235
248
249
245
245
245
245
245
245
245
245
245
250
251
206
143
140
147
143
133
124
120
120
124
135
140
136
122
123
187
239
247
253
253
254
254
242
161
125
118
130
212
250
246
245
245
245
245
246
248
249
248
246
245
245
245
245
245
245
245
245
245
245
245
253
226
134
137
234
247
248
245
245
245
246
251
216
136
120
126
160
237
248
248
245
245
245
245
248
247
235
181
121
129
130
126
124
131
192
238
192
199
184
141
135
127
121
120
134
211
251
250
249
248
246
245
247
252
168
138
124
119
135
220
251
246
245
245
245
245
245
245
245
249
245
124
113
99
135
119
151
236
253
245
248
243
213
127
119
127
163
244
250
245
245
245
245
245
247
249
251
253
254
248
190
117
117
123
124
127
129
131
131
129
128
127
126
127
141
213
254
251
246
245
245
251
251
182
137
118
136
218
253
248
245
245
245
246
251
241
245
241
251
246
245
245
245
245
245
245
245
245
245
245
253
224
132
145
241
254
246
245
245
245
247
254
221
143
121
128
129
170
246
249
245
245
245
245
249
251
207
139
128
127
131
134
142
197
249
250
248
242
244
245
174
140
137
148
207
244
252
242
245
241
251
246
247
246
232
149
122
126
143
230
251
246
245
245
245
245
245
245
245
248
241
221
132
209
145
118
151
236
253
246
253
232
143
129
124
128
162
245
250
245
245
245
245
246
247
239
234
230
238
200
135
130
127
128
124
121
121
123
124
127
130
131
127
118
182
234
246
246
245
245
245
248
248
238
159
119
128
209
246
249
245
245
246
251
248
227
124
221
241
248
245
245
245
245
245
245
245
245
245
246
253
225
133
146
241
254
246
245
245
246
251
249
228
116
115
125
131
174
246
249
245
245
245
245
249
249
193
127
121
129
136
188
241
244
247
250
248
250
255
251
224
112
205
231
246
253
250
227
124
221
241
248
245
254
244
162
118
130
216
246
248
245
245
245
245
245
245
245
245
246
251
242
252
225
149
116
151
236
253
247
244
214
130
122
125
153
236
249
249
245
245
245
245
249
251
212
142
140
146
137
129
124
128
136
143
146
144
147
144
137
132
128
130
139
160
222
249
247
245
245
245
245
251
251
182
133
125
142
227
252
247
245
248
241
227
103
105
124
245
249
245
245
245
245
245
245
245
245
245
246
251
226
135
135
234
249
247
245
245
248
241
229
114
106
104
125
162
239
249
248
245
245
245
245
251
252
199
130
122
127
183
247
254
251
247
245
245
247
242
229
108
113
133
251
253
243
227
103
105
124
245
249
244
253
240
160
115
138
224
254
247
245
245
245
245
245
245
245
245
245
246
248
254
231
145
113
151
237
253
251
230
144
129
125
124
160
242
252
245
245
245
245
245
249
237
184
119
117
125
126
125
126
132
181
238
234
230
236
234
176
124
123
130
189
240
242
245
246
245
245
245
245
247
249
238
158
117
125
208
243
248
245
249
245
124
105
103
227
241
248
245
245
245
245
245
245
245
245
245
246
252
225
137
121
159
245
251
245
245
249
246
131
109
97
119
125
171
246
254
245
245
245
245
246
249
245
191
127
122
130
189
250
253
245
245
245
245
249
245
124
105
103
227
241
251
245
124
105
103
227
241
248
244
253
240
160
113
135
221
253
246
245
245
245
245
245
245
245
245
245
245
245
252
229
143
113
154
239
255
253
222
137
120
128
132
167
247
250
245
245
245
245
248
251
212
136
128
130
131
129
129
131
183
248
252
254
253
255
255
197
136
124
127
195
248
250
247
245
245
245
245
245
245
254
246
167
123
125
138
224
251
246
248
241
221
124
227
248
251
246
245
245
245
245
245
245
245
245
245
246
251
224
135
110
153
239
254
248
249
250
245
220
112
115
127
122
165
240
252
244
245
245
245
249
251
205
134
128
124
127
186
247
251
244
245
245
245
248
241
221
124
227
248
251
249
241
221
124
227
248
251
246
244
253
241
160
113
136
221
253
246
245
245
245
245
245
245
245
245
245
245
245
252
229
143
116
143
234
253
251
219
133
123
123
148
233
248
247
245
245
245
245
248
250
204
129
123
132
128
126
137
190
247
248
250
245
245
248
248
242
180
124
124
134
204
250
248
245
245
245
245
245
244
253
243
165
123
118
133
217
253
247
246
251
241
245
241
251
246
245
245
245
245
245
245
245
245
245
245
245
251
234
147
123
143
235
253
243
245
245
255
225
141
122
127
129
170
247
250
245
245
245
245
249
249
195
127
122
124
124
184
247
251
244
245
245
245
246
251
241
245
241
251
246
246
251
241
245
241
251
246
245
245
254
243
162
114
135
221
253
246
245
245
245
245
245
245
245
245
245
245
245
252
228
144
118
131
159
242
234
140
130
124
132
165
250
251
245
245
245
245
245
248
250
202
128
123
131
129
132
181
249
250
248
245
245
245
245
253
251
193
136
118
127
194
247
249
244
245
245
245
245
244
253
240
160
120
122
132
213
248
248
245
246
248
249
248
246
245
245
245
245
245
245
245
245
245
245
245
245
249
248
221
130
127
166
247
235
127
228
245
214
130
125
134
164
244
246
248
245
245
245
245
249
249
195
126
121
128
139
197
251
249
245
245
245
245
245
246
249
251
251
249
246
245
246
248
249
248
246
245
245
246
251
238
155
116
138
224
254
247
245
245
245
245
245
245
245
245
245
245
245
252
228
144
120
126
161
225
152
127
126
127
153
237
247
249
245
245
245
245
245
248
252
212
136
129
126
125
171
243
251
249
245
245
245
245
244
250
246
194
135
118
133
192
246
251
245
245
245
245
245
245
250
246
166
127
122
127
156
229
250
246
245
245
245
245
245
245
245
245
245
245
245
245
245
245
245
245
245
246
253
226
136
112
148
221
119
107
120
203
142
132
122
160
240
253
251
245
245
245
245
245
249
251
205
136
124
124
179
243
250
246
245
245
245
245
245
246
251
241
245
241
251
246
245
245
245
245
245
245
245
250
248
182
137
120
129
213
244
247
245
245
245
245
245
245
245
245
245
245
245
252
229
143
121
130
179
216
144
122
128
127
176
241
253
245
245
245
245
245
245
246
251
246
202
130
122
127
180
249
253
245
245
245
245
245
245
249
250
190
133
123
124
198
249
251
247
245
245
245
245
245
249
245
242
161
132
119
135
220
252
247
245
245
245
245
245
245
245
245
245
245
245
245
245
245
245
245
245
245
251
233
145
128
137
115
111
97
129
130
133
127
120
117
230
246
248
245
245
245
245
245
246
249
245
192
121
125
187
251
253
245
245
245
245
245
246
251
248
227
124
221
241
248
245
245
245
245
245
245
245
251
241
160
124
122
135
145
238
250
245
245
245
245
245
245
245
245
245
245
245
252
229
144
122
131
158
182
139
126
129
133
163
248
251
245
245
245
245
245
245
246
249
248
202
129
123
127
177
247
252
244
245
245
245
245
245
247
247
229
166
121
127
134
202
245
247
246
245
245
245
245
245
250
251
239
158
118
127
213
246
248
245
245
245
245
245
245
245
245
245
245
245
245
245
245
245
245
245
245
249
246
219
132
121
123
103
125
128
128
123
119
93
107
129
247
252
251
252
252
250
247
246
251
254
203
126
99
176
243
253
244
245
245
245
245
248
241
227
103
105
124
245
249
245
245
245
245
245
245
244
253
240
164
125
121
129
213
244
247
245
245
245
245
245
245
245
245
245
245
245
251
226
140
119
129
135
133
133
128
124
146
233
246
247
245
245
245
245
245
245
248
251
213
136
127
124
126
177
247
252
244
245
245
245
245
245
245
249
250
190
134
125
124
133
206
251
248
245
245
245
245
245
245
254
244
165
122
126
142
229
252
247
245
245
245
245
245
245
245
245
245
245
245
245
245
245
245
245
245
247
254
225
135
115
104
108
110
128
134
140
115
108
109
232
248
246
236
229
233
241
249
252
251
244
188
104
99
129
244
253
244
245
245
245
245
249
245
124
105
103
227
241
248
245
245
245
245
245
245
245
254
245
163
126
121
140
224
254
247
245
245
245
245
245
245
245
245
245
245
245
250
236
147
129
128
128
129
129
126
133
171
246
250
246
245
245
245
245
245
245
248
249
200
124
121
127
127
180
249
253
245
245
245
245
245
245
245
248
249
242
176
125
119
126
198
250
249
245
245
245
245
245
244
253
241
160
123
121
126
200
241
247
245
245
245
245
245
245
245
245
245
245
245
245
245
245
245
245
245
245
251
232
155
109
107
99
123
130
158
239
223
132
231
247
246
207
142
141
142
173
235
243
250
208
119
100
100
177
243
253
244
245
245
245
245
248
241
221
124
227
248
251
246
245
245
245
245
245
245
248
247
233
151
125
121
138
220
253
246
245
245
245
245
245
245
245
245
245
245
245
249
245
224
134
125
132
131
130
132
153
241
246
248
245
245
245
245
245
245
245
248
251
213
139
129
127
125
170
240
249
248
245
245
245
245
245
245
245
253
249
184
128
119
131
200
251
249
245
245
245
245
245
245
250
248
175
134
126
126
139
226
251
246
245
245
245
245
245
245
245
245
245
245
245
245
245
245
245
245
245
247
241
241
217
124
128
129
157
245
253
249
251
242
221
143
133
126
119
123
130
137
192
250
200
124
97
125
190
252
253
245
245
245
245
245
246
251
241
245
241
251
246
245
245
245
245
245
245
245
249
253
176
143
127
122
138
223
253
246
245
245
245
245
245
245
245
245
245
245
245
248
255
234
146
124
131
130
124
145
233
249
249
246
245
245
245
245
245
245
245
245
249
245
201
128
125
128
133
186
249
249
245
245
245
245
245
245
244
252
247
181
126
119
131
200
251
249
245
245
245
245
245
245
246
249
234
152
123
118
136
221
252
247
245
245
245
245
245
245
245
245
245
245
245
245
245
245
245
245
245
246
249
254
243
213
121
148
228
255
255
255
252
218
131
125
125
130
130
131
123
121
176
248
209
131
121
124
178
242
249
248
245
245
245
246
248
250
250
250
248
246
245
245
245
245
245
245
245
245
250
241
229
143
122
100
135
221
252
246
245
245
245
245
245
245
245
245
245
245
245
249
246
224
136
125
131
127
126
157
246
252
246
245
245
245
245
245
245
245
245
245
250
253
212
132
124
125
122
175
244
251
244
245
245
245
245
245
244
251
247
179
125
118
133
203
253
252
249
248
246
245
245
245
245
251
250
168
133
122
129
215
246
248
245
245
245
245
245
245
245
245
245
245
245
249
251
251
249
246
245
245
246
252
233
146
125
150
241
246
241
233
211
135
127
125
128
126
122
124
121
121
178
250
210
136
123
129
135
194
253
250
245
245
246
251
241
245
241
251
246
245
245
245
245
245
245
245
245
245
251
249
167
130
102
101
122
226
251
246
245
245
245
245
246
247
248
247
246
245
245
250
235
144
130
128
128
134
150
224
244
247
245
245
245
245
245
245
245
245
245
244
249
246
195
132
124
128
125
177
245
252
244
245
245
245
245
245
245
250
251
189
134
124
127
196
250
245
246
241
251
246
245
245
245
249
249
236
153
122
127
142
229
251
246
245
245
245
245
245
245
245
245
245
245
238
226
225
236
248
245
245
246
251
219
134
117
134
163
219
146
142
137
130
124
127
134
145
153
145
134
126
176
248
204
128
123
125
123
175
241
248
248
246
251
248
227
124
221
241
248
245
245
245
245
245
245
245
245
245
253
241
160
102
99
107
181
238
250
245
245
245
245
245
248
239
243
242
252
249
249
255
231
141
119
130
125
146
233
248
249
246
245
245
245
245
245
245
245
245
245
245
249
252
206
132
124
128
126
180
246
252
244
245
245
245
245
246
247
252
251
223
159
124
127
141
209
232
126
221
241
248
245
245
245
245
254
244
165
124
117
134
217
252
246
245
245
245
245
245
245
245
245
245
245
232
135
153
248
252
246
245
246
251
220
138
119
127
136
130
130
121
126
124
122
128
165
237
238
237
191
123
173
251
211
134
128
128
129
135
196
252
250
248
241
227
103
105
124
245
249
245
245
245
245
245
245
245
245
245
250
238
156
121
101
134
221
251
249
245
245
245
245
245
251
234
158
218
241
248
247
244
218
138
124
129
137
166
247
252
246
245
245
245
245
245
245
245
245
245
245
245
248
242
197
127
125
127
130
183
246
252
244
245
245
245
246
251
241
250
247
210
146
127
122
127
182
108
109
125
248
252
248
246
245
244
253
240
161
124
119
137
220
253
246
245
245
245
245
245
245
245
245
245
245
126
196
196
221
246
255
254
254
255
240
153
129
127
130
129
129
128
128
133
135
169
244
252
255
255
206
129
171
251
249
187
123
126
127
121
177
243
251
251
246
124
105
103
227
241
248
245
245
245
245
245
245
245
245
246
254
216
155
127
122
138
223
252
247
245
245
245
245
245
252
230
148
124
171
239
239
148
136
135
128
126
146
233
248
247
245
245
245
245
245
245
245
245
245
245
245
245
251
221
144
131
126
128
127
180
247
252
244
245
245
246
251
248
227
129
222
178
130
126
128
138
113
121
116
240
237
243
234
248
245
244
253
239
153
116
115
133
218
252
246
245
245
245
245
245
245
245
245
245
245
232
138
142
138
222
218
217
217
219
231
212
139
129
135
135
133
133
138
169
239
244
245
251
249
244
193
120
171
251
255
203
134
128
128
130
132
188
245
249
242
221
124
227
248
251
246
245
245
245
245
245
245
245
245
249
246
233
150
126
121
138
221
253
246
245
245
245
245
245
252
231
140
111
139
218
147
128
123
128
128
121
151
238
253
246
245
245
245
245
245
245
245
245
245
245
245
245
248
241
195
126
126
127
125
177
246
252
244
245
246
251
248
234
110
120
132
191
139
130
127
125
166
105
202
221
224
142
238
249
245
245
251
243
172
132
129
137
227
251
246
245
245
245
245
245
245
245
245
245
245
238
229
217
221
134
136
138
138
140
142
205
126
115
123
122
120
114
137
229
250
255
255
255
255
219
137
126
182
255
255
245
188
130
131
131
128
136
200
253
254
242
245
241
251
246
245
245
245
245
245
245
245
245
245
251
248
168
132
129
119
133
217
251
246
245
245
245
245
245
251
242
153
126
134
133
137
128
131
131
126
128
156
243
251
245
245
245
245
245
245
246
249
252
253
254
254
254
255
255
214
136
128
130
128
184
254
255
254
254
255
248
228
107
87
89
199
183
139
120
125
116
115
132
137
146
132
230
237
248
245
245
249
243
240
228
157
217
242
248
245
245
245
245
245
245
245
245
245
245
245
249
252
254
244
231
216
217
217
219
224
131
133
119
116
115
122
128
132
135
225
219
217
220
225
188
119
113
160
222
227
223
176
119
121
126
121
118
180
246
255
255
255
255
255
254
254
254
254
254
254
254
254
254
254
255
249
165
126
129
133
147
238
255
254
254
254
254
254
254
255
255
236
138
103
125
131
134
134
133
140
158
250
254
255
254
254
254
254
254
254
255
244
231
216
217
217
217
220
225
189
123
122
123
119
164
222
223
217
217
218
224
126
123
113
132
141
142
125
112
108
119
119
184
223
219
229
240
250
246
245
245
246
247
251
245
245
241
249
247
245
245
245
245
245
245
245
245
245
245
245
245
245
246
249
252
253
254
254
255
245
236
222
199
115
144
224
231
224
224
134
136
140
142
135
122
108
105
123
134
145
141
132
117
109
110
111
111
119
188
233
227
225
224
225
225
225
222
219
217
217
218
220
221
219
226
219
147
120
122
119
197
219
225
220
218
217
217
217
217
218
228
214
112
96
106
125
125
120
117
130
209
220
222
218
217
217
217
217
217
217
218
221
134
136
138
138
140
141
133
120
110
110
110
114
127
140
146
138
138
136
135
226
227
227
226
227
223
163
118
123
130
145
219
255
255
251
249
246
245
245
245
245
245
246
247
248
247
246
245
245
245
245
245
245
245
245
245
245
245
245
245
245
245
245
245
245
245
245
246
249
255
238
152
135
169
254
255
254
244
231
216
219
223
188
122
115
127
168
225
219
219
227
185
127
122
123
123
125
116
123
125
131
135
135
125
125
132
140
140
139
145
134
138
134
152
136
124
110
105
122
138
142
141
135
145
140
138
138
138
138
144
122
124
103
116
100
111
118
127
134
139
144
139
138
138
138
138
138
138
138
136
134
221
218
217
217
218
222
196
133
123
124
124
118
156
216
218
218
217
216
231
244
255
254
254
255
255
190
131
118
112
183
233
248
248
245
245
245
245
245
245
245
245
245
245
245
245
245
245
245
245
245
245
245
245
245
245
245
245
245
245
245
245
245
245
245
245
245
245
246
251
217
129
141
235
249
249
246
249
252
253
255
255
218
135
118
169
245
254
255
254
254
251
196
134
131
130
128
125
120
114
115
171
156
108
112
179
223
222
224
220
199
96
193
220
222
154
122
118
131
202
206
97
194
213
220
217
217
217
217
222
215
125
197
102
97
118
224
230
223
221
220
221
220
218
217
217
217
217
217
216
231
244
255
254
254
254
255
253
205
131
128
133
131
136
192
255
255
254
253
252
249
246
245
245
248
246
242
179
137
142
151
219
251
246
245
245
245
245
245
245
245
245
245
245
245
245
245
245
245
245
245
245
245
245
245
245
245
245
245
245
245
245
245
245
245
245
245
245
246
251
218
129
153
244
254
245
245
245
245
247
251
247
198
121
125
181
253
251
245
245
247
249
248
192
131
130
132
133
134
132
139
143
145
129
133
208
255
255
251
238
115
117
135
255
253
169
129
125
139
209
122
118
136
254
255
254
254
254
254
255
249
248
123
117
110
236
251
255
255
255
252
254
252
255
255
254
254
254
254
253
252
249
246
245
245
245
251
254
210
135
125
130
127
130
183
249
249
245
245
245
245
245
245
245
245
250
247
240
232
226
230
236
246
245
245
245
245
245
245
245
245
245
245
245
245
245
245
245
245
245
245
245
245
245
245
245
245
245
245
245
245
245
245
245
245
245
245
245
246
251
219
129
149
241
253
244
245
245
246
249
248
209
131
131
169
244
246
248
245
245
245
248
251
235
173
119
120
123
122
124
126
127
129
123
130
201
251
252
245
124
105
103
226
250
244
162
125
123
138
111
118
106
228
241
248
245
245
245
245
246
250
245
224
125
227
248
251
248
251
248
227
124
221
241
248
245
245
245
245
245
245
245
245
245
245
245
248
244
198
125
127
129
125
172
240
249
248
245
245
245
245
245
245
245
245
245
247
250
252
253
251
249
247
245
245
245
245
245
245
245
245
245
245
245
245
245
245
245
245
245
245
245
245
245
245
245
245
245
245
245
245
245
245
245
245
245
245
245
246
251
217
130
152
246
255
249
248
248
250
247
213
131
117
159
239
251
250
245
245
245
245
245
249
250
198
142
142
145
147
141
134
125
125
119
128
201
251
251
241
221
124
227
248
255
246
165
126
124
140
192
132
223
253
252
246
245
245
245
245
245
246
251
241
245
241
251
246
248
241
227
103
105
124
245
249
245
245
245
245
245
245
245
245
245
245
248
249
208
129
123
126
125
125
180
249
253
245
245
245
245
245
245
245
245
245
245
245
245
245
245
245
245
245
245
245
245
245
245
245
245
245
245
245
245
245
245
245
245
245
245
245
245
245
245
245
245
245
245
245
245
245
245
245
245
245
245
245
245
246
252
219
129
142
244
245
247
243
254
249
216
138
121
125
176
250
251
245
245
245
245
245
245
247
246
240
232
230
231
234
235
182
142
141
126
126
196
249
250
251
241
245
241
253
249
237
156
127
126
143
194
131
218
248
249
245
245
245
245
245
245
245
246
248
249
248
246
245
249
245
124
105
103
227
241
248
245
245
245
245
245
245
245
245
245
245
248
249
210
145
137
133
99
124
177
251
249
245
245
245
245
245
245
245
245
245
245
245
245
245
245
245
245
245
245
245
245
245
245
245
245
245
245
245
245
245
245
245
245
245
245
245
245
245
245
245
245
245
245
245
245
245
245
245
245
245
245
245
245
246
251
219
134
125
163
226
133
228
245
218
133
124
125
166
243
246
248
245
245
245
245
245
245
245
247
250
251
253
253
254
251
243
236
235
175
142
207
251
248
246
248
249
247
251
248
170
131
128
126
128
99
115
127
246
249
245
245
245
245
245
245
245
245
245
245
245
245
245
248
241
221
124
227
248
251
246
245
245
245
245
245
245
245
245
245
245
246
247
242
230
209
101
98
120
236
248
248
245
245
245
245
245
245
245
245
245
245
245
245
245
245
246
248
249
248
246
245
245
245
245
245
245
245
245
245
245
245
245
245
245
245
245
245
245
245
245
245
245
245
245
245
245
245
245
245
245
245
245
245
246
251
220
135
117
133
105
111
119
208
138
124
128
168
246
248
250
245
245
245
245
245
245
245
245
245
245
245
245
245
245
247
250
253
251
240
235
238
247
246
245
246
248
250
255
245
164
124
126
137
109
108
108
227
241
248
245
245
245
245
245
245
245
245
245
245
245
245
245
246
251
241
245
241
251
246
245
245
245
245
245
245
245
245
245
245
245
245
247
252
251
132
113
109
232
245
250
245
245
245
245
245
245
245
245
245
245
245
245
245
245
246
251
241
245
241
251
246
245
245
245
245
245
245
245
245
245
245
245
245
245
245
245
245
245
245
245
245
245
245
245
245
245
245
245
245
245
245
245
245
246
251
220
137
120
108
101
99
128
127
128
114
157
238
250
250
245
245
245
245
245
245
245
245
245
245
245
245
245
245
245
245
245
245
247
249
250
249
247
245
246
251
241
249
241
243
157
129
126
128
191
125
230
248
251
246
245
245
245
245
245
245
245
245
245
245
245
245
245
245
246
248
249
248
246
245
245
245
245
245
245
245
245
245
245
245
245
245
245
248
241
221
124
227
248
251
246
245
245
245
245
245
245
245
245
245
245
245
245
245
246
251
248
227
124
221
241
248
245
245
245
245
245
245
245
245
245
245
245
245
245
245
245
245
245
245
245
245
245
245
245
245
245
245
245
245
245
245
245
245
246
251
218
136
120
127
110
127
129
127
130
137
181
249
251
245
245
245
245
245
245
245
245
245
245
245
245
245
245
245
245
245
245
245
245
245
245
245
245
246
251
248
228
134
215
129
144
128
123
137
137
232
246
251
246
245
245
245
245
245
245
245
245
245
245
245
245
245
245
245
245
245
245
245
245
245
245
245
245
245
245
245
245
245
245
245
245
245
245
246
251
241
245
241
251
246
245
245
245
245
245
245
245
245
245
245
245
245
245
245
248
241
227
103
105
124
245
249
245
245
245
245
245
245
245
245
245
245
245
245
245
245
245
245
245
245
245
245
245
245
245
245
245
245
245
245
245
245
245
245
246
251
229
147
130
128
132
129
128
130
163
234
240
243
249
245
245
245
245
245
245
245
245
245
245
245
245
245
245
245
245
245
245
245
245
245
245
245
245
248
241
227
107
105
94
109
101
124
124
129
218
245
249
246
245
245
245
245
245
245
245
245
245
245
245
245
245
245
245
245
245
245
245
245
245
245
245
245
245
245
245
245
245
245
245
245
245
245
245
245
246
248
249
248
246
245
245
245
245
245
245
245
245
245
245
245
245
245
245
245
249
245
124
105
103
227
241
248
245
245
245
245
245
245
245
245
245
245
245
245
245
245
245
245
245
245
245
245
245
245
245
245
245
245
245
245
245
245
245
245
245
247
243
215
131
128
132
131
130
159
243
251
252
247
246
245
245
245
245
245
245
245
245
245
245
245
245
245
245
245
245
245
245
245
245
245
245
245
245
248
240
125
108
96
105
107
147
132
135
216
245
250
247
245
245
245
245
245
245
245
245
245
245
245
245
245
245
245
245
245
245
245
245
245
245
245
245
245
245
245
245
245
245
245
245
245
245
245
245
245
245
245
245
245
245
245
245
245
245
245
245
245
245
245
245
245
245
245
245
245
248
240
218
120
224
246
251
246
245
245
245
245
245
245
245
245
245
245
245
245
245
245
245
245
245
245
245
245
245
245
245
245
245
245
245
245
245
245
245
245
245
245
247
229
127
133
132
129
154
251
245
245
245
245
245
245
245
245
245
245
245
245
245
245
245
245
245
245
245
245
245
245
245
245
245
245
245
245
245
245
245
245
107
245
107
251
156
223
247
245
245
245
245
245
245
245
245
245
245
245
245
245
245
245
245
245
245
245
245
245
245
245
245
245
245
245
245
245
245
245
245
245
245
245
245
245
245
245
245
245
245
245
245
245
245
245
245
245
245
245
245
245
245
245
245
245
245
245
245
245
245
245
245
245
245
245
245
245
245
245
245
245
245
245
245
245
245
245
245
245
245
245
245
245
245
245
245
245
245
245
