253
253
253
253
253
253
253
253
253
253
253
253
253
253
253
253
253
253
253
253
253
253
253
253
253
253
253
253
253
253
253
253
253
253
253
253
253
253
253
253
253
253
253
253
253
253
253
253
253
253
253
253
253
253
253
253
253
253
253
253
253
253
145
253
253
253
253
253
253
253
253
253
253
253
253
253
253
253
253
253
253
253
253
253
253
253
253
253
253
253
253
253
253
253
253
253
253
253
253
253
253
253
253
253
253
253
253
253
253
253
253
253
253
253
253
253
253
253
253
253
253
253
253
253
253
253
253
253
253
253
253
253
253
253
253
253
253
253
253
253
253
253
253
253
253
253
253
253
253
253
253
253
253
253
253
253
253
253
253
253
253
253
253
253
253
253
253
253
253
253
253
253
253
253
253
253
253
253
253
253
253
253
253
253
254
253
227
103
220
246
254
253
253
253
253
253
253
253
253
253
253
253
253
253
253
253
253
253
253
253
254
238
157
139
142
160
241
254
253
253
253
253
253
253
253
253
253
253
253
253
253
253
253
253
253
253
253
253
253
253
253
253
253
253
253
253
253
253
253
253
253
253
253
253
253
253
253
253
253
253
253
253
253
253
253
253
253
253
253
254
253
227
103
220
246
254
253
253
253
253
253
253
253
253
253
253
253
253
253
253
253
253
253
253
253
253
253
253
253
253
253
253
253
253
253
253
253
253
253
253
253
253
253
253
253
253
253
253
253
253
253
253
253
253
253
253
253
253
253
253
253
253
253
254
248
230
82
85
108
252
254
253
253
253
253
253
253
253
253
253
253
254
254
254
254
254
253
253
253
253
255
239
153
128
128
151
237
255
253
253
253
253
253
253
253
253
253
253
253
253
253
253
253
253
253
253
253
253
253
253
253
253
253
253
253
253
253
253
253
253
253
253
253
253
253
253
253
253
253
253
253
253
253
253
253
253
253
253
254
248
230
82
85
108
252
254
253
253
253
253
253
253
253
253
253
253
253
253
253
253
253
253
253
253
253
253
253
253
253
253
253
253
253
253
253
253
253
253
253
253
253
253
253
254
254
254
254
253
253
253
253
253
253
253
253
253
253
253
253
253
253
253
253
254
252
108
85
82
230
248
254
253
253
253
253
253
253
253
253
253
254
248
245
235
246
248
254
253
253
253
255
238
154
130
131
153
238
255
253
253
253
254
254
254
253
253
253
253
253
253
253
253
253
253
253
253
253
253
253
253
253
253
253
253
253
253
253
253
253
253
253
253
253
253
253
253
253
253
253
253
253
253
253
253
253
253
253
253
254
252
108
85
82
230
248
254
253
253
253
253
253
253
253
253
253
253
253
253
253
253
253
253
253
253
253
253
253
253
253
253
253
253
253
253
253
253
253
253
253
253
253
254
255
253
244
241
247
254
253
253
253
253
253
253
253
253
253
253
253
253
253
253
253
254
248
224
108
230
254
254
253
253
253
253
253
253
253
253
253
253
254
243
164
152
165
243
254
253
253
253
254
245
153
135
139
161
248
254
253
253
254
248
252
248
254
253
253
253
253
253
253
253
253
253
253
253
253
253
253
253
253
253
253
253
253
253
253
253
253
253
253
253
253
253
253
253
253
253
253
253
253
253
253
253
253
253
253
253
254
248
224
108
230
254
254
253
253
253
253
253
253
253
253
253
253
253
253
253
253
253
253
253
253
253
253
253
253
253
253
253
253
253
253
253
253
253
253
253
253
253
254
250
249
234
153
156
243
254
253
253
253
253
253
253
253
253
253
253
253
253
253
253
253
253
254
248
252
248
254
253
253
253
254
254
254
254
254
254
253
253
254
236
149
118
152
239
255
253
253
253
254
253
218
139
142
236
253
254
253
254
254
230
108
224
248
254
253
253
253
253
253
253
253
253
253
253
253
253
253
253
253
253
253
253
253
253
253
253
253
253
253
253
253
253
253
253
253
253
253
253
253
253
253
253
253
253
253
253
253
254
248
252
248
254
253
253
253
253
253
253
253
253
253
253
253
253
253
253
253
253
253
253
253
253
253
253
253
253
253
253
253
253
253
253
253
253
253
253
253
253
254
247
169
143
132
148
237
254
253
253
253
253
253
253
253
253
253
253
253
253
253
253
253
253
253
254
254
254
253
253
254
254
251
245
236
238
247
252
254
253
254
237
151
122
148
238
254
254
253
253
253
255
242
146
150
244
255
253
254
248
230
82
85
108
252
254
253
253
253
253
253
253
253
253
253
253
253
253
253
253
253
253
253
253
253
253
253
253
253
253
253
253
253
253
253
253
253
253
253
253
253
253
253
253
253
253
253
253
253
253
254
254
254
253
253
253
253
253
253
253
253
253
253
253
253
253
253
253
253
253
253
253
253
253
253
253
253
253
253
253
253
253
253
253
253
253
253
253
253
254
252
215
139
126
124
149
236
254
253
253
253
253
253
253
253
253
253
253
253
253
253
253
253
253
253
253
253
253
254
255
251
255
241
169
150
154
158
241
252
254
254
247
159
137
141
153
244
252
254
253
253
255
241
146
146
240
255
253
254
252
108
85
82
230
248
254
253
253
253
253
253
253
253
253
253
253
253
254
254
254
255
255
255
254
254
254
253
253
253
253
253
253
253
253
253
253
253
253
253
253
253
253
253
253
253
253
253
253
253
253
253
253
253
253
253
253
253
253
253
253
253
253
253
253
254
254
254
253
253
253
253
253
253
253
253
253
253
253
253
253
253
253
253
253
253
253
253
253
254
255
252
160
137
144
146
163
244
254
253
253
253
253
253
253
253
253
253
253
253
253
253
253
253
253
253
253
253
254
249
247
229
168
221
147
128
131
137
163
247
254
254
253
235
147
130
135
158
244
254
253
253
255
240
148
146
240
255
253
254
248
224
108
230
254
254
253
253
253
253
253
253
253
253
254
254
254
255
253
247
239
240
240
241
237
244
248
254
253
253
253
253
253
253
253
253
253
253
253
253
253
253
253
253
253
253
253
253
253
253
253
253
253
253
253
253
253
253
253
253
253
253
253
253
254
248
252
248
254
253
253
253
253
253
253
253
253
253
253
253
253
253
253
253
253
253
253
254
254
254
251
228
147
132
153
230
251
248
254
253
253
253
253
253
253
253
253
253
253
253
253
253
253
253
253
253
253
253
255
246
167
140
151
141
149
139
141
133
155
238
254
253
255
241
153
130
140
160
249
254
253
253
255
241
146
145
240
255
253
253
254
248
252
248
254
253
253
253
253
253
253
253
253
254
250
244
237
242
236
159
153
156
156
155
149
163
244
254
253
253
253
253
253
253
253
253
253
253
253
253
253
253
253
253
253
253
253
253
253
253
253
253
253
253
253
253
253
253
253
253
253
253
253
254
254
230
108
224
248
254
253
253
253
253
253
253
253
253
253
253
253
253
254
254
253
253
254
251
251
233
153
100
138
131
158
245
255
254
253
253
253
253
253
253
253
253
253
253
253
253
253
253
253
253
253
253
253
254
254
232
143
129
138
137
140
141
142
131
152
238
254
253
254
247
155
134
137
230
248
254
253
253
255
240
144
148
243
255
253
253
253
254
254
254
253
253
253
253
253
253
253
253
254
255
251
176
148
155
147
140
131
134
134
132
125
149
237
254
253
253
253
253
253
253
253
253
253
253
253
253
253
253
253
253
253
253
253
254
253
253
253
253
253
253
253
253
253
253
253
253
253
253
254
248
230
82
85
108
252
254
253
253
253
253
253
253
253
253
253
253
253
253
246
248
254
254
251
241
150
136
84
78
90
136
145
201
252
254
253
253
253
253
253
253
253
253
253
253
253
253
253
253
253
253
253
253
253
255
251
166
143
139
142
141
138
137
132
135
155
246
254
253
254
251
243
155
149
152
228
252
254
253
255
240
146
141
238
254
254
253
253
253
253
253
253
253
253
253
253
253
253
254
251
251
227
147
129
133
135
141
142
143
143
142
134
160
241
255
253
253
253
253
253
253
253
253
253
253
253
253
253
253
254
254
254
254
253
254
253
255
254
254
254
253
253
253
253
253
253
253
253
253
254
252
108
85
82
230
248
254
253
253
253
253
253
253
253
253
253
253
253
253
106
224
249
255
249
155
137
85
84
85
137
140
139
159
247
255
253
253
253
253
253
253
253
253
253
253
253
253
253
253
253
253
253
253
254
253
234
147
135
140
139
149
159
161
147
152
240
252
254
253
253
254
254
237
145
129
159
245
254
253
255
242
150
132
165
251
254
253
253
253
253
253
253
253
253
253
253
253
254
252
242
160
148
145
136
137
133
133
135
136
141
142
132
160
239
255
253
253
253
253
253
253
253
253
253
253
253
253
253
254
250
245
238
241
232
163
232
243
237
247
254
255
254
253
253
253
253
253
253
253
254
248
224
108
230
254
254
253
253
253
253
253
253
253
253
253
253
253
253
87
90
108
254
254
233
146
133
130
87
128
138
142
134
145
234
253
254
253
253
253
253
253
253
253
253
253
253
253
253
253
253
253
253
253
254
248
161
142
139
139
137
160
235
228
236
246
251
254
253
253
253
253
255
244
157
125
156
242
255
254
255
244
149
75
146
238
255
253
253
253
253
253
253
253
253
253
253
254
254
244
148
138
134
135
145
151
158
154
156
148
144
134
142
156
246
255
253
253
253
253
253
253
253
253
253
253
253
253
253
254
245
173
143
156
145
147
145
158
153
161
234
249
252
254
253
253
253
253
253
253
253
254
248
252
248
254
253
253
253
253
253
253
253
253
253
253
253
253
253
87
99
230
253
251
161
139
137
142
147
160
152
144
134
142
157
249
254
253
253
253
253
253
253
253
253
253
253
253
253
253
253
253
253
253
255
241
158
132
136
142
151
211
252
254
254
254
254
253
253
253
253
253
254
239
152
126
148
238
254
255
252
225
88
69
106
240
255
253
253
253
253
253
253
253
253
253
254
254
245
152
140
137
139
135
149
230
245
240
243
235
158
163
167
240
251
254
253
253
253
253
253
253
253
253
253
253
253
253
254
255
243
153
126
131
131
129
126
125
126
138
143
157
240
252
254
253
253
253
253
253
253
253
254
254
254
253
253
253
253
253
253
253
253
253
253
253
253
253
253
87
241
254
255
240
151
128
143
159
240
248
239
157
143
128
168
239
254
253
253
253
253
253
253
253
253
253
254
254
254
253
253
253
253
253
251
232
144
133
143
154
240
252
253
254
253
253
253
253
253
253
253
253
254
244
158
135
142
151
243
254
254
115
91
70
147
238
255
253
253
253
253
253
253
253
253
254
250
244
158
142
136
139
135
138
167
253
255
255
255
253
248
237
248
252
254
253
253
253
253
253
253
253
253
253
253
253
253
254
249
251
229
151
134
143
149
155
156
161
150
138
124
126
150
243
254
253
253
253
253
253
253
253
253
253
253
253
253
253
253
253
253
253
253
253
253
253
253
253
253
253
253
254
255
240
151
137
173
251
254
255
254
239
148
128
155
241
255
253
253
253
253
253
253
253
253
254
248
252
250
255
254
254
253
254
253
163
148
133
147
238
254
254
253
253
253
253
253
253
253
253
253
253
254
251
212
143
132
138
155
251
254
223
96
120
157
243
255
253
253
253
253
253
253
253
253
254
249
157
142
139
137
144
147
162
241
253
254
253
253
254
254
254
254
254
253
253
253
253
253
253
253
253
253
253
253
253
253
254
245
170
144
145
132
143
193
242
242
244
237
171
151
147
160
242
254
253
253
253
253
253
253
253
253
253
253
253
253
253
253
253
253
253
253
253
253
253
253
253
253
253
253
253
255
240
151
135
236
252
254
253
255
242
156
124
154
239
255
253
253
253
253
253
253
253
254
254
230
109
232
243
254
248
254
254
251
234
167
131
158
247
255
254
253
253
253
253
253
253
253
253
253
253
253
254
244
157
135
130
142
235
255
244
159
124
158
241
255
253
253
253
253
253
253
253
254
253
235
152
135
140
140
152
216
249
253
254
253
253
253
253
253
253
253
253
253
253
253
253
253
253
253
253
253
253
253
253
253
255
240
152
129
138
143
155
252
255
255
255
254
249
239
236
244
248
254
253
253
253
253
253
253
253
253
253
253
253
253
253
253
253
253
253
253
253
253
253
253
253
253
253
253
253
255
239
153
133
164
249
254
253
255
242
156
125
157
240
255
253
253
253
253
253
253
254
248
230
84
93
110
231
112
224
248
254
255
246
165
131
147
237
253
254
253
253
253
253
253
253
253
253
253
253
253
254
249
209
151
141
139
162
254
248
159
125
157
240
255
253
253
253
253
253
253
253
254
249
169
144
140
137
147
203
254
254
254
253
253
253
253
253
253
253
253
253
253
253
253
253
253
253
253
253
253
253
253
253
254
254
236
148
136
141
144
236
252
255
254
253
254
254
254
254
254
254
253
253
253
253
253
253
253
253
253
253
253
253
253
253
253
253
253
253
253
253
253
253
253
253
253
253
253
253
255
240
155
123
155
241
255
254
254
236
147
127
157
239
255
254
254
254
253
253
253
254
252
108
88
78
208
78
88
108
252
254
255
240
155
131
140
161
247
254
253
253
253
253
253
253
253
253
253
253
253
253
253
254
233
149
127
156
251
251
158
125
155
240
255
253
253
253
253
253
253
253
254
240
157
135
140
132
149
237
254
254
253
253
253
253
253
253
253
253
253
253
253
253
253
253
253
253
253
253
253
253
253
253
254
247
161
142
138
143
151
160
239
252
253
255
254
254
253
253
253
253
253
253
253
253
253
253
253
253
253
253
253
253
253
253
253
253
253
253
253
253
253
253
253
253
253
253
253
253
255
238
154
125
147
238
255
255
254
170
138
137
164
249
255
248
252
248
254
253
253
254
248
224
112
231
110
93
84
230
248
254
255
239
155
132
130
149
238
255
253
253
253
253
253
253
253
253
253
253
253
253
253
255
242
153
125
147
245
242
157
124
157
240
255
253
253
253
253
253
253
253
255
241
161
134
139
140
153
248
254
253
253
253
253
253
253
253
253
253
253
253
253
253
253
253
253
253
253
253
253
253
253
253
254
238
152
130
138
137
135
143
145
164
236
242
247
251
254
253
253
253
253
253
253
253
253
253
253
253
253
253
253
253
253
253
253
253
253
253
253
253
253
253
253
253
253
253
253
253
255
247
159
138
141
154
239
249
230
146
126
145
236
254
254
230
108
224
248
254
253
253
254
248
254
243
232
109
230
254
254
253
255
239
156
133
132
154
239
254
253
253
253
253
253
253
253
253
253
253
253
253
253
254
246
155
137
137
164
236
162
127
157
244
255
253
253
253
253
253
253
253
255
241
155
133
136
148
236
252
254
253
253
253
253
253
253
253
253
253
253
253
253
253
253
253
253
253
253
253
253
253
253
253
255
244
157
130
141
150
146
139
124
134
144
154
157
243
253
254
253
253
253
253
253
253
253
253
253
253
253
253
253
253
253
253
253
253
253
253
253
253
253
253
253
253
253
253
253
253
254
252
234
144
128
142
150
160
150
143
139
169
254
254
231
82
85
108
252
254
253
253
253
254
254
255
250
252
248
254
253
253
255
241
156
134
133
154
239
254
253
253
253
253
253
253
253
253
253
253
253
253
253
254
253
236
147
125
161
227
171
129
146
236
254
254
253
253
253
253
253
253
255
239
154
133
135
159
243
255
253
253
253
253
253
253
253
253
253
253
253
253
253
253
253
253
253
253
253
253
253
253
253
254
254
238
145
139
158
219
237
164
153
143
135
125
134
148
245
253
254
253
253
253
253
253
253
253
253
253
253
253
253
253
253
253
253
253
253
253
253
253
253
253
253
253
253
253
253
253
253
255
250
160
141
136
136
135
133
128
144
234
255
255
115
92
85
232
248
254
253
253
253
253
253
253
254
254
254
253
253
253
255
240
156
133
133
154
239
254
253
253
253
253
253
253
253
253
253
253
253
253
254
254
255
244
157
127
154
234
170
144
138
163
247
254
253
253
253
253
253
253
255
240
156
133
133
155
239
255
253
253
253
253
253
253
253
253
253
253
253
253
253
253
253
253
253
253
253
253
253
253
254
251
244
152
138
148
238
254
253
249
242
236
165
146
140
135
151
242
251
254
253
253
253
253
253
253
253
253
253
253
253
253
253
253
253
253
253
253
253
253
253
253
253
253
253
253
253
253
253
254
253
234
145
134
140
138
145
144
168
252
255
244
209
102
231
255
255
254
253
253
253
253
253
253
253
253
253
253
253
253
255
240
155
133
135
157
242
254
253
253
253
253
253
253
253
253
253
253
253
254
248
252
253
254
163
134
142
153
226
146
130
155
238
254
253
253
253
253
253
253
255
240
155
133
135
158
244
255
253
253
253
253
253
253
253
253
253
253
253
253
253
253
253
253
253
253
253
253
253
253
254
249
161
139
129
162
244
255
254
254
255
254
252
233
150
133
137
162
250
254
253
253
253
253
253
253
253
253
253
253
253
253
253
253
253
253
253
253
253
253
253
253
253
253
253
253
253
253
253
253
255
252
165
146
141
147
162
244
254
252
248
171
148
161
228
254
251
254
253
253
253
253
253
253
253
253
253
253
253
253
254
239
152
132
135
146
235
252
254
253
253
253
253
253
254
254
254
254
254
254
230
108
227
247
246
151
139
146
149
153
132
154
240
255
253
253
253
253
253
253
255
240
155
133
139
146
238
254
254
253
253
253
253
253
253
253
253
253
253
253
253
253
253
253
254
254
254
253
253
254
253
234
145
133
131
155
238
254
253
253
253
254
254
254
204
143
129
144
235
253
254
253
253
253
253
253
253
253
253
253
253
253
253
253
253
253
253
253
253
253
253
253
253
253
253
253
253
253
253
253
255
248
234
145
141
150
231
244
252
240
152
140
134
146
146
174
245
254
253
253
253
253
253
253
253
253
253
253
253
253
254
247
160
140
136
141
155
247
254
253
253
253
253
254
248
252
248
255
250
230
82
85
109
254
255
236
146
133
138
139
132
155
240
255
253
253
253
253
253
253
255
240
156
136
141
134
102
230
248
254
253
253
253
253
253
253
253
253
253
253
253
253
253
254
248
252
248
254
253
254
248
162
143
136
141
161
248
254
253
253
253
253
253
254
243
162
136
139
167
250
254
253
253
253
253
253
253
253
253
253
253
253
253
253
253
253
253
253
253
253
253
253
253
253
253
253
253
253
253
254
254
240
109
138
138
150
153
169
159
148
143
139
141
140
129
154
240
255
253
253
253
253
253
253
253
253
253
253
253
253
254
253
236
148
135
132
148
236
254
253
253
253
254
254
230
108
224
253
254
108
85
82
230
249
255
251
171
142
139
142
134
158
243
255
253
253
253
253
253
253
255
241
156
132
135
78
90
117
254
254
253
253
253
253
253
253
253
253
253
253
253
253
254
254
230
108
224
248
254
254
238
159
131
134
149
236
253
254
253
253
253
253
253
254
254
203
145
130
147
237
253
254
253
253
253
253
253
253
253
253
253
253
253
253
253
253
253
253
253
253
253
253
253
253
253
253
253
253
254
248
232
92
85
91
142
142
138
135
135
136
136
135
137
137
135
147
236
253
254
253
253
253
253
253
253
253
253
253
253
253
253
255
245
159
135
138
147
202
253
254
253
254
248
230
82
85
108
254
253
227
110
231
254
254
254
254
236
145
134
141
137
151
238
254
254
253
253
253
253
253
255
239
157
134
95
82
81
219
244
254
253
253
253
253
253
253
253
253
253
253
253
254
248
230
82
85
108
252
254
254
248
167
142
132
158
244
255
253
253
253
253
253
253
253
255
239
154
129
142
179
247
254
253
253
253
253
253
253
253
253
253
253
253
253
253
253
253
253
253
253
253
253
253
253
253
253
253
253
254
254
121
90
69
118
135
145
143
142
141
133
141
150
159
146
140
139
162
251
254
253
253
253
253
253
253
253
253
253
253
253
253
255
241
159
133
142
138
168
247
255
253
254
252
108
85
82
231
253
255
249
252
254
255
254
253
254
246
158
137
141
140
144
175
249
254
253
253
253
253
253
255
241
156
131
133
91
133
162
251
255
253
253
253
253
253
253
253
253
253
253
253
254
252
108
85
82
230
248
254
254
254
239
151
130
156
244
255
253
253
253
253
253
253
253
255
243
158
129
142
163
250
254
254
254
253
253
253
253
253
253
253
253
253
253
253
253
253
253
253
253
253
253
253
253
253
253
253
253
254
238
209
68
85
100
150
141
140
134
142
144
158
236
246
197
148
132
142
237
254
254
253
253
253
253
253
253
253
253
253
253
254
254
230
100
128
139
137
148
236
252
254
254
248
224
108
231
254
254
241
165
234
250
249
254
253
254
251
199
140
136
141
134
159
239
254
253
253
253
253
253
254
239
156
134
139
141
129
159
241
255
253
253
253
253
253
253
253
253
253
253
253
254
248
224
108
230
254
254
253
254
253
236
148
130
149
237
254
254
253
253
253
253
253
253
255
240
153
129
148
237
255
251
252
248
254
253
253
253
253
253
253
253
253
253
253
253
253
253
253
253
253
253
253
253
253
253
253
253
254
254
116
94
99
224
154
134
146
149
164
233
250
253
255
243
157
133
137
101
230
248
254
253
253
253
253
253
253
253
253
254
248
231
89
81
86
140
140
142
160
251
255
254
254
248
253
252
255
250
149
145
140
161
243
254
253
253
254
247
155
143
140
130
147
238
254
253
253
253
253
253
254
248
161
138
138
143
137
148
238
254
254
253
253
253
253
253
253
253
253
253
253
253
254
248
252
248
254
253
253
254
253
163
149
133
143
170
251
254
253
253
253
253
253
254
254
203
146
129
160
251
255
231
108
224
248
254
253
253
253
253
253
253
253
253
253
253
253
253
253
253
253
253
253
253
253
253
253
253
254
248
224
108
239
243
164
126
148
228
252
253
254
254
255
243
154
125
75
86
111
252
254
253
253
253
253
253
253
253
253
254
252
108
90
88
152
149
140
134
146
237
255
255
255
255
255
254
251
192
143
130
123
145
233
254
253
253
254
253
235
144
131
138
158
247
254
253
253
253
253
253
254
252
243
151
144
139
139
142
149
242
254
255
254
254
254
254
252
253
251
253
253
253
253
254
254
254
253
253
253
254
251
230
143
132
134
147
238
254
254
254
254
254
255
255
242
151
140
131
158
235
239
82
85
108
252
254
253
253
253
253
253
253
253
253
253
253
253
253
253
253
253
253
253
253
253
253
253
253
253
254
248
252
254
247
154
133
166
253
255
254
253
253
255
244
157
80
83
91
231
248
254
253
253
253
253
253
253
253
253
254
248
224
112
219
226
141
137
138
143
154
239
245
241
242
243
237
159
144
142
138
140
155
247
254
253
253
253
255
250
164
136
146
240
254
254
253
253
253
253
253
253
254
254
236
147
135
141
136
141
150
204
241
241
238
249
254
249
217
242
254
253
253
253
253
253
253
253
253
253
253
254
250
158
137
130
140
154
236
250
254
254
247
241
237
149
141
138
132
161
240
117
85
82
230
248
254
253
254
254
254
253
253
253
253
253
253
253
253
253
253
253
253
253
253
253
253
253
253
253
253
254
254
255
242
150
136
236
252
254
253
253
254
253
237
143
129
105
239
254
255
255
255
255
255
254
253
253
253
253
253
254
248
254
248
173
154
145
138
137
145
148
159
163
158
156
151
142
135
137
131
142
233
253
254
253
253
253
254
253
235
141
159
238
255
249
254
253
253
253
253
253
253
254
250
168
139
136
140
139
139
150
156
156
152
161
239
228
160
235
254
253
253
253
253
253
253
253
253
253
253
254
252
240
158
145
138
135
143
159
239
239
162
154
150
143
134
140
127
152
230
232
109
235
255
255
255
255
248
246
240
254
253
253
253
253
253
253
253
253
253
253
253
253
253
253
253
253
253
253
253
253
253
255
241
151
138
205
253
254
253
253
254
250
161
137
145
237
254
250
232
216
219
217
235
251
255
255
255
255
255
255
255
255
250
247
222
145
131
138
140
138
135
134
134
134
136
137
131
141
142
172
247
254
253
253
253
253
253
255
244
153
148
216
116
224
248
254
253
253
253
253
253
254
252
243
147
141
139
142
141
139
137
135
131
140
149
141
156
235
254
253
253
253
253
253
253
253
253
253
253
253
254
252
249
235
163
141
131
129
141
142
134
129
136
141
142
155
160
176
255
255
255
246
243
219
219
221
221
130
250
254
253
253
253
253
253
253
253
253
253
253
253
253
253
253
253
253
253
253
253
253
253
255
241
153
127
165
244
254
254
255
254
237
146
124
155
243
255
248
131
120
125
124
122
229
230
230
229
224
221
217
235
252
255
255
255
184
158
156
145
147
148
147
146
148
145
155
158
170
238
250
248
254
253
253
253
253
253
255
242
150
131
78
93
108
252
254
253
253
253
253
253
253
254
254
240
151
137
138
141
142
143
143
142
139
135
125
148
237
254
253
253
253
253
253
253
253
254
255
255
255
255
255
255
255
255
248
172
164
164
167
160
154
145
141
129
126
198
214
216
225
226
227
122
124
125
125
125
230
243
251
254
253
253
253
253
253
253
253
253
253
253
253
253
253
253
253
253
253
253
253
253
255
240
154
125
157
247
255
253
251
236
154
141
139
163
250
255
242
230
216
219
222
232
119
111
95
107
116
129
124
120
224
221
222
215
214
201
129
124
129
129
125
123
122
120
127
199
233
252
255
255
255
255
255
255
255
255
255
252
162
85
91
102
244
255
255
255
255
255
255
255
255
255
255
255
224
165
152
145
147
147
148
148
148
146
148
172
254
255
255
255
255
255
255
255
255
251
235
217
219
219
219
220
222
228
220
214
203
207
210
203
125
115
133
101
121
126
134
128
126
124
120
224
221
221
226
236
225
114
225
248
254
253
253
253
253
253
253
253
253
253
253
253
253
253
253
253
253
253
253
253
254
238
153
125
150
231
250
234
155
146
144
144
146
241
247
255
254
255
255
255
255
246
209
61
63
88
216
224
221
224
120
124
126
128
134
128
114
97
87
98
106
114
112
110
119
124
129
227
222
219
219
219
219
219
219
219
227
215
136
110
82
204
224
227
221
219
219
219
219
219
219
219
221
220
218
205
126
118
121
122
122
121
122
119
124
207
218
222
219
219
219
219
219
219
221
224
120
124
125
125
125
125
125
126
129
132
134
135
137
127
120
107
115
225
229
222
220
219
219
217
235
251
255
255
254
239
87
87
108
252
254
253
253
253
253
253
253
253
253
253
253
253
253
253
253
253
253
253
253
253
254
248
168
138
143
151
161
147
140
133
137
144
195
111
230
249
254
253
253
253
254
254
116
95
92
241
254
255
255
251
235
217
219
219
220
225
222
160
141
148
224
232
229
228
226
224
225
120
124
125
125
125
125
125
125
126
134
120
114
87
110
119
136
127
125
125
125
125
125
125
125
125
126
127
132
125
119
110
111
112
111
112
112
110
119
124
131
126
125
125
125
125
125
125
124
120
224
221
219
219
219
219
219
219
219
219
219
219
220
222
226
225
241
253
255
255
255
255
255
255
255
254
253
254
252
108
85
82
230
248
254
253
253
253
253
253
253
253
253
253
253
253
253
253
253
253
253
253
253
253
254
254
235
144
131
134
135
134
132
144
138
142
75
92
109
252
254
253
253
253
254
248
224
108
230
254
254
253
253
254
255
255
255
255
255
255
254
253
242
252
255
255
255
255
255
255
252
235
217
219
219
219
219
219
219
222
219
211
130
122
142
220
230
221
219
219
219
219
219
219
219
219
219
219
220
222
226
228
229
229
230
232
233
231
227
222
220
219
219
219
219
219
219
219
217
235
251
255
255
255
255
255
255
255
255
255
255
255
255
255
255
255
255
254
253
253
253
253
253
253
253
253
253
254
248
224
108
230
254
254
253
253
253
253
253
253
253
253
253
253
253
253
253
253
253
253
253
253
253
253
253
254
248
159
137
133
130
140
145
166
232
103
82
86
231
248
254
253
253
253
253
254
248
252
248
254
253
253
253
253
253
253
253
253
253
253
254
254
254
254
254
254
254
248
252
250
255
255
255
255
255
255
255
255
255
255
254
170
149
144
155
249
255
255
255
255
255
255
255
255
255
255
255
255
255
255
255
255
255
255
255
255
255
255
255
255
255
255
255
255
255
255
255
255
255
255
254
253
253
253
253
253
253
253
253
253
253
253
253
253
253
253
253
253
253
253
253
253
253
253
253
253
253
253
254
248
252
248
254
253
253
253
253
253
253
253
253
253
253
253
253
253
253
253
253
253
253
253
253
253
253
254
251
241
168
153
152
160
232
253
249
233
111
232
254
254
253
253
253
253
253
253
254
254
254
253
253
253
253
253
253
253
253
253
253
253
253
253
253
253
253
254
254
230
108
224
248
254
253
253
253
253
253
253
253
255
240
153
136
140
135
101
230
248
254
253
253
253
253
253
253
253
253
253
253
253
253
253
253
254
254
230
108
224
248
254
253
253
253
253
253
253
253
253
253
253
253
253
253
253
253
253
253
253
253
253
253
253
253
253
253
253
253
253
253
253
253
253
253
253
253
253
253
253
253
254
254
254
253
253
253
253
253
253
253
253
253
253
253
253
253
253
253
253
253
253
253
253
253
253
253
253
254
252
248
239
237
247
253
255
255
249
252
248
254
253
253
253
253
253
253
253
253
253
253
253
253
253
253
254
254
254
253
253
253
253
253
253
253
253
254
248
230
82
85
108
252
254
253
253
253
253
253
253
254
252
235
149
135
132
74
86
111
252
254
253
253
253
253
253
253
253
253
253
253
253
253
253
254
248
230
82
85
108
252
254
253
253
253
253
253
253
253
253
253
253
253
253
253
253
253
253
253
253
253
253
253
253
253
253
253
253
253
253
253
253
253
253
253
253
253
253
253
253
253
253
253
253
253
253
253
253
253
253
253
253
253
253
253
253
253
253
253
253
253
253
253
253
253
253
253
253
253
254
254
254
254
254
254
253
253
254
254
254
253
253
253
253
253
253
253
253
253
253
253
253
253
253
254
248
252
248
254
253
253
253
253
253
253
253
254
254
118
96
92
235
250
254
253
253
253
253
253
253
255
251
160
144
137
86
82
90
231
248
254
253
253
253
253
253
253
253
253
253
253
253
253
253
254
252
108
85
82
230
248
254
253
253
253
253
253
253
253
253
253
253
253
253
253
253
253
253
253
253
253
253
253
253
253
253
253
253
253
253
253
253
253
253
253
253
253
253
253
253
253
253
253
253
253
253
253
253
253
253
253
253
253
253
253
253
254
253
253
253
253
253
253
253
253
253
253
253
253
253
253
253
253
253
253
253
253
253
253
253
253
253
253
253
253
253
253
253
253
253
253
253
253
254
254
230
108
224
248
254
253
253
253
253
253
253
255
246
212
78
212
246
255
253
253
253
253
253
253
254
253
234
146
134
139
137
106
235
254
254
253
253
253
253
253
253
253
253
253
253
253
253
253
253
254
248
224
108
230
254
254
253
253
253
253
253
253
253
253
253
253
253
253
253
253
253
253
253
253
253
253
253
253
253
253
253
253
253
253
253
253
253
253
253
253
253
253
253
253
253
253
253
253
253
253
253
253
253
253
253
253
253
253
253
253
254
248
235
87
253
253
253
253
253
253
253
253
253
253
253
253
253
253
253
253
253
253
253
253
253
253
253
253
253
253
253
253
253
254
254
254
253
254
248
230
82
85
108
252
254
253
253
253
253
253
254
250
235
92
96
118
254
254
253
253
253
253
253
253
254
247
159
142
136
150
194
250
251
254
253
253
253
253
253
253
253
253
253
253
253
253
253
253
253
253
254
248
252
248
254
253
253
253
253
253
253
253
253
253
253
253
253
253
253
253
253
253
253
253
253
253
253
253
253
253
253
253
253
253
253
253
253
253
253
253
253
253
253
253
253
253
253
253
253
253
253
253
253
253
253
253
253
253
253
253
254
252
126
87
253
253
253
253
253
253
253
253
253
253
253
253
253
253
253
253
253
253
253
253
253
253
253
253
253
253
253
253
254
248
252
248
254
254
252
108
85
82
230
248
254
253
253
253
253
253
254
252
108
85
82
230
248
254
253
253
253
253
253
253
254
238
152
131
133
150
241
255
254
253
253
253
253
253
253
253
253
253
253
253
253
253
253
253
253
253
253
254
254
254
253
253
253
253
253
253
253
253
253
253
253
253
253
253
253
253
253
253
253
253
253
253
253
253
253
253
253
253
253
253
253
253
253
253
253
253
253
253
253
253
253
253
253
253
253
253
253
253
253
253
253
253
253
253
253
253
254
248
235
87
253
253
253
253
253
253
253
253
253
253
253
253
253
253
253
253
253
253
253
253
253
253
253
253
253
253
253
253
253
235
126
235
253
254
246
220
103
227
253
254
253
253
253
253
253
253
254
246
220
103
227
253
254
253
253
253
253
253
253
253
254
241
156
136
139
159
243
254
253
253
253
253
253
253
253
253
253
253
253
253
253
253
253
253
253
253
253
253
253
253
253
253
253
253
253
253
253
253
253
253
253
253
253
253
253
253
253
253
253
253
253
253
253
253
253
253
253
253
253
253
253
253
253
253
253
253
253
253
253
253
253
253
253
253
253
253
253
253
253
253
253
253
253
253
253
253
253
254
253
253
253
253
253
253
253
253
253
253
253
253
253
253
253
253
253
253
253
253
253
253
253
253
253
253
253
253
253
253
253
87
87
87
253
253
253
253
253
253
253
253
253
253
253
253
253
253
253
253
253
253
253
253
253
253
253
253
253
253
253
253
253
253
162
142
142
253
253
253
253
253
253
253
253
253
253
253
253
253
253
253
253
253
253
253
253
253
253
253
253
253
253
253
253
253
253
253
253
253
253
253
253
253
253
253
253
253
253
253
253
253
253
253
253
253
253
253
253
253
253
253
253
253
253
253
253
253
253
253
253
253
253
253
253
253
253
253
253
253
253
253
253
253
253
253
253
253
253
253
253
253
