244
244
244
244
244
244
244
244
244
244
244
244
244
244
244
244
244
244
244
244
244
244
244
249
201
140
145
156
232
245
244
244
244
244
244
244
244
244
244
244
244
244
244
244
244
244
244
244
244
244
244
244
244
244
244
244
244
244
244
244
244
244
244
244
244
244
244
244
244
244
244
244
244
244
244
244
244
77
244
244
244
244
244
244
244
244
244
244
244
244
244
244
244
244
244
244
244
244
244
244
244
244
244
244
244
244
244
244
77
77
77
244
244
244
244
244
244
244
244
244
244
244
244
244
244
244
244
244
244
244
244
244
244
244
244
244
244
244
244
244
244
244
244
244
244
244
244
244
244
244
244
244
244
244
244
244
244
244
244
244
244
244
244
244
244
244
244
246
247
249
247
249
249
216
154
141
149
218
246
245
244
244
244
244
244
244
244
244
244
244
244
244
246
247
249
247
246
244
244
244
244
244
244
244
244
244
245
246
249
251
252
242
243
241
248
244
244
244
244
244
244
244
244
247
237
215
74
74
100
237
247
244
244
244
244
244
244
244
244
244
244
244
244
244
244
244
244
244
244
244
244
244
244
244
244
244
246
245
226
116
226
247
249
209
151
141
151
215
247
244
244
244
244
244
244
244
244
244
244
244
244
244
244
244
244
244
244
244
244
244
244
244
244
244
244
244
244
244
244
244
244
244
244
244
244
244
244
246
247
249
247
246
244
244
244
244
246
252
239
244
240
255
246
203
144
143
210
248
249
245
244
244
244
244
244
244
244
244
244
244
244
246
252
239
244
239
252
246
244
244
244
244
244
244
244
244
246
241
237
232
235
214
172
241
251
250
246
244
244
244
244
244
244
249
244
98
75
72
221
239
247
244
244
244
244
244
244
244
244
244
244
244
244
244
244
244
244
244
244
244
244
244
244
244
244
244
246
252
239
244
238
254
249
206
140
131
155
221
250
245
244
244
244
244
244
244
244
244
244
244
244
244
244
244
244
244
244
244
244
244
244
244
244
244
244
244
244
244
244
244
244
244
244
244
244
244
246
252
239
244
239
252
246
244
244
246
252
247
221
99
220
250
231
159
136
191
242
252
249
244
244
244
244
244
244
244
244
244
244
244
246
252
247
221
98
215
239
247
244
244
244
244
244
244
245
246
253
247
178
156
165
152
158
177
239
244
249
248
245
244
244
244
244
247
239
215
98
221
247
252
246
244
244
244
244
244
244
244
244
244
244
244
246
247
249
247
246
244
244
244
244
244
244
244
244
244
244
246
247
249
247
249
249
211
148
132
200
239
248
245
244
244
244
244
244
244
244
244
244
244
244
244
244
244
244
244
244
244
244
244
244
244
244
244
244
244
244
244
244
244
244
244
244
244
244
246
252
247
221
98
215
239
247
244
244
247
239
222
75
82
99
242
209
145
141
152
213
245
247
244
244
244
244
244
245
246
248
251
251
249
250
240
221
72
75
98
244
249
244
244
244
244
244
244
247
243
243
227
158
135
140
141
142
147
151
199
239
241
245
244
244
244
244
246
252
239
244
239
252
246
244
244
244
244
244
244
244
244
244
244
244
246
252
239
244
239
252
246
244
244
244
244
244
244
244
244
244
244
244
244
244
247
250
208
146
138
156
223
254
250
247
246
244
244
244
244
244
244
244
244
244
244
244
244
244
244
244
244
244
244
244
244
244
244
244
244
244
244
244
244
244
244
244
244
244
247
239
221
72
75
98
244
249
244
244
249
244
102
75
70
201
156
153
148
141
142
155
220
250
245
244
244
244
246
250
247
241
233
229
236
246
246
98
75
72
221
239
247
244
244
244
244
244
245
252
250
195
151
148
145
144
145
144
140
142
145
160
224
250
246
244
244
244
244
246
247
249
247
246
246
247
249
247
246
244
244
244
244
244
244
246
252
247
221
98
215
239
247
244
244
244
244
244
244
244
244
244
244
244
244
244
249
254
205
145
130
152
221
244
246
239
252
246
244
244
244
244
244
244
244
244
244
244
244
244
244
244
244
244
244
244
244
244
244
244
244
244
244
244
244
244
244
244
244
244
249
244
98
75
72
221
239
247
244
244
248
244
218
90
144
151
152
140
143
145
138
147
212
249
247
244
244
246
246
242
238
183
153
151
168
238
243
215
98
221
247
252
246
244
244
244
244
245
245
243
233
172
136
141
146
145
145
146
146
144
139
139
207
242
247
244
244
244
244
244
244
244
244
246
252
239
244
239
252
246
244
244
244
244
244
247
239
221
72
75
98
244
249
244
244
244
245
247
249
250
248
246
244
244
244
245
254
249
196
86
123
158
219
227
100
215
239
247
244
244
244
244
244
244
244
244
244
244
244
244
244
244
244
244
244
244
244
244
244
244
244
244
244
244
244
244
246
246
244
244
247
239
215
98
221
247
252
246
244
244
249
254
237
168
137
144
141
141
144
145
139
150
217
252
248
244
246
248
245
204
149
142
132
126
154
232
254
239
244
239
252
246
244
244
244
244
245
251
252
210
155
148
145
140
140
140
141
142
143
146
144
145
156
229
253
245
244
244
244
244
244
244
246
252
247
221
98
215
239
247
244
244
244
244
244
249
244
98
75
72
221
239
247
244
244
244
245
240
233
231
238
245
245
244
244
247
240
222
80
73
84
148
199
77
77
98
244
249
244
244
244
244
244
244
244
244
244
244
244
244
244
244
244
244
244
244
244
244
244
244
244
244
244
244
244
244
245
252
246
244
246
252
239
244
239
252
246
244
244
246
246
243
175
143
136
146
153
156
148
143
139
142
209
244
247
244
247
244
206
142
135
139
145
158
198
239
250
247
249
247
246
244
244
244
244
245
247
244
239
187
139
133
145
152
158
166
163
152
146
143
146
139
143
213
242
247
244
244
244
244
244
244
247
239
221
72
75
98
244
249
244
244
244
244
244
248
241
217
100
221
247
252
246
244
244
245
248
220
156
153
209
249
248
244
244
248
245
101
77
64
132
185
88
79
73
221
239
247
244
244
244
244
244
244
244
244
244
244
244
244
244
244
244
244
244
244
244
244
244
244
244
244
244
244
244
77
226
239
247
244
244
246
247
249
247
246
244
244
244
249
251
189
149
147
155
167
235
220
163
145
141
140
154
227
250
247
252
221
149
138
141
149
213
238
240
245
246
244
244
244
244
244
244
244
245
248
245
218
154
144
147
152
157
217
237
235
239
215
155
143
143
142
150
165
241
249
244
244
244
244
244
244
249
244
98
75
72
221
239
247
244
244
244
244
245
249
249
238
241
241
252
246
244
244
244
247
249
212
139
128
191
242
248
244
244
247
240
222
91
129
145
154
193
103
223
247
252
246
244
244
244
244
244
244
244
244
244
244
244
244
244
244
244
244
244
244
244
244
244
244
244
244
244
244
244
77
116
244
249
244
244
244
244
244
244
244
244
244
247
249
240
173
142
210
237
241
246
249
234
183
149
136
148
219
251
249
243
208
139
137
160
219
248
252
248
246
245
244
244
244
244
244
244
244
248
245
222
147
137
136
145
202
244
246
253
252
253
249
207
143
142
142
137
211
237
248
244
244
244
244
244
244
247
239
215
98
221
247
252
246
244
244
245
247
252
245
222
186
247
252
245
244
244
244
244
247
250
215
146
135
151
215
253
249
245
245
254
246
207
138
136
154
206
248
241
252
246
246
247
249
247
246
244
244
244
244
244
244
244
244
244
244
244
244
244
244
244
244
244
244
244
244
244
244
244
77
226
239
247
244
244
244
244
244
244
244
244
244
246
246
194
140
152
226
254
250
248
249
249
243
188
134
150
222
252
251
227
154
138
141
198
248
251
245
244
244
244
244
244
244
244
244
244
245
250
234
161
140
140
147
203
248
251
247
245
244
247
251
230
176
144
143
145
157
233
251
244
244
244
244
244
244
246
252
239
244
239
252
246
244
244
244
246
241
241
220
147
176
238
251
243
244
244
244
244
247
249
213
147
132
142
199
242
246
246
244
249
252
212
147
137
154
223
254
248
246
246
252
239
244
239
252
246
244
244
244
244
244
244
244
244
244
244
244
244
244
244
244
244
244
244
244
244
244
244
244
245
252
246
244
244
244
244
244
244
244
244
247
249
214
155
137
160
229
250
244
244
244
253
251
196
136
149
222
252
252
219
149
130
144
201
250
249
244
244
244
244
244
244
244
244
244
244
247
243
211
146
137
139
189
244
250
246
244
244
244
244
249
247
206
152
141
135
152
225
252
244
244
244
244
244
244
244
246
247
249
247
246
244
244
245
246
253
243
175
141
136
169
240
251
243
244
244
244
244
245
250
221
157
140
145
149
189
236
248
244
247
249
209
145
136
205
246
249
245
246
252
247
221
98
215
239
247
244
244
244
244
244
244
244
244
244
244
244
244
244
244
244
244
244
244
244
244
244
244
244
246
246
244
244
244
244
244
244
244
244
244
248
250
203
140
137
208
244
248
244
244
244
249
244
189
132
147
221
252
252
221
152
132
144
199
248
248
244
244
244
244
244
244
244
244
244
245
252
239
166
142
138
153
207
250
248
244
244
244
244
244
249
249
199
142
140
137
154
227
252
244
244
244
244
244
244
244
244
244
244
244
244
244
244
247
242
243
221
151
136
144
182
244
249
244
244
244
244
244
244
248
244
202
140
138
139
152
225
252
245
247
249
208
141
136
205
246
249
244
247
239
221
72
75
98
244
249
244
244
244
244
244
244
244
244
244
244
244
244
244
244
244
244
244
244
244
244
244
244
244
244
244
244
244
244
244
244
244
244
244
244
249
242
193
137
149
223
252
246
244
244
246
251
227
168
140
157
228
251
252
222
155
133
141
197
249
248
244
244
244
244
244
244
244
244
245
248
248
229
152
137
146
186
245
246
245
244
244
244
244
244
247
250
203
149
142
137
154
227
252
244
244
244
244
244
244
244
244
244
244
244
244
244
244
250
247
185
146
147
159
231
240
242
247
244
244
244
244
244
244
248
250
209
144
139
138
145
216
244
247
247
249
206
142
134
156
222
250
245
249
244
98
75
72
221
239
247
244
244
244
244
244
244
244
244
244
244
244
244
244
244
244
244
244
244
244
244
244
244
244
244
244
244
244
244
244
244
244
244
244
247
250
214
149
137
200
245
248
244
244
244
247
248
218
157
138
209
245
249
252
223
155
134
141
197
249
250
246
246
245
245
244
244
245
246
250
249
240
161
144
135
169
239
249
247
244
244
244
244
244
244
245
248
241
184
140
133
155
227
252
244
244
244
244
244
244
244
244
244
244
244
244
244
247
247
236
164
134
150
235
247
251
246
245
244
244
244
244
244
244
246
247
230
177
146
142
143
159
236
251
249
251
209
146
131
150
214
248
246
247
239
215
98
221
247
252
246
244
244
244
244
244
244
244
244
244
244
244
244
244
244
244
244
244
244
244
244
244
244
244
244
244
244
244
244
244
244
244
244
244
247
248
207
138
139
209
252
248
244
244
244
249
249
202
140
146
216
252
248
251
221
154
133
147
203
254
251
243
242
246
247
245
244
247
243
241
234
164
145
138
145
182
250
250
244
244
244
244
244
244
244
244
249
253
201
151
135
155
227
252
244
244
244
244
244
244
244
244
244
244
244
244
244
249
251
184
146
148
230
246
249
246
246
248
249
251
251
249
247
245
244
246
247
241
186
140
136
147
223
246
252
247
205
142
137
168
227
249
244
245
252
239
244
239
252
246
244
244
244
244
244
244
244
244
244
244
244
244
244
244
244
244
244
244
244
244
244
244
244
244
244
244
244
244
244
244
244
244
244
244
247
249
208
140
139
209
251
248
244
244
246
250
237
185
133
147
215
250
247
250
221
152
132
147
201
247
237
182
192
235
243
246
244
248
245
191
148
146
142
139
164
235
248
247
244
244
244
244
244
244
244
244
249
247
237
174
129
151
226
251
244
244
244
244
244
244
244
244
244
244
244
244
247
250
239
176
142
222
247
249
247
246
246
244
238
236
229
236
240
246
244
245
252
249
193
141
138
148
162
238
253
238
181
142
142
207
249
250
244
244
246
247
249
247
246
244
244
244
244
244
244
244
244
244
244
244
244
244
244
244
244
244
244
244
244
244
244
244
244
244
244
244
244
244
244
244
244
244
244
244
247
249
207
141
140
208
250
250
245
244
247
245
207
142
138
152
220
254
254
254
234
164
141
143
197
190
152
148
143
171
240
249
243
251
242
180
136
140
145
140
171
241
252
244
244
244
244
244
244
244
244
245
246
244
192
144
142
158
233
250
244
244
244
244
244
244
244
244
244
244
244
245
245
244
186
144
209
246
250
246
249
243
213
199
193
156
153
167
235
251
245
244
247
249
197
148
142
140
148
200
250
235
176
137
138
203
243
248
244
244
244
244
244
244
244
244
244
244
244
244
244
244
244
244
244
244
244
244
244
244
244
244
244
244
244
244
244
244
244
244
244
244
244
244
244
244
244
244
244
244
247
249
209
144
139
171
229
248
253
254
254
225
154
137
138
179
229
242
232
235
232
204
141
147
150
147
141
139
132
155
231
250
243
250
243
180
137
142
145
141
170
240
252
244
244
244
244
244
244
244
244
246
251
211
156
138
143
219
245
248
244
244
244
244
244
244
244
244
244
244
244
247
250
203
138
144
214
253
251
251
249
216
150
147
144
141
132
146
221
245
248
247
250
251
239
177
138
140
143
159
240
218
157
139
141
143
216
249
246
244
244
244
244
244
244
244
244
244
244
244
244
244
244
244
244
244
244
244
244
244
244
244
244
244
244
244
244
244
244
244
244
244
244
244
244
244
244
244
244
244
247
248
206
144
136
146
156
221
237
235
236
207
141
135
150
218
246
179
153
158
162
155
151
142
140
138
137
135
139
163
241
249
244
248
247
183
142
140
143
140
175
242
252
244
244
244
244
244
244
244
244
245
248
244
185
132
149
227
253
246
244
244
244
244
244
244
244
244
244
244
244
247
247
196
132
141
213
252
242
239
217
150
139
137
141
144
143
146
167
242
255
240
244
246
254
193
150
144
142
144
172
217
157
136
140
161
222
248
246
244
244
244
244
244
244
244
244
244
244
244
244
244
244
244
244
244
244
244
244
244
244
244
244
244
244
244
244
244
244
244
244
244
244
244
244
244
244
244
244
244
247
250
210
145
141
140
146
152
164
162
158
152
146
144
200
253
238
161
124
128
132
137
141
146
152
158
159
155
165
232
243
246
244
246
245
243
171
146
143
140
166
236
248
247
244
244
244
244
244
244
244
245
255
250
185
78
138
221
252
245
244
244
244
244
244
244
244
244
244
244
244
248
249
199
141
152
225
255
241
164
143
139
137
144
147
147
142
138
151
232
247
224
98
216
244
245
173
143
141
142
173
227
188
137
138
203
247
248
244
244
244
244
244
244
244
244
244
244
244
244
244
244
244
244
244
244
244
244
244
244
244
244
244
244
244
244
244
244
244
244
244
244
244
244
244
244
244
244
244
244
244
247
240
192
138
141
144
141
140
138
136
131
132
181
241
254
244
176
151
157
159
152
144
139
192
236
234
231
239
243
248
245
244
244
248
248
235
161
135
141
148
185
249
250
244
244
244
244
244
244
244
247
243
226
81
64
91
222
253
245
244
244
244
244
244
244
244
244
244
244
244
249
247
193
140
204
244
248
220
144
139
150
158
197
191
146
140
140
154
167
225
76
75
100
255
252
174
82
133
139
170
240
211
142
141
208
251
248
244
244
244
244
244
244
244
244
244
244
244
244
244
244
244
244
244
244
244
244
244
244
244
244
244
244
244
244
244
244
244
244
244
244
244
244
244
244
244
244
244
244
244
248
252
206
149
141
143
144
139
139
146
149
155
199
249
251
241
236
231
234
238
206
143
148
210
254
254
251
249
247
245
244
244
244
244
251
246
167
144
140
137
169
237
247
246
244
244
244
244
244
244
252
247
104
77
61
139
218
252
245
244
244
244
244
244
244
244
244
244
244
246
249
229
166
147
210
247
178
145
148
165
233
238
242
244
183
145
139
145
206
90
80
72
224
237
222
76
67
80
141
151
182
209
143
141
207
249
247
244
244
244
244
244
244
244
244
244
244
244
244
244
244
244
244
244
244
244
244
244
244
244
244
244
244
244
244
244
244
244
244
244
244
244
244
244
244
244
244
244
244
244
245
246
245
196
148
140
146
152
155
173
231
235
237
244
249
250
253
253
254
255
217
144
175
239
247
247
244
244
244
244
244
244
244
244
246
244
236
162
143
139
146
188
249
248
244
244
244
244
244
244
250
234
178
76
131
161
232
251
244
244
244
244
244
244
244
244
244
244
244
247
249
210
143
141
204
177
141
137
158
240
249
252
252
250
246
182
148
147
157
213
104
221
251
253
100
81
77
151
144
142
156
164
144
146
209
250
247
244
244
244
244
244
244
244
244
244
244
244
244
244
244
244
244
244
244
244
244
244
244
244
244
244
244
244
244
244
244
244
244
244
244
244
244
244
244
244
244
244
244
244
244
247
252
245
180
142
155
226
236
241
247
252
248
249
242
236
237
242
250
252
212
144
152
215
251
247
244
244
244
244
244
244
244
244
245
249
247
216
150
136
137
181
243
250
243
244
244
244
244
244
252
231
166
142
137
213
245
248
244
244
244
244
244
244
244
244
244
244
244
247
249
207
143
143
143
146
137
148
228
247
248
245
244
250
246
234
158
132
177
227
251
239
254
241
215
100
221
229
158
141
147
148
140
149
210
249
247
244
244
244
244
244
244
244
244
244
244
244
244
244
244
244
244
244
244
244
244
244
244
244
244
244
244
244
244
244
244
244
244
244
244
244
244
244
244
244
244
244
244
244
244
247
252
245
176
145
224
254
255
255
254
253
252
254
251
183
157
229
250
254
217
143
135
198
248
247
244
244
244
244
244
244
244
244
244
245
248
240
175
142
137
184
245
251
243
244
244
244
244
247
248
241
189
137
155
226
252
246
244
244
244
244
244
244
244
244
244
244
244
248
250
206
142
138
143
140
142
163
239
252
245
244
244
249
249
182
144
143
165
247
253
247
247
252
239
245
247
240
160
138
145
146
139
146
207
249
247
244
244
244
244
244
244
244
244
244
244
244
244
244
244
244
244
244
244
244
244
244
244
244
244
244
244
244
244
244
244
244
244
244
244
244
244
246
247
249
247
246
244
244
245
246
244
192
140
148
215
240
235
233
233
233
233
238
230
165
137
154
231
249
218
150
137
199
248
248
244
244
244
244
244
244
244
244
244
244
247
247
226
146
136
186
247
252
244
244
244
244
245
249
248
212
144
141
201
243
247
244
244
244
244
244
244
244
244
244
244
244
244
248
250
207
145
139
145
146
152
229
244
247
244
244
244
252
243
176
133
149
227
245
246
244
244
246
247
249
253
239
161
144
144
146
139
146
208
252
248
244
244
244
244
246
247
249
247
246
244
244
244
244
244
244
244
244
244
244
244
244
244
244
244
244
244
244
244
244
244
244
244
244
244
244
246
252
239
244
239
252
246
244
247
248
203
146
136
146
153
158
159
159
158
157
158
161
155
149
140
145
153
186
209
142
140
200
248
248
244
244
244
244
244
244
244
244
244
244
245
253
229
154
132
180
242
250
247
244
244
245
247
246
216
147
139
158
221
252
247
244
244
244
244
244
244
244
244
244
244
244
244
247
249
207
146
141
143
146
220
248
250
245
244
244
246
249
238
170
131
157
233
253
245
244
244
244
244
244
247
245
225
149
142
147
142
141
201
242
247
244
244
244
246
252
239
244
239
252
246
244
244
244
244
244
244
244
244
244
244
244
244
244
244
244
244
244
244
244
244
244
244
244
244
246
252
247
221
98
215
239
247
244
247
249
204
148
140
143
140
138
138
138
139
138
137
139
138
141
144
143
143
142
130
141
143
199
248
248
244
244
244
244
244
244
244
244
244
244
244
251
225
149
133
146
192
245
246
245
244
247
247
226
154
135
135
193
243
248
244
244
246
249
252
252
249
246
244
244
244
244
244
247
249
206
145
141
139
153
223
253
246
244
244
246
252
253
189
143
137
158
237
250
244
244
244
244
244
244
245
253
226
155
133
145
141
147
158
227
250
244
244
246
252
247
221
98
215
239
247
244
244
244
244
244
244
244
244
244
244
244
244
244
244
244
244
244
244
244
244
244
244
244
244
247
239
221
72
75
98
244
249
244
244
248
242
187
141
143
147
146
146
146
144
142
142
143
141
140
141
143
145
131
117
134
146
198
248
248
244
244
244
244
244
244
244
244
244
244
244
250
233
159
141
138
150
206
250
247
245
249
240
183
141
143
157
212
249
248
244
246
252
242
231
231
242
252
246
244
244
244
244
247
248
205
143
139
139
152
223
253
245
244
245
245
242
233
170
138
147
229
243
247
244
244
244
244
244
244
244
249
231
156
146
148
139
140
201
242
247
244
244
247
239
221
72
75
98
244
249
244
244
244
244
244
244
244
244
244
244
244
244
244
244
244
244
244
244
244
244
244
244
244
244
249
244
98
75
72
221
239
247
244
244
250
250
204
151
139
141
139
138
139
146
150
148
144
151
160
155
151
145
136
123
137
146
199
248
248
244
244
244
244
244
244
244
244
244
244
244
248
244
215
144
133
142
197
247
250
251
249
229
146
137
172
235
244
244
245
245
252
247
228
93
89
219
239
247
244
244
244
244
247
250
210
147
140
138
147
221
251
252
247
249
249
208
150
147
151
223
246
249
245
244
244
244
244
244
244
244
246
240
239
205
148
135
146
208
252
248
244
244
249
244
98
75
72
221
239
247
244
244
244
244
244
244
244
244
244
244
244
244
244
244
244
244
244
244
244
244
244
244
247
249
251
241
215
98
221
247
252
246
244
244
250
250
202
146
143
152
158
155
155
179
222
192
167
208
245
234
164
145
145
145
139
144
199
248
248
244
244
244
244
244
244
244
244
244
244
244
245
253
229
159
138
141
202
253
250
241
227
155
140
142
189
252
251
245
244
247
239
223
81
56
67
101
244
249
244
244
244
244
244
246
244
200
146
141
144
169
227
242
246
254
245
192
130
135
209
246
249
245
244
244
244
244
244
244
244
244
245
250
254
219
150
132
148
210
252
248
244
244
247
239
215
98
221
247
252
246
244
244
244
244
244
244
244
244
244
244
244
244
244
244
244
244
244
244
244
244
244
244
237
244
241
255
241
244
239
252
246
244
244
245
248
243
185
137
149
218
236
232
233
241
246
250
234
244
254
252
183
141
150
149
141
144
201
250
249
244
244
244
244
244
244
244
244
244
244
244
244
248
245
210
139
137
200
247
245
171
139
142
141
173
242
245
246
244
244
249
244
101
67
56
81
223
239
247
244
244
244
244
244
246
250
242
185
138
139
148
156
167
240
248
215
144
141
153
227
253
246
244
244
244
244
244
244
244
244
244
244
247
249
214
148
134
140
201
242
248
244
244
246
252
239
244
239
252
246
244
244
244
244
244
244
244
244
244
244
244
244
244
244
244
244
244
244
244
244
244
244
244
215
98
215
241
251
249
247
246
244
244
244
247
250
205
146
140
198
245
255
253
251
251
254
251
227
109
222
218
94
130
142
147
143
141
196
244
248
244
244
244
244
244
244
244
244
244
244
244
244
248
251
215
147
137
155
212
175
142
137
144
167
242
247
248
244
244
244
247
239
219
89
93
228
247
252
246
244
244
244
244
244
244
249
250
197
147
139
142
139
145
172
217
151
130
77
185
236
251
244
244
244
244
244
244
244
244
244
244
244
247
250
214
148
135
144
145
217
250
245
244
244
246
247
249
247
246
244
244
244
244
244
244
244
244
244
244
244
244
244
244
244
244
244
244
244
244
244
244
244
244
74
75
98
244
249
244
244
244
244
244
244
249
249
199
139
155
224
251
248
247
249
251
241
221
75
71
76
76
84
84
153
146
146
143
161
219
250
246
244
244
244
244
244
244
244
244
244
244
244
247
250
213
146
134
147
141
144
142
136
155
231
248
249
248
249
247
246
246
252
242
231
231
242
252
246
244
244
244
244
244
244
244
246
245
243
182
146
144
144
142
149
142
132
62
75
104
245
250
244
244
244
244
244
244
244
244
244
244
244
247
250
213
148
134
139
175
229
248
244
244
244
244
244
244
244
244
244
244
244
244
244
244
244
244
244
244
244
244
244
244
244
244
244
244
244
244
244
244
244
77
74
72
221
239
247
244
244
244
244
244
244
248
244
192
133
172
229
252
254
239
244
244
251
100
80
72
77
77
93
217
161
147
150
142
162
223
255
255
255
255
255
255
255
255
255
255
255
255
255
255
255
233
163
150
148
149
148
158
162
189
255
255
255
244
247
244
255
255
255
255
255
255
255
255
255
255
255
255
255
255
255
255
255
255
255
253
180
147
150
152
151
160
97
92
92
237
253
255
255
255
255
255
255
255
255
255
255
255
255
255
255
233
164
146
150
216
255
255
255
255
255
255
254
253
249
246
244
244
244
244
244
244
244
244
244
244
244
244
244
244
244
244
244
244
244
244
244
244
244
244
100
221
247
252
246
244
244
244
244
244
246
249
210
147
135
148
219
255
249
221
98
218
235
218
101
217
221
95
206
201
144
119
114
128
130
183
216
213
210
210
210
210
210
210
210
210
210
210
210
212
213
210
175
122
128
132
128
130
189
206
209
218
224
210
104
204
217
210
210
210
210
210
210
210
210
210
210
210
210
210
210
210
210
210
216
212
148
119
123
123
123
146
183
71
189
213
218
211
210
210
210
210
210
210
210
210
210
210
210
212
215
214
181
121
127
183
217
213
210
210
210
210
207
221
232
247
244
244
244
244
244
244
244
244
244
244
244
244
244
244
244
244
244
244
244
244
244
244
244
244
237
239
252
246
244
244
244
244
244
244
246
249
210
147
133
146
219
247
225
72
75
100
251
244
245
247
251
240
123
113
102
82
88
84
96
104
117
118
115
115
115
115
115
115
115
115
115
115
115
115
118
119
112
101
92
89
94
106
118
123
121
107
99
66
85
91
122
115
115
115
115
115
115
115
115
115
115
115
115
115
115
115
115
115
118
114
108
103
103
104
105
118
109
117
111
123
116
115
115
115
115
115
115
115
115
115
115
115
115
116
115
111
102
87
91
102
116
118
115
115
115
115
110
122
237
249
244
244
244
244
244
244
244
244
244
244
244
244
244
244
244
244
244
244
244
244
244
244
244
244
247
247
246
244
244
244
244
244
244
244
244
248
243
195
136
139
216
245
103
76
72
221
241
251
249
249
253
241
227
196
133
118
114
127
130
183
216
213
210
210
210
210
210
210
210
210
210
210
210
210
210
215
219
177
129
123
138
198
218
213
215
207
75
64
79
210
217
210
210
210
210
210
210
210
210
210
210
210
210
210
210
210
210
210
210
212
215
217
218
218
217
216
215
215
213
211
210
210
210
210
210
210
210
210
210
210
210
210
210
213
208
164
131
125
131
187
217
212
210
210
210
210
207
221
232
247
244
244
244
244
244
244
244
244
244
244
244
244
244
244
244
244
244
244
244
244
244
244
244
244
244
244
244
244
244
244
244
244
244
244
244
249
249
199
141
139
147
219
219
105
224
248
252
246
244
245
249
252
248
173
155
155
156
144
149
216
255
255
255
255
255
255
255
255
255
255
255
255
255
255
255
255
255
211
151
139
161
236
255
255
255
251
225
103
225
251
255
255
255
255
255
255
255
255
255
255
255
255
255
255
255
255
255
255
255
255
255
255
255
255
255
255
255
255
255
255
255
255
255
255
255
255
255
255
255
255
255
255
255
255
255
223
149
144
203
253
255
255
255
255
255
255
254
253
249
246
244
244
244
244
244
244
244
244
244
244
244
244
244
244
244
244
244
244
244
244
244
244
244
244
244
244
244
244
244
244
244
244
244
244
244
247
250
205
151
138
142
159
219
243
240
255
250
249
249
251
248
243
180
148
138
169
204
147
147
204
247
247
244
244
244
244
244
244
244
244
244
244
244
244
244
247
248
200
145
133
146
219
247
249
246
252
239
244
239
252
246
244
246
252
239
244
239
252
246
244
244
244
244
244
244
244
244
244
244
244
244
244
244
244
244
244
244
244
244
244
244
244
244
244
244
244
244
244
244
244
244
244
245
251
241
188
142
144
203
251
249
244
244
244
244
244
244
244
244
244
244
244
244
244
244
244
244
244
244
244
244
244
244
244
244
244
244
244
244
244
244
244
244
244
244
244
244
244
244
244
244
244
244
244
244
245
247
242
185
139
138
147
155
174
242
250
243
239
237
243
237
175
151
143
141
153
191
239
191
208
247
247
244
244
244
244
244
244
244
244
244
244
244
244
244
247
250
207
152
138
143
152
228
243
246
246
247
249
247
246
244
246
252
247
221
98
215
239
247
244
244
244
244
244
244
244
244
244
244
244
244
244
244
244
244
244
244
244
244
244
244
244
244
244
244
244
244
244
244
244
245
247
252
249
225
147
137
140
202
249
248
244
244
244
244
244
244
244
244
244
244
244
244
244
244
244
244
244
244
244
244
244
244
244
244
244
244
244
244
244
244
244
244
244
244
244
244
244
244
244
244
244
244
244
244
244
248
251
202
151
140
142
139
143
165
239
206
151
196
194
153
148
143
143
139
159
216
248
246
240
244
245
244
244
244
244
244
244
244
244
244
244
244
244
244
244
247
242
185
138
134
148
171
244
247
244
244
244
244
244
244
247
239
221
72
75
98
244
249
244
244
244
244
244
244
244
244
244
244
244
244
244
244
244
244
244
244
244
244
244
244
244
244
244
244
244
244
244
244
244
247
241
241
227
156
136
76
131
197
250
248
244
244
244
244
244
244
244
244
244
244
244
244
244
244
244
244
244
244
244
244
244
244
244
244
244
244
244
244
244
244
244
244
244
244
244
244
244
244
244
244
244
244
244
244
244
245
246
245
182
143
141
144
142
150
154
151
144
142
146
142
142
145
144
145
180
246
248
247
246
245
244
244
244
244
244
244
244
244
244
244
244
244
244
244
244
248
252
200
149
136
144
221
242
248
244
244
244
244
244
244
249
244
98
75
72
221
239
247
244
244
244
244
244
244
244
244
244
244
244
244
244
244
244
244
244
244
244
244
244
244
244
244
244
244
244
244
244
244
244
248
239
177
147
137
71
70
88
199
250
248
244
244
244
244
244
244
244
244
244
244
244
244
244
244
244
244
244
244
244
244
244
244
244
244
244
244
244
244
244
244
244
244
244
244
244
244
244
244
244
244
244
244
244
244
244
246
250
251
246
177
145
145
140
142
140
147
145
143
145
146
146
145
139
158
223
248
248
244
244
244
244
244
244
244
244
244
244
244
244
244
244
244
244
244
244
246
247
240
178
136
146
198
246
251
245
244
244
244
244
244
247
239
215
98
221
247
252
246
244
244
244
244
244
244
244
244
244
244
244
244
244
244
244
244
244
244
244
244
244
244
244
244
244
244
244
244
244
244
244
250
233
161
135
83
75
68
133
198
248
248
244
244
244
244
244
244
244
244
244
244
244
244
244
244
244
244
244
244
244
244
244
244
244
244
244
244
244
244
244
244
244
244
244
244
244
244
244
244
244
244
244
244
244
244
246
252
239
248
242
250
198
158
139
81
128
137
140
140
142
143
142
139
142
172
243
249
245
244
244
244
244
244
244
244
244
244
244
244
244
244
244
244
244
244
244
244
252
247
185
139
139
152
228
242
246
244
244
244
244
244
246
252
239
244
239
252
246
244
244
244
244
244
244
244
244
244
244
244
244
244
244
244
244
244
244
244
244
244
244
244
244
246
247
249
247
246
244
244
244
252
235
164
133
129
77
128
149
209
250
247
244
244
244
244
246
247
249
247
246
244
244
244
244
244
244
244
244
244
244
244
244
244
244
244
244
244
244
244
244
244
244
244
244
244
244
244
244
244
244
244
244
244
244
246
252
247
221
99
219
243
240
210
69
74
91
142
147
153
150
146
146
148
172
222
244
247
244
244
244
244
244
244
244
244
244
244
244
244
244
244
244
244
244
244
244
243
250
244
184
139
135
151
171
247
247
244
244
244
244
244
244
246
247
249
247
246
244
244
244
244
244
244
244
244
244
244
244
244
244
244
244
244
244
244
244
244
244
244
244
244
246
252
239
244
239
252
246
244
244
251
233
157
141
149
158
155
205
243
246
245
244
244
244
246
252
239
244
239
252
246
244
244
244
244
244
244
244
244
244
244
244
244
244
244
244
244
244
244
244
244
244
244
244
244
244
244
244
244
244
244
244
244
244
246
245
232
90
80
97
242
245
105
80
82
216
231
190
192
233
173
149
220
240
244
245
245
244
244
244
244
244
244
244
244
244
244
244
244
244
244
244
244
244
244
244
244
247
245
190
148
139
151
226
241
246
244
244
244
244
244
244
244
244
244
244
244
244
244
244
244
244
244
244
244
244
244
244
244
244
244
244
244
244
244
244
244
244
244
244
244
246
245
226
116
226
245
246
244
244
248
236
163
156
229
235
237
243
246
246
244
244
244
244
246
245
226
116
226
245
246
244
244
244
244
244
244
244
244
244
244
244
244
244
244
244
244
244
244
244
244
244
244
244
244
244
244
244
244
244
244
244
244
244
244
244
77
77
77
244
244
244
244
77
244
244
244
244
244
244
244
244
244
244
244
244
244
244
244
244
244
244
244
244
244
244
244
244
244
244
244
244
244
244
244
244
244
244
244
250
169
144
147
242
244
244
244
244
244
244
244
244
244
244
244
244
244
244
244
244
244
244
244
244
244
244
244
244
244
244
244
244
244
244
244
244
244
244
244
244
244
244
244
77
77
77
244
244
244
244
244
244
244
244
244
244
244
244
244
244
244
244
244
244
244
244
77
77
77
244
244
244
244
244
244
244
244
244
244
244
244
244
244
244
244
244
244
244
244
244
244
244
244
