249
249
249
249
249
249
249
249
66
66
66
249
249
249
249
249
249
249
249
249
249
249
249
249
249
252
189
153
158
66
139
213
252
249
249
249
249
249
249
249
249
249
249
249
249
249
249
249
249
249
249
249
249
249
249
249
249
249
249
249
249
249
249
249
249
249
249
249
249
249
249
249
249
249
249
249
249
249
249
249
249
249
249
249
249
249
249
249
249
249
249
249
66
66
66
249
249
249
249
249
249
249
249
249
249
249
249
249
249
249
249
249
249
249
249
249
249
249
249
249
249
249
249
249
249
249
249
249
249
249
249
249
249
249
249
249
249
249
249
249
249
249
249
249
249
249
249
249
249
249
249
249
249
249
249
252
243
87
70
80
238
251
251
249
249
250
252
253
249
252
249
249
239
247
251
214
155
137
61
60
87
225
253
250
249
249
249
249
249
249
249
249
249
249
249
249
249
249
249
249
249
249
249
249
249
249
249
249
249
249
249
249
249
249
249
249
249
249
249
249
249
249
249
249
249
249
249
249
249
249
249
249
251
252
252
252
251
249
252
243
218
65
61
86
238
251
251
249
249
249
249
249
249
249
249
249
249
249
249
249
249
249
249
249
249
249
249
249
249
249
249
249
249
249
249
249
249
249
249
249
249
249
249
249
249
249
249
249
249
249
249
249
249
249
249
249
249
249
249
249
249
249
249
249
249
252
244
218
89
225
252
253
251
249
251
252
252
249
229
187
236
199
161
178
238
205
151
69
64
65
196
243
253
250
249
249
249
249
249
249
249
249
249
249
249
249
249
249
249
249
249
249
249
249
249
249
249
249
249
249
249
249
249
249
249
249
249
249
249
249
249
249
249
249
249
249
249
249
249
249
249
251
253
244
250
244
253
251
252
250
89
66
66
233
252
253
251
249
249
249
249
249
249
249
249
249
249
249
249
249
249
249
249
249
249
249
249
249
249
249
249
249
249
249
249
249
249
249
249
249
249
249
249
249
249
249
249
249
249
249
249
249
249
249
249
249
249
251
251
249
249
249
249
249
249
251
253
244
250
244
253
251
249
250
252
249
241
189
159
162
159
160
148
157
166
167
150
138
85
211
227
253
252
249
249
249
249
249
249
249
249
249
249
249
249
249
249
249
249
249
249
249
249
249
249
249
249
249
249
249
249
249
249
249
249
249
249
249
249
249
249
249
249
249
249
249
249
249
249
249
251
253
252
227
94
227
252
253
252
244
218
89
225
252
253
251
249
249
249
249
249
249
249
249
249
249
249
249
249
249
249
249
249
249
249
249
249
249
249
249
249
249
249
249
249
249
249
249
249
249
249
249
249
249
249
249
249
249
249
249
249
249
249
249
249
249
251
253
251
249
249
249
249
249
249
249
251
252
252
252
251
249
249
252
250
221
164
156
152
151
154
156
155
155
154
152
160
166
240
245
253
250
250
249
249
249
249
249
249
249
249
249
249
249
249
249
249
249
249
249
249
249
249
249
249
249
249
249
249
249
249
249
249
249
249
249
249
249
249
249
249
249
249
249
249
249
249
249
249
249
252
244
227
70
61
70
227
244
252
253
244
250
244
253
251
249
249
249
251
252
253
253
253
252
252
250
249
249
249
249
249
249
249
249
249
249
249
249
249
249
249
249
249
249
249
249
249
249
249
251
252
252
252
251
249
249
249
249
249
249
249
249
249
249
249
251
253
252
238
66
249
249
249
249
249
249
249
249
249
249
249
249
250
253
239
181
149
149
152
152
155
158
159
160
157
152
164
229
253
253
252
250
249
249
249
249
249
249
249
249
249
249
249
249
249
249
249
249
249
249
249
249
249
249
249
249
249
249
249
249
249
249
249
249
249
249
249
249
249
249
249
249
249
249
249
249
249
249
249
251
253
253
98
64
39
67
101
253
253
252
252
252
252
251
249
249
249
250
250
245
241
236
238
245
251
252
251
250
249
249
249
249
249
249
249
249
249
249
249
249
249
249
249
249
249
249
249
249
251
253
244
250
244
253
251
249
249
249
249
249
249
249
249
249
249
252
244
225
80
66
249
249
249
249
249
249
249
249
249
249
249
250
252
251
227
156
147
156
165
170
167
154
156
155
162
154
164
228
253
252
249
249
249
249
249
249
249
249
249
249
249
249
249
251
252
252
252
251
249
249
249
249
249
249
249
249
249
249
249
249
249
249
249
249
249
249
249
249
249
249
249
249
249
249
249
249
249
249
251
253
248
245
225
86
63
66
214
239
251
252
250
249
249
249
249
249
249
250
253
224
168
162
166
179
239
250
252
252
250
249
249
249
249
249
249
249
249
249
250
251
251
252
252
252
251
250
249
251
253
252
225
89
218
244
252
249
249
249
249
249
249
249
249
249
249
252
250
89
70
66
249
249
249
249
249
249
249
249
249
249
249
251
249
240
166
155
158
174
233
252
209
146
73
141
154
152
161
226
252
252
249
249
249
249
249
249
249
249
249
249
249
249
251
253
245
249
245
254
252
252
253
253
252
252
250
249
249
249
249
249
249
249
249
249
249
249
249
249
249
249
249
249
249
249
249
249
249
251
253
252
228
102
221
219
81
141
175
185
231
251
252
250
249
249
249
249
249
252
252
219
157
144
148
154
158
202
245
249
252
250
249
249
249
249
249
249
249
251
251
250
252
252
249
248
251
252
251
252
244
225
61
65
89
250
252
249
249
249
249
249
249
249
249
249
249
252
244
218
87
249
249
249
249
249
249
249
249
249
249
249
249
252
248
177
149
147
195
245
253
252
221
63
58
76
158
150
161
226
252
252
249
249
249
249
249
249
249
249
249
249
249
251
253
252
228
92
207
247
252
250
240
238
247
252
253
252
252
250
249
249
249
249
251
252
252
252
251
249
249
249
249
249
249
249
249
250
251
253
250
232
68
70
90
164
163
151
156
154
169
241
251
252
250
249
249
249
249
250
252
232
174
151
149
149
152
158
164
232
251
252
250
249
249
249
250
251
252
253
248
215
219
239
199
193
243
250
252
253
250
89
65
61
225
244
252
249
249
249
249
249
249
249
249
249
249
251
253
244
243
249
249
249
249
249
249
249
249
249
249
249
250
252
245
179
146
160
213
253
253
252
92
71
70
180
161
149
161
226
252
252
249
249
249
249
249
249
249
249
249
249
249
252
244
226
66
65
78
185
241
202
165
163
186
239
240
243
248
252
250
249
249
251
253
244
250
244
253
251
249
249
249
249
249
249
249
252
251
251
238
86
63
57
141
153
159
158
156
153
154
175
244
251
251
249
249
249
249
249
252
249
212
168
164
155
149
148
150
165
241
252
252
250
249
249
251
250
246
244
212
162
164
164
163
163
165
219
248
252
249
218
89
225
252
253
251
249
249
249
249
249
249
249
249
249
249
249
251
252
252
249
249
249
249
249
249
249
249
249
249
249
251
252
241
175
146
186
243
252
252
244
218
92
228
235
178
146
162
226
252
252
252
252
252
251
249
249
249
249
249
249
249
252
250
93
65
53
136
158
164
160
150
149
156
162
167
180
239
252
251
249
252
253
252
225
89
218
244
252
249
249
249
249
249
249
250
252
246
205
154
140
73
144
157
156
152
151
153
154
150
153
188
250
252
249
249
249
249
249
251
251
246
243
233
176
167
161
152
153
179
246
250
251
249
249
252
249
209
168
157
154
151
152
153
152
156
156
176
245
253
250
251
244
253
251
249
249
249
249
249
249
249
249
249
249
249
249
249
249
249
249
249
249
249
249
249
249
249
249
249
249
252
251
197
153
149
192
249
253
251
253
244
250
251
245
173
144
163
228
253
253
244
250
244
253
251
249
249
249
249
249
249
252
246
224
85
138
156
159
155
154
155
154
151
148
147
152
199
251
253
252
253
250
229
66
68
91
251
252
249
249
249
249
249
249
251
252
220
161
153
151
156
152
161
162
170
167
162
158
151
150
187
245
253
249
249
249
249
249
249
251
252
253
250
247
239
199
152
147
159
202
253
252
249
249
252
245
184
149
150
154
158
156
157
157
156
150
154
173
242
249
253
252
251
249
249
249
249
249
249
249
249
249
249
249
249
249
249
249
249
249
249
249
249
249
249
249
249
249
249
249
253
246
189
146
148
193
248
253
249
251
252
252
253
234
166
146
155
224
254
253
225
89
218
244
252
249
249
249
249
249
249
252
254
243
201
147
159
155
152
151
148
157
164
165
155
150
172
245
253
250
245
223
85
59
63
223
250
252
250
249
249
249
249
249
252
252
215
159
150
158
156
155
160
219
245
242
201
156
152
156
193
250
253
250
249
249
249
249
249
249
249
250
252
253
253
222
167
148
149
192
245
252
251
249
252
245
182
150
155
158
157
156
155
155
156
155
154
153
155
217
252
252
249
249
249
249
249
249
249
249
249
249
249
249
249
249
249
249
249
249
249
249
249
249
249
249
249
249
249
249
253
248
192
148
149
193
248
253
249
249
249
250
253
233
167
147
154
176
236
229
61
65
89
250
252
249
249
249
249
249
249
251
253
222
160
155
154
159
167
170
167
187
238
202
151
148
157
191
241
194
167
158
141
69
149
229
253
252
252
251
249
249
249
249
252
252
216
157
148
151
159
163
216
251
254
254
224
172
147
149
184
249
253
250
249
249
249
249
249
249
249
249
249
250
252
248
192
154
149
158
211
252
252
249
252
245
183
151
153
155
154
159
158
161
155
156
158
150
149
206
251
252
252
250
249
249
249
249
249
249
249
249
249
249
249
249
249
249
249
249
249
249
249
249
249
249
249
249
249
249
253
248
193
148
149
193
248
253
249
249
249
250
253
232
168
148
150
172
236
95
65
61
225
244
252
249
249
249
249
249
249
252
252
217
155
146
158
182
240
241
238
248
252
217
160
151
152
167
170
157
151
156
153
154
158
163
183
241
248
250
250
249
249
249
252
252
212
150
147
156
186
242
250
251
252
252
253
201
146
70
146
209
252
252
249
249
249
249
249
249
249
249
249
249
252
252
246
176
152
147
177
235
253
251
253
247
183
151
155
158
165
180
224
180
180
172
152
151
155
164
223
249
250
252
250
249
249
249
249
249
249
249
249
249
249
249
249
249
249
249
249
249
249
249
249
249
249
249
249
249
253
248
192
148
149
195
248
253
249
249
249
250
253
233
166
146
156
193
239
223
89
225
252
253
251
249
249
249
249
249
249
252
249
215
153
154
179
245
253
253
253
252
252
248
202
160
155
155
153
151
150
152
152
156
154
151
155
168
222
252
251
251
252
252
252
253
222
165
160
227
249
251
252
251
250
252
244
221
63
55
78
203
253
252
249
249
249
249
249
249
249
249
249
249
250
252
252
235
162
147
156
221
252
252
252
240
176
152
154
166
193
241
247
251
242
180
161
155
157
155
160
179
243
250
251
249
249
249
249
249
249
249
249
249
249
249
249
249
249
249
249
249
249
249
249
249
249
249
249
249
253
248
192
149
150
195
250
253
249
249
249
251
253
234
165
145
162
228
254
247
250
244
253
251
249
249
249
249
249
249
249
252
235
169
150
159
229
252
252
250
249
249
252
253
244
179
151
152
150
156
162
170
169
162
156
150
147
155
212
252
253
253
244
250
245
253
247
238
241
249
253
252
250
249
249
252
252
98
71
54
142
201
252
252
249
249
249
249
249
249
249
249
249
249
249
250
253
246
190
152
153
189
248
253
252
197
156
151
164
174
221
252
253
252
253
241
183
207
158
150
150
154
189
251
252
249
249
249
249
249
249
249
249
249
249
249
249
249
249
249
249
249
249
249
249
249
249
249
249
249
253
248
193
151
148
188
245
253
251
249
250
252
252
231
160
144
163
226
253
252
252
252
251
249
249
249
249
249
249
249
250
253
228
162
142
164
232
253
251
249
249
249
249
253
246
183
151
160
166
183
229
242
242
213
176
164
157
151
208
249
254
252
225
89
218
246
253
252
252
252
250
249
249
249
249
252
245
220
80
131
154
208
252
252
249
249
249
249
249
249
249
249
249
249
249
249
252
252
226
157
159
172
240
252
253
194
151
150
155
200
248
252
250
250
251
248
254
223
166
151
149
149
187
246
253
249
249
249
249
249
249
249
249
249
249
249
249
249
249
249
249
249
249
249
249
249
249
249
249
249
253
247
193
149
150
157
206
252
253
252
252
252
243
164
155
152
163
230
252
250
249
249
249
249
251
252
252
252
251
249
251
253
231
165
142
161
227
252
250
249
249
249
249
253
246
182
146
179
235
249
252
254
254
253
251
226
160
147
166
235
252
226
61
65
89
250
252
249
249
249
249
249
249
249
249
251
253
250
194
151
154
202
250
252
249
249
249
249
249
249
249
249
249
249
249
249
252
252
227
160
151
192
89
227
245
199
154
150
156
205
252
252
250
249
250
251
252
249
214
161
153
148
188
247
253
249
249
249
249
249
249
249
249
249
249
249
249
249
249
249
249
249
249
249
249
249
249
249
249
249
252
253
196
156
151
153
160
216
249
245
252
247
189
158
148
152
210
248
252
249
249
249
249
251
253
244
250
244
253
252
252
252
229
158
150
170
234
253
250
249
249
249
250
253
242
174
152
193
253
253
252
253
246
252
252
251
170
150
151
224
250
92
64
61
225
244
252
249
249
249
249
249
249
249
249
249
252
250
235
155
151
204
249
252
249
249
249
249
249
249
249
249
249
249
249
249
252
246
201
151
142
59
71
94
244
194
153
153
159
212
253
253
249
249
249
249
251
252
248
242
174
151
187
246
253
249
249
249
249
249
249
249
249
249
249
249
249
249
249
249
249
249
249
249
249
249
249
249
249
249
251
252
242
180
153
154
157
159
179
225
189
203
185
154
149
158
214
253
252
249
249
249
251
253
252
225
89
218
244
252
250
241
171
153
153
214
249
252
249
249
249
249
252
252
209
156
167
239
252
252
253
252
225
89
222
245
224
152
150
175
236
223
90
225
252
253
251
249
249
249
249
249
249
249
249
250
253
252
182
154
158
210
253
251
249
249
249
249
249
249
249
249
249
249
249
249
253
239
172
151
70
60
70
228
205
161
152
159
158
213
248
253
251
249
249
249
249
251
252
252
240
173
202
249
252
249
249
249
249
249
249
249
249
249
249
249
249
249
249
249
249
249
249
249
249
249
249
249
249
249
251
252
244
183
154
156
155
152
157
160
166
158
160
155
152
162
217
253
251
249
249
249
252
244
225
61
65
89
250
253
249
185
155
147
162
221
253
252
249
249
249
249
253
249
194
149
176
248
253
252
244
225
61
64
93
253
231
160
144
179
246
250
250
244
253
251
249
249
249
249
249
249
249
249
249
251
252
240
172
145
184
243
252
250
249
249
249
249
249
249
249
249
249
249
249
250
252
238
172
145
139
88
236
253
219
161
154
155
161
85
220
245
252
249
249
249
249
249
250
252
248
244
243
249
251
249
249
249
249
249
249
249
249
249
249
249
249
249
249
249
249
249
249
249
249
249
249
249
249
250
252
252
205
160
151
151
151
153
154
154
154
154
154
153
158
203
249
252
250
249
249
249
252
250
89
65
61
225
245
253
247
183
149
150
175
230
252
250
249
249
249
249
253
250
196
148
167
239
252
253
250
89
65
61
227
250
227
160
146
175
241
253
252
252
251
249
249
249
249
249
249
249
249
249
249
252
252
198
155
150
193
249
253
249
249
249
249
249
249
249
249
249
249
249
249
251
250
230
160
152
150
217
247
254
246
191
147
141
56
68
92
250
252
249
249
249
249
249
249
250
252
252
252
251
250
249
249
249
249
249
249
249
249
249
249
249
249
249
249
249
249
249
249
249
249
249
249
249
249
251
251
242
186
148
159
167
164
156
151
151
153
152
149
148
181
244
253
252
249
249
249
249
252
244
218
89
225
252
253
252
238
176
147
148
197
247
252
250
249
249
249
251
252
246
191
149
153
186
249
252
244
218
89
225
253
252
210
158
145
168
235
252
249
249
249
249
249
249
249
249
249
249
249
249
249
253
249
191
149
149
192
246
253
249
249
249
249
249
249
249
249
249
249
249
249
252
253
180
160
150
153
174
240
254
250
198
152
70
64
68
226
244
252
249
249
249
249
249
249
249
249
249
249
249
249
249
249
249
249
249
249
249
249
249
249
249
249
249
249
249
249
249
249
249
249
249
249
249
249
251
251
200
151
148
173
238
243
189
166
158
158
157
167
172
211
251
252
250
249
249
249
249
251
253
244
250
244
253
253
226
170
156
153
160
208
252
252
249
249
249
249
252
251
215
162
149
157
196
249
252
253
244
250
245
254
241
176
155
148
160
232
253
250
249
249
249
249
249
249
249
249
249
249
249
250
252
243
187
147
150
189
246
253
249
249
249
249
249
249
249
249
249
249
250
251
252
249
230
154
154
158
167
236
254
248
196
148
134
85
230
252
253
251
249
249
249
249
249
249
249
249
249
249
249
249
249
249
249
249
249
249
249
249
249
249
249
249
249
249
249
249
249
249
249
249
249
249
249
249
252
249
201
150
145
182
252
254
247
242
221
167
205
240
242
245
249
251
249
249
249
249
249
249
251
252
252
252
253
252
203
149
145
148
185
242
252
250
249
249
249
250
252
234
177
152
145
165
238
252
251
251
252
252
252
253
235
170
151
149
162
231
252
250
249
249
249
249
249
249
249
249
249
249
249
251
253
210
160
150
158
199
252
252
252
252
252
251
249
249
249
249
249
249
250
250
247
241
175
155
152
198
242
247
253
248
193
154
147
195
246
254
251
249
249
249
249
249
249
249
249
249
249
249
249
249
249
249
249
249
249
249
249
249
249
249
249
249
249
249
249
249
249
249
249
249
249
249
249
249
252
251
204
152
146
177
246
254
253
253
249
246
246
252
253
252
251
250
249
249
249
249
249
249
249
249
249
250
253
248
201
148
154
166
207
251
252
250
249
249
249
252
252
228
168
147
151
170
247
252
250
249
249
249
249
253
234
166
150
149
161
233
252
250
249
249
249
249
249
249
249
249
249
249
249
252
251
205
153
145
176
240
253
253
244
250
244
253
251
249
249
249
249
250
252
253
212
159
153
150
161
217
254
252
253
247
191
149
151
196
252
253
250
249
249
249
249
249
249
249
249
249
249
249
249
249
249
249
249
249
249
249
249
249
249
249
249
249
249
249
249
249
249
249
249
249
249
249
249
249
252
253
214
162
152
161
202
240
244
247
252
252
252
251
249
249
249
249
249
249
249
249
249
249
249
249
249
252
252
226
162
151
157
225
245
251
251
249
249
249
249
252
252
223
158
153
164
236
249
252
249
249
249
249
250
253
235
168
148
154
177
241
252
249
249
249
249
249
249
249
249
249
249
249
250
253
253
212
157
145
178
246
254
252
225
89
218
244
252
249
249
249
249
252
248
242
192
151
148
150
188
245
252
250
252
251
194
154
146
183
242
253
251
249
249
249
249
249
249
249
249
249
249
249
249
249
249
249
249
249
249
249
249
249
249
249
249
249
249
249
249
249
249
249
249
249
249
249
249
250
252
253
244
187
148
155
160
163
167
233
252
252
250
249
249
249
249
249
249
249
249
249
249
249
249
249
249
252
241
184
153
148
165
205
253
252
250
249
249
249
250
252
246
188
153
154
223
252
252
250
249
249
249
249
251
251
232
163
147
157
223
252
252
249
249
249
249
249
249
249
249
249
249
249
252
253
240
197
149
156
179
252
249
225
61
65
89
250
252
249
249
249
250
253
235
173
160
158
149
148
190
247
253
249
251
252
239
172
145
154
203
252
251
249
249
249
249
249
249
249
249
249
249
249
249
249
249
249
249
249
249
249
249
249
249
249
249
249
249
249
249
249
249
249
249
249
249
249
250
252
250
248
205
162
155
153
152
146
152
186
246
253
253
252
252
250
249
249
249
249
249
249
249
249
249
249
249
253
233
163
150
148
162
231
252
250
249
249
249
249
251
250
230
161
147
161
227
253
252
249
249
249
249
249
252
252
194
164
145
170
230
253
252
249
249
249
249
249
249
249
249
249
249
252
253
241
158
78
135
156
234
253
252
89
65
61
225
244
252
249
249
250
252
253
231
163
147
153
154
157
198
249
252
249
250
252
251
185
149
150
203
251
252
249
249
249
249
249
249
249
249
249
251
252
252
252
251
249
249
249
249
249
249
249
249
249
249
249
249
249
249
249
249
249
249
249
249
249
252
250
235
172
159
153
149
159
159
160
153
158
184
240
238
244
247
252
250
249
249
249
249
249
249
249
249
249
250
253
232
165
146
153
172
242
253
250
249
249
249
249
252
246
173
155
146
161
224
252
252
249
249
249
249
249
251
251
231
160
144
160
225
253
252
249
249
249
249
249
249
249
249
249
249
252
248
213
62
55
74
171
247
253
245
218
89
225
252
253
251
249
251
252
252
251
223
160
149
157
170
235
246
248
251
249
249
252
252
236
161
146
199
246
253
250
249
249
249
249
249
249
249
251
253
244
250
244
253
251
249
249
249
249
249
249
249
249
249
249
249
249
249
249
249
249
249
249
249
250
253
247
180
153
149
156
158
178
208
158
150
153
159
164
165
165
235
252
252
250
249
249
249
249
249
249
249
249
250
253
233
163
148
160
227
250
252
249
249
249
249
250
252
243
182
149
151
170
231
253
250
249
249
249
249
249
251
253
238
167
143
160
224
253
251
249
249
249
249
249
249
249
249
249
249
253
247
92
64
55
143
219
252
252
253
244
250
244
253
251
249
251
252
250
243
189
161
156
152
171
237
252
253
252
250
249
249
250
253
241
173
146
159
219
253
252
249
249
249
249
249
249
251
253
252
225
89
218
244
252
249
249
249
249
249
249
249
249
249
249
249
249
249
249
249
249
249
249
249
251
252
236
166
148
154
162
225
251
222
167
150
150
150
150
147
151
171
244
252
252
250
249
249
249
249
249
249
249
250
253
233
162
147
210
250
253
250
249
249
249
250
252
252
242
179
149
151
208
249
252
249
249
249
249
249
249
252
251
230
158
149
184
241
253
251
249
249
249
249
249
249
249
249
249
250
253
239
165
69
140
171
240
253
251
251
252
252
252
251
249
250
252
249
223
167
156
149
149
158
221
252
252
250
249
249
249
249
249
253
239
173
145
151
211
249
252
250
249
249
249
249
249
252
244
225
61
65
89
250
252
249
249
249
249
249
249
249
249
249
249
249
249
249
249
249
249
249
249
249
252
250
188
154
149
155
215
253
253
251
218
172
161
158
154
155
153
154
183
249
252
252
250
249
249
249
249
249
249
250
253
233
160
151
215
253
252
249
249
249
249
251
251
246
191
160
149
156
212
253
253
249
249
249
249
249
249
252
245
172
151
149
198
239
246
252
249
249
249
249
249
249
249
249
249
251
252
243
168
148
149
215
249
252
249
249
249
249
249
249
250
252
252
225
160
152
151
151
154
203
250
252
250
249
249
249
249
249
249
252
236
167
145
156
165
232
251
252
249
249
249
249
249
252
250
89
65
61
225
244
252
249
249
249
249
249
249
249
249
249
249
249
249
249
249
249
249
249
249
249
253
245
180
146
148
181
235
253
252
251
248
245
232
168
156
154
154
153
155
193
244
248
252
249
249
249
249
249
249
250
252
231
154
144
209
252
252
249
249
249
249
251
251
200
157
153
148
153
207
252
252
249
249
249
249
249
249
252
246
179
153
153
163
166
242
252
249
249
249
249
249
249
249
249
250
252
252
197
160
152
165
222
253
252
249
250
252
252
252
252
252
252
241
178
153
151
153
156
189
247
252
252
249
249
249
249
249
249
249
252
242
168
152
150
155
178
245
253
250
249
249
249
249
252
244
218
89
225
252
253
251
249
249
249
249
249
249
249
249
249
249
249
249
249
249
249
249
249
249
249
252
246
185
147
150
198
248
252
250
251
252
253
252
232
170
156
153
154
155
158
175
237
253
252
249
249
249
249
249
250
253
237
169
157
214
252
251
249
249
249
249
252
247
202
153
148
152
157
214
252
251
249
249
249
249
249
250
253
249
230
157
149
154
217
247
252
249
249
251
252
252
252
251
249
251
252
241
176
147
150
197
245
252
252
252
253
252
245
239
247
250
246
191
159
154
155
161
185
251
253
253
253
253
252
251
250
249
249
249
252
249
232
163
155
148
165
237
252
251
249
249
249
249
251
253
244
250
244
253
251
249
249
249
249
249
249
249
249
249
249
249
249
249
249
249
249
249
249
249
249
252
247
191
154
160
212
255
255
254
254
254
254
255
254
241
186
172
165
164
160
154
225
252
255
254
254
254
254
254
254
255
253
253
252
254
255
254
254
254
254
254
254
255
229
178
167
160
204
253
255
254
254
254
254
254
254
254
254
253
185
165
158
176
240
255
254
254
254
255
250
252
250
255
254
254
255
211
166
157
166
217
255
255
253
251
247
245
192
188
233
254
193
165
163
163
163
179
241
253
253
250
243
248
253
254
254
254
254
254
254
255
254
228
166
157
169
214
254
255
254
254
253
252
251
251
252
252
252
251
249
249
249
249
249
249
249
249
249
249
249
249
249
249
249
249
249
249
249
249
249
253
245
180
136
130
176
217
217
213
213
213
213
214
215
213
204
151
134
139
144
136
88
208
220
213
213
213
213
213
213
214
216
217
218
217
214
213
213
213
213
213
214
212
209
200
135
124
167
215
217
213
213
213
213
213
213
216
218
167
138
134
132
137
192
217
214
214
218
228
213
96
206
219
213
217
216
169
133
133
141
187
222
226
207
150
149
148
137
151
212
181
141
134
137
137
138
146
150
181
188
149
146
148
178
222
221
218
215
214
213
215
218
187
135
129
134
159
217
220
214
210
224
237
252
249
249
249
249
249
249
249
249
249
249
249
249
249
249
249
249
249
249
249
249
249
249
249
249
249
249
252
252
181
90
80
94
105
113
111
108
108
108
108
109
114
110
107
93
83
73
53
75
87
117
108
108
108
108
108
108
108
108
108
108
108
108
108
108
108
108
108
109
109
115
110
103
97
103
108
111
108
108
108
108
108
110
108
98
88
81
82
86
95
105
111
110
111
98
90
54
75
82
115
110
112
102
93
85
86
88
94
98
100
90
82
76
76
77
88
96
97
88
84
87
87
86
84
85
87
86
84
77
80
88
93
94
98
104
111
108
110
109
107
98
89
84
89
97
109
115
111
120
245
252
249
249
249
249
249
249
249
249
249
249
249
249
249
249
249
249
249
249
249
249
249
249
249
249
249
249
251
252
229
154
127
130
183
214
217
214
213
213
213
213
213
215
221
212
140
63
53
75
209
224
214
213
213
213
213
213
213
213
213
213
213
213
213
213
213
213
213
213
213
214
215
217
218
217
214
213
213
213
213
213
213
214
215
183
142
136
127
128
180
217
216
213
218
210
65
52
68
213
219
215
215
181
134
135
139
136
133
133
133
133
137
145
144
142
136
173
174
135
136
138
135
135
136
136
136
135
131
131
129
126
129
131
151
212
215
213
213
214
219
217
161
129
128
128
171
204
199
219
236
252
249
249
249
249
249
249
249
249
249
249
249
249
249
249
249
249
249
249
249
249
249
249
249
249
249
249
250
253
250
183
160
162
174
244
254
255
254
254
254
254
254
254
254
255
231
156
72
154
241
255
255
254
254
254
254
254
254
254
254
254
254
254
254
254
254
254
254
254
254
254
254
254
254
254
254
254
254
254
254
254
254
254
254
253
248
185
170
173
226
255
254
254
255
253
228
94
228
253
255
255
255
223
167
160
165
164
163
161
159
154
155
205
242
196
246
253
201
156
153
160
168
170
166
156
159
167
172
175
177
174
174
227
253
253
254
254
254
254
255
254
209
176
169
170
174
187
181
201
252
252
250
249
249
249
249
249
249
249
249
249
249
249
249
249
249
249
249
249
249
249
249
249
249
249
249
249
249
252
250
234
165
153
153
175
246
253
252
250
249
249
249
249
251
253
253
206
140
72
174
246
253
249
249
249
249
249
249
249
249
249
249
249
249
249
249
249
249
249
249
249
249
249
249
249
249
249
249
249
249
249
249
250
251
252
250
246
235
238
244
250
250
249
251
253
244
250
244
253
251
252
251
208
151
146
149
152
153
160
161
162
167
216
251
252
252
252
202
164
164
165
202
239
185
164
164
203
240
240
239
237
242
249
252
252
250
249
249
249
251
249
245
242
217
156
150
152
149
164
212
251
251
249
249
249
249
249
249
249
249
249
249
249
249
249
249
249
249
249
249
249
249
249
249
249
249
249
249
250
252
252
217
154
146
162
228
250
249
252
250
249
249
249
249
253
247
194
63
56
89
241
253
249
249
249
249
249
249
249
249
249
249
249
249
249
249
249
249
249
249
249
249
249
249
249
249
249
249
249
249
249
249
249
249
250
252
253
254
253
252
251
249
249
249
251
252
252
252
251
249
251
252
211
160
158
166
167
199
197
223
239
240
245
251
252
252
249
244
238
236
241
249
250
248
237
240
248
253
253
253
253
253
252
251
249
249
249
249
249
250
251
252
253
234
166
155
149
152
156
202
252
251
249
249
249
249
249
249
249
249
249
249
249
249
249
249
249
249
249
249
249
249
249
249
249
249
249
249
249
252
254
232
165
151
158
160
195
248
252
252
250
249
249
249
253
249
95
64
54
164
240
253
249
249
249
249
249
249
249
249
249
249
249
249
249
249
249
249
249
249
249
249
249
249
249
249
249
249
249
249
249
249
249
249
251
253
244
250
244
253
251
249
249
249
249
249
249
249
249
249
250
252
244
198
216
240
242
243
249
252
253
253
252
251
250
250
251
252
253
253
253
252
252
252
253
253
252
251
250
249
249
249
249
249
249
249
249
249
249
249
249
249
252
250
222
163
147
67
161
235
253
251
249
249
249
249
249
249
249
249
249
249
249
249
249
249
249
249
249
249
249
249
249
249
249
249
249
249
251
253
247
248
198
161
149
148
153
198
247
251
253
252
250
249
253
243
190
74
134
177
246
253
249
249
249
249
249
249
249
249
249
249
249
249
249
249
249
249
249
249
249
249
249
249
249
249
249
249
249
249
249
249
249
251
253
252
225
89
218
244
252
249
249
249
249
249
249
249
249
249
249
252
250
249
250
253
253
252
252
252
250
249
249
249
249
249
249
249
249
249
249
249
249
249
249
249
249
249
249
249
249
249
249
249
249
249
249
249
249
249
249
249
251
253
241
217
60
66
97
250
253
250
249
249
249
249
249
249
249
249
249
249
249
249
249
249
249
249
249
249
249
249
249
249
249
249
249
251
253
252
227
93
214
192
161
153
149
156
171
230
249
251
252
252
253
245
186
153
151
184
249
252
249
249
249
249
249
249
249
249
249
249
249
249
249
249
249
249
249
249
249
249
249
249
249
249
249
249
249
249
249
249
249
252
244
225
61
65
89
250
252
249
249
249
249
249
249
249
249
249
249
250
251
252
251
250
249
249
249
249
249
249
249
249
249
249
249
249
249
249
249
249
249
249
249
249
249
249
249
249
249
249
249
249
249
249
249
249
249
251
252
252
252
253
253
103
65
65
223
252
252
249
249
249
249
249
249
249
249
249
249
249
249
249
249
249
249
249
249
249
249
249
249
249
249
249
249
252
244
225
61
67
90
249
240
172
156
151
153
161
186
241
250
253
253
225
164
149
164
234
252
252
249
249
249
249
249
249
249
249
249
249
249
249
249
249
249
249
249
249
249
249
249
249
249
249
249
249
249
249
249
249
249
252
250
89
65
61
225
244
252
249
249
249
249
249
249
249
249
249
249
249
249
249
249
249
249
249
249
249
249
249
249
249
249
249
249
249
249
249
249
249
249
249
249
249
249
249
249
249
249
249
249
249
249
249
249
249
251
253
244
250
244
254
253
222
65
65
222
252
252
249
249
249
249
249
249
249
249
249
249
249
249
249
249
249
249
249
249
249
249
249
249
249
249
249
249
252
250
89
65
61
227
250
252
249
214
159
152
151
157
157
207
244
235
177
157
146
169
238
253
250
249
249
249
249
249
249
249
249
249
249
249
249
249
249
249
249
249
249
249
249
249
249
249
249
249
249
249
249
249
249
249
252
244
218
89
225
252
253
251
249
249
249
249
249
249
249
249
249
249
249
249
249
249
249
249
249
249
249
249
249
249
249
249
249
249
249
249
249
249
249
249
249
249
249
249
249
249
249
249
249
249
249
249
249
249
251
253
252
225
89
218
249
253
220
61
59
98
251
252
249
249
249
249
249
249
249
249
249
249
249
249
249
249
249
249
249
249
249
249
249
249
249
249
249
249
252
243
214
84
221
251
253
252
253
247
200
153
156
153
155
158
170
169
159
156
152
169
237
253
249
249
249
249
249
249
249
249
249
249
249
249
249
249
249
249
249
249
249
249
249
249
249
249
249
249
249
249
249
249
249
249
251
253
244
250
244
253
251
249
249
249
249
249
249
249
249
249
249
249
249
249
249
249
249
249
249
249
249
249
249
249
249
249
249
249
249
249
249
249
249
249
249
249
249
249
249
249
249
249
249
249
249
249
249
249
251
251
238
80
70
87
246
248
94
68
66
219
243
252
249
249
249
249
249
249
249
249
249
249
249
249
249
249
249
249
249
249
249
249
249
249
249
249
249
249
249
249
249
249
249
249
249
249
249
252
194
149
159
159
158
157
158
159
157
157
157
161
246
249
249
249
249
249
249
249
249
249
249
249
249
249
249
249
249
249
249
249
249
249
249
249
249
249
249
249
249
249
249
249
249
249
249
249
249
249
249
249
249
249
249
249
249
249
249
249
249
249
249
249
249
249
249
249
249
249
249
249
249
249
249
249
249
249
249
249
249
249
249
249
249
249
249
249
249
249
249
249
249
249
249
249
249
249
249
249
249
249
66
66
66
249
249
249
249
66
249
249
249
249
249
249
249
249
249
249
249
249
249
249
249
249
249
249
249
249
249
249
249
249
