78
251
251
251
251
251
251
251
251
251
251
251
251
251
251
251
251
251
251
251
251
251
251
251
251
251
251
251
251
251
251
251
251
251
251
251
251
251
251
251
251
251
251
251
251
251
251
251
251
251
251
251
251
251
251
251
251
251
251
251
251
78
251
251
251
251
251
251
251
251
251
251
251
251
251
251
251
251
251
251
251
251
251
251
251
251
78
251
251
251
251
251
251
251
251
251
251
251
251
251
251
251
251
251
251
251
251
251
251
251
251
251
251
251
251
251
251
251
251
251
251
251
251
251
251
251
251
251
251
251
251
251
251
78
78
78
251
251
251
251
251
251
251
251
251
251
251
251
251
251
78
111
244
253
251
252
253
254
252
247
237
247
252
254
254
249
242
243
252
254
253
253
253
252
251
251
251
251
251
251
251
251
251
251
251
251
251
251
251
251
251
251
251
251
251
251
251
251
251
251
251
251
251
251
251
251
251
253
244
222
75
75
102
244
253
251
251
251
251
251
251
251
251
251
251
251
251
251
251
251
251
251
253
244
222
75
75
102
244
253
251
251
251
251
251
251
251
251
251
251
251
251
251
251
251
251
251
251
251
251
251
251
251
251
251
251
251
251
251
251
251
251
251
251
251
251
251
251
251
251
253
244
99
82
91
240
252
253
251
251
251
251
251
251
251
251
251
251
251
251
78
233
246
253
251
253
248
247
233
167
161
164
236
240
252
241
164
160
235
253
246
253
247
253
251
251
251
251
251
251
251
251
251
251
251
251
251
251
251
251
251
251
251
251
251
253
253
253
253
253
251
251
251
251
251
251
251
253
251
100
77
73
228
246
253
251
251
251
251
251
251
251
251
251
251
251
251
251
251
251
251
251
253
251
100
77
73
228
246
253
251
251
251
251
251
251
251
251
251
251
251
251
251
251
251
251
251
251
251
251
251
251
251
251
251
251
251
251
251
251
251
251
251
251
251
251
251
251
251
251
253
246
222
100
228
253
254
253
251
251
251
251
251
251
251
251
251
251
251
251
251
252
254
253
252
254
247
179
148
147
135
147
153
158
163
224
152
141
153
167
226
172
244
254
251
251
251
251
251
251
251
251
251
251
251
251
251
251
251
251
251
251
251
251
253
254
246
251
246
254
253
251
251
251
251
251
251
253
246
222
100
228
253
254
253
251
251
251
251
251
251
251
251
251
251
251
251
251
251
251
251
251
253
246
222
100
228
253
254
253
251
251
251
251
251
251
251
251
251
251
251
251
251
251
251
251
251
251
251
251
251
251
251
251
251
251
251
251
251
251
251
251
251
251
251
251
251
251
251
251
253
254
246
251
246
254
253
251
251
251
251
251
251
251
251
251
251
251
251
251
251
253
253
251
253
253
233
147
137
145
146
144
142
137
149
149
154
145
141
140
77
151
232
254
251
251
251
251
251
251
251
251
251
251
251
251
251
251
251
251
251
251
251
253
254
253
229
103
228
252
254
253
252
251
251
251
251
253
254
246
251
246
254
253
251
251
251
251
251
251
251
251
251
251
251
251
251
251
251
251
251
251
253
254
249
253
252
254
253
252
251
251
251
251
251
251
251
251
251
251
251
251
251
251
251
251
251
251
251
251
251
251
251
251
251
251
251
251
251
251
251
251
251
251
251
251
251
251
251
251
251
253
253
253
253
253
251
251
251
251
251
251
251
251
251
251
251
251
251
251
251
251
251
251
254
246
167
145
144
143
141
139
144
144
145
147
147
145
138
74
64
94
237
254
251
251
251
251
251
251
251
251
251
251
251
251
251
251
251
251
251
251
251
253
248
232
80
77
94
234
248
247
253
251
251
251
251
251
253
253
253
253
253
251
251
251
251
251
251
251
251
251
251
251
251
251
251
251
251
251
251
252
253
254
253
251
240
248
252
254
254
254
254
253
252
251
251
251
251
251
251
251
251
251
251
251
251
252
253
254
254
254
254
254
254
254
254
254
253
252
251
251
251
251
251
251
251
251
251
251
251
251
251
251
251
251
251
251
251
251
251
251
251
251
251
251
251
251
251
251
251
251
251
251
254
239
158
133
149
158
160
163
155
147
142
146
150
147
84
71
69
156
244
254
251
251
251
251
251
251
251
251
251
251
251
251
251
251
251
251
251
251
251
254
246
100
71
67
140
150
166
245
254
252
251
251
251
251
251
251
251
251
251
251
251
251
251
251
251
251
251
251
251
251
251
251
251
251
251
251
252
253
254
252
239
170
154
162
236
242
239
237
247
252
254
254
253
252
251
251
251
251
251
251
251
251
252
253
249
246
237
239
239
239
239
239
237
247
252
254
254
254
253
252
251
251
251
251
251
251
251
251
251
251
251
251
251
251
251
251
251
251
251
251
251
251
251
251
251
251
251
251
251
252
254
241
159
140
160
238
244
243
237
160
148
146
147
142
143
92
155
241
253
253
251
251
251
251
251
251
251
251
251
251
251
251
251
251
251
251
252
253
254
254
241
148
77
137
148
141
150
232
251
253
251
251
251
251
251
251
251
251
252
253
253
253
253
252
251
251
251
251
253
253
253
253
253
251
251
252
253
252
245
201
154
147
137
147
153
161
160
157
164
235
241
243
248
253
251
253
253
253
253
253
251
252
253
253
243
164
158
161
159
161
159
160
157
165
236
242
237
246
250
254
253
251
251
251
251
251
251
251
251
251
251
251
251
251
251
251
251
251
251
251
251
251
251
251
251
251
251
251
251
253
254
239
153
147
239
254
254
254
253
246
203
157
152
144
155
230
250
252
254
252
251
251
251
251
251
251
251
251
251
251
251
251
251
251
251
252
253
250
246
244
234
154
142
146
153
147
147
166
247
254
251
251
251
251
251
251
251
251
253
247
242
242
250
253
252
251
251
253
254
246
251
246
254
253
251
253
250
240
157
149
145
144
146
146
143
141
140
139
146
153
160
175
248
254
253
254
246
251
246
254
253
253
251
245
157
143
136
143
139
136
135
134
134
145
153
162
157
162
239
251
253
253
251
251
251
251
251
251
251
251
251
251
251
251
251
251
251
251
251
251
251
251
251
251
251
251
251
251
251
253
250
201
141
157
242
254
252
252
253
254
253
232
151
133
166
249
254
253
252
251
251
251
251
251
251
251
251
251
251
251
251
251
251
251
252
253
252
241
162
160
157
153
148
151
148
147
139
159
240
254
252
251
251
251
251
251
251
252
254
247
168
160
241
251
253
251
253
254
253
228
100
222
246
253
252
254
247
162
142
142
146
146
145
140
142
142
146
144
145
142
136
153
236
253
254
253
228
100
222
246
253
254
251
168
137
82
132
139
144
152
165
160
155
144
143
140
136
143
151
224
250
253
253
251
251
251
251
251
251
251
251
251
251
251
251
251
251
251
251
251
251
251
251
251
251
251
251
251
251
254
242
160
134
158
239
254
251
251
252
253
254
251
167
142
151
238
253
253
252
251
251
251
251
251
251
251
251
251
251
251
251
251
251
251
253
252
241
154
142
137
138
142
144
145
144
145
142
153
236
252
253
251
251
251
251
252
253
254
254
237
146
140
176
249
254
251
253
246
228
73
77
100
251
253
253
253
235
149
140
147
146
143
148
151
162
179
159
153
146
148
146
149
160
245
246
231
73
77
100
251
254
252
232
143
67
71
88
153
163
204
251
235
163
140
146
144
144
143
145
153
221
249
253
251
251
251
251
251
251
251
251
251
251
251
251
251
251
251
251
251
251
251
251
251
251
251
251
251
251
254
238
159
129
160
239
254
251
251
251
251
253
252
236
151
143
157
241
249
253
251
251
251
251
251
251
251
251
251
251
251
252
252
252
253
254
247
164
145
140
152
153
149
147
157
159
151
142
147
163
247
254
251
251
251
252
253
250
249
237
159
146
135
177
239
254
251
253
251
100
77
73
228
247
254
254
249
167
148
146
143
149
155
171
235
245
245
236
164
141
140
144
142
144
169
248
108
78
73
228
247
254
251
165
86
72
76
148
235
247
254
254
235
91
125
157
163
153
144
143
143
164
246
254
252
251
251
251
251
251
251
251
251
251
251
251
251
251
251
251
251
251
251
251
251
251
251
251
251
251
254
239
162
132
161
239
254
251
251
251
251
252
254
242
161
136
143
156
246
254
251
251
251
251
251
251
251
251
251
251
251
253
251
253
254
254
220
151
139
139
155
227
183
157
222
233
155
140
137
160
240
254
252
251
251
253
250
240
162
152
149
139
146
160
248
254
251
253
246
222
100
228
253
254
246
252
233
162
139
145
149
163
237
250
252
254
254
252
209
161
153
149
144
141
155
229
223
103
228
253
254
253
235
149
128
80
145
240
254
254
250
231
78
74
93
241
240
158
145
146
141
161
237
252
253
251
251
251
251
251
251
251
251
251
251
251
251
251
251
251
251
251
251
251
251
251
251
251
251
251
254
240
161
130
160
239
254
251
251
251
251
251
254
238
158
137
137
158
236
254
251
251
251
251
251
251
251
251
251
252
253
254
249
213
238
238
162
146
143
148
172
247
251
243
253
251
176
147
138
151
236
252
253
251
252
254
249
164
141
141
143
141
157
235
250
253
251
253
254
246
251
246
254
254
243
180
222
159
143
139
153
237
253
254
253
252
253
252
247
243
237
160
151
143
150
181
243
253
246
254
254
246
167
151
144
143
162
248
254
254
251
100
78
76
234
253
253
198
149
143
145
153
181
246
253
251
251
251
251
251
251
251
251
251
251
251
251
251
251
251
251
251
251
251
251
251
251
251
251
251
254
240
161
132
161
242
254
252
251
251
251
251
254
239
160
138
139
157
239
254
251
251
251
251
251
251
251
251
251
253
248
248
230
163
157
153
147
135
146
175
245
252
254
254
254
252
244
164
148
144
163
247
254
252
253
253
236
149
137
138
148
158
199
250
254
252
251
251
253
253
253
253
253
253
231
159
143
153
141
147
169
248
254
252
251
251
252
253
253
254
254
239
155
142
141
158
243
254
253
253
254
238
160
139
147
144
159
239
254
254
247
222
100
228
253
254
253
249
172
152
145
142
153
240
254
251
251
251
251
251
251
251
251
251
251
251
251
251
251
251
251
253
253
253
253
253
251
251
251
251
254
239
158
133
153
237
253
253
252
251
251
251
254
241
163
141
139
158
239
254
251
251
251
251
251
251
251
251
252
254
247
181
149
149
140
139
149
152
169
243
253
253
252
251
252
253
253
238
156
131
157
238
254
253
252
244
156
146
149
152
161
235
250
250
253
251
251
251
251
251
251
251
253
254
207
155
138
144
150
168
244
251
253
251
251
251
251
251
251
252
254
244
162
140
144
155
218
251
253
251
254
236
156
137
146
144
148
161
241
251
254
246
251
246
254
253
254
251
235
150
143
138
170
237
254
251
251
251
251
251
251
251
251
251
251
251
251
251
251
251
253
254
246
251
246
254
251
251
251
251
254
246
168
144
146
158
244
252
253
252
251
251
254
241
164
140
135
156
236
254
251
251
251
251
251
251
251
251
253
251
232
150
138
145
145
139
154
227
250
249
253
252
251
251
251
252
254
242
161
131
162
245
254
254
247
163
143
136
153
227
250
250
254
253
252
251
251
251
251
251
251
252
253
252
234
150
143
143
159
239
253
253
252
251
251
251
251
251
251
251
254
238
164
138
146
146
166
245
254
251
254
246
159
147
146
146
141
152
179
253
254
253
253
253
253
253
253
246
162
152
143
147
171
249
253
253
253
253
253
253
251
251
251
251
251
251
251
251
251
253
254
253
228
100
222
246
251
251
253
253
254
253
236
153
137
145
154
243
253
253
253
253
254
245
165
138
145
157
246
254
251
251
251
251
251
251
251
251
253
247
161
148
144
149
145
147
167
251
254
253
252
251
251
251
251
251
254
237
158
131
155
228
253
245
203
148
138
148
174
252
254
253
252
251
251
251
251
251
251
251
251
253
251
244
160
150
144
141
164
241
254
252
251
251
251
251
251
251
251
251
254
239
153
138
148
140
163
242
254
252
253
251
232
151
140
148
144
147
232
250
254
253
252
252
253
254
251
175
146
143
142
152
235
253
253
254
246
251
246
254
253
251
251
251
251
251
251
251
251
253
246
228
73
77
100
251
251
251
244
251
247
254
244
162
141
142
147
168
248
254
254
249
251
229
156
137
154
238
253
253
251
251
251
251
251
251
251
251
253
246
182
143
143
149
142
153
235
252
253
251
251
251
251
251
251
251
254
247
164
142
150
151
175
238
175
142
137
151
233
252
253
251
251
251
251
251
251
251
251
251
252
254
250
169
145
143
144
148
172
250
254
254
254
254
253
252
251
251
251
251
254
238
153
140
149
143
153
236
253
253
252
254
249
164
146
144
146
151
164
243
252
254
254
254
252
252
230
154
142
146
139
160
241
254
254
253
228
100
222
246
253
251
251
251
251
251
251
251
251
253
251
100
77
73
228
246
251
251
222
100
222
253
240
159
139
148
144
150
190
238
253
242
174
158
153
140
156
238
253
253
251
251
251
251
251
251
251
251
253
252
245
159
149
145
141
163
245
254
253
251
251
251
251
251
251
251
253
252
235
152
140
136
146
218
164
139
146
160
249
254
252
251
251
251
251
251
251
251
251
251
253
251
233
150
140
147
144
157
244
253
250
237
236
242
246
253
251
251
251
251
254
241
173
140
150
145
146
165
245
253
251
253
250
245
166
153
144
143
147
159
204
251
250
252
235
173
155
152
144
143
144
166
246
254
246
228
73
77
100
251
253
251
251
251
251
251
251
251
251
253
246
222
100
228
253
254
251
251
75
77
100
253
248
161
144
147
147
148
151
155
169
224
156
137
145
141
150
175
251
253
251
251
251
251
251
251
251
251
252
253
253
239
154
143
142
153
234
253
253
251
251
251
251
251
251
251
252
254
240
159
140
141
143
140
154
139
151
235
252
253
251
251
251
251
251
251
251
251
251
251
254
246
163
146
145
148
143
167
238
244
167
162
153
165
249
254
254
254
254
254
255
246
166
140
151
144
145
165
245
253
252
253
254
253
238
148
146
147
145
149
149
164
230
176
154
149
141
144
142
146
156
242
250
254
251
100
77
73
228
246
253
251
251
251
251
251
251
251
251
253
254
246
251
246
254
253
251
78
75
73
228
250
252
203
153
144
145
146
143
139
148
150
154
143
142
141
154
220
248
253
251
251
251
251
251
251
251
251
251
253
254
240
158
141
145
147
167
247
254
251
251
251
251
251
251
251
251
254
247
167
147
142
147
153
154
137
159
242
254
252
251
251
251
251
251
251
251
251
251
251
254
237
158
137
147
148
147
154
160
155
147
138
134
148
228
244
239
239
240
242
246
222
94
131
146
143
151
237
253
254
254
252
250
239
163
151
146
150
151
149
133
89
134
147
143
145
147
143
147
159
243
252
253
253
246
222
100
228
253
254
253
251
251
251
251
251
251
251
251
251
253
253
253
253
253
251
251
251
102
228
253
254
254
241
166
153
153
152
139
140
142
138
136
146
153
164
221
251
253
252
251
251
251
251
251
251
251
251
251
252
254
206
156
140
147
138
162
239
254
251
251
251
251
251
251
251
251
253
253
236
154
142
153
218
152
147
175
248
254
251
251
251
251
251
251
251
252
253
253
253
254
239
159
139
148
148
147
144
144
144
146
148
145
152
157
163
160
160
161
158
154
84
81
84
148
143
163
248
254
253
248
245
168
153
148
143
148
149
146
139
76
76
83
145
148
145
140
145
156
244
253
253
252
253
254
246
251
246
254
253
251
251
251
251
251
251
251
251
251
251
251
251
251
251
251
251
251
251
244
246
254
253
254
246
159
145
220
164
163
152
156
153
157
165
235
247
250
253
253
251
251
251
251
251
251
251
251
251
251
252
254
236
158
140
147
137
157
237
254
251
251
251
251
251
251
251
251
252
254
242
165
141
154
120
145
155
241
253
253
251
251
251
251
251
251
251
253
245
247
246
254
242
164
139
145
142
143
146
148
148
148
148
149
147
144
140
139
139
142
140
79
72
74
138
147
143
163
238
246
171
231
162
145
140
142
143
142
141
139
80
72
75
139
146
149
152
154
172
242
252
253
252
251
251
253
253
253
253
253
251
251
251
251
251
251
251
251
251
251
251
251
251
251
251
251
251
251
251
253
253
253
253
254
243
152
81
139
237
248
232
169
232
240
246
251
254
253
252
251
251
251
251
251
251
251
251
251
251
251
252
254
240
159
136
144
147
166
249
254
251
251
251
251
251
251
251
251
251
254
240
159
143
140
106
101
152
241
253
253
251
251
251
251
251
251
252
253
242
184
245
254
237
154
140
152
159
159
150
142
143
140
140
139
140
139
139
140
140
141
139
129
79
132
143
149
141
168
236
168
150
147
151
142
142
150
153
163
162
160
139
89
136
149
152
144
156
231
251
251
253
252
251
251
251
251
251
251
251
251
251
251
251
251
251
251
251
251
251
251
251
251
251
251
251
251
251
251
251
251
251
251
253
249
223
79
60
100
247
255
253
253
252
254
254
253
252
251
251
251
251
251
251
251
251
251
251
251
251
251
251
254
246
159
145
142
148
234
250
254
252
251
251
251
251
251
251
251
251
254
238
164
142
143
107
103
142
171
249
254
252
251
251
251
251
252
253
254
233
164
234
248
167
146
141
159
239
235
147
140
153
160
160
160
160
160
159
162
163
164
158
155
155
160
155
143
130
160
221
157
137
145
144
141
147
166
236
225
240
245
236
175
148
146
148
141
167
248
254
253
253
251
251
251
251
251
251
251
251
251
251
251
251
251
251
251
251
251
251
251
251
251
251
251
251
251
251
251
251
251
251
251
253
253
107
83
65
147
230
247
249
253
254
254
254
254
254
254
253
252
251
251
251
251
251
251
251
251
251
251
251
253
253
238
155
141
150
163
244
250
253
251
251
251
251
251
251
251
251
254
247
164
151
140
107
107
135
155
233
252
253
251
251
251
252
253
252
246
178
150
169
233
163
138
144
156
248
248
163
160
236
243
240
239
239
239
239
239
241
241
237
207
239
246
236
157
143
159
149
154
144
143
148
153
176
244
253
254
254
254
254
250
164
148
145
143
158
234
253
253
253
252
251
251
251
251
251
251
251
251
251
251
251
251
251
251
251
251
251
251
251
251
251
251
251
251
251
251
251
251
251
251
253
249
220
90
129
154
163
164
168
236
242
240
239
240
237
247
252
254
254
254
253
252
251
251
251
251
251
251
251
253
253
239
157
142
144
146
156
246
253
251
251
251
251
251
251
251
251
253
252
235
156
137
108
108
142
152
165
249
254
252
251
252
253
253
244
162
148
136
168
227
170
140
146
146
169
241
247
243
253
254
254
254
254
254
254
254
254
254
254
254
254
254
254
254
230
153
139
146
144
149
160
238
249
252
253
253
252
252
253
253
244
164
155
140
151
152
191
241
249
253
251
251
251
251
251
251
251
251
251
251
251
251
251
251
251
251
251
251
251
251
251
251
251
251
251
251
251
251
251
251
253
254
240
163
138
150
142
139
148
157
165
161
160
164
156
162
236
242
237
245
250
253
252
251
251
251
251
251
251
254
247
165
148
145
148
138
172
238
254
251
251
251
251
251
251
251
251
252
254
246
168
137
105
105
141
140
155
236
253
253
253
253
250
243
164
146
138
133
167
227
171
142
146
134
149
237
254
253
253
252
251
251
251
251
251
251
251
252
252
252
253
254
249
254
237
168
139
149
142
156
239
254
254
253
252
251
251
251
252
253
254
242
161
134
83
129
152
185
253
253
251
251
251
251
251
251
251
251
251
251
253
253
254
254
253
253
251
251
251
251
251
251
251
251
251
251
251
251
251
251
252
254
243
162
141
149
147
147
146
144
142
138
139
141
138
146
152
162
156
161
240
252
253
251
253
253
254
254
254
255
251
168
144
151
153
142
161
242
254
253
251
251
251
251
251
251
251
251
253
250
203
151
109
107
111
143
154
169
247
254
254
254
246
167
144
142
150
153
165
227
160
142
146
147
164
247
254
251
251
251
251
251
251
251
251
251
251
251
251
253
254
253
228
106
215
156
149
145
141
164
243
254
252
251
251
251
251
251
251
252
254
238
154
67
76
82
145
231
246
253
251
251
253
253
254
254
254
254
254
254
254
251
233
231
243
253
251
251
251
251
251
251
251
251
251
251
251
251
251
251
253
253
235
152
142
149
148
147
148
148
146
145
148
148
147
144
143
142
137
141
177
252
254
253
253
240
228
213
216
222
210
138
124
141
145
135
94
230
254
254
254
254
254
254
254
254
254
254
254
255
250
167
159
107
107
142
147
148
166
239
239
210
226
154
137
150
181
242
241
162
149
145
145
147
232
248
254
251
251
251
251
251
251
251
251
251
251
251
251
253
246
228
73
80
101
236
158
141
141
170
243
254
252
251
253
253
254
254
254
254
255
254
115
85
81
143
153
181
254
255
254
254
254
250
233
215
216
216
216
216
220
230
103
123
240
254
253
251
251
251
251
251
251
251
251
251
251
251
251
252
254
249
168
148
143
145
144
140
139
134
147
144
150
141
144
146
143
143
140
139
153
228
248
247
254
244
125
113
118
122
118
106
94
91
136
77
73
86
217
223
216
216
216
216
216
216
216
216
217
224
210
149
136
115
111
149
156
150
157
160
163
166
157
159
146
167
252
255
253
169
146
154
152
155
183
254
255
254
254
254
254
254
254
254
254
254
254
254
254
255
254
115
91
89
252
250
175
149
149
161
245
254
254
254
254
251
238
225
228
227
226
215
192
67
123
133
129
139
213
224
217
216
218
222
113
116
118
118
118
120
125
117
195
78
210
249
253
251
251
251
251
251
251
251
251
251
251
251
251
253
253
233
150
140
145
151
158
164
160
153
155
230
169
151
145
144
161
165
155
146
147
148
165
244
254
240
228
213
216
217
225
215
138
132
82
81
65
93
104
125
118
118
118
118
118
118
118
118
118
121
116
106
133
97
97
130
136
133
132
129
126
126
126
126
121
141
211
230
213
140
128
134
132
125
135
210
223
216
216
216
216
216
216
216
216
216
216
216
216
220
211
186
65
193
226
219
141
126
130
132
138
218
220
216
220
230
111
105
86
100
110
130
116
110
94
97
90
96
106
117
121
118
116
113
222
218
216
216
216
220
210
210
70
88
105
252
253
251
251
251
251
251
251
251
251
251
251
251
251
254
247
162
145
143
146
164
235
243
240
237
247
245
251
234
155
157
236
247
239
159
146
130
159
235
254
253
254
254
254
254
255
252
176
144
138
89
128
143
212
224
216
216
216
216
216
216
216
216
216
217
226
219
98
82
88
88
93
94
94
94
94
91
99
103
108
111
116
127
110
102
89
94
94
89
103
110
124
118
118
118
118
118
118
118
118
118
118
118
118
120
127
114
119
114
131
115
103
90
91
87
101
113
128
121
121
108
195
55
54
80
213
223
223
226
170
137
129
125
137
209
223
218
218
238
252
254
254
254
254
255
254
110
82
75
228
246
253
251
251
251
251
251
251
251
251
251
251
251
251
254
237
156
136
144
153
206
254
254
254
254
254
254
254
252
243
242
252
254
254
239
156
134
163
243
254
252
251
251
251
251
254
242
169
145
145
149
141
169
251
255
254
254
254
254
254
254
254
254
254
254
255
245
159
124
142
132
139
130
130
129
128
122
137
214
229
222
219
224
212
139
127
135
135
128
147
214
223
216
216
216
216
216
216
216
216
216
216
216
216
216
218
220
222
220
220
220
180
135
129
130
135
202
215
215
225
234
96
90
83
240
254
254
254
255
249
165
150
147
169
251
255
255
254
254
251
254
253
251
251
253
246
222
100
228
253
254
253
251
251
251
251
251
251
251
251
251
251
251
251
254
239
159
140
143
159
239
254
253
251
251
251
251
252
253
254
254
253
253
254
244
164
135
152
236
252
253
251
251
251
251
254
239
168
139
147
149
142
162
239
254
251
251
251
251
251
251
251
251
251
251
254
240
161
136
164
242
174
164
164
168
164
153
173
253
255
254
254
255
251
169
146
153
155
148
177
254
255
254
254
254
254
254
254
254
254
254
254
254
254
254
254
255
255
255
255
255
254
180
157
152
163
165
183
254
255
254
228
102
228
253
254
253
253
253
237
154
144
140
160
240
254
253
228
100
222
246
253
251
251
253
254
246
251
246
254
253
251
251
251
251
251
251
251
251
251
251
251
251
251
254
239
160
141
141
160
240
254
252
251
251
251
251
251
251
251
251
251
251
254
241
162
137
146
164
246
254
251
251
251
251
254
247
166
147
146
149
141
165
244
254
252
251
251
251
251
251
251
251
251
251
254
245
156
136
168
242
231
87
212
229
176
230
246
247
253
251
251
254
239
162
139
149
148
142
160
232
252
249
253
252
251
251
251
252
253
254
254
254
254
254
252
249
237
236
243
251
254
240
153
142
144
144
148
157
246
254
251
252
248
254
254
254
254
252
161
147
146
138
159
243
253
228
73
77
100
251
253
251
251
251
253
253
253
253
253
251
251
251
251
251
251
251
251
251
251
251
251
251
251
254
239
161
141
138
156
239
254
251
251
251
251
251
251
251
251
251
251
251
254
240
168
138
136
157
237
254
251
251
251
251
252
249
234
153
142
149
143
155
235
253
253
251
251
251
251
251
251
251
251
251
253
250
241
152
158
216
88
85
111
251
254
250
254
253
252
251
251
254
239
160
141
148
148
146
154
171
172
244
254
254
253
253
254
254
252
247
238
242
238
225
234
174
161
148
169
246
255
246
147
78
135
145
144
148
158
247
254
254
253
253
247
249
245
229
152
139
147
138
159
244
254
100
77
73
228
246
253
251
251
251
251
251
251
251
251
251
253
253
253
253
253
251
251
251
251
251
251
251
251
254
239
161
139
138
153
238
254
251
251
251
251
251
251
251
251
251
252
253
254
245
166
138
147
177
248
254
251
251
251
251
252
254
242
162
140
147
146
149
173
248
254
251
251
251
251
251
251
251
251
251
252
253
254
233
168
83
85
73
229
248
254
253
252
251
251
251
251
254
239
160
139
148
149
146
149
141
144
193
243
242
252
247
248
240
236
162
168
167
158
163
152
148
139
133
157
241
253
221
74
73
87
149
139
137
145
164
238
246
233
176
230
177
163
158
152
146
146
138
153
240
253
222
100
228
253
254
253
251
251
251
251
251
251
251
251
253
254
246
251
246
254
253
251
251
251
251
251
251
251
254
239
161
139
140
161
238
254
251
251
251
251
251
251
251
251
251
253
249
251
231
157
136
154
236
253
253
251
251
251
251
251
254
236
155
130
141
141
135
163
239
254
251
251
251
251
251
251
251
251
251
251
252
254
234
166
200
108
228
253
254
253
251
251
251
251
251
251
254
239
161
141
147
149
148
149
146
146
150
165
177
180
232
167
161
151
152
142
140
140
140
142
144
146
138
158
243
254
102
80
83
225
165
160
151
142
140
149
161
158
156
146
150
140
143
146
142
151
149
179
246
254
246
251
246
254
253
251
251
251
251
251
251
251
251
253
254
253
228
100
222
246
253
251
251
251
251
251
251
251
254
240
159
139
142
162
245
254
254
253
253
252
252
253
254
254
254
254
251
191
155
150
135
159
240
254
252
251
251
251
251
251
254
244
167
154
161
168
150
168
238
254
253
251
251
251
251
251
251
251
251
251
251
254
240
183
232
253
246
254
253
251
251
251
251
251
251
251
254
240
164
139
148
149
149
149
149
146
143
145
143
152
147
150
138
144
146
147
147
148
147
147
143
139
140
165
249
252
222
100
231
251
252
241
235
162
157
146
140
132
139
141
145
145
146
142
146
160
237
247
249
253
253
253
253
253
251
251
251
251
251
251
251
251
251
253
246
228
73
77
100
251
253
251
251
251
251
251
251
251
254
240
159
139
142
157
231
246
240
247
251
253
253
246
243
235
239
245
231
156
139
141
143
166
245
254
251
251
251
251
251
251
253
247
244
238
248
242
213
92
217
249
253
251
251
251
251
251
251
251
251
251
251
253
244
249
247
254
253
253
251
251
251
251
251
251
251
251
254
237
159
138
149
148
149
149
149
149
149
147
146
145
146
145
144
143
143
144
146
143
140
147
154
163
166
239
251
254
246
251
247
254
254
254
252
247
240
236
163
159
154
147
138
138
148
140
156
234
254
254
253
252
251
251
251
251
251
251
251
251
251
251
251
251
251
253
251
100
77
73
228
246
253
251
251
251
251
251
251
251
254
240
158
139
147
151
157
167
163
174
243
253
254
249
166
156
163
163
157
152
143
150
159
243
251
253
251
251
251
251
251
253
253
254
254
254
253
237
81
83
103
252
253
251
251
251
251
251
251
251
251
251
251
252
253
253
253
252
251
251
251
251
251
251
251
251
251
251
254
248
164
150
145
148
148
150
150
148
148
148
148
146
142
138
145
156
155
144
145
154
160
165
236
240
246
251
253
253
253
253
253
253
251
252
253
254
254
252
247
240
235
165
158
159
164
226
172
243
254
252
251
251
251
251
251
251
251
251
251
251
251
251
251
251
251
253
246
222
100
228
253
254
253
251
251
251
251
251
251
251
254
239
159
140
149
144
143
140
140
148
164
238
247
228
157
137
139
139
141
143
137
148
234
253
253
252
251
251
251
251
253
254
246
251
246
254
252
100
77
73
228
246
253
251
251
251
251
251
251
251
251
251
251
251
251
251
251
251
251
251
251
251
251
251
251
251
251
251
253
244
228
140
144
148
148
148
148
148
147
145
140
147
154
159
165
239
239
161
161
235
240
246
253
254
254
253
252
251
251
251
251
251
251
251
251
251
252
253
254
254
252
247
238
237
248
243
252
245
253
251
251
251
251
251
251
251
251
251
251
251
251
251
251
251
251
253
254
246
251
246
254
253
251
251
251
251
251
251
251
251
254
238
159
139
148
148
148
148
149
143
151
156
165
158
154
148
147
145
141
149
149
169
246
254
252
251
251
251
251
253
254
253
228
102
225
253
252
223
100
228
253
254
253
251
251
251
251
251
251
251
251
251
253
253
253
253
253
251
251
251
251
251
251
251
251
251
251
251
253
253
163
146
133
139
139
139
139
139
137
145
150
167
236
240
247
253
253
245
245
252
254
254
253
252
251
251
251
251
251
251
251
251
251
251
251
251
251
251
251
252
253
254
254
254
254
253
253
253
252
251
251
251
251
251
251
251
251
251
251
251
251
251
251
251
251
251
253
253
253
253
253
251
251
251
251
251
251
251
251
251
254
246
166
146
143
147
148
148
147
144
140
135
133
133
136
139
137
145
151
173
233
246
246
253
251
251
251
251
251
253
246
228
75
85
95
252
254
253
252
246
254
253
251
251
251
251
251
251
251
251
251
253
254
246
251
246
254
253
251
251
251
251
251
251
251
251
251
251
253
248
234
149
158
160
161
161
160
161
158
164
233
250
252
254
254
253
253
253
253
253
252
251
251
251
251
251
251
251
251
251
251
251
251
251
251
251
251
251
251
251
251
251
251
251
251
251
251
251
251
251
251
251
251
251
251
251
251
251
251
251
251
251
251
251
251
251
251
251
251
251
251
251
251
251
251
251
251
251
251
251
253
251
243
158
146
138
138
139
137
147
153
161
160
159
160
160
157
162
234
249
253
254
253
252
251
251
251
251
251
253
251
102
85
77
205
95
227
249
254
253
253
253
253
253
253
253
251
251
251
251
253
254
253
228
100
222
246
253
251
251
251
251
251
251
251
251
251
251
252
253
249
245
237
241
239
239
239
239
237
247
251
254
253
252
251
251
251
251
251
251
251
251
251
251
251
251
251
251
251
251
251
251
251
251
251
251
251
251
251
251
251
251
251
251
251
251
251
251
251
251
251
251
251
251
251
251
251
251
251
251
251
251
251
251
251
251
251
251
251
251
251
251
251
251
251
251
251
251
251
251
252
253
253
243
167
159
160
161
158
164
236
242
239
239
239
239
238
247
251
254
253
252
251
251
251
251
251
251
251
253
246
225
95
205
77
85
102
251
253
251
253
254
246
251
246
254
253
251
251
251
253
246
228
73
77
100
251
253
251
251
251
251
251
251
251
251
251
251
251
252
253
253
253
254
254
254
254
254
254
254
253
252
251
251
251
251
251
251
251
251
251
251
251
251
251
251
251
251
251
251
251
251
251
251
251
251
251
251
251
251
251
251
251
251
251
251
251
251
251
251
251
251
251
251
251
251
251
251
251
251
251
251
251
251
251
251
251
251
251
251
251
251
251
251
251
251
251
251
251
251
251
252
253
251
246
238
240
240
238
247
252
254
254
254
254
254
254
254
253
252
251
251
251
251
251
251
251
251
251
253
254
249
245
97
83
77
222
244
253
251
253
252
233
118
233
252
253
251
251
251
253
244
102
75
75
222
244
253
251
251
251
251
251
251
251
251
251
251
251
251
251
251
251
251
251
251
251
251
251
251
251
251
251
251
251
251
251
251
251
251
251
251
251
251
251
251
251
251
251
251
251
251
251
251
251
251
251
251
251
251
251
251
251
251
251
251
251
251
251
251
251
251
251
251
251
251
251
251
251
251
251
251
251
251
251
251
251
251
251
251
251
251
251
251
251
251
251
251
251
251
251
251
251
251
251
251
251
251
251
251
251
251
251
251
251
251
251
251
251
251
251
251
251
251
251
251
251
251
251
251
251
251
251
251
78
251
251
251
251
251
251
251
78
78
78
251
251
251
251
251
251
251
251
78
251
251
251
251
251
251
251
251
251
251
251
251
251
251
251
251
251
251
251
251
251
251
251
251
251
251
251
251
251
251
251
251
251
251
251
251
251
251
251
251
251
251
251
251
251
251
251
251
251
251
251
251
251
251
251
251
251
251
251
251
251
251
251
251
251
251
251
251
251
251
251
251
251
251
251
251
251
251
251
251
251
251
251
251
251
251
251
251
251
251
251
251
251
