253
253
253
253
253
253
253
253
253
253
253
253
253
253
253
253
253
253
253
253
106
106
106
253
253
253
253
253
253
253
253
253
253
253
253
253
253
253
253
253
253
253
253
253
253
253
253
253
253
253
253
253
253
253
253
253
253
253
253
253
253
253
253
253
253
253
253
253
253
253
253
253
253
253
253
253
253
253
253
253
253
253
253
253
253
253
253
253
253
253
253
253
253
253
253
253
253
253
253
253
253
253
253
253
253
253
253
253
253
253
253
253
253
253
253
253
253
253
253
253
253
253
253
253
253
253
253
253
253
253
253
253
253
253
253
253
253
253
253
253
253
253
253
253
253
253
253
253
253
253
253
253
253
253
253
253
253
253
253
253
253
253
253
253
253
253
253
253
255
255
237
139
237
255
255
253
253
253
253
253
253
253
253
253
253
253
253
253
253
253
253
253
253
253
253
253
253
253
253
253
253
253
253
253
253
253
253
253
253
253
253
253
253
253
253
253
253
253
253
253
253
253
253
253
253
253
253
253
253
253
253
253
253
253
253
253
253
253
253
253
253
253
253
253
253
253
253
253
253
253
253
253
253
253
253
253
253
253
253
253
253
253
253
253
253
253
253
253
255
255
255
230
119
224
248
255
253
253
253
253
253
253
253
253
253
253
253
253
253
253
253
253
253
253
253
253
253
253
253
253
253
253
253
253
253
253
253
253
253
253
253
253
253
253
253
253
253
253
255
255
250
254
250
255
255
253
253
253
253
253
253
253
253
253
253
253
253
253
253
253
253
253
253
253
253
253
253
253
253
253
253
253
253
253
253
253
253
253
253
253
253
253
253
253
253
253
253
253
253
253
253
253
253
253
253
253
253
253
253
253
253
253
253
253
253
253
253
253
253
253
253
253
253
253
253
253
253
253
253
253
253
253
253
253
253
253
253
253
253
253
253
253
253
253
253
253
253
253
255
251
235
105
110
128
255
255
253
253
253
253
253
253
253
253
253
253
253
253
253
253
253
253
253
253
253
253
253
253
253
253
253
253
253
253
253
253
253
253
253
253
253
253
253
253
253
253
253
253
253
255
255
255
255
255
253
253
253
253
253
253
253
253
253
253
253
253
253
253
253
253
253
253
253
253
253
253
253
253
253
253
253
253
253
253
253
253
253
253
253
253
253
253
253
253
253
253
253
253
253
253
253
253
253
253
253
253
253
253
253
253
253
253
253
253
253
253
253
253
253
253
253
253
253
253
253
253
253
253
253
253
253
253
253
253
253
253
253
253
253
253
253
253
253
253
253
253
253
254
255
255
132
100
95
223
248
255
253
253
253
253
253
253
253
253
253
253
253
253
253
253
253
253
253
253
253
253
253
253
253
253
253
253
253
253
253
253
253
253
253
253
253
253
253
255
255
255
255
254
253
253
253
253
253
253
253
253
253
253
253
253
253
253
253
253
253
255
255
255
255
255
253
253
253
253
253
253
253
253
253
254
255
255
255
255
255
255
254
253
253
253
253
253
253
253
253
253
253
253
253
253
253
253
253
253
253
253
253
253
253
253
253
253
253
253
253
253
253
253
253
253
253
253
253
253
253
253
253
253
253
253
254
255
255
255
255
255
255
255
254
253
253
253
253
253
253
253
253
255
255
243
188
94
127
192
255
255
253
253
253
253
253
253
253
253
253
253
253
253
253
253
253
253
253
253
253
253
253
253
253
253
253
253
253
253
253
253
253
253
253
253
253
255
255
255
253
253
252
255
254
253
253
253
253
253
253
253
253
253
253
253
253
253
253
253
255
255
250
255
253
255
255
255
255
253
253
253
253
253
253
255
247
244
235
237
244
249
255
253
253
253
253
253
253
253
253
253
253
253
254
255
255
255
255
255
255
254
253
253
253
253
253
253
253
253
253
253
253
253
255
255
255
255
255
253
253
253
253
253
253
254
255
251
246
237
239
236
244
250
255
253
253
253
253
253
253
253
255
255
254
211
132
127
128
192
253
255
253
253
253
253
253
253
253
253
253
253
253
253
253
253
253
253
253
253
253
253
253
253
253
253
253
253
253
253
253
253
253
253
253
253
254
255
249
244
205
170
241
254
255
253
253
253
253
253
253
253
253
253
253
253
253
253
253
255
255
255
234
129
227
239
244
247
255
253
253
253
253
253
253
255
241
153
140
141
163
247
255
253
253
253
253
253
253
253
253
253
254
255
255
255
251
241
239
251
255
255
255
254
253
253
253
253
253
254
255
255
255
255
255
253
255
250
255
255
253
253
253
253
253
255
254
239
148
143
146
139
162
246
255
253
253
253
253
253
253
254
255
249
207
129
125
126
185
249
254
255
253
253
253
253
253
253
253
253
253
253
253
253
253
253
253
253
253
253
253
253
253
253
253
253
253
253
253
253
253
253
253
253
253
253
255
255
225
147
127
132
176
250
255
253
253
253
253
253
253
253
253
253
253
253
253
253
253
255
250
234
106
108
114
149
153
235
255
255
253
253
253
253
254
255
238
141
114
115
147
239
255
253
253
253
253
253
253
253
253
254
255
253
250
243
200
137
142
192
243
253
255
255
255
255
255
254
253
255
251
245
238
239
243
226
126
228
250
255
253
253
253
253
254
255
250
163
125
120
120
123
155
247
255
253
253
253
253
253
253
255
255
217
135
125
130
186
251
255
255
254
253
253
253
253
253
253
253
253
253
253
253
253
253
255
255
255
255
255
253
253
253
253
253
253
253
253
253
253
253
253
253
253
253
255
255
255
217
129
110
126
173
251
255
253
253
253
253
253
253
253
253
253
253
253
253
253
253
255
254
128
107
95
141
118
124
217
251
255
253
253
253
253
255
255
234
140
126
124
154
242
255
253
253
253
253
253
253
253
255
255
255
240
193
152
131
126
127
134
141
196
242
239
241
249
255
255
254
255
250
180
144
144
146
107
113
130
255
255
253
253
253
253
255
253
233
137
127
130
125
144
237
254
255
253
253
253
253
253
254
255
249
200
120
117
175
246
255
255
255
255
255
253
253
253
253
253
253
253
253
253
253
253
255
255
250
254
250
255
255
253
253
253
253
253
253
253
253
253
253
253
253
253
255
255
252
255
216
139
125
172
246
254
255
253
253
253
253
253
253
253
253
253
253
253
253
253
253
255
252
229
116
144
135
134
130
144
239
255
254
253
253
253
255
246
151
132
129
122
151
241
255
253
253
253
253
253
253
255
255
252
246
200
131
126
128
131
132
130
127
136
145
147
140
205
253
255
255
255
243
162
117
120
100
94
96
209
243
255
253
253
253
253
255
247
149
130
130
127
132
170
251
255
254
253
253
253
253
253
255
255
219
138
126
134
193
255
255
250
254
250
255
255
253
253
253
253
253
253
253
253
253
255
255
255
233
123
227
250
255
253
253
253
253
253
253
253
253
253
253
253
253
254
255
252
223
169
209
130
158
245
255
255
254
253
254
255
255
255
255
255
255
255
254
253
253
253
253
255
255
251
179
129
134
134
124
127
217
249
255
253
253
253
255
236
142
121
128
133
158
250
255
253
253
253
253
253
254
255
250
213
138
136
133
129
132
133
134
133
127
104
122
121
124
132
200
245
250
255
252
174
132
127
127
108
129
148
238
255
254
253
253
254
255
240
149
123
130
135
150
246
253
255
253
253
253
253
253
253
255
255
209
128
117
174
246
255
255
233
123
227
250
255
253
253
253
253
253
253
253
253
253
255
250
233
102
105
123
254
255
253
253
253
253
253
253
253
253
253
253
253
255
255
255
232
139
137
132
134
172
253
255
255
253
253
255
253
246
241
235
241
247
254
255
253
253
253
253
255
255
242
163
129
132
134
126
137
151
243
255
253
253
255
255
242
148
125
128
143
237
255
255
253
253
253
253
253
255
255
221
137
124
125
132
133
130
134
130
127
97
98
102
127
126
129
131
150
222
255
255
249
171
138
131
132
121
139
228
255
255
253
253
255
255
234
141
126
126
144
240
255
255
254
253
253
253
253
253
253
255
255
211
130
122
185
255
255
234
102
105
123
254
255
253
253
253
253
253
253
253
253
253
255
254
123
105
102
233
250
255
253
253
253
253
253
253
253
253
253
253
255
255
254
239
172
130
126
129
126
164
242
255
255
253
253
255
254
206
144
137
149
208
255
255
253
253
253
253
255
253
177
135
129
134
134
127
132
223
251
255
253
253
255
254
234
139
126
125
155
246
255
254
253
253
253
253
253
255
255
215
134
124
134
134
132
129
138
183
118
110
109
138
142
135
130
117
114
196
248
255
254
236
153
127
133
127
131
221
253
255
254
254
255
252
155
131
124
133
172
253
255
254
253
253
253
253
253
253
253
255
255
211
129
120
182
255
255
126
109
107
238
252
255
253
253
253
253
253
253
253
253
253
255
250
227
123
233
255
255
255
253
253
253
253
253
253
253
253
253
253
255
251
230
140
135
134
131
133
130
137
182
255
255
254
254
255
255
196
124
109
121
189
251
255
253
253
253
254
255
249
172
127
129
134
134
128
136
227
255
255
253
253
255
248
151
130
129
122
150
241
255
253
253
253
253
253
254
255
251
210
130
128
135
131
129
134
193
248
234
134
234
244
188
201
187
143
137
143
216
255
255
190
146
129
132
128
142
153
248
254
255
255
255
235
138
120
134
151
246
254
255
255
255
255
253
253
253
253
253
255
255
211
129
119
182
253
255
228
116
221
247
255
255
253
253
253
253
253
253
253
253
253
255
255
250
254
250
255
255
253
253
253
253
253
253
253
253
253
253
255
255
239
143
126
128
132
129
108
121
121
162
240
255
255
255
255
248
192
126
126
140
206
255
255
253
253
253
254
254
242
164
126
131
134
134
131
132
152
239
255
254
253
255
238
146
120
129
134
163
251
255
253
253
253
253
253
255
255
224
141
130
132
131
129
131
181
252
255
255
252
255
255
255
252
248
244
230
171
210
255
253
244
167
132
128
127
130
207
207
244
255
253
245
148
134
124
143
240
255
255
251
254
250
255
255
253
253
253
253
255
255
211
128
119
180
252
255
253
207
142
202
254
255
253
253
253
253
253
253
253
253
253
253
255
255
255
255
255
255
255
253
253
253
253
253
253
253
253
253
255
254
222
129
122
127
123
99
112
112
129
131
181
253
255
255
255
207
136
127
123
182
241
254
255
253
253
253
255
251
177
134
129
132
133
133
133
122
137
227
255
254
254
255
243
151
126
127
145
239
255
255
253
253
253
253
253
255
255
215
134
122
131
128
129
178
249
255
255
255
237
127
230
253
255
255
255
254
252
248
254
255
255
249
162
131
126
139
137
159
239
255
254
157
129
127
122
150
244
255
255
233
123
227
250
255
253
253
253
253
255
255
211
128
120
183
255
255
252
185
123
186
251
255
253
253
253
253
253
253
253
253
253
253
253
255
255
250
254
250
255
255
253
253
253
253
253
253
253
254
255
240
146
129
137
159
124
105
116
196
135
119
171
247
255
255
253
197
128
123
131
141
207
255
255
253
253
254
255
249
175
127
129
135
135
134
134
123
140
229
255
254
255
255
237
141
125
123
151
242
255
254
253
253
253
253
253
255
255
216
135
123
134
135
180
254
255
255
252
234
102
105
123
254
255
253
254
255
255
255
255
254
255
255
248
161
134
129
122
132
230
255
241
142
125
129
132
154
252
255
233
102
105
123
254
255
253
253
253
253
255
255
210
130
117
178
250
255
203
124
125
189
253
255
253
253
253
253
253
253
253
253
253
253
255
255
255
233
123
227
250
255
253
253
253
253
253
253
253
254
255
229
138
114
158
244
237
111
113
195
136
120
175
248
255
255
255
198
130
127
127
128
193
253
255
253
253
255
254
242
165
128
129
130
136
134
134
123
140
229
255
254
255
250
167
133
127
132
155
250
255
253
253
253
253
253
253
255
255
219
137
124
129
167
244
255
255
255
255
133
109
104
234
250
255
253
253
253
253
253
253
253
254
255
255
242
155
128
129
134
145
234
158
135
128
124
136
233
255
255
123
105
102
233
250
255
253
253
253
253
255
255
221
143
127
135
190
206
133
121
130
199
255
255
253
253
253
253
253
253
253
253
253
253
255
250
233
102
105
123
254
255
253
253
253
253
253
253
253
254
255
232
140
116
166
251
242
105
109
117
137
121
176
249
255
255
255
199
130
127
128
132
198
255
255
254
254
255
254
182
135
124
134
138
144
136
132
123
141
229
255
254
255
241
154
124
127
144
237
255
255
253
253
253
253
253
254
255
252
212
130
128
135
139
181
242
203
188
232
219
121
235
255
255
255
253
253
253
253
253
253
253
253
254
255
246
160
124
130
129
137
136
138
128
126
129
150
250
255
251
227
123
233
255
255
255
253
253
253
253
254
255
254
207
127
126
136
132
129
126
190
248
255
255
253
253
253
253
253
253
253
253
253
253
255
254
123
105
102
233
250
255
253
253
253
253
253
253
253
254
255
232
141
116
165
245
137
111
106
196
126
124
176
249
255
255
255
199
131
126
129
124
186
244
254
254
255
254
239
164
121
128
141
221
191
140
130
123
142
232
255
255
255
242
150
124
125
155
244
255
254
253
253
253
253
253
254
255
226
141
130
131
131
131
138
141
140
140
145
157
220
255
255
255
255
255
254
253
253
253
253
253
253
253
255
252
166
134
131
133
133
130
132
129
135
145
242
253
255
255
250
254
250
255
255
253
253
253
253
253
255
255
255
208
130
127
128
126
129
189
251
255
255
254
253
253
253
253
253
253
253
253
253
253
255
250
227
123
233
255
255
255
253
253
253
253
253
253
253
254
255
232
140
116
166
245
244
135
215
156
131
125
176
247
255
255
255
200
132
127
130
133
139
210
255
254
255
254
181
134
123
130
218
255
222
154
130
126
135
225
255
255
255
240
148
121
121
144
239
255
253
253
253
253
253
253
255
255
216
134
122
133
134
132
129
128
127
127
124
127
187
242
241
243
251
255
255
255
254
253
253
253
253
253
255
254
237
150
124
130
133
134
133
125
137
234
255
255
254
255
255
255
255
255
253
253
253
253
253
255
255
255
215
134
132
130
132
135
190
251
255
255
254
253
253
253
253
253
253
253
253
253
253
253
255
255
250
254
250
255
255
253
253
253
253
253
253
253
253
254
255
229
137
115
154
252
250
252
204
138
124
133
179
253
255
255
255
200
132
127
129
127
190
247
255
254
255
246
174
124
120
143
224
255
248
169
130
129
131
148
239
255
255
244
152
124
133
156
248
255
253
253
253
253
253
253
255
255
219
136
124
134
134
132
130
129
129
131
128
129
137
146
147
142
198
244
253
255
255
255
253
253
253
253
254
255
254
170
139
134
132
134
130
133
155
250
255
254
253
253
253
253
253
253
253
253
253
253
254
255
251
214
132
129
128
128
124
178
246
255
255
254
253
253
253
253
253
253
253
253
253
253
253
253
253
255
255
255
255
255
253
253
253
253
253
253
253
253
253
254
255
240
148
128
133
168
228
155
141
134
121
163
239
255
255
255
255
204
135
127
130
130
194
251
255
255
255
250
175
126
117
144
220
255
250
169
128
131
122
139
229
255
255
237
142
121
146
236
252
255
253
253
253
253
253
253
255
255
220
137
124
133
128
128
136
143
135
129
131
131
123
116
117
125
133
143
204
244
250
255
255
253
253
253
253
255
255
240
176
133
132
134
128
142
237
255
255
255
253
253
253
253
253
253
253
253
253
253
255
255
220
136
125
130
132
130
134
193
255
255
254
253
253
253
253
253
253
253
253
253
253
253
253
253
253
253
253
253
253
253
253
253
253
253
253
253
253
253
253
253
255
253
222
128
121
137
131
129
116
119
128
178
255
255
253
255
255
226
157
131
129
129
138
204
255
255
255
252
179
123
123
137
224
255
247
162
125
130
124
144
235
255
252
158
131
124
154
246
255
254
253
253
253
253
253
253
255
255
222
138
122
132
138
141
184
239
203
141
190
202
146
143
136
127
122
128
135
141
213
252
255
255
253
253
253
255
255
254
163
131
132
134
126
161
236
255
251
255
255
253
253
253
253
253
253
253
253
253
255
255
207
122
115
148
156
132
175
248
255
255
253
253
253
253
253
253
253
253
253
253
253
253
253
253
253
253
253
253
253
253
253
253
253
253
253
253
253
253
253
253
255
255
240
146
129
126
126
135
142
146
177
250
252
246
198
182
249
255
198
130
125
131
138
206
255
255
255
247
169
127
134
219
251
255
252
176
133
127
125
134
226
255
243
148
121
123
159
240
255
253
253
253
253
253
253
254
255
253
213
130
125
129
167
238
255
255
253
246
247
249
246
238
190
136
129
128
124
126
135
214
252
255
254
253
254
255
255
240
150
126
132
135
130
146
215
133
228
250
255
255
255
255
255
253
253
253
253
253
255
255
221
144
144
192
202
130
171
248
255
255
253
253
253
253
253
253
253
253
253
253
253
253
253
253
253
253
253
253
253
253
253
253
253
253
253
253
253
253
253
253
253
255
255
223
132
124
137
170
247
243
252
249
223
141
133
133
184
251
202
135
125
125
183
240
255
255
247
180
130
123
202
249
255
255
255
251
162
136
129
131
149
255
254
156
121
134
161
250
255
253
253
253
253
253
253
254
255
226
139
128
127
130
180
255
255
255
255
255
255
255
255
255
252
219
160
134
132
129
130
150
228
255
255
254
255
255
248
160
135
128
130
132
129
134
100
114
126
255
255
250
254
250
255
255
253
253
253
253
254
254
247
240
240
252
203
128
125
191
254
255
253
253
253
253
253
253
253
253
255
255
255
255
255
253
253
253
253
253
253
253
253
253
253
253
253
253
253
253
253
253
253
255
255
228
135
117
162
243
255
222
187
215
137
126
123
125
139
199
207
138
124
132
138
208
255
255
185
132
119
131
168
243
255
251
255
247
240
144
127
125
138
229
236
147
120
141
235
254
255
253
253
253
253
253
253
254
255
227
138
128
128
127
168
243
255
254
253
253
253
253
254
255
255
255
253
184
136
127
127
127
209
254
255
255
254
245
158
132
126
139
138
144
130
106
95
107
229
255
255
233
123
227
250
255
253
253
253
253
253
255
255
255
255
255
218
135
120
179
250
255
253
253
253
253
253
253
253
255
255
250
254
250
255
255
253
253
253
253
253
253
253
253
253
253
253
253
253
253
253
253
253
254
255
235
140
126
162
220
151
139
141
133
134
124
128
124
127
181
194
134
128
125
129
196
255
255
180
125
126
136
216
255
255
233
128
235
172
147
129
130
139
144
146
139
122
152
243
255
254
253
253
253
253
253
253
254
255
252
214
131
126
131
141
191
255
255
253
253
253
253
253
253
255
255
255
236
115
118
107
127
134
219
255
255
255
175
133
126
125
145
219
155
128
128
100
151
246
255
234
102
105
123
254
255
253
253
253
253
253
253
253
253
255
255
254
197
124
179
252
255
253
253
253
253
253
253
255
255
255
233
123
227
250
255
253
253
253
253
253
253
253
253
253
253
253
253
253
253
253
253
253
253
255
254
221
130
134
135
134
124
129
128
128
137
146
141
136
137
136
132
130
128
129
197
255
250
175
121
125
207
255
254
235
102
106
125
236
154
127
133
130
129
128
129
121
149
238
255
253
253
253
253
253
253
253
253
255
255
222
138
124
128
132
188
249
255
253
253
253
253
253
253
255
250
235
114
103
97
105
105
129
134
223
255
245
156
127
126
98
148
223
167
127
132
126
151
248
255
124
105
102
233
250
255
253
253
253
253
253
253
253
253
254
255
250
193
124
181
254
255
254
253
253
253
253
253
255
250
233
102
105
123
254
255
253
253
253
253
253
253
253
253
253
253
253
253
253
253
253
253
253
253
255
255
227
136
120
131
131
132
128
125
130
177
242
199
128
127
137
136
137
128
128
171
238
200
138
121
135
214
255
255
124
105
103
245
243
166
126
132
133
135
134
130
132
152
247
255
253
253
253
253
253
253
253
253
255
255
218
136
123
131
129
177
250
255
253
253
253
253
253
253
255
254
123
114
95
110
102
128
129
129
137
223
169
135
126
100
103
135
230
157
123
133
127
143
240
254
230
123
233
255
255
255
253
253
253
253
253
253
253
253
254
255
223
142
127
174
246
255
255
253
253
255
255
255
255
255
123
105
102
233
250
255
253
253
253
253
253
253
253
255
255
255
255
253
253
253
253
253
253
253
254
255
234
143
130
130
130
128
133
136
179
253
255
212
131
126
188
194
134
128
129
138
199
181
127
119
144
218
255
252
227
123
233
255
251
161
125
132
133
134
133
126
139
234
255
255
253
253
253
253
253
253
253
253
255
255
216
132
123
129
127
177
249
255
253
253
253
253
253
253
255
250
227
133
216
122
119
131
134
129
135
131
137
130
106
97
106
226
247
158
130
128
128
135
177
255
255
255
250
255
255
253
253
253
253
253
253
253
253
253
254
255
247
194
123
130
196
255
255
253
255
255
250
254
252
255
229
123
233
255
255
255
253
253
253
253
253
253
255
255
250
254
248
253
253
253
253
253
253
253
253
255
254
219
132
126
136
138
173
238
251
255
255
207
129
129
196
201
137
125
130
138
141
141
131
129
162
231
255
255
250
254
250
255
246
160
125
132
135
134
133
122
143
239
255
254
253
253
253
253
253
253
253
253
254
255
226
141
130
127
130
181
251
255
254
253
253
253
253
253
255
255
250
255
245
188
133
133
134
133
130
129
130
133
126
108
147
246
255
247
150
135
128
127
143
240
255
255
255
255
253
253
253
253
253
253
253
253
253
253
253
255
255
207
129
115
184
250
255
255
255
255
233
123
229
255
252
254
250
255
255
253
253
253
253
253
253
255
255
255
233
123
224
253
253
253
253
253
253
253
253
255
255
228
139
121
155
218
253
255
255
255
255
208
128
128
198
212
147
131
132
140
137
131
124
127
203
252
255
255
255
255
255
255
244
160
126
132
134
133
128
128
147
244
255
253
253
253
253
253
253
253
253
253
254
255
252
212
129
125
127
171
244
255
254
253
253
253
253
253
253
255
255
255
255
249
172
128
133
134
124
129
135
136
125
131
220
255
255
255
239
143
125
130
135
147
245
254
255
253
253
253
253
253
253
253
253
253
253
253
253
255
255
206
130
111
115
232
251
255
250
233
102
105
123
255
255
255
255
255
253
253
253
253
253
253
253
255
250
233
102
105
119
253
253
253
253
253
253
253
253
255
255
224
136
117
169
249
254
255
255
255
251
199
123
131
185
237
183
127
132
134
135
130
127
138
217
255
255
253
253
253
253
255
243
158
125
131
134
130
135
142
240
252
255
253
253
253
253
253
253
253
253
253
253
255
255
221
137
123
130
140
194
255
255
253
253
253
253
253
255
255
250
255
255
255
180
107
129
131
117
126
135
130
129
149
239
255
255
255
242
147
122
132
128
129
159
249
255
253
253
253
253
253
253
253
253
253
253
253
253
255
255
204
128
90
111
133
255
255
254
123
105
102
233
250
255
253
253
253
253
253
253
253
253
253
253
255
254
123
105
102
230
253
253
253
253
253
253
253
253
255
255
224
134
114
163
244
255
255
255
255
223
145
132
134
186
127
133
135
133
134
130
131
133
208
251
255
254
253
253
253
253
255
251
172
135
130
134
127
138
233
255
255
254
253
253
253
253
253
253
253
253
253
253
255
255
215
132
122
129
129
178
248
255
255
254
253
253
255
255
255
233
127
227
230
116
102
106
115
111
126
132
135
139
231
253
255
253
255
250
156
132
130
132
122
150
240
255
255
255
255
255
255
253
253
253
253
253
253
253
255
255
205
115
91
104
226
248
255
250
227
123
233
255
255
255
253
253
253
253
253
253
253
253
253
253
255
250
227
123
233
255
253
253
253
253
253
253
253
253
255
255
224
134
122
172
250
255
255
249
242
196
127
120
161
105
100
102
129
134
135
130
129
201
253
255
255
253
253
253
253
253
255
255
239
152
126
133
125
148
239
255
255
253
253
253
253
253
253
253
253
253
253
253
255
255
227
146
131
128
131
150
208
254
255
255
254
253
255
250
233
103
113
124
132
112
97
107
106
114
129
127
129
219
255
255
255
253
255
255
237
142
126
134
126
154
245
255
255
250
254
250
255
255
253
253
253
253
253
253
255
255
225
153
100
129
196
255
255
255
250
254
250
255
255
253
253
253
253
253
253
253
253
253
253
253
255
255
250
254
250
255
253
253
253
253
253
253
253
253
255
255
224
133
150
247
255
255
255
223
148
135
134
138
114
117
99
127
132
137
135
128
139
213
255
255
255
253
253
253
253
253
254
255
246
160
125
132
124
146
236
255
253
253
253
253
253
253
253
253
253
253
253
253
254
255
250
208
127
124
131
133
141
194
252
255
255
255
255
254
124
108
108
221
165
105
111
106
108
124
129
128
140
233
255
255
253
253
254
255
243
148
123
133
128
143
241
255
255
234
123
227
250
255
253
253
253
253
253
253
255
255
255
204
128
126
193
253
255
255
255
255
255
255
253
253
253
253
253
253
253
253
253
253
253
253
253
255
255
255
255
255
253
253
253
253
253
253
253
253
255
255
223
134
151
240
255
251
249
197
126
119
127
177
226
134
174
129
129
132
128
117
117
180
240
255
255
255
255
255
255
255
255
255
253
162
128
134
127
150
243
255
255
255
253
253
253
253
253
253
253
253
253
253
253
255
255
223
137
127
128
130
130
133
182
244
254
255
255
255
239
133
234
190
145
134
115
109
112
126
135
137
225
251
255
253
253
253
253
255
249
154
132
130
131
137
155
246
240
112
115
135
255
255
255
255
255
255
255
255
255
255
245
185
120
115
186
249
255
254
253
253
253
253
253
253
253
253
253
253
253
253
253
253
253
253
253
253
253
253
253
253
253
253
253
253
253
253
253
253
254
255
221
133
125
142
179
219
150
137
133
121
128
188
250
255
198
145
132
129
115
116
128
134
136
229
225
223
223
223
223
223
223
230
218
140
115
119
112
122
208
244
252
255
255
255
255
255
255
255
255
255
255
255
255
255
255
255
227
145
138
134
132
133
137
145
197
242
245
249
240
244
184
147
135
125
114
108
126
128
138
227
255
255
255
255
255
255
255
255
255
245
147
131
132
125
130
144
110
88
84
202
219
226
223
223
223
223
223
223
224
231
136
125
113
100
125
241
255
255
253
253
253
253
253
253
253
253
253
253
253
253
253
253
253
253
253
253
253
253
253
253
253
253
253
253
253
253
253
253
254
255
231
138
121
121
134
132
130
123
133
132
138
190
255
255
242
183
126
123
123
184
231
233
229
136
138
139
139
139
139
139
139
144
138
122
114
115
123
129
133
139
228
225
223
223
223
223
223
223
223
223
223
223
223
224
225
229
223
186
117
117
122
124
121
123
132
140
142
144
147
144
135
128
125
111
100
99
102
112
124
202
231
227
224
223
223
223
223
224
233
219
134
119
128
109
108
111
115
118
131
141
150
143
141
139
139
139
139
139
137
139
230
183
121
111
127
189
255
255
253
253
253
253
253
253
253
253
253
253
253
253
253
253
253
253
253
253
253
255
255
255
253
253
253
253
253
253
253
253
253
255
252
224
131
124
119
120
120
130
177
208
186
243
255
255
205
136
125
124
136
212
255
255
252
238
222
223
223
223
223
223
223
224
230
224
151
219
236
231
228
229
135
138
139
139
139
139
139
139
139
139
139
139
139
139
139
143
145
137
132
123
115
106
99
100
97
94
92
93
92
95
99
104
102
107
112
124
115
111
118
134
143
141
139
139
139
139
139
139
142
139
126
114
108
127
121
141
226
242
239
224
225
219
230
225
223
223
223
223
222
240
254
220
143
124
127
190
252
255
253
253
253
253
253
253
253
253
253
253
253
253
253
253
253
253
253
253
255
255
250
248
253
253
253
253
253
253
253
253
253
255
255
255
224
142
145
147
142
177
247
252
254
252
255
251
184
122
124
138
200
247
255
255
255
255
255
255
255
255
255
255
255
255
255
254
254
254
255
255
255
252
238
222
223
223
223
223
223
223
223
223
223
223
223
223
223
223
225
228
232
235
199
138
140
142
141
142
143
143
142
143
135
133
131
140
209
241
231
161
204
230
225
223
223
223
223
223
223
223
224
232
217
131
115
119
129
161
255
255
255
246
136
240
255
255
255
255
255
255
255
255
255
250
194
121
125
191
254
255
253
253
253
253
253
253
253
253
253
253
253
253
253
253
253
253
253
255
255
255
233
125
253
253
253
253
253
253
253
253
253
253
255
255
251
244
237
238
240
248
255
255
255
255
255
255
201
139
189
243
251
255
255
254
253
253
253
253
253
253
253
253
253
253
254
255
255
255
254
253
255
255
255
255
255
255
255
255
255
255
255
255
255
255
255
255
255
255
255
255
255
255
255
245
240
242
242
242
242
242
242
245
239
180
202
247
255
255
255
255
254
255
255
255
255
255
255
255
255
255
255
255
254
163
144
144
154
241
255
252
233
102
105
123
254
255
253
253
253
253
253
254
255
255
201
121
118
188
252
255
253
253
253
253
253
253
253
253
253
253
253
253
253
253
253
253
253
255
250
233
102
103
106
253
253
253
253
253
253
253
253
253
253
255
255
255
255
255
255
255
255
254
253
253
255
253
243
243
248
255
255
255
254
253
253
253
253
253
253
253
253
253
253
253
253
253
253
253
253
253
253
253
253
253
253
253
253
253
253
253
253
253
253
253
253
253
253
253
253
253
254
255
255
255
255
255
255
255
255
255
255
255
255
253
253
255
255
255
255
255
255
255
253
253
253
253
253
253
253
253
253
255
249
245
236
237
246
253
255
255
123
105
102
233
250
255
253
253
253
253
253
253
255
255
203
130
129
194
255
255
253
253
253
253
253
253
253
253
253
253
253
253
253
253
253
253
253
255
254
123
105
103
253
253
253
253
253
253
253
253
253
253
253
253
253
253
253
253
253
253
253
253
253
253
254
255
255
255
255
255
254
253
253
253
253
253
253
253
253
253
253
253
253
253
253
253
253
253
253
253
253
253
253
253
253
253
253
253
253
253
253
253
253
253
253
253
253
253
253
253
253
253
253
253
253
253
253
253
253
253
253
254
255
255
255
255
254
253
253
253
253
253
253
253
253
253
253
253
253
253
253
254
255
255
255
255
255
255
255
250
227
123
233
255
255
255
253
253
253
253
253
253
255
255
246
192
184
245
255
255
253
253
253
253
253
253
253
253
253
253
253
253
253
253
253
253
253
255
250
227
123
227
253
253
253
253
253
253
253
253
253
253
253
253
253
253
253
253
253
253
253
253
253
253
253
253
253
253
253
253
253
253
253
253
253
253
253
253
253
253
253
253
253
253
253
253
253
253
253
253
253
253
253
253
253
253
253
253
253
253
253
253
253
253
253
253
253
253
253
253
253
253
253
253
253
253
253
253
253
253
253
253
253
253
253
253
253
253
253
253
253
253
253
253
253
253
253
253
253
253
253
253
253
253
253
253
253
253
255
255
250
254
250
255
255
253
255
255
255
255
255
253
254
255
255
250
251
254
255
254
253
253
253
253
253
253
253
253
253
253
253
253
253
253
253
253
253
255
255
250
254
248
253
253
253
253
253
253
253
253
253
253
253
253
253
253
253
253
253
253
253
253
253
253
253
253
253
253
253
253
253
253
253
253
253
253
253
253
253
253
253
253
253
253
253
253
253
253
253
253
255
255
255
255
255
253
253
253
253
253
253
253
253
253
253
253
253
253
253
253
253
253
253
253
253
253
253
253
253
253
253
253
253
253
253
253
253
253
253
253
253
253
253
253
253
253
253
253
253
253
253
253
253
253
253
253
253
253
253
255
255
255
255
255
253
255
255
250
254
250
255
255
253
254
255
255
255
255
254
253
253
253
253
253
253
253
253
253
253
253
253
253
253
253
253
253
253
253
255
255
255
255
253
253
253
253
253
253
253
253
253
253
253
253
253
253
253
253
253
253
253
253
253
253
253
253
253
253
253
253
253
253
253
253
253
253
253
253
253
253
253
253
253
253
253
253
253
253
253
255
255
250
254
250
255
255
253
253
253
253
253
253
253
253
253
253
253
253
253
253
253
253
253
253
253
253
253
253
253
253
253
253
253
253
253
253
253
253
253
253
253
253
253
253
253
253
253
253
253
253
253
253
253
253
253
253
253
253
253
253
253
253
253
253
255
255
255
233
123
227
250
255
253
253
253
253
253
253
253
253
253
253
253
253
253
253
253
253
253
253
253
253
253
253
253
253
253
253
253
253
253
253
253
253
253
253
253
253
253
253
253
253
253
253
253
253
253
253
253
253
253
253
253
253
253
253
253
253
253
253
253
253
253
253
253
253
253
253
253
253
253
253
253
253
253
253
253
253
253
255
255
237
139
237
255
255
253
253
253
253
253
253
253
253
253
253
253
253
253
253
253
253
253
253
253
253
253
253
253
253
253
253
253
253
253
253
253
253
253
253
253
253
253
253
253
253
253
253
253
253
253
253
253
253
253
253
253
253
253
253
253
253
253
253
255
255
243
118
109
122
248
255
253
253
253
253
253
253
253
253
253
253
253
253
253
253
253
253
253
253
253
253
253
253
253
253
253
253
253
253
253
253
253
253
253
253
253
253
253
253
253
253
253
253
253
253
253
253
253
253
253
253
253
253
253
253
253
253
253
253
253
253
253
253
253
253
253
253
253
253
253
253
253
253
253
253
253
253
253
253
253
106
106
106
253
253
253
253
253
253
253
253
253
253
253
253
253
253
253
253
253
253
253
253
253
253
253
253
253
253
253
253
253
253
253
253
253
253
253
253
253
253
253
253
253
253
253
253
253
253
253
253
253
253
253
253
253
253
253
253
253
253
253
253
253
253
106
106
106
253
253
253
253
253
253
253
253
253
253
253
253
253
253
253
253
253
253
253
253
253
253
253
253
253
253
253
253
253
253
253
253
253
253
