244
244
244
244
244
244
244
244
244
244
244
244
244
244
244
251
167
125
130
130
125
231
246
244
244
244
244
244
244
244
244
244
244
244
244
244
244
244
244
244
244
244
244
244
244
244
244
244
244
244
244
244
244
244
244
244
114
214
119
173
251
244
244
244
244
244
244
244
244
244
244
244
244
244
244
244
244
244
244
244
244
244
244
244
244
244
244
244
244
244
244
244
244
244
244
244
244
244
244
244
244
244
244
244
244
244
244
244
244
244
244
244
244
244
244
244
244
244
244
244
244
244
244
244
244
244
244
244
244
244
244
244
244
244
244
244
244
244
244
244
244
244
244
244
244
244
244
244
244
244
244
244
244
244
244
244
244
244
244
244
244
244
246
245
239
171
128
129
129
129
131
131
141
217
241
245
251
247
246
247
249
249
248
246
245
244
244
244
244
244
244
244
244
244
244
244
244
244
244
244
244
244
246
238
222
115
110
110
125
174
243
249
244
244
244
244
244
244
244
244
244
244
244
244
244
244
244
244
244
244
244
244
244
244
244
244
244
244
244
244
244
244
244
244
244
244
244
244
244
244
244
244
244
244
244
244
244
244
244
244
244
244
244
244
244
244
244
244
244
244
244
244
244
244
244
244
244
244
244
244
244
244
244
244
244
244
244
244
244
244
244
244
244
244
244
244
244
244
244
244
244
244
244
244
244
244
244
244
244
244
244
243
249
248
181
127
123
127
130
129
124
116
124
129
148
224
242
246
253
241
241
234
244
246
250
246
245
244
244
244
244
244
244
244
244
244
244
244
244
244
244
244
247
244
130
118
103
120
119
175
245
251
243
244
244
244
244
244
244
244
244
244
244
244
244
244
244
244
244
244
244
244
244
244
244
244
244
244
244
244
244
244
244
244
244
244
244
244
244
244
244
244
244
244
244
244
244
244
244
244
244
244
244
244
244
244
244
245
246
249
251
250
247
246
244
244
244
244
244
244
244
244
244
244
244
244
244
244
244
244
244
244
244
244
244
244
244
244
244
244
244
244
244
244
244
244
244
244
244
244
244
243
249
246
181
126
125
130
127
121
128
136
134
121
120
129
153
229
246
223
174
172
168
233
244
248
250
246
245
244
244
244
244
244
244
244
244
244
244
244
244
244
246
240
223
137
192
128
118
175
245
251
243
244
244
244
244
244
244
244
244
244
244
244
244
244
244
244
244
244
244
244
244
244
244
244
244
244
244
244
244
245
246
247
249
249
250
249
249
249
249
249
249
247
245
244
244
244
244
244
244
244
244
244
244
244
245
249
245
238
227
234
239
246
244
244
244
244
244
244
244
244
244
244
244
244
244
244
244
244
244
244
244
244
244
244
244
244
244
244
244
244
244
244
244
244
244
244
244
244
244
243
250
245
202
141
124
127
131
135
152
222
232
153
131
124
123
132
163
207
139
121
133
134
177
236
245
249
250
246
244
244
244
244
244
244
244
244
244
244
244
244
246
249
242
250
206
135
115
177
245
251
243
244
244
244
244
244
244
244
244
244
244
244
244
244
244
244
244
244
244
244
244
244
244
244
244
244
244
245
246
251
244
248
238
237
240
238
238
238
238
237
234
240
246
244
244
244
244
244
244
244
244
244
244
244
247
245
238
162
132
148
228
250
245
244
244
244
244
244
244
244
244
244
244
244
244
244
244
244
244
244
244
244
244
244
244
244
244
244
244
244
244
244
244
244
244
244
244
244
244
243
250
248
183
128
125
121
126
202
242
249
247
243
228
142
127
119
131
132
134
125
124
123
129
137
184
235
240
245
246
244
244
244
244
244
244
244
244
244
244
244
244
245
249
254
212
128
114
176
245
251
243
244
244
244
244
244
244
244
244
244
244
244
244
244
244
244
244
244
244
244
244
244
244
244
244
245
246
250
247
244
230
166
209
159
144
218
152
149
218
143
154
240
250
244
244
244
244
244
244
244
244
244
244
243
250
246
169
126
110
131
219
250
245
244
244
244
244
244
244
244
244
244
244
244
244
244
244
244
244
244
244
244
244
244
244
244
244
244
244
244
244
244
244
244
244
244
244
244
244
243
250
246
177
124
121
126
140
225
254
248
248
251
249
223
131
117
125
127
130
128
128
114
122
124
128
136
199
248
247
244
244
244
245
247
249
250
249
247
245
244
244
244
247
251
211
128
116
175
245
251
243
244
244
244
244
244
244
244
244
244
244
244
244
244
244
244
244
244
244
244
244
244
244
244
244
247
244
239
234
173
131
136
128
128
129
127
129
130
124
119
139
231
250
244
244
244
244
244
244
244
244
244
244
245
254
241
163
119
117
139
223
252
245
244
244
244
244
244
244
244
244
244
244
244
244
244
244
244
244
244
244
244
244
244
244
244
244
244
244
244
244
244
244
244
244
244
244
244
244
243
250
246
179
125
119
127
205
244
248
244
244
246
251
236
156
131
131
125
130
128
112
110
111
124
115
118
185
245
248
244
244
244
247
241
236
226
236
243
249
245
244
244
247
249
209
129
114
177
247
251
244
244
244
244
244
244
244
244
244
244
244
244
244
244
244
244
244
244
244
244
244
244
244
244
244
248
247
189
135
128
122
120
123
125
125
127
126
127
123
126
154
242
250
244
244
244
244
244
244
244
244
244
245
250
250
234
124
119
116
136
220
251
245
244
244
244
244
244
244
244
244
244
244
244
244
244
244
244
244
244
244
244
244
244
244
244
244
244
244
244
244
244
244
244
244
244
244
244
244
243
250
246
179
125
117
135
213
253
247
244
244
244
248
239
239
218
137
127
125
114
112
120
139
133
121
127
196
250
247
244
244
244
249
241
162
134
143
229
242
247
244
244
246
250
218
135
119
166
240
248
246
244
244
244
244
244
244
244
244
244
244
244
244
244
244
244
246
247
250
250
249
246
245
244
244
251
246
178
119
119
122
131
132
138
126
112
120
123
119
138
229
247
246
244
244
244
244
244
244
244
244
244
246
240
233
122
113
108
126
142
230
250
245
244
244
244
244
244
244
244
244
244
244
244
244
244
244
244
244
244
244
244
244
244
244
244
244
244
244
244
244
244
244
244
244
244
244
244
244
243
250
246
178
125
116
133
210
251
247
244
244
244
245
247
251
249
226
135
130
122
114
165
235
199
133
187
241
247
246
244
244
243
252
234
148
110
121
147
240
251
246
244
244
248
242
200
120
128
190
249
248
244
244
244
244
244
244
244
244
244
244
244
244
244
246
247
250
245
236
227
236
242
247
243
246
248
241
173
120
128
138
150
207
148
101
113
121
148
139
152
232
253
245
244
244
244
244
244
244
244
244
244
247
247
138
117
104
119
129
215
245
247
244
244
244
244
244
244
244
244
244
244
244
244
244
244
244
244
244
244
244
244
244
244
244
244
244
244
244
244
244
244
244
244
244
244
244
244
244
243
249
245
176
122
114
131
210
251
247
244
244
244
244
244
246
249
246
214
131
120
126
179
253
247
236
239
247
247
244
244
244
243
252
236
151
119
121
133
226
247
249
246
244
248
253
210
126
115
176
245
249
243
244
244
244
244
244
244
244
244
244
244
244
246
248
243
239
212
138
132
172
243
249
243
248
250
190
131
118
124
195
247
238
133
112
121
227
237
219
163
236
251
244
244
244
244
244
244
244
244
244
244
249
238
222
114
119
123
139
223
252
246
244
244
244
244
244
244
244
244
244
244
244
244
244
244
244
244
244
244
244
244
244
244
244
244
244
244
244
246
246
244
244
244
244
244
244
244
244
243
249
248
183
128
115
131
213
253
247
244
244
244
244
244
244
246
250
226
146
122
121
165
241
251
251
248
246
245
244
244
244
244
249
244
159
130
124
128
126
231
242
247
244
247
251
207
126
115
179
246
250
243
244
244
244
244
244
244
244
244
244
244
244
247
243
224
141
126
118
114
164
244
249
243
249
244
180
120
119
138
217
255
248
226
131
229
249
254
241
242
238
248
247
250
250
249
246
245
244
244
244
244
249
253
177
132
121
129
163
233
249
244
244
244
244
244
244
244
244
244
244
244
244
244
244
244
244
244
244
244
244
244
244
244
244
244
244
244
244
245
249
246
244
244
244
244
244
244
244
244
246
245
243
174
124
123
203
244
248
244
244
244
244
244
244
245
249
238
180
127
121
131
180
248
249
243
244
244
244
244
244
244
247
247
229
140
119
106
110
134
241
251
245
247
251
207
125
117
180
246
250
243
244
244
244
244
244
244
244
244
244
244
244
249
233
144
120
126
132
169
239
245
247
243
250
247
184
119
119
199
243
249
249
240
244
240
249
247
246
247
248
248
242
235
229
240
246
248
245
244
244
243
250
242
171
124
119
131
215
248
247
244
244
244
244
244
244
244
244
244
244
244
244
244
244
244
244
244
244
244
244
244
244
244
244
244
244
244
114
230
240
246
244
244
244
244
244
244
244
244
244
247
250
240
164
120
136
224
252
246
244
244
244
244
244
244
247
250
212
132
118
121
172
243
250
243
244
244
244
244
244
244
245
251
246
157
116
108
104
135
226
245
246
247
251
206
126
116
179
246
250
243
244
244
244
244
244
244
244
244
244
244
244
251
224
136
113
150
228
246
244
249
244
244
251
249
186
120
125
206
252
248
246
246
247
246
246
244
244
246
249
245
220
138
135
171
244
250
250
246
245
244
252
247
173
125
119
138
220
252
246
244
244
244
244
244
244
244
246
246
247
246
246
244
244
244
244
244
244
244
244
244
244
244
244
244
244
244
114
143
244
247
244
244
244
244
244
244
244
244
244
244
251
245
171
115
120
209
246
249
246
244
244
244
244
244
247
251
215
135
118
125
175
245
251
243
244
244
244
244
244
244
244
246
246
227
135
107
124
130
158
245
251
247
251
207
126
115
179
246
250
243
244
244
244
244
244
244
244
244
244
244
244
252
226
137
113
162
244
254
246
245
244
246
248
241
176
113
123
200
248
247
244
244
244
244
244
244
245
249
246
223
131
121
116
127
166
237
241
246
247
247
247
238
164
123
116
132
214
249
245
244
244
244
244
244
244
246
249
240
244
240
249
246
244
244
244
244
244
244
244
244
244
244
244
244
244
244
114
230
240
246
244
244
244
244
244
244
244
244
244
243
249
248
177
128
126
133
222
247
249
246
244
244
244
244
246
251
214
134
115
125
175
245
251
243
244
244
244
244
244
244
244
245
252
245
154
129
125
122
141
230
246
250
251
207
125
116
179
246
250
243
244
244
244
244
244
244
244
244
244
244
244
252
225
138
112
157
239
252
243
244
244
247
250
193
130
121
134
209
250
247
244
244
244
244
244
244
246
239
220
128
124
123
126
126
131
133
183
243
249
251
249
180
130
122
125
139
224
250
245
244
244
244
244
244
246
249
246
226
129
222
240
246
244
244
244
244
244
246
246
247
246
246
244
244
244
244
244
245
249
246
244
244
244
244
244
244
244
244
244
244
246
247
235
157
116
124
133
224
246
248
246
244
244
244
247
252
218
138
117
123
175
245
250
243
244
244
244
244
244
244
244
244
247
245
226
137
123
126
131
164
247
253
251
206
126
116
179
246
250
243
244
244
244
244
244
244
244
244
244
244
244
252
226
138
112
158
241
254
246
246
245
250
249
187
121
117
194
244
250
247
246
244
244
244
244
244
248
237
154
133
125
124
129
128
124
123
126
182
245
254
246
173
120
118
128
209
244
247
244
244
244
244
244
244
246
240
226
110
112
129
244
247
244
244
244
244
246
249
240
244
240
251
247
247
246
244
244
246
246
244
244
244
244
244
244
244
244
244
244
244
244
251
251
179
134
123
126
135
228
248
252
247
246
246
250
247
211
130
120
124
175
246
250
243
244
244
244
244
244
244
244
244
245
252
242
152
126
122
120
144
230
249
251
204
122
115
182
249
251
244
244
244
244
244
244
244
244
244
244
244
244
252
226
137
114
162
244
251
243
242
251
249
241
181
116
129
209
252
250
243
249
248
246
244
244
244
246
237
235
213
133
125
121
128
129
127
126
129
189
254
251
181
126
116
133
214
251
247
244
244
244
244
244
244
247
244
129
112
110
226
240
246
244
244
244
246
249
246
226
129
222
246
242
244
238
244
244
244
244
244
244
244
244
244
244
244
244
244
244
244
243
249
243
232
150
123
124
127
139
222
242
246
254
244
249
224
150
128
122
125
176
244
250
243
244
244
244
244
244
244
244
244
244
247
243
232
138
127
121
129
163
250
255
216
136
119
167
237
247
245
244
244
244
244
244
244
244
244
244
244
244
252
226
138
114
153
232
208
164
234
246
251
198
132
121
125
195
235
170
201
237
240
246
245
244
244
245
248
252
247
223
146
132
129
124
129
127
126
130
194
237
172
123
120
134
216
250
246
244
244
244
244
244
244
246
240
222
129
226
246
249
246
244
244
244
246
240
226
110
114
136
247
230
129
219
244
244
244
244
244
244
244
244
244
244
244
244
244
244
244
243
250
249
175
133
127
128
125
130
134
150
226
239
218
164
203
133
122
125
125
175
245
250
243
244
244
246
246
247
246
246
244
244
245
249
246
231
138
125
116
147
236
251
239
186
116
135
195
251
246
244
244
244
244
244
244
244
244
245
247
250
255
235
145
121
136
138
135
140
180
254
248
183
116
111
124
135
135
137
129
146
225
251
246
244
244
244
244
246
248
243
241
207
132
124
123
127
126
128
136
142
137
123
123
175
233
248
245
244
244
244
244
244
244
246
249
240
244
240
249
246
244
244
244
244
247
244
129
112
112
223
223
112
112
125
244
244
244
244
244
244
244
244
244
244
244
244
244
244
244
243
251
241
164
121
124
127
122
119
115
125
135
148
148
138
129
135
127
124
122
172
243
250
243
244
246
249
240
244
240
249
246
244
244
246
249
246
232
138
128
128
161
252
225
145
124
166
237
247
245
244
244
244
244
244
244
244
244
247
238
234
232
221
160
124
125
121
114
143
224
241
252
197
139
139
138
129
121
122
118
124
211
248
250
249
246
246
244
244
246
247
251
247
213
141
135
132
126
128
126
124
123
125
136
217
249
247
244
244
244
244
244
244
244
244
246
246
247
246
246
246
247
246
246
244
246
240
222
129
230
247
136
114
110
224
244
244
244
244
244
244
244
244
244
244
244
244
244
244
244
243
251
243
167
123
122
130
136
147
135
126
114
121
123
127
125
126
124
121
127
178
248
249
243
246
249
246
226
130
224
243
248
246
244
244
245
249
248
225
127
116
128
164
239
191
123
175
249
251
244
244
244
244
244
244
244
244
244
248
238
152
139
138
134
127
123
122
129
143
189
252
248
238
231
231
236
173
129
126
125
129
135
229
240
247
240
249
246
244
244
244
246
248
244
238
185
122
120
128
129
130
125
128
205
247
250
245
244
244
244
244
244
244
244
244
244
244
244
246
249
240
244
240
249
246
246
249
240
244
242
246
222
129
226
245
244
244
244
244
244
244
244
244
244
244
244
244
244
244
244
243
251
240
165
117
125
139
219
238
228
152
131
128
117
119
119
121
130
134
177
239
245
247
244
246
240
226
111
118
126
245
243
249
246
244
244
245
252
232
143
123
119
132
182
207
133
171
247
250
243
244
244
244
244
244
244
244
244
248
236
165
115
121
126
132
132
136
166
228
237
241
248
249
252
254
253
248
170
127
124
122
128
142
210
136
222
240
246
244
244
244
244
246
250
253
210
141
129
128
126
131
125
127
207
251
254
247
246
244
244
244
244
244
244
244
244
244
246
249
246
226
129
222
240
246
244
246
246
247
247
251
240
244
240
249
244
244
244
244
244
244
244
244
244
244
244
244
244
244
244
245
251
251
176
125
126
214
248
254
246
242
222
147
140
144
142
141
167
234
242
246
248
245
244
247
244
130
118
112
209
126
224
240
246
244
244
244
247
242
223
135
126
122
166
191
128
174
247
250
243
244
244
244
244
244
244
244
244
246
246
232
145
152
211
132
146
230
248
247
252
247
246
249
240
244
245
253
245
165
127
126
122
129
104
118
131
243
247
244
244
244
244
244
246
245
239
237
188
133
127
128
127
130
136
208
239
240
247
244
244
244
244
244
244
244
244
244
246
240
226
110
112
129
244
247
244
244
244
244
244
246
246
247
246
246
244
244
244
244
244
244
244
244
244
244
244
244
244
244
246
249
242
248
233
155
133
223
255
252
250
252
246
238
229
231
230
231
240
247
251
246
245
244
244
246
240
224
126
209
112
118
130
244
247
244
244
244
246
249
247
212
125
121
138
132
129
176
246
250
243
244
244
244
244
244
244
244
244
245
248
241
235
241
232
157
151
236
251
249
245
246
249
246
226
129
222
245
249
245
168
133
125
107
107
117
227
240
246
244
244
244
244
244
244
246
249
252
245
182
124
125
130
125
130
130
153
227
251
246
244
244
244
244
244
244
244
244
247
244
129
112
110
226
240
246
244
244
244
244
244
244
244
244
244
244
244
244
244
244
244
244
244
244
244
244
244
244
244
246
249
246
228
142
226
158
130
206
234
239
245
251
250
251
251
252
252
251
249
246
245
244
244
244
244
246
249
243
245
126
118
111
226
240
246
244
244
244
244
246
252
227
142
125
126
123
124
180
249
251
244
244
244
244
244
244
244
244
244
244
245
247
248
252
250
217
132
158
246
249
244
246
240
226
110
112
129
244
251
249
236
153
118
123
129
237
248
249
246
244
244
244
244
244
244
244
244
252
252
191
129
125
130
130
128
119
126
212
246
249
246
244
244
244
244
244
244
244
246
240
222
129
226
246
249
246
244
244
244
244
244
244
244
244
244
244
244
244
244
244
244
244
244
244
244
244
244
244
244
246
240
228
116
116
121
153
134
135
143
146
219
242
245
251
247
245
244
244
244
244
244
244
244
244
244
244
246
248
243
224
130
226
246
249
246
244
244
244
244
244
248
243
206
125
123
126
124
174
242
248
246
244
244
244
244
244
244
244
244
244
244
244
244
247
247
214
121
151
238
251
243
247
244
129
112
110
226
240
247
250
248
169
128
120
216
241
252
246
244
244
244
244
244
244
244
244
246
248
241
179
121
124
128
129
129
126
129
139
227
246
248
246
244
244
244
244
244
244
246
249
240
244
240
249
246
244
244
244
244
244
244
244
244
244
244
244
244
244
244
244
244
244
244
244
244
244
244
244
244
247
245
136
114
98
113
142
128
122
120
127
131
149
225
242
247
252
249
247
245
244
244
244
244
244
244
244
244
246
249
240
244
240
249
246
244
244
244
244
244
244
246
252
223
141
127
125
125
140
198
250
247
244
244
244
244
244
244
244
244
244
244
244
245
250
231
140
119
158
240
252
243
246
240
222
129
226
246
249
245
247
247
234
148
123
147
236
250
244
244
244
244
244
244
244
244
244
247
250
197
129
128
132
132
126
125
127
125
127
134
229
249
252
247
246
244
244
244
244
244
246
246
247
246
246
244
244
244
244
244
244
244
244
244
244
244
244
244
244
244
244
244
244
244
244
244
244
244
244
244
246
242
217
113
101
115
118
133
131
131
128
122
129
132
154
228
233
240
247
253
249
246
245
244
244
244
244
244
244
246
246
247
246
246
244
244
244
244
244
244
244
244
248
242
203
123
123
122
124
181
246
249
243
244
244
244
244
244
244
244
244
244
244
245
251
220
134
111
160
240
252
243
246
249
240
244
240
249
246
244
245
254
244
161
112
135
224
251
244
244
244
244
244
244
246
246
247
252
250
190
119
121
191
183
142
135
129
128
126
128
137
218
236
238
247
244
244
244
244
244
244
244
244
244
244
244
244
244
244
244
244
244
244
244
244
244
244
244
244
244
244
244
244
244
244
244
244
244
244
244
246
252
241
135
112
109
125
125
125
122
123
126
127
123
131
137
144
162
231
235
241
249
252
248
246
245
244
244
244
244
244
244
244
244
244
244
244
244
244
244
244
244
247
252
220
138
127
121
125
183
246
249
243
244
244
244
244
244
244
244
244
244
244
245
251
223
136
112
161
240
252
243
244
246
246
247
246
246
244
244
247
248
234
150
114
139
226
252
244
244
244
244
244
246
249
240
246
247
252
189
120
132
204
255
246
163
122
122
125
121
127
117
143
239
252
245
244
244
244
244
244
244
244
244
244
244
244
244
244
244
244
244
244
244
244
244
244
244
244
244
244
244
244
244
244
244
244
244
244
244
244
247
246
232
123
120
117
113
118
125
123
126
116
119
120
117
117
125
133
140
169
234
238
244
251
254
253
253
253
253
253
253
253
252
251
247
246
244
244
244
244
244
244
248
243
198
123
117
125
182
247
249
243
244
244
244
244
244
244
244
244
244
244
245
250
220
131
110
160
240
252
243
244
244
244
244
244
244
244
244
249
246
168
132
118
144
234
255
254
253
253
253
253
254
249
228
136
222
197
133
116
123
183
233
224
170
119
123
114
115
115
116
131
224
248
248
245
244
244
244
244
244
244
244
244
244
244
244
244
244
244
244
244
244
244
244
244
244
244
244
244
244
244
244
244
244
244
244
244
244
244
245
254
244
173
120
121
123
131
219
229
134
129
122
115
105
108
107
107
108
128
134
143
184
227
222
218
218
218
218
218
218
218
216
230
242
254
253
253
253
253
253
253
254
255
227
144
125
126
190
254
255
253
253
253
253
253
253
253
253
253
253
253
254
255
241
147
123
163
249
255
253
253
253
253
253
253
253
253
253
255
243
158
117
116
129
207
226
220
222
220
219
218
222
217
113
118
117
129
111
112
125
138
149
140
146
220
152
119
123
128
126
133
144
238
247
248
245
244
244
244
244
244
244
244
244
244
244
244
244
244
244
244
244
244
244
244
244
244
244
244
244
244
244
244
244
244
244
244
244
244
243
251
245
173
122
127
136
224
252
248
237
229
221
143
137
142
133
127
120
111
109
110
122
138
148
148
144
144
144
144
144
144
142
140
222
219
218
218
218
218
218
218
218
221
218
181
114
118
172
226
224
218
218
218
218
218
218
218
218
218
218
218
218
221
219
196
113
146
222
227
220
222
225
227
228
227
226
224
224
232
226
128
112
108
122
133
154
141
143
140
150
146
151
128
122
116
180
125
114
122
178
227
224
217
237
242
172
130
125
130
130
126
128
147
237
245
246
244
244
244
244
244
244
244
244
244
244
244
244
244
244
244
244
244
244
244
244
244
244
244
244
244
244
244
244
244
244
244
244
244
243
251
244
171
118
125
212
247
251
248
251
254
246
239
231
236
216
134
123
120
124
122
115
160
214
220
220
218
218
218
218
218
219
222
140
142
144
144
144
144
144
144
144
147
149
135
120
110
124
136
146
146
144
144
144
144
144
144
144
144
144
144
144
145
152
136
124
115
134
147
147
137
132
128
131
128
136
139
140
136
126
147
120
125
135
222
225
200
104
196
215
226
219
213
133
238
202
136
117
132
197
254
255
252
253
248
241
152
127
125
129
129
124
129
163
242
249
244
244
244
244
244
244
244
244
244
244
244
244
244
244
244
244
244
244
244
244
244
244
244
244
244
244
244
244
244
244
244
244
244
243
251
244
172
116
132
220
254
249
244
244
246
247
250
251
254
248
218
146
140
138
127
130
139
202
254
254
253
253
253
253
253
254
242
230
216
218
218
218
218
218
218
218
221
223
183
119
112
117
169
222
221
217
218
218
218
218
218
218
218
218
218
218
220
228
205
125
111
148
222
228
175
112
110
118
114
116
175
150
121
124
126
125
132
224
247
239
122
124
142
255
255
240
130
229
244
212
131
118
142
206
250
247
243
245
248
247
239
149
128
125
128
128
119
149
234
251
244
244
244
244
244
244
244
244
244
244
244
244
244
244
244
244
244
244
244
244
244
244
244
244
244
244
244
244
244
244
244
244
244
243
251
244
171
117
123
209
245
248
244
244
244
244
244
244
246
249
247
238
217
117
116
120
125
189
247
250
244
244
244
244
244
246
247
251
252
253
253
254
254
254
254
254
254
255
216
139
122
127
194
254
255
253
253
253
253
253
253
253
253
253
253
254
255
255
224
123
118
170
252
255
214
141
129
130
130
138
140
142
133
130
127
128
148
239
251
133
115
114
231
238
229
111
115
138
246
200
121
119
183
242
249
246
244
244
245
248
247
241
152
133
127
129
121
150
235
252
244
244
244
244
244
244
244
244
244
244
244
244
244
244
244
244
244
244
244
244
244
244
244
244
244
244
244
244
244
244
244
244
244
243
251
244
172
121
121
141
224
250
245
244
244
244
244
244
244
247
244
234
123
117
111
125
119
181
241
247
246
244
244
244
244
244
244
244
244
244
246
249
240
244
240
249
246
248
243
193
118
122
187
248
249
243
244
244
244
244
244
244
244
244
244
246
241
229
119
108
107
165
247
255
241
186
111
124
128
127
127
127
128
129
121
127
214
246
245
228
126
226
247
254
132
113
114
235
211
143
121
125
190
250
251
244
244
244
244
245
248
249
231
141
120
125
116
146
233
251
244
244
244
244
244
244
244
244
244
244
244
244
244
244
244
244
244
244
244
244
244
244
244
244
244
244
244
244
244
244
244
244
244
243
251
244
171
123
114
134
217
252
246
244
244
244
244
244
244
247
244
129
115
118
193
133
124
132
199
250
247
244
244
244
244
244
244
244
244
246
249
246
226
129
222
240
246
250
252
202
124
119
188
248
249
243
244
244
244
244
244
244
244
244
244
247
243
131
119
100
118
145
234
244
229
118
110
110
124
123
125
125
127
123
124
143
230
254
254
243
226
126
230
238
224
131
230
243
202
124
116
123
183
246
249
243
244
244
244
244
245
252
244
153
124
127
131
160
239
250
244
244
244
244
244
244
244
244
244
244
244
244
244
244
244
244
244
244
244
244
244
244
244
244
244
244
244
244
244
244
244
244
244
243
251
244
170
123
119
128
212
245
247
244
244
244
244
244
244
246
240
222
129
229
245
195
116
125
194
247
249
243
244
244
244
244
244
244
244
246
240
226
110
112
129
244
247
248
250
200
122
118
187
248
249
243
244
244
244
244
244
244
244
244
244
246
240
222
135
201
143
142
186
250
133
116
116
183
145
140
136
136
130
122
128
219
242
249
241
229
114
115
132
249
243
246
248
219
139
124
123
132
193
250
247
244
244
244
244
244
244
247
245
223
136
136
226
239
240
246
244
244
244
244
244
244
244
244
244
244
244
244
246
246
247
246
246
244
244
244
244
244
244
244
244
244
244
244
244
244
244
244
244
243
250
242
168
121
121
128
143
231
251
246
244
244
244
244
244
246
249
240
244
248
255
202
125
126
197
248
249
243
244
244
244
244
244
244
244
247
244
129
112
110
226
240
246
249
249
199
123
117
187
247
249
243
244
244
244
244
244
244
244
244
244
246
249
240
246
235
237
225
236
237
224
130
225
241
239
178
198
235
168
134
215
245
249
249
244
129
112
110
226
241
248
250
253
208
131
116
123
176
241
248
246
244
244
244
244
244
244
245
252
236
161
229
248
251
247
245
244
244
244
244
244
244
244
244
244
244
244
246
249
240
244
240
249
246
244
244
244
244
244
244
244
244
244
244
244
244
244
244
244
243
249
248
176
127
122
120
128
216
249
251
247
245
244
244
244
244
246
246
247
250
244
190
118
121
192
248
248
243
244
244
244
244
244
244
244
246
240
222
129
226
246
249
245
249
249
200
123
118
188
247
249
243
244
244
244
244
244
244
244
244
244
244
246
246
249
249
251
250
250
251
241
244
242
254
246
243
244
245
239
236
240
248
246
246
240
222
129
226
246
249
246
248
243
202
126
119
127
185
249
251
244
244
244
244
244
244
244
244
247
238
242
239
249
245
244
244
244
244
244
244
244
244
244
244
244
244
246
249
246
226
129
222
240
246
244
244
244
244
244
244
244
244
244
244
244
244
244
244
244
244
247
244
242
166
130
124
130
139
220
241
243
249
245
244
244
244
246
246
250
254
212
138
118
122
187
247
248
243
244
244
244
244
244
244
244
246
249
240
244
240
249
246
243
249
249
199
122
118
187
247
249
243
244
244
244
244
244
244
244
244
244
244
244
244
244
244
244
244
244
246
246
247
246
246
246
247
247
248
249
248
247
246
244
246
249
240
244
240
249
245
246
249
218
139
126
122
126
182
247
249
243
244
244
244
244
244
244
244
245
246
247
246
245
244
244
244
244
244
244
244
244
244
244
244
244
244
246
240
226
110
112
129
244
247
244
244
244
244
244
244
244
244
244
244
244
244
244
244
244
244
245
248
249
238
154
120
122
130
133
144
229
241
247
244
245
247
252
242
247
237
197
121
118
134
200
249
247
244
244
244
244
244
244
244
244
244
246
246
247
246
246
244
244
249
252
202
124
119
188
247
249
243
244
244
244
244
244
244
244
244
244
244
244
246
246
247
246
246
244
244
244
244
244
244
244
244
244
244
244
244
244
244
244
244
246
246
247
246
246
244
246
248
203
121
110
115
118
178
245
249
243
244
244
244
244
244
244
244
244
244
244
244
244
244
244
244
244
244
244
244
244
244
244
244
244
244
247
244
129
112
110
226
240
246
244
244
244
244
244
244
244
244
244
244
244
244
244
244
244
244
244
244
251
250
171
131
125
126
121
124
149
242
254
252
253
247
244
223
138
191
136
124
117
179
239
248
246
244
244
244
244
244
244
244
244
244
244
244
244
244
244
244
246
249
246
195
119
122
188
248
249
243
244
244
244
244
244
244
244
244
244
244
246
249
240
244
240
249
246
244
244
244
244
244
244
244
244
244
244
244
244
244
244
244
244
244
244
244
244
244
246
249
215
143
138
140
138
190
247
248
243
244
244
244
244
244
244
244
244
244
244
244
244
244
244
244
244
244
244
244
244
244
244
244
244
244
246
240
222
129
226
246
249
246
244
244
244
244
244
244
244
244
244
244
244
244
244
244
244
244
244
244
247
247
232
150
119
126
129
121
136
220
235
231
233
222
173
117
117
110
130
122
134
196
252
248
244
244
244
244
244
244
244
244
244
244
244
244
244
244
244
245
247
244
205
132
122
122
186
246
249
243
244
244
244
244
244
244
244
244
244
246
249
246
226
129
222
240
246
244
244
244
244
244
244
244
244
244
244
244
244
244
244
244
244
244
244
244
244
244
245
246
238
233
228
229
230
237
244
247
244
244
244
244
244
244
244
244
244
244
244
244
244
244
244
244
244
244
244
244
244
244
244
244
244
244
246
249
240
244
240
249
246
244
244
244
244
244
244
244
244
244
244
244
244
244
244
244
244
244
244
244
244
252
247
177
138
134
126
124
132
137
146
143
144
138
117
108
106
120
119
115
171
238
248
246
244
244
244
244
244
244
244
244
244
244
244
244
244
244
244
246
250
214
134
122
119
128
189
248
248
243
244
244
244
244
244
244
244
244
244
246
240
226
110
112
129
244
247
244
244
244
244
244
244
244
244
244
244
244
244
244
244
244
244
246
246
247
246
246
244
246
247
250
252
252
250
248
246
245
244
244
244
244
244
244
244
244
244
244
244
244
244
244
244
244
244
244
244
244
244
244
244
244
244
244
244
246
246
247
246
246
244
244
244
244
244
244
244
244
244
244
244
244
244
244
244
244
244
244
244
244
244
248
247
239
218
112
127
127
128
111
112
112
115
120
121
110
123
135
138
142
192
250
250
244
244
244
244
244
244
244
244
244
244
244
244
244
244
244
244
247
251
207
127
103
119
150
212
248
247
244
244
244
244
244
244
244
244
244
244
247
244
129
112
110
226
240
246
244
244
244
244
244
244
244
244
244
244
244
244
244
244
244
246
249
240
244
240
249
246
244
244
244
244
244
244
244
244
244
244
244
244
244
244
244
244
244
244
244
244
244
244
244
244
244
244
244
244
244
244
244
244
244
244
244
244
244
244
244
244
244
244
244
244
244
244
244
244
244
244
244
244
244
244
244
244
244
244
244
244
244
244
247
243
233
121
115
128
225
154
141
143
145
135
126
118
128
124
167
225
236
237
244
247
244
244
244
244
244
244
244
244
244
244
244
244
244
244
244
244
249
242
199
109
103
119
185
247
246
246
244
244
244
244
244
244
244
244
244
244
246
240
222
129
226
246
249
246
244
244
244
244
244
244
244
244
244
244
244
244
244
244
246
249
246
226
129
222
240
246
244
244
244
244
244
244
244
244
244
244
244
244
244
244
244
244
244
244
244
244
244
244
244
244
244
244
244
244
244
244
244
244
244
244
244
244
244
244
244
244
244
244
244
244
244
244
244
244
244
244
244
244
244
244
244
244
244
244
244
244
244
244
246
238
130
112
114
230
240
241
229
231
233
213
135
131
162
199
179
247
254
248
246
245
244
244
244
244
244
244
244
244
244
244
244
244
244
244
244
244
247
241
134
113
112
173
241
247
247
244
244
244
244
244
244
244
244
244
244
244
246
249
240
244
240
249
246
244
244
244
244
244
244
244
244
244
244
244
244
244
244
244
246
245
235
124
116
128
238
246
244
244
244
244
244
244
244
244
244
244
244
244
244
244
244
244
244
244
244
244
244
244
244
244
244
244
244
244
244
244
244
244
244
244
244
244
244
244
244
244
244
244
244
244
244
244
244
244
244
244
244
244
244
244
244
244
244
244
244
244
244
244
244
244
244
114
244
244
244
244
244
244
244
244
244
244
244
244
244
244
244
244
244
244
244
244
244
244
244
244
244
244
244
244
244
244
244
244
244
244
244
247
213
114
171
251
244
244
244
244
244
244
244
244
244
244
244
244
244
244
244
244
244
244
244
244
244
244
244
244
244
244
244
244
244
244
244
244
244
244
244
244
244
244
114
114
114
244
244
244
244
244
244
244
244
244
244
244
244
244
244
244
244
244
244
244
244
244
244
244
244
244
244
244
244
244
244
244
244
244
244
244
244
244
244
244
244
244
244
244
244
244
244
244
244
