243
243
243
243
243
243
243
243
243
243
243
243
243
243
243
243
243
243
243
243
243
243
243
243
243
243
243
243
243
243
243
243
243
243
243
243
243
243
243
243
243
243
243
243
243
243
243
243
243
243
243
243
243
243
243
243
243
54
243
243
243
243
243
243
243
243
243
243
243
243
243
243
243
243
243
243
243
243
243
243
243
243
243
243
243
243
243
243
243
243
243
243
243
243
243
243
243
243
243
243
243
243
243
243
243
243
243
243
243
243
243
243
243
243
243
243
243
243
243
243
243
243
243
243
243
243
243
243
243
243
243
243
243
243
243
243
243
243
243
243
243
243
243
243
243
243
243
243
243
243
243
243
243
243
243
243
243
243
243
243
243
243
243
243
243
243
243
243
243
243
243
243
243
243
243
243
243
243
243
243
243
243
243
243
243
243
243
243
243
243
243
243
243
243
243
243
243
243
243
243
243
243
243
246
236
212
59
52
50
65
211
236
246
243
243
243
243
243
243
243
243
243
243
243
243
243
243
243
243
243
243
243
243
243
243
243
243
243
243
243
243
243
243
243
243
243
243
243
243
243
243
243
243
243
243
243
243
243
243
243
243
243
243
243
243
243
243
243
243
243
243
243
243
243
243
243
243
243
243
243
243
243
243
243
243
243
243
243
243
243
243
243
243
243
243
243
243
243
243
243
243
243
243
243
243
243
243
243
243
243
243
243
243
243
243
243
243
243
243
243
243
243
243
243
243
243
243
243
243
243
243
243
243
243
243
243
243
243
243
243
243
243
243
243
243
243
243
243
243
243
243
243
243
248
243
81
46
28
28
46
81
243
248
243
243
243
243
243
243
243
243
243
243
243
243
243
243
243
243
243
243
243
243
243
243
243
243
243
243
243
243
243
243
243
243
243
243
243
243
243
243
243
243
243
243
243
243
243
243
243
243
243
243
243
243
243
243
243
243
243
245
247
247
245
243
243
243
243
243
243
243
243
243
243
243
243
243
243
243
243
243
243
243
243
243
243
243
243
243
243
243
243
243
243
243
243
243
243
243
243
243
243
243
243
243
243
243
243
243
243
243
243
243
243
243
243
243
243
243
243
243
243
243
243
243
243
243
243
243
243
243
243
243
243
243
243
243
243
243
243
243
243
243
246
238
215
78
52
55
57
219
238
246
243
243
243
243
243
243
243
243
243
243
243
243
243
243
243
243
243
243
243
243
243
243
243
243
243
243
243
243
243
243
243
243
243
243
243
243
243
243
243
243
243
243
243
243
243
243
243
243
243
243
243
243
244
247
248
249
251
243
237
233
240
243
243
243
243
243
243
243
243
243
243
243
243
243
243
243
243
243
243
243
243
243
243
243
243
243
243
243
243
243
243
243
243
243
243
243
243
243
243
243
243
243
243
243
243
243
243
243
243
243
243
243
243
243
243
243
243
243
243
243
243
243
243
243
243
243
243
243
243
243
243
243
243
244
246
248
248
249
249
249
251
254
243
238
204
87
219
247
251
244
243
243
243
243
243
245
247
248
249
248
247
245
243
243
243
243
243
243
243
243
243
243
243
243
243
243
245
247
247
247
244
243
243
243
243
243
243
243
243
243
243
243
243
243
243
243
243
243
243
243
243
245
243
239
232
233
237
226
174
178
215
245
246
243
243
243
243
243
243
243
243
243
243
243
243
243
243
243
243
243
243
243
243
243
243
243
243
243
243
243
243
243
243
243
243
243
243
243
243
243
243
243
243
243
243
243
243
243
243
243
244
246
248
246
244
243
243
243
243
243
243
243
243
243
243
243
243
243
243
243
243
243
244
243
240
235
234
234
233
229
229
235
246
255
241
245
238
251
244
243
243
243
243
243
244
239
237
232
232
232
234
238
242
243
243
243
243
243
243
243
243
243
244
246
248
250
244
238
232
240
246
250
248
247
245
243
243
243
243
243
243
243
243
243
243
243
243
243
243
243
244
246
242
192
167
176
177
173
161
158
197
242
246
243
243
243
243
243
243
243
243
243
243
243
243
243
243
243
243
243
243
243
243
243
243
243
243
243
243
243
243
243
243
243
243
243
243
243
243
243
243
243
243
243
243
243
243
243
243
244
251
238
243
238
251
244
243
243
243
243
243
243
243
243
243
243
243
243
243
243
243
244
249
245
209
176
172
172
171
174
169
205
245
246
246
248
246
244
243
243
243
243
243
243
247
239
182
171
172
171
182
223
247
243
243
243
243
243
243
243
243
243
242
238
234
235
230
175
170
190
236
235
234
239
243
245
244
243
243
243
243
243
243
243
243
243
243
243
244
247
249
247
200
161
159
164
158
164
164
181
212
244
246
243
243
243
243
244
246
248
246
244
243
243
243
243
243
243
243
243
243
243
243
243
243
243
243
243
243
243
243
243
243
243
243
243
243
243
243
243
243
243
243
243
243
243
243
243
244
251
247
217
78
211
238
246
243
243
243
243
243
243
243
243
243
243
243
243
243
243
244
245
243
225
176
157
154
159
163
183
228
236
240
244
243
243
243
243
243
243
243
243
243
243
248
235
176
154
158
160
191
241
244
243
243
243
243
243
243
243
243
247
244
202
171
175
170
162
157
167
171
176
174
188
227
243
246
243
243
243
243
243
243
243
243
243
243
245
243
240
238
204
165
162
169
169
153
65
180
228
243
242
243
243
243
243
244
251
238
243
238
251
244
243
243
243
243
243
243
243
243
243
243
243
243
243
243
243
243
243
243
243
243
243
243
243
243
243
243
243
243
243
243
243
243
243
243
244
251
247
227
53
54
79
245
250
243
243
243
243
243
243
243
243
243
243
243
243
243
245
247
243
202
167
164
165
170
187
232
243
246
247
244
243
243
243
243
243
243
243
243
243
243
243
248
236
181
161
161
186
239
246
245
243
243
243
243
243
243
243
243
247
242
192
157
157
162
164
163
161
159
157
159
166
165
225
242
245
243
243
243
243
243
243
243
243
245
246
234
195
173
168
162
166
163
167
44
53
83
245
252
244
243
243
243
244
251
247
217
78
211
238
246
243
243
243
243
243
243
243
243
243
243
243
243
243
243
243
243
243
243
243
243
243
243
243
243
243
243
243
243
243
243
243
243
243
244
251
247
228
61
49
62
218
238
245
248
245
243
243
243
243
243
243
243
243
243
243
244
245
242
204
159
157
159
172
228
243
245
247
244
243
243
243
243
243
243
243
243
243
243
243
243
243
248
237
182
160
161
191
243
249
243
243
243
243
243
243
243
243
243
247
242
199
164
161
160
158
160
168
170
169
162
158
162
176
234
249
243
243
243
243
243
243
243
244
244
238
204
163
159
161
162
172
218
77
54
52
219
238
247
243
243
243
243
246
238
217
48
52
78
243
248
243
243
243
243
243
243
243
243
243
243
243
243
243
243
243
243
243
243
243
243
243
243
243
243
243
243
243
243
243
243
243
243
243
246
238
218
57
44
54
218
237
191
218
241
243
246
243
243
243
243
243
243
243
243
243
246
246
205
147
162
166
174
229
245
248
244
243
243
243
243
243
243
243
243
243
243
243
243
243
243
243
248
237
182
159
161
191
241
248
243
243
243
243
243
243
243
243
243
246
244
198
162
165
170
174
173
194
239
210
171
168
159
166
226
245
245
243
243
243
243
243
245
250
242
202
168
164
162
162
166
219
240
214
80
218
247
251
244
243
243
243
243
248
243
78
52
48
217
238
246
243
243
243
243
243
243
243
243
243
243
243
243
243
243
243
243
243
243
243
243
243
243
243
243
243
243
243
244
248
253
255
255
255
255
255
95
67
57
166
187
186
178
175
195
247
254
255
255
255
255
255
255
255
255
255
255
237
182
168
176
225
255
255
255
255
255
255
255
255
255
255
255
255
255
255
255
255
255
255
255
255
255
251
195
170
171
202
255
255
255
255
255
255
255
255
255
255
255
255
255
237
190
184
238
253
250
255
255
255
251
202
172
174
202
253
255
255
255
255
255
255
254
252
236
181
171
174
182
187
228
255
255
254
255
252
255
250
244
243
243
243
243
246
238
211
78
217
247
251
244
243
243
243
243
243
243
243
243
243
243
243
243
243
243
243
243
243
243
243
243
243
243
243
243
243
243
244
249
235
225
208
212
212
214
204
173
43
126
142
142
137
135
135
139
155
208
208
205
205
205
205
205
206
207
212
207
169
140
134
162
199
211
208
206
205
205
205
205
205
205
205
205
205
205
205
205
205
205
205
205
206
211
204
153
138
140
163
211
212
207
205
205
205
205
205
205
205
205
206
207
204
165
161
201
214
211
209
208
211
211
174
141
137
146
199
208
205
205
205
206
209
210
161
144
145
139
140
159
201
204
206
209
209
211
205
220
230
246
243
243
243
243
244
251
238
243
238
251
244
243
243
243
243
243
243
243
243
243
243
243
243
243
243
243
243
243
243
243
243
243
243
243
243
243
243
244
245
246
229
93
82
87
87
96
102
90
82
75
84
82
87
87
82
73
81
90
99
99
97
97
97
98
100
96
92
84
80
76
81
91
99
100
97
97
97
97
97
97
97
97
97
97
97
97
97
97
97
97
97
97
99
97
89
82
77
85
80
94
96
107
100
98
97
97
97
97
97
97
97
99
98
94
93
95
100
97
97
97
100
96
87
78
72
83
91
101
97
97
97
99
98
88
78
73
77
75
81
92
102
101
98
97
97
97
92
105
236
248
243
243
243
243
243
244
246
248
246
244
243
243
243
243
243
243
243
243
243
243
243
243
243
243
243
243
243
243
243
243
243
243
243
243
244
247
248
251
247
220
157
148
126
133
135
145
187
144
142
145
140
141
188
212
158
136
138
171
206
209
206
205
205
207
206
198
142
136
143
146
177
212
208
206
205
205
205
205
205
205
205
205
205
205
205
205
205
205
205
205
205
205
208
204
153
137
147
144
137
44
175
202
211
210
207
206
205
205
205
205
205
205
206
207
207
207
206
205
205
205
207
211
176
145
140
150
204
208
205
205
205
209
207
161
139
141
141
142
155
212
208
205
205
205
205
205
201
218
230
246
243
243
243
243
243
243
243
243
243
243
243
243
243
243
243
243
243
243
243
243
243
243
243
243
243
243
243
243
243
243
243
243
243
244
240
237
232
237
216
167
165
168
172
174
174
182
181
180
174
178
177
185
236
255
223
183
176
193
253
255
255
255
255
255
255
216
186
168
177
206
255
255
255
255
255
255
255
255
255
255
255
255
255
255
255
255
255
255
255
255
255
255
255
253
196
173
172
163
60
68
88
220
254
255
255
255
255
255
255
255
255
255
255
255
255
255
255
255
255
255
255
255
250
191
167
210
250
255
255
255
255
255
253
206
175
173
175
199
250
255
255
255
255
255
255
255
255
253
248
244
243
243
243
243
243
243
243
243
243
243
243
243
243
243
243
243
243
243
243
243
243
243
243
243
243
243
243
243
243
243
243
243
243
247
238
186
171
170
165
165
161
163
160
161
161
165
163
165
163
168
201
238
242
244
245
227
170
160
187
243
246
244
244
244
236
182
166
145
68
213
238
248
243
243
243
245
248
242
243
243
248
244
243
243
243
243
243
243
243
243
243
243
249
239
183
164
167
70
53
51
148
167
176
191
233
245
250
247
244
243
243
243
243
243
243
243
243
243
244
246
249
246
196
166
160
177
235
248
243
243
244
242
206
171
164
162
170
214
244
249
243
243
243
243
243
243
243
243
243
243
243
243
243
243
243
243
243
243
243
243
243
243
243
243
243
243
243
243
243
243
243
243
243
243
243
243
243
243
243
243
243
243
243
247
234
172
153
159
159
164
168
171
174
180
179
168
164
165
165
181
221
250
248
245
251
236
172
159
162
192
241
244
249
245
198
166
148
44
56
83
244
248
243
244
248
243
241
216
185
234
242
244
244
243
243
243
243
243
243
243
243
243
249
239
182
162
163
154
64
150
163
173
165
166
173
227
235
240
244
247
244
243
243
243
243
243
243
245
243
241
239
201
167
160
163
178
238
247
243
246
247
213
171
162
163
159
171
206
245
244
243
243
243
243
243
243
243
244
245
244
243
243
243
243
243
243
243
243
243
243
243
243
243
243
243
243
243
243
243
243
243
243
243
243
243
243
243
243
243
243
243
243
243
247
241
181
166
164
161
162
177
216
238
238
235
185
167
160
164
199
242
247
243
243
247
239
196
164
159
164
201
249
248
235
183
161
62
51
57
222
243
252
250
246
242
230
179
166
168
174
203
225
241
243
243
243
243
243
243
243
243
243
249
239
182
161
176
165
152
64
150
163
165
159
164
169
173
185
234
242
244
247
243
243
243
243
246
246
238
206
178
172
164
159
170
230
248
248
243
246
245
206
166
161
163
165
177
239
244
243
243
244
246
248
249
249
249
245
242
242
248
247
245
243
243
243
243
243
243
243
243
243
243
243
243
243
243
243
243
243
243
243
243
243
243
243
243
243
243
243
243
243
243
244
244
231
171
162
165
167
206
253
253
252
248
238
176
165
161
194
243
247
243
243
244
246
226
167
156
163
203
250
251
189
167
160
147
77
223
242
243
236
236
234
189
171
168
163
163
162
171
191
231
246
243
243
243
243
243
243
243
243
249
239
182
161
163
151
51
52
66
168
181
170
165
156
157
163
167
194
239
243
245
244
243
245
241
235
206
179
165
164
165
161
170
226
242
243
246
249
245
202
163
163
161
171
231
245
247
246
248
246
241
234
233
235
235
226
195
210
237
241
244
248
245
243
243
243
243
243
243
243
243
243
243
243
243
243
243
243
243
243
243
243
243
243
243
243
243
243
243
243
243
243
250
236
178
158
167
209
234
245
239
252
248
245
228
167
156
175
219
249
246
243
243
249
236
177
162
160
201
244
241
185
159
163
172
237
233
196
178
182
178
172
173
157
164
164
170
163
163
207
244
247
243
243
243
243
243
243
243
243
249
239
184
164
166
64
53
56
178
197
214
236
184
174
168
160
161
167
170
211
243
246
243
247
235
183
167
166
166
165
166
163
168
170
182
208
239
246
247
201
162
162
162
180
240
255
249
243
239
235
196
172
175
175
175
170
167
171
181
191
220
239
241
246
243
243
243
243
243
243
243
243
243
243
243
243
243
243
243
243
243
244
244
243
243
243
243
243
243
243
243
243
249
234
176
161
172
200
220
82
211
238
247
249
232
175
159
161
199
241
245
243
243
246
243
219
161
158
172
216
206
171
162
166
183
238
208
166
157
157
159
164
167
149
67
148
163
166
164
203
240
244
243
243
243
243
243
243
243
243
249
239
182
161
159
156
78
219
240
245
248
244
242
233
199
166
161
162
161
166
216
246
247
248
228
170
156
165
166
169
167
163
161
159
160
167
193
249
249
201
162
161
161
172
227
240
236
214
175
170
166
160
160
160
161
161
161
163
164
168
170
171
227
243
247
243
243
243
243
243
243
243
243
243
243
243
243
243
243
243
244
251
245
243
243
243
243
243
243
243
243
243
249
233
177
160
163
176
50
56
77
243
248
245
238
193
165
161
169
213
247
246
243
244
249
226
166
159
164
184
180
165
164
171
204
175
171
161
160
168
174
169
149
46
50
66
167
168
167
163
189
232
247
243
243
243
243
243
243
243
249
239
184
160
166
176
238
243
253
248
246
246
248
247
238
196
168
166
159
162
182
228
245
251
229
171
160
163
172
191
191
171
170
167
170
159
182
241
248
204
164
162
170
175
184
179
174
170
164
160
163
163
163
165
163
160
160
163
164
164
162
161
172
232
245
246
243
243
243
243
243
243
243
243
243
243
243
243
243
244
251
247
230
54
243
243
243
243
243
243
243
243
248
233
173
161
167
65
53
55
219
238
246
245
246
225
171
157
162
205
245
246
243
243
247
233
188
165
165
138
146
164
167
175
169
167
163
168
172
211
242
207
70
56
49
154
160
169
165
157
169
221
246
245
243
243
243
243
243
243
249
239
184
158
160
187
244
253
244
243
243
243
243
245
243
243
218
168
163
162
164
192
237
253
225
164
152
166
185
223
242
220
186
216
173
159
166
203
250
205
164
161
172
213
169
159
161
162
163
162
163
170
171
168
168
171
175
169
163
161
165
164
164
175
236
244
246
243
243
243
243
243
243
243
243
243
243
243
243
246
238
217
68
54
243
243
243
243
243
243
243
243
247
239
181
166
160
142
72
221
248
252
244
243
248
228
175
157
164
208
245
247
243
243
245
245
223
171
160
132
116
151
170
167
163
159
158
187
235
246
249
242
211
83
209
185
174
165
165
164
170
224
247
243
243
243
243
243
243
243
249
239
183
160
160
179
239
249
243
243
243
243
243
243
244
247
246
216
167
164
161
165
224
249
233
165
164
194
240
246
248
242
245
235
179
164
158
194
241
204
163
162
173
171
171
161
161
162
168
173
181
197
227
200
189
233
239
213
171
168
164
164
162
164
177
239
245
245
243
243
243
243
243
243
243
243
243
243
243
248
243
78
57
54
243
243
243
243
243
243
243
243
245
244
227
169
167
159
181
218
253
247
243
243
248
229
179
161
164
195
236
248
244
243
243
246
246
216
146
118
113
148
165
165
167
170
169
202
249
249
246
253
239
247
240
233
170
163
163
161
210
243
246
243
243
243
243
243
243
243
249
239
185
159
159
185
239
249
243
243
243
243
243
243
243
244
247
245
210
167
162
164
174
234
239
236
230
240
245
246
244
244
248
246
228
168
159
172
207
204
166
163
164
163
161
167
172
180
196
225
237
243
243
242
243
246
249
244
240
198
165
164
164
162
166
190
241
244
245
246
248
246
244
243
243
243
243
243
243
246
238
211
76
243
243
243
243
243
243
243
243
243
243
251
231
173
160
164
165
208
247
246
243
243
247
233
194
162
164
167
213
242
245
243
243
246
251
232
167
113
115
124
157
170
182
233
235
237
242
244
243
244
246
251
250
227
168
162
162
169
216
249
247
243
243
243
243
243
243
243
250
242
188
162
159
184
239
249
243
243
243
243
243
243
243
243
244
247
243
198
162
162
166
183
243
253
249
247
244
243
243
243
243
250
232
178
155
165
202
201
167
163
165
165
167
187
236
238
239
245
248
247
246
246
245
244
244
248
249
232
188
165
165
166
164
170
205
247
254
238
243
238
251
244
243
243
243
243
243
244
251
238
236
243
243
243
243
243
243
243
243
243
243
248
227
167
159
161
162
206
246
247
243
243
247
236
193
169
162
163
169
225
249
244
243
245
249
227
161
115
113
117
153
176
240
247
249
247
244
243
243
243
243
245
237
194
171
164
161
166
214
247
246
243
243
243
243
243
243
243
245
237
180
162
159
183
239
249
243
243
243
243
243
243
243
243
243
248
247
204
164
162
162
171
230
243
244
243
243
243
243
243
243
248
233
176
156
165
203
203
169
163
165
169
196
243
247
249
246
244
243
243
243
243
243
243
243
243
246
246
214
175
165
168
166
162
191
250
250
219
78
211
238
246
243
243
243
243
243
243
244
246
246
243
243
244
246
248
246
244
243
243
243
248
233
174
165
162
164
209
246
247
243
243
244
245
223
170
165
161
162
214
241
246
243
245
248
217
155
124
116
115
128
224
247
247
243
243
243
243
243
243
243
244
238
196
172
164
161
165
211
248
246
243
243
243
243
243
243
247
245
192
165
163
163
188
240
249
243
243
243
243
243
243
243
243
243
246
244
202
163
162
165
166
179
241
247
243
243
243
243
243
243
248
232
181
155
167
205
203
167
163
164
174
232
245
247
243
243
243
243
243
243
243
243
243
243
243
243
247
251
191
170
161
170
164
178
207
220
51
51
78
243
248
243
243
243
243
243
243
243
243
243
243
243
251
238
243
238
251
244
243
243
246
244
222
166
159
163
190
230
246
244
243
243
246
243
207
158
159
168
166
227
248
243
246
247
215
168
145
127
112
146
227
252
243
243
243
243
243
243
243
243
244
245
229
180
166
160
163
210
246
246
243
243
243
243
243
243
248
239
186
159
164
166
188
239
249
243
243
243
243
243
243
243
243
243
246
248
208
168
163
166
160
179
236
247
243
243
243
243
243
243
250
231
169
155
169
205
202
167
161
164
170
202
244
246
243
243
243
243
243
243
243
243
243
243
243
244
253
247
220
69
144
163
166
168
195
75
56
48
217
238
246
243
243
243
243
243
243
243
243
243
243
243
245
217
78
211
238
246
243
243
244
248
226
171
160
161
161
212
247
245
243
243
247
249
212
162
163
159
178
226
248
243
246
247
214
170
159
136
139
170
229
250
243
243
243
243
243
243
243
243
243
249
235
196
163
160
160
209
247
246
243
243
243
243
243
243
248
242
189
161
164
167
191
239
249
243
243
243
243
243
243
243
243
243
243
246
241
192
161
164
161
180
237
248
243
243
243
243
243
244
246
227
166
157
169
205
202
167
162
164
166
184
238
247
243
243
243
243
243
243
243
243
243
243
243
246
238
220
56
52
64
167
167
165
189
210
83
217
247
251
244
243
243
243
243
243
243
243
243
243
243
243
214
48
52
78
243
248
243
243
243
247
232
180
165
159
166
212
247
246
243
243
244
245
233
190
160
160
168
224
243
245
246
247
214
169
161
145
150
176
231
249
243
243
243
243
243
243
243
243
244
246
230
177
163
159
166
216
246
245
243
243
243
243
243
243
248
241
191
160
164
164
190
241
248
243
243
243
243
243
243
243
243
243
243
248
246
198
164
164
160
178
236
248
243
243
243
243
243
246
241
196
169
159
166
201
203
167
161
165
164
188
238
248
243
243
243
243
243
243
243
243
243
243
243
248
243
78
58
48
158
162
167
164
206
241
253
241
253
244
243
243
243
243
243
243
243
243
243
243
243
243
72
52
48
217
238
246
243
243
243
246
242
214
164
156
169
218
249
247
243
243
243
246
246
210
165
160
163
178
236
249
247
249
215
167
161
164
157
170
228
248
243
243
243
243
243
243
243
243
248
242
209
166
161
162
187
229
246
243
243
243
243
243
243
243
249
244
191
162
163
164
193
239
248
243
243
243
243
243
243
243
243
243
243
247
243
198
164
164
160
178
236
248
243
243
243
243
245
251
239
183
161
160
172
208
206
166
163
167
162
177
236
247
243
243
243
243
243
243
243
243
243
243
243
246
238
211
83
209
184
168
163
164
207
241
253
241
253
244
243
243
243
243
243
243
243
243
243
243
243
243
207
78
217
247
251
244
243
243
243
244
249
223
167
159
162
212
242
246
243
243
243
243
246
234
193
167
160
165
227
245
249
243
210
164
162
172
158
176
232
247
243
243
243
243
243
243
243
245
242
229
170
162
162
168
211
247
246
243
243
243
243
243
243
243
246
239
184
159
164
166
185
240
248
243
243
243
243
243
243
243
243
243
243
248
246
198
163
164
160
178
236
248
243
243
243
244
240
241
225
170
160
166
200
243
202
164
163
166
162
171
205
246
247
243
243
243
243
243
243
243
243
243
243
244
251
238
248
229
182
159
164
171
197
217
82
210
238
246
243
243
243
243
243
243
243
243
243
243
243
243
236
243
238
251
244
243
243
243
243
243
246
242
208
158
162
171
226
250
244
243
243
243
244
246
239
191
160
163
168
235
247
226
172
164
163
166
210
224
238
244
243
243
243
243
243
243
243
248
240
179
164
160
161
198
242
246
243
243
243
243
243
243
243
246
247
198
166
163
162
173
205
244
246
243
243
243
243
243
243
243
243
243
244
246
240
190
162
164
159
178
236
248
243
243
243
247
242
190
170
169
162
188
244
251
209
169
163
165
165
163
185
239
247
244
243
243
243
243
243
243
243
243
243
243
244
246
252
244
180
166
168
163
174
50
56
78
243
248
243
243
243
243
243
243
243
243
243
243
243
243
246
248
246
244
243
243
243
243
243
243
246
248
227
181
156
160
213
242
246
243
243
243
243
248
244
196
159
151
162
183
247
220
166
160
163
173
224
252
247
244
243
243
243
243
243
243
246
245
230
170
159
159
174
219
248
246
243
243
243
243
243
243
243
247
242
193
161
163
163
181
239
249
245
243
243
243
243
243
243
243
243
243
247
248
202
167
166
166
161
177
235
248
243
243
243
251
244
179
157
156
167
197
244
251
241
193
164
165
167
162
170
208
243
244
243
243
243
243
243
243
243
243
243
243
243
243
245
245
235
168
162
161
68
53
50
217
238
246
243
243
243
243
243
243
243
243
243
243
243
243
243
243
243
243
243
243
243
243
243
243
243
246
231
185
160
161
175
227
246
243
243
243
243
246
244
206
172
171
174
218
246
221
167
161
164
170
217
243
244
244
243
243
243
243
243
245
245
240
176
167
161
164
195
244
246
243
243
243
243
243
243
243
243
248
243
195
163
164
164
179
234
246
245
244
243
243
243
243
243
243
243
244
245
229
188
163
165
164
165
183
238
247
244
246
249
254
241
171
64
142
161
193
245
249
247
222
176
161
165
167
165
176
217
247
247
243
243
243
243
243
243
243
243
243
243
243
245
255
240
164
63
141
163
81
222
247
251
244
243
243
243
243
243
243
243
243
243
243
243
243
243
243
243
243
243
243
243
243
243
243
243
247
235
193
168
206
193
224
245
243
243
243
243
243
243
238
233
232
236
243
248
221
169
159
163
168
176
199
235
244
243
243
243
243
245
245
241
185
163
159
163
188
242
245
244
243
243
243
243
243
243
243
243
248
243
195
162
164
164
168
180
220
244
247
246
244
243
243
243
243
245
248
235
194
167
165
165
161
170
211
241
247
243
239
239
233
173
53
48
68
182
243
243
246
246
244
191
164
163
171
159
161
187
248
248
243
243
243
243
243
243
243
243
243
243
243
247
241
215
54
47
74
189
245
243
251
244
243
243
243
243
243
243
243
243
243
243
243
243
243
243
243
243
243
243
243
243
243
243
243
243
243
241
235
237
235
242
240
244
243
243
243
243
243
244
246
248
248
247
246
249
228
178
167
166
165
171
181
240
251
245
243
243
244
246
243
192
165
161
164
182
242
246
245
243
243
243
243
243
243
243
243
243
248
243
194
161
164
166
163
165
172
203
238
243
247
247
245
245
248
246
243
212
168
163
165
169
169
197
239
244
248
248
217
183
167
68
44
44
160
234
248
245
243
244
243
240
184
171
168
151
65
155
214
249
247
244
243
243
243
243
243
243
243
243
244
251
242
82
53
46
149
197
251
251
244
243
243
243
243
243
243
243
243
243
244
246
246
243
243
243
243
243
243
243
243
243
243
243
243
243
243
245
246
247
247
246
244
243
243
243
243
243
243
243
243
243
243
243
243
246
237
207
161
165
164
164
216
234
239
243
247
252
250
245
198
165
162
161
175
236
246
245
243
243
243
243
243
243
243
243
243
243
247
241
190
155
158
163
163
161
164
168
173
209
237
241
247
245
242
228
191
170
165
163
161
162
215
239
243
246
248
242
204
162
154
149
75
161
217
248
248
243
243
243
245
246
236
171
144
47
51
67
179
224
244
245
244
243
243
243
243
243
243
244
246
249
229
159
63
147
164
201
243
247
243
243
243
243
243
243
243
243
243
244
251
238
236
243
243
243
243
243
243
243
244
246
248
246
244
243
243
243
243
243
243
243
243
243
243
243
243
243
243
243
243
243
243
243
243
249
230
174
165
162
166
172
175
178
197
207
234
236
238
201
167
162
158
166
200
244
247
243
243
243
243
243
243
243
243
243
243
243
247
244
193
169
180
172
164
160
163
161
164
168
172
192
230
232
182
169
167
163
165
163
163
171
207
246
246
245
243
217
170
167
171
158
217
230
253
247
243
243
243
243
243
247
244
188
68
52
44
148
160
171
217
247
249
247
245
243
243
245
247
246
242
224
187
166
165
161
168
197
243
247
243
243
243
243
243
243
243
243
244
251
247
217
80
243
243
243
243
243
243
244
251
238
243
238
251
244
243
243
243
243
243
243
243
243
243
243
243
243
243
243
243
243
243
243
243
244
242
207
156
162
164
166
164
164
165
183
174
176
173
166
160
159
165
176
236
244
244
243
243
243
243
243
243
243
243
243
243
243
244
241
237
233
236
231
175
164
160
160
159
155
155
159
165
164
160
156
160
162
162
162
164
216
241
241
244
248
224
171
162
166
164
149
79
221
242
248
243
243
243
243
243
245
243
236
206
80
152
166
165
164
169
217
237
240
244
251
248
244
241
240
204
172
168
165
168
167
164
195
244
247
243
243
243
244
246
248
246
244
246
238
217
48
49
54
243
243
243
243
244
251
247
217
78
211
238
246
243
243
243
243
243
244
246
248
246
244
243
243
243
243
243
243
243
243
243
244
247
243
204
160
160
160
161
159
159
158
156
152
155
164
176
181
183
232
243
246
243
243
243
243
243
243
243
243
243
243
243
243
243
244
247
248
250
246
235
190
176
175
176
174
173
172
171
170
172
176
175
171
172
173
219
243
248
244
243
248
223
168
164
157
138
38
52
80
243
248
243
243
243
243
243
243
246
253
241
242
213
172
162
159
165
169
174
182
230
237
236
213
186
191
179
167
164
165
167
164
164
195
243
247
243
243
244
251
238
243
238
251
250
245
81
57
53
243
243
243
243
243
246
238
217
48
52
78
243
248
243
243
243
243
244
251
238
243
238
251
244
243
243
243
243
243
243
243
243
243
245
246
243
204
172
172
177
175
176
176
174
173
172
207
238
236
239
242
247
243
243
243
243
243
243
243
243
243
243
243
243
243
243
243
243
243
243
246
243
239
234
234
234
233
233
235
235
235
234
235
235
214
204
237
242
245
244
243
243
245
243
212
174
203
73
51
53
222
243
250
244
243
243
243
243
243
243
246
251
255
250
222
172
166
161
156
152
160
166
174
174
169
167
164
165
167
167
167
167
163
163
197
244
247
243
244
251
247
217
78
211
238
251
247
204
78
202
243
243
243
243
243
248
243
78
52
48
217
238
246
243
243
243
244
251
247
217
78
211
238
246
243
243
243
243
243
243
243
243
243
243
244
244
241
235
232
234
234
234
233
234
232
236
242
248
248
247
245
243
243
243
243
243
243
243
243
243
243
243
243
243
243
243
243
243
243
243
243
244
247
248
249
249
249
249
249
249
249
249
249
247
244
243
245
246
244
243
243
243
244
245
241
245
239
217
84
228
242
252
239
251
244
243
243
243
243
244
251
238
244
239
251
241
203
175
174
173
173
167
160
152
155
158
159
158
160
160
159
159
156
166
205
246
246
243
246
238
217
49
55
85
252
255
255
213
78
199
243
243
243
243
243
246
238
211
78
217
247
251
244
243
243
243
246
238
217
48
52
78
243
248
243
243
243
243
243
243
243
243
243
243
243
244
246
248
249
249
249
249
249
249
249
247
246
244
243
243
243
243
243
243
243
243
243
243
243
243
243
243
243
243
243
243
243
243
243
243
243
243
243
243
243
243
243
243
243
243
243
243
243
243
244
244
243
243
243
243
243
243
243
246
253
243
254
236
255
243
227
80
211
238
246
243
243
243
244
251
247
217
78
212
241
249
241
236
233
235
237
227
177
172
175
174
175
176
176
176
175
171
169
186
241
244
243
243
248
243
80
61
42
222
225
247
213
61
59
76
243
243
243
243
243
244
251
238
243
238
251
244
243
243
243
243
248
243
78
52
48
217
238
246
243
243
243
243
243
243
243
243
243
243
243
243
243
243
243
243
243
243
243
243
243
243
243
243
243
243
243
243
243
243
243
243
243
243
243
243
243
243
243
243
243
243
243
243
243
243
243
243
243
243
243
243
243
243
243
243
243
243
243
243
243
243
243
243
243
243
243
243
244
251
247
217
80
217
238
225
49
52
78
243
248
243
243
243
246
238
217
48
52
78
243
249
246
247
248
249
251
243
238
232
235
234
234
234
234
234
233
233
232
239
241
245
243
243
246
239
219
82
194
97
208
89
44
46
52
214
243
243
243
243
243
243
244
246
248
246
244
243
243
243
243
243
246
238
211
78
217
247
251
244
243
243
243
243
243
243
243
243
243
243
243
243
243
243
243
243
243
243
243
243
243
243
243
243
243
243
243
243
243
243
243
243
243
243
243
243
243
243
243
243
243
243
243
243
243
243
243
243
243
243
243
243
243
243
243
243
243
243
243
243
243
243
243
243
243
243
243
243
246
238
217
48
52
83
243
83
52
48
217
238
246
243
243
243
248
243
78
52
48
217
238
246
243
243
243
243
243
245
247
248
249
249
249
249
249
249
249
249
248
247
244
243
243
243
244
254
232
217
48
61
36
55
44
78
223
245
243
243
243
243
243
243
243
243
243
243
243
243
243
243
243
243
244
251
238
243
238
251
244
243
243
243
243
243
243
243
243
243
243
243
243
243
243
243
243
243
243
243
243
243
243
243
243
243
243
243
243
243
243
243
243
243
243
243
243
243
243
243
243
243
243
243
243
243
243
243
243
243
243
243
243
243
243
243
243
243
243
243
243
243
243
243
243
243
243
243
243
243
246
236
80
49
49
214
229
211
72
214
245
251
244
243
243
243
246
236
207
72
214
245
251
244
243
243
243
243
243
243
243
243
243
243
243
243
243
243
243
243
243
243
243
243
243
243
243
248
240
85
59
41
48
65
204
236
241
251
243
243
243
243
243
243
243
243
243
243
243
243
243
243
243
243
243
243
243
243
243
243
243
243
243
243
243
243
243
243
243
243
243
243
243
243
243
243
243
243
243
243
243
243
243
243
243
243
243
243
243
243
243
243
243
243
243
243
243
243
243
243
243
243
243
243
243
243
243
243
243
243
243
243
243
243
243
243
243
243
243
243
243
243
243
243
243
243
243
243
243
243
243
243
243
54
243
243
243
243
243
243
243
243
243
243
243
243
243
243
243
243
243
243
243
243
243
243
243
243
243
243
243
243
243
243
243
243
243
243
243
243
243
243
243
243
243
243
243
243
243
243
54
243
54
243
243
243
243
243
243
