241
241
241
241
241
241
241
241
241
241
241
241
241
241
241
241
241
241
241
241
241
241
241
241
241
241
241
241
241
241
241
241
241
241
241
241
241
241
241
241
241
241
241
241
241
241
245
152
122
187
247
241
241
241
241
241
241
241
241
241
241
241
241
241
241
241
241
241
241
241
241
241
241
241
241
241
241
241
241
241
241
241
241
241
241
241
241
241
241
241
241
241
241
241
241
241
241
241
241
241
241
241
241
241
241
241
241
241
241
241
241
241
241
241
241
241
241
241
241
241
241
241
241
241
241
107
241
241
241
241
241
241
241
241
241
241
241
241
241
241
241
241
241
241
241
241
241
241
241
241
241
241
241
241
241
241
241
241
241
241
241
241
241
241
241
241
241
241
241
241
241
241
241
241
241
241
241
241
241
241
241
241
241
241
241
241
241
241
241
241
241
241
241
241
241
244
241
163
129
127
205
240
244
241
242
247
237
241
237
247
242
241
241
241
241
241
241
241
241
241
241
241
241
241
241
241
241
241
241
241
241
241
241
241
241
241
241
241
241
241
241
241
241
241
241
241
241
241
241
241
241
241
241
241
241
241
241
241
241
241
241
241
241
241
241
241
241
241
241
241
241
244
236
218
105
105
125
236
244
241
241
241
241
241
241
241
241
241
241
241
241
241
241
241
241
241
241
241
241
241
241
241
241
241
241
241
241
241
241
241
241
241
243
245
247
248
248
246
243
241
241
241
241
241
241
241
241
241
241
241
241
241
241
241
241
241
241
241
241
241
241
241
241
241
241
244
244
218
130
117
148
235
249
244
247
244
224
124
218
237
244
241
241
241
241
241
241
241
241
241
241
241
241
241
241
241
241
241
241
242
244
245
244
242
241
241
241
241
241
241
241
241
241
241
241
241
241
241
241
241
241
241
241
241
241
241
241
241
241
242
244
245
244
242
241
241
241
241
241
241
241
245
241
124
106
103
224
237
244
241
241
241
241
241
241
241
241
241
241
241
241
241
241
241
241
241
241
241
241
241
241
241
241
241
241
241
241
241
241
241
241
242
243
235
230
224
228
235
244
246
245
244
243
241
241
241
241
241
241
241
241
241
241
241
241
241
241
241
241
241
241
241
241
241
241
242
248
232
145
119
133
215
240
244
239
223
103
106
124
241
245
241
241
241
241
241
241
241
241
241
241
241
241
241
241
241
241
241
242
247
237
241
237
247
242
241
241
241
241
241
241
241
241
241
241
241
241
241
241
241
241
241
241
241
241
241
241
241
242
247
237
241
237
247
242
241
241
241
241
244
246
249
244
223
125
224
244
247
242
241
241
241
241
241
241
241
241
241
241
241
241
241
241
241
241
241
241
241
241
241
241
241
241
241
241
241
241
241
241
241
241
243
246
210
144
136
142
199
244
241
232
240
243
243
241
241
241
241
241
241
241
241
241
241
241
241
241
241
241
241
241
241
241
241
241
241
245
244
208
130
128
135
194
248
247
124
106
103
224
237
244
241
241
241
241
241
241
241
241
241
241
241
241
241
241
241
241
242
247
244
224
124
218
237
244
241
241
241
241
241
241
241
241
241
241
241
241
241
241
241
241
241
241
241
241
241
241
242
247
244
224
124
218
237
244
243
246
248
249
247
237
228
237
234
246
240
247
242
241
241
241
241
241
241
241
241
241
241
241
241
241
241
241
241
241
241
241
241
241
241
241
241
241
241
241
241
241
241
241
241
241
245
246
200
127
111
120
177
224
157
154
213
244
248
243
241
241
241
241
241
241
241
241
241
241
241
241
241
241
241
241
241
241
241
241
241
243
246
241
180
116
114
176
242
243
220
124
224
244
247
242
241
241
241
241
241
241
241
241
241
241
241
241
241
241
241
241
244
237
224
103
106
124
242
247
246
247
247
245
243
241
241
241
241
241
241
241
241
241
241
241
241
241
241
241
241
241
244
237
224
103
106
124
241
247
243
236
230
229
230
171
137
144
202
244
242
244
241
241
241
241
241
241
241
241
241
241
241
241
241
241
241
241
241
241
241
241
241
241
241
241
241
241
241
241
241
241
241
241
241
241
246
248
207
134
123
131
138
136
132
124
138
218
241
242
245
241
241
241
241
241
241
241
241
241
241
241
241
241
241
241
241
241
241
241
241
241
247
248
191
129
121
133
209
249
243
242
237
247
242
241
241
241
241
241
241
241
241
241
241
241
241
241
241
241
241
241
245
241
124
106
103
223
239
241
231
222
228
235
243
242
241
241
241
241
241
241
241
241
241
241
241
241
242
244
245
244
246
241
124
106
103
224
241
249
245
189
137
144
139
131
119
125
153
170
238
247
241
241
241
241
241
241
241
241
241
241
241
241
241
241
241
241
241
241
241
241
241
241
241
241
241
241
241
241
241
241
241
241
241
241
246
242
201
130
126
129
126
125
125
122
129
131
182
243
248
245
242
241
241
241
241
241
241
241
241
241
241
241
241
241
241
241
241
241
241
241
243
244
238
162
124
122
137
227
247
248
244
242
241
241
241
241
241
241
241
241
241
241
241
241
241
241
241
241
241
241
244
237
218
124
224
244
248
246
178
139
141
209
247
244
241
241
241
241
241
241
241
241
241
241
241
242
247
237
241
237
248
239
218
125
227
249
249
244
203
131
122
121
125
127
128
130
122
149
228
246
245
241
241
241
241
241
241
241
241
241
241
241
241
241
241
241
241
241
241
241
241
241
241
241
241
241
241
241
241
241
241
241
241
241
248
230
148
126
125
124
122
132
132
133
124
122
129
191
239
239
244
241
241
241
241
241
241
241
241
241
241
241
241
241
241
242
244
245
244
242
241
245
245
232
151
122
123
155
237
246
244
241
241
241
241
241
241
241
241
241
241
241
241
241
241
241
241
241
241
241
242
247
237
242
239
249
246
244
220
130
115
194
241
246
241
241
241
241
241
241
241
241
241
241
242
247
244
224
126
222
243
249
239
245
235
243
229
163
132
130
127
131
132
131
131
130
126
129
172
240
244
242
241
241
241
241
241
241
241
241
241
241
241
241
241
241
241
241
241
241
241
241
241
241
241
241
241
241
241
241
241
241
241
242
248
225
145
119
135
140
146
156
192
131
120
125
129
131
163
241
248
243
241
241
241
241
241
241
241
241
241
241
241
241
242
247
237
241
237
247
242
241
246
246
213
133
122
124
178
243
246
243
241
241
241
241
241
241
241
241
241
241
241
241
241
241
241
241
241
241
241
242
245
249
239
242
238
251
232
146
121
155
232
247
241
241
241
241
241
241
241
241
241
241
244
237
224
105
107
115
233
239
249
246
225
149
135
131
125
128
128
127
124
123
126
129
127
122
130
197
246
243
241
241
241
241
241
241
241
241
241
241
241
241
241
241
241
241
241
241
241
241
241
241
241
241
241
241
241
241
241
241
241
245
246
221
137
120
142
218
234
240
217
157
133
133
124
121
143
222
240
242
243
241
241
241
241
241
241
241
241
241
241
242
247
244
224
124
218
237
244
241
242
246
244
189
126
121
128
202
244
246
242
241
241
241
241
241
241
241
241
241
241
241
241
241
241
241
241
241
241
242
247
244
224
124
218
246
231
147
114
154
225
246
242
241
241
241
241
241
241
241
241
241
245
241
124
110
107
179
144
221
250
240
157
123
121
127
127
124
122
131
140
148
139
134
129
126
133
198
246
243
241
241
241
241
241
241
241
241
241
241
241
241
241
241
241
241
241
241
241
241
241
241
241
241
241
241
241
241
241
241
243
243
236
156
128
120
149
233
251
248
241
235
224
146
125
123
130
142
207
247
246
241
241
241
241
241
241
241
241
241
241
244
237
224
103
106
124
241
245
241
241
243
245
241
169
124
121
136
222
245
246
241
241
241
241
241
241
241
241
241
241
241
241
241
241
241
242
244
247
249
244
227
104
106
124
248
230
145
114
142
224
248
242
241
241
241
241
241
241
241
241
241
244
237
219
128
219
178
136
211
250
233
153
116
123
125
136
141
148
169
232
240
209
138
123
126
172
239
248
243
241
241
241
241
241
241
241
241
241
241
241
241
241
241
241
241
241
241
241
241
241
241
241
241
241
241
241
241
241
241
246
245
181
129
120
126
156
233
247
242
244
249
246
224
143
133
121
103
183
239
248
243
243
242
241
241
241
241
241
241
241
245
241
124
106
103
224
237
244
241
241
241
245
245
233
145
122
122
150
234
243
243
241
241
241
241
241
241
241
241
241
241
241
241
241
241
245
236
231
228
236
127
115
109
227
246
239
154
121
145
224
248
242
241
241
241
241
241
241
241
241
241
242
247
238
247
225
145
141
214
250
232
160
137
143
128
108
211
225
242
249
250
219
117
119
125
170
238
248
243
241
241
241
241
241
241
241
241
241
241
241
241
241
241
241
241
241
241
241
241
241
241
241
241
241
241
241
241
241
241
247
241
177
122
122
137
213
244
244
241
241
242
244
244
229
158
99
106
135
247
249
244
242
248
247
245
243
241
241
241
241
244
237
218
124
224
244
247
242
241
241
241
242
246
244
217
133
120
126
178
246
248
241
241
241
241
241
241
241
241
241
241
241
241
241
241
245
222
148
136
147
207
115
223
241
251
238
203
119
132
219
244
245
241
241
241
241
241
241
241
241
241
241
242
245
249
236
177
129
215
250
235
178
215
209
100
108
136
248
249
241
225
113
105
105
124
136
200
248
243
241
241
241
241
241
241
241
241
241
241
241
241
241
241
241
241
241
241
241
241
241
241
241
241
241
241
241
241
241
241
248
244
181
124
121
187
242
248
242
241
241
241
242
248
246
133
106
100
180
229
234
182
205
228
233
238
244
243
241
241
241
242
247
237
241
237
247
242
241
241
241
241
241
242
247
245
199
132
122
167
235
246
242
241
241
241
241
241
241
241
241
241
241
241
241
241
247
223
138
119
132
132
177
123
226
244
245
157
129
124
161
239
246
241
241
241
241
241
241
241
241
241
241
241
243
248
222
133
134
214
249
238
244
241
134
112
106
224
237
247
241
125
111
100
125
119
126
191
244
245
241
241
241
241
241
241
241
241
241
241
241
241
241
241
241
241
241
241
241
241
241
241
241
241
241
241
241
241
241
242
246
238
175
118
126
191
247
247
241
241
241
241
241
244
242
222
114
123
141
149
142
137
137
140
140
211
246
249
245
243
241
241
242
244
245
244
242
241
241
241
241
241
241
241
244
246
234
173
121
133
200
248
243
241
241
241
241
241
241
242
243
244
243
242
241
241
246
242
197
127
121
125
100
114
128
245
244
205
125
113
155
233
247
241
241
241
241
241
241
242
243
243
242
241
244
248
214
134
137
226
248
243
246
239
219
124
224
244
247
245
237
221
128
175
131
121
136
201
248
243
241
241
241
241
241
241
241
241
241
241
241
241
241
241
241
241
241
241
241
241
241
241
241
241
241
241
241
241
241
243
247
205
136
118
125
187
244
246
241
241
241
241
241
242
250
236
157
121
126
124
123
123
121
120
123
139
220
235
239
244
243
241
241
241
241
241
241
241
241
241
241
241
241
241
245
247
209
143
120
128
193
245
245
241
241
241
242
244
247
249
241
241
236
243
241
241
246
248
204
134
124
109
100
110
220
244
249
220
140
119
153
234
248
241
241
241
241
242
244
244
242
244
246
249
249
246
209
122
182
234
246
241
242
247
237
241
237
247
242
242
247
242
246
191
133
118
170
236
247
242
241
241
241
241
241
241
241
241
241
241
241
241
241
241
241
241
241
241
241
241
241
241
241
241
241
241
241
241
241
245
246
198
129
115
136
197
247
245
241
241
241
241
241
242
246
232
152
125
129
127
122
130
128
132
123
132
135
142
207
244
247
243
241
241
241
241
241
241
241
241
241
241
241
242
248
242
189
125
118
131
195
246
246
241
241
242
247
238
240
232
226
177
237
247
241
241
246
249
203
134
123
128
105
141
229
248
249
241
186
117
153
234
248
241
241
241
242
246
245
240
202
183
228
228
237
241
158
138
145
232
247
241
241
242
244
245
244
242
241
241
242
249
244
193
123
122
176
243
249
241
241
241
241
241
241
241
241
241
241
241
241
241
241
241
241
241
241
241
241
241
241
241
241
241
241
241
241
241
241
246
248
204
131
115
164
235
246
242
241
241
241
241
241
244
245
194
136
122
124
132
136
149
200
143
125
121
120
123
136
218
239
242
243
241
241
241
241
241
241
241
241
241
241
245
244
217
135
130
121
129
195
246
245
241
242
247
244
225
129
178
131
153
228
246
243
242
249
244
200
126
125
127
125
126
164
239
247
247
191
122
150
234
248
241
241
242
245
241
233
171
135
137
140
142
146
201
201
124
188
240
246
241
241
241
241
241
241
241
241
241
242
247
220
142
121
121
172
239
248
241
241
241
241
241
241
241
241
241
241
241
241
241
241
241
241
241
241
241
241
241
241
241
241
241
241
241
241
241
241
246
242
197
124
120
169
241
249
241
241
241
241
241
241
248
243
176
126
126
135
162
226
239
238
213
147
138
132
122
128
136
194
242
244
241
241
241
241
241
241
241
241
241
243
244
232
146
126
123
121
133
199
248
244
241
244
237
224
105
107
102
121
121
180
246
247
247
245
231
120
119
137
145
140
126
131
193
249
249
190
122
152
237
248
241
242
246
243
213
142
130
123
120
118
116
124
137
133
135
196
247
246
241
241
241
241
241
241
241
241
241
244
249
215
137
117
131
177
245
246
241
241
241
241
241
241
241
241
241
241
241
241
241
241
241
241
241
241
241
241
241
241
241
241
241
241
241
241
241
242
249
228
144
123
121
166
238
246
241
241
241
241
241
242
247
236
169
118
125
185
240
247
249
247
240
237
222
146
127
120
123
177
243
247
241
241
241
241
241
241
241
241
241
246
245
179
131
121
130
130
178
239
244
242
241
245
241
124
107
108
189
139
126
140
211
245
241
224
110
101
100
139
219
176
121
117
178
246
249
193
123
146
233
247
244
244
243
224
138
124
121
125
136
135
139
126
127
120
135
205
248
244
241
241
241
241
241
241
241
241
241
245
243
212
131
118
149
229
246
243
241
241
241
241
241
241
241
241
241
241
241
241
241
241
241
241
241
241
241
241
241
241
241
241
241
242
244
245
244
245
244
214
132
118
133
181
244
245
241
241
241
241
241
243
248
201
134
120
135
203
249
245
242
243
245
249
248
218
140
126
122
174
237
246
242
241
241
241
241
241
241
241
243
247
236
163
121
126
140
217
241
243
244
241
241
244
237
218
125
224
241
226
139
121
153
236
249
127
114
103
128
136
180
204
142
129
131
214
249
201
129
122
176
241
244
248
240
163
125
118
128
135
193
225
181
186
135
118
167
233
245
243
241
241
241
241
241
241
241
241
241
246
236
153
127
120
155
234
249
241
241
241
241
241
241
241
241
241
241
241
241
241
241
241
241
241
241
241
241
241
241
241
241
241
242
247
237
241
238
249
242
159
129
119
145
226
246
243
241
241
241
241
241
246
247
196
126
115
167
236
246
242
241
241
241
242
247
243
189
125
122
138
204
247
243
241
241
241
241
241
242
243
246
245
192
130
122
125
197
245
249
246
246
244
242
242
247
237
242
239
249
240
162
120
128
212
236
218
133
219
174
120
157
232
220
134
119
143
231
195
130
116
139
204
248
249
235
154
121
129
149
226
244
243
249
232
168
118
133
203
248
243
241
241
241
241
241
241
241
241
241
248
229
150
119
119
152
232
247
241
241
241
241
241
241
241
241
241
241
241
241
241
241
241
241
241
241
241
241
241
241
241
241
242
247
244
225
126
224
245
233
147
118
118
147
229
248
243
244
245
244
242
241
246
240
191
121
120
173
241
248
241
241
241
241
241
247
246
193
129
115
127
195
245
245
242
245
247
247
245
244
241
241
207
133
125
125
137
206
250
248
237
241
237
247
242
242
244
245
244
245
243
215
131
127
135
198
243
250
241
187
124
131
204
242
153
122
128
164
192
135
119
134
202
247
249
231
151
125
185
242
243
248
244
250
243
171
118
128
200
246
243
241
241
241
241
241
241
241
241
242
249
233
153
120
129
162
239
246
241
241
241
241
241
241
241
241
241
241
241
241
241
241
241
241
241
241
241
241
241
241
241
241
244
237
225
110
102
129
241
198
134
126
131
161
235
248
247
237
241
237
247
243
247
221
141
122
130
176
244
246
241
241
241
241
241
246
244
191
127
120
137
203
247
244
247
239
231
231
241
249
246
185
135
130
123
123
176
238
249
245
223
124
218
237
244
241
241
241
241
242
246
245
194
125
119
163
235
250
248
182
118
122
190
244
216
132
120
125
177
172
126
132
201
250
245
175
120
159
236
247
245
242
241
249
241
172
125
172
242
245
242
241
241
241
241
241
241
241
242
243
244
224
144
116
133
214
244
244
241
241
241
241
241
241
241
241
241
241
241
241
241
241
241
241
241
241
241
241
241
241
241
241
245
242
130
109
93
113
216
179
124
123
184
237
242
249
244
224
124
218
237
246
247
216
136
115
148
228
245
243
241
241
241
241
241
246
245
191
126
117
174
238
247
247
244
229
120
119
224
239
232
153
123
125
125
130
183
249
242
224
103
106
124
241
245
241
241
241
241
241
243
248
237
164
122
130
141
228
243
182
117
121
189
249
247
194
131
132
134
190
141
127
200
249
209
129
123
172
245
246
241
241
242
246
234
159
147
232
249
245
241
241
241
241
241
241
241
241
243
244
217
150
128
124
146
227
247
242
241
241
241
241
241
241
241
241
241
241
241
241
241
241
241
241
241
241
241
241
241
241
241
241
244
239
215
106
94
114
122
172
122
130
197
250
247
238
224
103
106
124
241
247
244
213
130
117
155
234
248
241
241
241
241
241
241
247
247
194
126
120
178
242
249
237
225
111
96
103
123
212
142
133
129
124
127
157
236
249
245
127
108
105
224
237
244
241
241
241
241
241
241
246
246
177
128
118
124
154
238
185
128
122
187
247
248
242
221
139
128
134
130
132
204
247
195
124
150
233
242
243
241
241
245
247
196
127
145
229
246
243
241
241
241
241
241
241
241
241
247
246
194
129
118
126
195
241
246
241
241
241
241
241
241
241
241
241
241
241
241
241
241
241
241
241
241
241
241
241
241
241
241
241
242
249
237
124
105
115
185
131
120
131
198
244
247
243
127
108
105
224
237
248
237
154
124
126
158
238
246
241
241
241
241
241
241
247
241
187
120
128
183
247
249
241
127
100
97
121
217
146
126
124
126
128
140
226
246
250
234
218
120
230
244
247
242
241
241
241
241
241
241
243
243
233
148
126
120
131
182
237
156
123
187
246
248
249
231
147
119
126
124
127
201
225
142
127
210
247
246
241
241
241
246
244
188
121
130
184
249
243
241
241
241
241
241
241
241
242
248
241
187
122
120
141
211
247
244
241
241
241
241
241
241
241
241
241
241
241
241
241
241
241
241
241
241
241
241
241
241
241
241
241
241
245
239
223
131
223
192
128
121
138
201
250
249
233
218
120
230
244
247
249
231
151
116
133
216
244
245
241
241
241
241
241
244
249
220
137
100
144
229
247
245
237
222
120
121
226
217
143
125
126
123
134
208
246
249
245
230
120
218
234
248
242
241
241
241
241
241
241
241
241
245
245
220
136
123
120
169
225
153
122
187
245
247
246
235
158
130
129
125
128
152
200
143
133
221
247
243
241
241
241
246
246
189
120
144
229
245
242
241
241
241
241
241
241
242
245
245
214
136
124
128
178
243
245
242
241
241
241
241
241
241
241
241
241
241
241
241
241
241
241
241
241
241
241
241
241
241
241
241
241
241
242
247
238
247
218
148
125
122
169
237
248
246
230
120
218
234
248
245
245
229
145
116
142
222
248
243
241
241
241
241
241
246
241
203
106
97
126
236
249
243
247
239
235
235
191
142
131
124
131
132
189
242
248
239
224
105
108
127
244
246
241
241
241
241
241
241
241
241
241
242
246
245
198
130
124
135
148
138
135
189
247
247
244
239
239
185
129
124
121
140
188
136
184
240
247
241
241
241
241
247
246
190
121
151
235
248
241
241
241
241
241
241
241
243
244
231
149
127
118
150
232
247
244
241
241
241
241
241
241
241
241
241
241
241
241
241
241
241
241
241
241
241
241
241
241
241
241
241
241
241
241
242
245
249
217
138
118
125
174
245
246
223
105
108
127
244
246
246
248
175
127
98
140
218
248
241
241
241
241
241
241
248
236
129
102
98
150
230
247
241
243
247
251
248
181
122
121
127
140
223
240
242
247
241
124
106
103
224
237
244
241
241
241
241
241
241
241
241
241
241
243
246
242
174
126
119
129
182
132
184
242
248
243
245
247
242
181
134
131
134
127
134
191
246
247
241
241
241
242
246
241
183
124
155
240
246
241
241
241
241
241
241
241
246
243
179
131
120
126
163
241
247
241
241
241
241
241
241
241
241
241
241
241
241
241
241
241
241
241
241
241
241
241
241
241
241
241
241
241
241
241
241
243
248
213
134
113
121
167
243
247
123
106
103
224
237
246
247
236
161
99
99
125
236
248
241
241
241
241
241
244
245
221
134
99
124
161
241
246
241
243
239
239
203
141
125
123
133
211
247
247
243
244
237
218
124
224
244
247
242
241
241
241
241
241
241
241
241
241
241
241
244
245
237
153
125
133
135
136
133
211
243
244
241
245
243
241
207
133
120
112
130
198
247
244
241
241
241
242
247
221
141
130
215
244
245
241
241
241
241
241
241
243
247
236
159
120
125
140
225
243
244
241
241
241
241
241
241
241
241
241
241
241
241
241
241
241
241
241
241
241
241
241
241
241
241
241
241
241
241
241
241
242
246
223
145
121
127
174
247
242
218
124
224
244
247
245
243
191
113
103
110
198
243
246
241
241
241
241
241
245
243
170
129
119
135
221
245
245
241
247
240
170
134
129
124
130
189
245
246
242
241
242
247
237
241
237
247
242
241
241
241
241
241
241
241
241
241
241
241
241
241
245
245
224
137
125
125
124
127
149
233
247
241
241
244
249
225
145
120
108
165
238
246
242
241
241
241
244
249
215
129
135
224
249
242
241
241
241
241
241
241
244
243
191
132
120
125
200
244
247
242
241
242
243
243
242
241
241
241
241
241
241
241
241
241
241
241
241
241
241
241
241
241
241
241
241
241
241
241
241
241
241
242
239
235
168
150
230
244
248
237
241
237
247
243
247
217
138
118
106
171
240
248
243
241
241
241
241
241
249
239
165
122
118
143
223
248
243
245
247
232
151
120
125
123
162
235
247
243
241
241
241
242
244
245
244
242
241
241
241
241
241
241
241
241
241
241
241
241
241
241
242
246
244
203
132
127
127
121
160
227
247
241
241
241
247
240
190
108
102
170
242
249
241
241
241
241
245
243
208
122
135
221
248
241
241
241
241
241
241
244
249
216
141
122
121
135
209
247
244
242
246
241
240
237
242
241
241
241
241
241
241
241
241
241
241
241
241
241
241
241
241
241
241
241
241
241
241
241
241
241
241
242
246
244
237
235
239
246
243
244
245
244
242
244
248
213
137
115
124
176
243
248
241
241
241
241
241
242
246
234
161
122
124
145
227
248
244
241
240
175
131
127
127
124
166
238
249
241
241
241
241
241
241
241
241
241
241
241
241
241
241
241
241
241
241
241
241
241
241
241
241
243
247
241
176
126
126
123
147
228
248
241
241
241
246
249
207
125
101
159
241
248
241
241
241
241
248
237
153
117
135
220
247
241
241
241
241
241
241
245
241
203
127
119
125
180
240
245
245
246
244
232
180
215
244
242
241
241
241
241
241
241
241
241
241
241
241
241
241
241
241
241
241
241
241
241
241
245
248
249
249
249
249
250
250
250
250
249
249
249
249
249
249
250
249
215
135
121
133
181
247
246
241
241
241
241
241
246
248
194
134
120
126
197
241
247
247
232
164
130
129
127
125
129
169
242
245
241
241
241
241
241
241
241
241
241
241
241
241
241
241
241
241
241
241
241
241
241
241
241
241
241
245
247
206
141
123
120
146
226
248
241
241
241
244
245
232
160
114
171
242
249
241
241
241
244
245
224
139
122
151
237
252
249
249
249
249
249
249
251
238
153
127
132
169
249
251
250
247
241
219
151
145
218
246
242
241
241
241
241
241
241
241
241
241
241
241
241
241
241
241
241
241
241
241
241
241
232
223
212
215
215
215
215
215
215
215
215
215
215
215
215
215
219
215
140
123
119
154
238
251
249
249
249
249
249
249
250
246
185
124
126
145
220
253
251
249
220
135
126
132
131
134
156
241
249
250
249
249
249
249
249
249
249
249
249
249
249
249
249
249
249
249
249
249
249
249
249
249
249
249
249
249
252
248
173
134
123
151
235
252
249
249
249
249
251
218
147
123
171
243
251
249
249
249
250
249
173
123
112
179
215
218
215
215
215
215
215
217
224
208
132
112
125
205
223
226
227
229
176
129
125
186
238
246
241
241
241
241
241
241
241
241
241
241
241
241
241
241
241
241
241
241
241
241
241
241
236
144
134
138
138
138
138
138
138
138
138
138
138
138
138
138
142
126
113
99
100
139
212
221
215
215
215
215
215
215
222
197
133
120
115
162
214
218
219
216
143
124
122
125
119
118
188
217
220
215
215
215
215
215
215
215
215
215
215
215
215
215
215
215
215
215
215
215
215
215
215
215
215
215
215
214
218
217
199
119
106
128
204
219
215
215
214
217
219
184
125
117
129
187
228
223
222
222
228
222
153
106
120
134
143
140
138
138
138
138
141
140
137
123
111
109
126
136
135
125
128
137
131
114
121
192
247
247
241
241
241
241
241
241
241
241
241
241
241
241
241
241
241
241
241
241
241
241
241
241
232
223
212
215
215
215
215
215
215
215
215
215
215
215
215
215
218
213
144
133
137
130
135
142
138
138
138
138
138
141
142
129
117
103
111
125
139
143
144
130
120
106
109
111
114
127
137
142
140
138
138
138
138
138
138
138
138
138
138
138
138
138
138
138
138
138
138
138
138
138
138
138
138
138
138
138
140
142
136
130
121
129
134
140
138
138
137
142
139
127
116
105
112
116
128
134
132
130
127
123
114
120
167
222
219
215
215
215
215
215
218
212
161
111
116
132
204
210
144
110
116
116
127
129
143
202
245
244
241
241
241
241
241
241
241
241
241
241
241
241
241
241
241
241
241
241
241
241
241
241
245
248
249
249
249
249
249
249
249
249
249
249
249
249
249
249
250
245
238
228
227
222
217
215
215
215
215
215
215
218
216
186
119
119
125
170
223
217
220
210
138
117
119
124
160
225
220
215
215
215
215
215
215
215
215
215
215
215
215
215
215
215
215
215
215
215
215
215
215
215
215
215
215
215
215
217
218
218
219
221
222
221
218
215
215
215
214
217
220
179
122
120
124
120
118
148
157
115
115
117
114
122
184
249
251
249
249
249
249
250
252
225
151
127
135
201
251
223
138
128
130
132
144
214
233
236
242
243
241
241
241
241
241
241
241
241
241
241
241
241
241
241
241
241
241
241
241
241
241
241
241
241
241
241
241
241
241
241
241
241
241
241
241
241
241
241
242
244
247
248
249
249
249
249
249
249
249
249
249
251
242
156
130
123
158
237
250
249
251
245
159
123
122
149
238
249
249
249
249
249
249
249
249
249
249
249
249
249
249
249
249
249
249
249
250
250
250
250
250
249
249
249
249
250
251
248
249
248
251
250
249
249
249
249
249
249
249
251
250
201
132
124
132
133
135
137
118
128
129
131
135
134
190
244
246
241
241
241
241
246
241
198
127
119
155
229
228
149
128
122
129
172
240
244
249
246
243
241
241
241
241
241
241
241
241
241
241
241
241
241
241
241
241
241
241
241
241
241
241
241
241
241
241
241
241
241
241
241
241
241
241
241
241
241
241
241
241
241
241
241
241
241
241
241
241
241
241
241
241
246
220
136
108
123
162
243
247
241
244
241
219
141
141
221
244
246
241
241
241
241
241
241
241
241
241
241
241
241
241
241
241
241
241
242
247
237
241
237
247
242
241
241
242
247
244
224
124
218
237
244
241
241
241
241
241
241
241
243
247
205
146
125
131
124
122
100
98
106
135
187
176
219
237
240
243
241
241
241
242
249
230
147
127
127
139
147
141
132
120
127
155
238
248
245
242
241
241
241
241
241
241
241
241
241
241
241
241
241
241
241
241
241
241
241
241
241
241
241
241
241
241
241
241
241
241
241
241
241
241
241
241
241
241
241
241
241
241
241
241
241
241
241
241
241
241
241
241
241
241
247
229
153
134
147
225
242
244
241
242
244
238
231
230
240
244
242
241
241
241
241
241
241
241
241
241
241
241
241
241
241
241
241
242
247
244
224
124
218
237
244
241
241
244
237
224
103
106
124
241
245
241
241
241
241
241
241
241
242
244
237
189
194
143
130
105
107
109
149
226
237
243
243
247
243
241
241
241
241
245
244
217
134
124
129
128
126
122
102
123
139
228
244
245
241
241
241
241
241
241
241
241
241
241
241
241
241
241
241
241
241
241
241
241
241
241
241
241
241
241
241
241
241
241
241
241
241
241
241
241
241
241
241
241
241
241
241
241
241
241
241
241
241
241
241
241
241
241
241
241
244
237
232
223
234
239
245
242
241
241
242
244
247
247
244
242
241
241
241
241
241
241
241
241
241
241
241
241
241
241
241
241
241
244
237
224
103
106
124
241
245
241
241
245
241
124
106
103
224
237
244
241
241
241
241
241
241
241
241
244
241
244
237
203
187
161
127
219
239
243
248
245
243
242
241
241
241
241
241
246
238
155
121
118
121
122
120
99
104
118
232
243
245
242
241
241
241
241
241
241
241
241
241
241
241
241
241
241
241
241
241
241
241
241
241
241
241
241
241
241
241
241
241
241
241
241
241
241
241
241
242
244
245
244
242
241
241
241
241
241
241
241
241
241
241
241
241
241
241
241
242
244
247
247
247
244
242
241
241
241
241
241
241
241
241
241
241
241
241
241
241
241
241
241
241
241
241
241
241
241
241
241
241
245
241
124
106
103
224
237
244
241
241
244
237
218
124
224
244
247
242
241
241
241
241
241
241
241
241
241
242
246
244
243
239
231
237
241
249
244
242
241
241
241
241
241
241
241
241
246
235
162
137
142
145
141
113
110
111
230
242
246
242
241
241
241
241
241
241
241
241
241
241
241
241
241
241
241
241
241
241
241
241
241
241
241
241
241
241
241
241
241
241
241
241
241
241
241
241
242
247
237
241
237
247
242
241
241
241
241
241
241
241
241
241
241
241
241
241
241
241
241
241
241
241
241
241
241
241
241
241
241
241
241
241
241
241
241
241
241
241
241
241
241
241
241
241
241
241
241
241
241
241
244
237
218
124
224
244
247
244
244
245
245
248
237
241
237
247
242
241
241
241
241
241
241
241
241
241
241
241
241
242
244
246
247
247
244
242
241
241
241
241
241
241
241
241
241
241
244
239
233
226
228
228
231
216
129
225
244
247
242
241
241
241
241
241
241
241
241
241
241
241
241
241
241
241
241
241
241
241
241
241
241
241
241
241
241
241
241
241
241
241
241
241
241
241
241
242
247
244
224
124
218
237
244
241
241
241
241
241
241
241
241
241
241
241
241
241
241
241
241
241
241
241
241
241
241
241
241
241
241
241
241
241
241
241
241
241
241
241
241
241
241
241
241
241
241
241
241
241
241
241
242
248
239
244
239
248
244
247
237
241
237
248
245
245
244
242
241
241
241
241
241
241
241
241
241
241
241
241
241
241
241
241
241
241
241
241
241
241
241
241
241
241
241
241
241
241
242
244
246
248
249
249
250
241
242
237
247
242
241
241
241
241
241
241
241
241
241
241
241
241
241
241
241
241
241
241
241
241
241
241
241
241
241
241
241
241
241
241
241
241
241
241
241
241
241
244
237
224
103
106
124
241
245
241
241
241
241
241
241
241
241
241
241
241
241
241
241
241
241
241
241
241
241
241
241
241
241
241
241
241
241
241
241
241
241
241
241
241
241
241
241
241
241
241
241
241
241
241
241
241
242
248
239
244
239
248
248
244
224
124
218
237
244
241
241
241
241
241
241
241
241
241
241
241
241
241
241
241
241
241
241
241
241
241
241
241
241
241
241
241
241
241
241
241
241
241
241
241
241
241
241
241
242
244
245
244
242
241
241
241
241
241
241
241
241
241
241
241
241
241
241
241
241
241
241
241
241
241
241
241
241
241
241
241
241
241
241
241
241
241
241
241
241
241
241
244
236
125
105
105
218
236
244
241
241
241
241
241
241
241
241
241
241
241
241
241
241
241
241
241
241
241
241
241
241
241
241
241
241
241
241
241
241
241
241
241
241
241
241
241
241
241
241
241
241
241
241
241
241
241
242
242
227
138
227
244
244
232
117
110
122
236
244
241
241
241
241
241
241
241
241
241
241
241
241
241
241
241
241
241
241
241
241
241
241
241
241
241
241
241
241
241
241
241
241
241
241
241
241
241
241
241
241
241
241
241
241
241
241
241
241
241
241
241
241
241
241
241
241
241
241
241
241
241
241
241
241
241
241
241
241
241
241
241
241
241
241
241
241
241
241
241
241
241
241
241
241
241
107
241
241
241
241
241
241
241
241
241
241
241
241
241
241
241
241
241
241
241
241
241
241
241
241
241
241
241
241
241
241
241
241
241
241
241
241
241
241
241
241
241
241
241
241
241
241
241
241
241
241
241
241
241
107
107
107
241
241
107
107
107
241
241
241
241
241
241
241
241
241
241
241
241
241
241
241
241
241
241
241
241
241
241
241
241
241
241
241
241
241
241
241
241
241
241
241
241
241
241
241
241
241
241
241
241
241
241
241
241
241
241
241
241
241
241
241
241
241
241
241
241
241
241
241
241
241
241
241
241
241
241
241
241
241
241
241
241
241
