248
248
248
248
248
248
248
248
248
248
248
248
248
248
248
248
248
248
248
248
248
248
248
248
248
248
248
248
248
248
248
248
248
248
248
248
248
248
248
248
248
248
248
248
248
248
248
248
248
248
248
248
248
248
248
248
248
248
248
248
248
248
248
248
248
248
248
248
248
248
248
248
248
248
248
248
248
248
248
248
248
248
248
248
248
248
248
248
248
248
248
248
248
248
248
248
248
248
248
248
248
248
248
248
248
248
248
248
248
248
248
248
248
248
248
248
248
248
248
248
248
248
248
248
248
248
248
248
248
248
248
248
248
248
248
248
248
248
248
248
248
248
248
248
248
248
248
85
85
85
248
248
248
248
250
253
250
224
101
218
242
251
248
248
248
248
248
248
248
248
248
248
248
248
248
248
248
248
248
248
248
248
248
248
248
248
248
248
248
248
248
248
248
248
248
248
248
248
248
248
248
248
248
248
248
248
248
248
248
248
248
248
248
248
248
248
248
248
248
248
248
248
248
248
248
248
248
248
248
248
248
248
248
248
248
248
248
248
248
248
248
248
248
248
248
248
248
248
248
248
248
248
248
248
248
248
248
248
248
248
248
248
248
248
248
248
248
248
248
248
248
248
248
248
248
248
248
248
248
248
248
248
248
248
248
248
248
248
248
248
248
248
248
248
251
242
104
87
91
248
248
248
248
248
251
243
227
80
83
106
248
252
248
248
248
248
248
248
248
248
248
248
248
248
248
248
248
248
248
248
248
248
248
248
248
248
248
248
248
248
248
248
248
248
248
248
248
248
248
248
248
248
248
248
248
248
248
248
248
248
248
248
248
248
248
248
248
248
248
248
248
248
248
248
248
248
248
248
248
248
248
248
249
251
252
252
251
249
248
248
248
248
248
248
248
248
248
248
248
248
248
248
248
248
248
248
248
248
248
248
248
248
248
248
248
248
248
248
248
248
248
250
251
252
251
250
248
248
248
248
248
248
248
248
248
248
248
248
248
248
248
248
248
248
251
243
221
106
221
248
248
248
248
248
252
248
106
83
80
227
243
251
248
248
248
248
248
248
248
248
248
248
248
248
248
248
248
248
248
248
248
248
248
248
248
248
248
248
248
248
248
248
248
248
248
248
248
248
248
248
248
248
248
248
248
248
248
248
248
248
250
251
252
251
250
248
248
248
248
248
248
248
248
248
248
248
248
248
248
249
250
252
254
250
242
240
250
254
252
251
249
248
248
248
248
248
248
248
248
248
248
248
248
248
250
251
252
251
250
248
248
248
248
248
248
248
248
248
248
248
250
253
243
248
243
253
250
248
248
248
248
248
248
248
248
248
248
248
248
248
248
248
248
248
250
253
243
248
242
248
248
248
248
248
251
243
221
106
227
251
253
250
248
248
248
248
248
248
248
248
248
248
248
248
248
248
248
248
248
248
248
248
248
248
248
248
248
248
248
248
248
248
250
251
252
251
250
248
248
248
248
248
248
248
248
248
248
248
248
250
253
243
248
243
253
250
248
248
248
248
248
248
248
248
248
248
248
248
248
250
248
245
241
234
155
153
230
239
245
252
254
252
250
249
248
248
248
248
248
248
248
248
248
250
253
243
248
243
253
250
248
248
248
248
248
248
248
248
248
250
253
251
227
106
221
243
251
248
248
248
250
251
252
251
250
248
248
248
248
248
248
248
248
248
248
250
251
252
251
248
248
248
248
248
250
253
243
248
243
253
250
248
248
248
248
248
248
248
248
248
248
248
248
248
248
248
248
248
248
248
248
248
248
248
248
248
248
248
248
248
248
250
253
243
248
243
253
250
248
248
248
248
248
248
248
248
248
248
250
253
251
227
106
221
243
251
248
248
248
248
248
248
248
248
248
248
248
248
249
253
252
211
170
145
136
138
147
153
176
236
241
246
252
253
251
249
248
248
248
248
248
248
250
253
251
227
106
221
243
251
248
248
248
248
248
248
248
248
248
251
243
227
80
83
106
248
252
248
248
250
253
243
248
243
253
250
248
248
248
248
248
248
248
248
248
248
248
248
248
248
248
248
248
248
248
250
251
252
251
250
248
248
248
248
248
248
248
248
248
248
248
248
248
248
248
248
248
248
248
248
248
248
248
248
248
248
248
248
250
251
252
254
252
227
106
221
243
251
248
248
248
248
248
248
248
248
250
252
254
251
234
84
86
109
250
252
248
248
248
248
248
248
248
248
248
248
248
248
250
252
242
182
136
134
137
139
136
134
143
147
150
197
238
244
247
252
250
248
248
248
248
248
251
243
227
80
83
106
248
252
248
248
248
248
248
248
248
248
248
252
248
106
83
80
227
243
251
248
250
253
251
227
106
221
243
251
248
248
248
248
248
248
248
248
248
248
248
248
248
248
248
248
248
248
248
248
248
248
248
248
248
248
248
248
248
248
248
248
248
248
248
249
250
251
251
251
252
253
253
252
251
249
248
248
248
248
248
250
253
243
251
240
235
82
83
106
248
252
248
248
248
248
248
248
248
250
253
245
246
230
103
88
84
226
241
253
249
248
248
248
248
248
248
248
248
248
248
248
252
253
202
148
139
141
143
142
142
141
139
134
135
143
159
161
223
247
251
248
248
248
248
248
252
248
106
83
80
227
243
251
248
248
248
248
248
248
248
248
248
251
243
221
106
227
251
253
251
251
253
247
229
80
83
106
248
252
248
248
248
248
248
248
248
248
248
248
248
248
248
248
248
248
248
248
248
248
248
248
249
251
252
253
253
253
253
253
253
252
251
250
249
250
244
247
251
253
246
238
232
242
248
253
251
250
248
248
250
253
251
227
111
220
102
86
80
227
243
251
248
248
248
248
248
248
250
252
251
218
110
131
129
93
202
174
243
251
252
249
248
248
248
248
248
248
248
248
248
250
252
245
188
135
138
143
142
141
140
141
140
140
137
138
136
137
152
235
253
250
248
248
248
248
251
243
221
106
227
251
253
250
248
248
248
248
248
248
248
248
248
250
253
243
248
243
253
252
254
245
252
244
114
84
80
227
243
251
248
248
248
250
251
252
251
250
248
248
248
248
248
248
248
248
248
250
251
252
252
252
253
251
244
235
236
236
237
236
233
240
246
251
250
252
228
178
232
242
196
148
150
156
220
244
247
251
250
248
251
243
227
80
86
102
220
111
227
251
253
250
248
248
248
248
248
248
252
245
208
85
80
86
137
148
143
151
160
241
248
251
248
248
248
248
248
248
248
248
249
251
248
205
144
139
140
141
139
135
133
141
153
145
141
138
141
134
142
223
251
252
249
248
248
248
250
253
243
248
243
253
250
248
248
248
248
248
248
248
248
248
248
248
250
251
252
251
252
249
247
219
113
218
217
110
227
251
253
250
248
248
250
253
243
248
243
253
250
248
248
250
250
248
248
248
249
249
241
241
240
248
245
237
166
151
151
155
154
154
151
149
217
250
253
254
227
154
144
154
143
136
130
137
145
166
223
249
252
249
252
248
106
83
82
235
240
251
243
253
250
248
248
248
248
248
248
249
254
252
113
84
78
136
142
136
89
126
138
172
251
254
251
249
248
248
248
248
248
248
250
252
218
150
137
138
138
136
141
147
158
165
215
209
144
136
136
138
142
151
236
248
251
248
248
248
248
250
251
252
251
251
251
252
251
251
249
248
248
248
248
248
248
248
248
248
249
250
254
247
177
83
87
114
241
253
244
253
250
248
248
250
253
251
227
106
221
243
251
248
250
253
250
248
248
248
252
253
208
153
194
190
192
157
139
132
134
134
134
133
129
133
142
226
252
252
223
143
131
135
137
141
141
139
135
136
158
240
251
251
251
243
221
106
227
252
254
252
251
250
248
248
248
248
248
248
249
250
247
238
192
85
132
145
139
77
79
86
132
156
230
247
247
251
248
248
248
248
248
248
251
252
211
142
135
140
144
146
162
230
238
242
249
248
207
148
144
139
135
139
163
246
253
249
248
248
248
248
249
251
252
253
248
241
241
249
252
249
248
248
248
248
248
248
248
249
252
250
251
230
96
74
73
149
239
255
253
251
249
248
248
251
243
227
80
83
106
248
252
248
251
243
232
85
248
248
251
243
191
129
135
143
143
142
141
138
140
137
140
137
136
136
138
150
227
213
153
142
137
139
138
137
138
137
136
135
139
162
245
251
252
253
243
248
243
253
250
248
248
248
248
248
248
248
248
248
249
253
240
187
143
143
146
199
102
90
89
142
138
142
147
189
248
252
248
248
248
248
248
248
251
249
208
140
137
137
143
211
249
251
254
252
252
252
247
243
183
145
137
133
150
232
251
251
248
248
248
249
252
250
243
240
221
153
181
246
253
253
250
249
248
248
248
248
248
251
252
245
190
142
134
87
129
144
169
239
245
248
251
248
248
252
248
106
83
80
227
243
251
248
252
248
123
85
248
249
253
226
156
132
86
130
137
145
143
135
88
134
149
156
145
137
134
144
148
151
139
137
144
144
154
149
147
146
146
142
132
136
165
246
252
252
251
252
251
250
248
248
248
248
248
248
248
248
248
248
249
253
230
151
128
133
190
242
227
112
224
237
156
135
129
175
244
252
249
248
248
248
248
249
252
230
165
138
138
134
147
223
254
252
249
248
249
250
252
253
244
171
135
136
142
168
249
252
249
249
250
252
252
243
175
153
150
141
138
182
240
244
249
250
248
248
248
248
250
251
248
191
137
134
127
141
138
144
138
143
190
248
252
249
248
251
243
221
106
227
251
253
250
248
251
243
232
85
248
248
252
236
183
75
82
93
142
140
132
77
81
103
235
245
190
141
136
138
139
139
137
136
172
199
194
235
187
188
230
162
141
132
138
174
244
249
251
248
248
248
248
248
248
248
248
248
248
248
248
248
249
253
228
149
131
145
200
255
249
250
249
254
240
150
139
156
219
251
251
248
248
248
248
251
252
217
143
134
139
138
158
229
252
249
248
248
248
248
249
252
252
186
143
136
132
151
222
251
251
250
247
245
236
159
139
138
135
137
138
143
148
208
252
251
248
248
248
248
250
250
203
139
139
150
151
161
224
156
138
129
157
220
251
251
248
250
253
243
248
243
253
250
248
248
250
253
250
248
248
248
253
252
114
86
78
133
138
148
89
90
88
234
252
254
250
189
144
138
140
140
136
142
183
247
252
248
249
249
250
234
149
132
135
136
183
251
252
248
248
248
248
248
248
248
248
248
248
248
248
248
249
253
227
150
126
163
228
251
253
251
252
253
246
219
133
135
185
250
252
248
248
248
248
251
252
217
143
134
137
138
208
250
251
248
248
248
248
248
248
250
250
245
167
143
136
141
178
251
254
254
253
196
147
143
139
142
133
92
131
130
136
199
251
252
248
248
248
248
252
237
180
133
136
207
242
248
247
228
145
129
141
195
251
252
248
248
250
251
252
251
250
248
248
248
248
250
250
248
248
248
251
249
230
100
130
143
155
169
226
127
242
255
255
255
255
255
193
153
145
144
150
177
254
254
254
252
251
251
254
246
163
142
134
135
182
247
253
248
248
248
248
248
248
248
248
248
248
248
248
248
249
253
229
151
131
142
195
253
252
248
248
253
241
163
136
135
186
247
253
248
248
248
248
251
253
217
145
134
136
143
214
253
252
248
248
248
248
248
248
249
251
252
238
157
134
134
164
239
244
243
231
171
133
138
139
132
82
82
91
133
140
203
253
255
254
255
255
255
255
254
206
130
93
212
255
255
255
252
172
142
139
194
251
253
248
248
248
248
248
248
248
248
248
248
248
248
248
248
248
248
251
254
241
189
128
131
126
205
211
219
210
224
218
217
219
220
213
145
124
126
143
215
219
236
247
255
255
255
255
255
237
155
134
139
190
255
255
254
255
255
255
255
255
255
255
255
255
255
255
255
255
255
239
160
133
141
195
254
255
254
255
255
241
159
133
146
201
255
255
254
255
255
254
255
255
227
151
139
139
150
222
255
255
254
255
255
255
255
255
255
255
255
252
173
141
143
148
186
226
170
157
150
146
148
148
97
98
93
145
140
155
221
252
234
215
216
216
216
219
224
180
83
74
92
215
221
219
218
197
121
117
180
242
253
248
248
248
248
248
248
248
248
248
248
248
248
248
248
248
248
251
253
210
149
138
95
105
118
133
129
126
124
122
122
123
129
120
111
95
96
103
116
124
121
221
218
216
216
218
225
209
141
122
93
167
223
222
216
216
216
216
216
216
216
216
216
216
216
216
216
217
221
201
132
119
125
163
214
221
218
219
227
210
136
120
122
162
217
220
216
216
216
216
217
223
193
128
124
124
129
192
226
221
218
216
216
216
216
216
216
216
222
214
143
124
129
126
139
179
174
118
124
128
128
124
119
80
178
129
123
170
217
223
120
121
122
122
122
126
126
104
87
77
105
119
132
132
127
114
97
92
119
243
253
248
248
248
248
248
248
248
248
248
248
248
248
248
248
248
248
251
251
199
138
130
130
132
201
222
217
216
216
216
216
216
221
215
149
124
127
123
143
215
225
118
121
122
122
122
130
110
98
73
85
97
118
125
124
122
122
122
122
122
122
122
122
122
122
122
122
124
128
124
114
100
94
105
120
132
137
126
122
105
101
92
102
114
124
124
122
122
122
122
123
127
112
103
91
102
108
112
119
123
132
129
125
124
124
126
127
126
129
116
106
92
97
93
99
105
107
100
93
91
98
107
110
122
110
109
92
107
118
120
221
218
216
216
216
218
223
177
91
120
195
225
220
213
190
125
128
117
184
238
255
250
248
248
248
248
248
248
248
248
248
248
248
248
248
248
248
251
251
198
137
136
139
156
238
255
255
255
255
255
255
254
255
253
179
141
143
141
176
253
252
231
215
216
216
216
222
217
95
81
78
125
176
218
219
216
216
216
216
216
216
216
216
217
219
220
222
223
218
218
192
130
124
123
168
207
208
202
137
122
123
123
158
219
222
217
216
216
216
216
217
223
193
128
123
130
182
153
121
189
205
211
219
227
223
214
211
214
228
226
150
130
129
122
107
127
125
132
135
142
143
215
231
231
201
129
120
135
188
236
247
255
255
255
255
255
255
210
143
138
159
235
252
173
153
156
144
160
104
225
246
251
248
248
248
248
248
248
248
248
248
248
248
248
248
248
248
251
252
205
142
139
131
151
227
253
249
248
248
248
248
248
253
243
171
137
139
135
169
244
254
253
254
255
255
255
255
254
220
99
124
143
206
255
255
254
255
255
255
255
255
255
254
255
254
251
252
253
252
183
160
151
144
150
158
166
173
164
155
146
143
148
192
255
255
254
255
255
255
254
255
255
227
152
138
153
156
154
155
159
167
180
249
252
252
222
171
216
253
247
202
148
145
145
133
125
143
148
206
214
242
253
255
255
225
144
136
197
253
254
252
251
251
253
253
251
245
194
141
135
143
154
153
142
135
133
151
76
87
109
249
252
248
248
248
248
248
248
248
248
248
248
248
248
248
248
248
249
252
243
188
136
131
153
230
254
250
248
248
248
248
248
252
245
172
137
137
134
168
244
253
248
250
251
252
251
251
254
226
151
126
143
199
253
253
249
248
248
248
248
248
249
250
253
253
191
157
220
161
139
131
133
134
136
137
134
134
135
136
134
131
161
237
252
250
248
248
248
248
248
251
253
217
144
133
141
139
140
139
136
134
141
148
157
153
144
141
143
154
156
151
144
143
143
128
121
135
154
201
254
255
253
253
234
159
133
134
195
251
253
248
252
243
241
237
217
158
148
143
138
140
138
137
135
136
160
93
89
84
228
243
251
248
248
248
248
248
248
248
248
248
248
248
248
248
248
248
249
253
253
199
141
130
140
223
251
251
248
248
248
248
248
252
250
190
145
136
135
170
243
253
249
253
243
248
243
253
253
227
148
130
145
188
248
248
253
250
248
248
248
249
252
251
248
235
166
137
136
138
130
140
151
155
148
144
140
140
135
141
149
162
188
252
253
249
248
248
248
248
248
251
253
217
145
133
141
138
137
138
141
141
139
135
131
132
136
138
137
135
136
137
140
142
143
125
118
133
143
199
235
241
247
253
227
150
129
146
205
253
251
249
253
241
164
150
146
136
129
135
138
140
142
141
149
161
179
221
113
228
251
253
250
248
248
248
248
248
248
248
248
248
248
248
248
248
248
248
249
252
244
187
134
134
137
160
239
252
248
248
248
248
248
250
252
237
160
134
136
172
246
254
253
251
227
106
221
244
253
230
159
133
140
172
107
223
243
251
248
248
248
250
250
244
195
144
145
134
139
146
155
176
240
241
192
139
136
148
149
165
240
234
242
241
254
250
248
248
248
248
248
251
253
217
144
131
146
152
153
144
132
135
135
136
143
142
138
131
137
138
140
142
142
144
141
132
128
144
147
139
101
151
238
255
230
148
126
176
239
251
252
251
252
229
144
127
134
143
153
152
151
143
139
139
147
224
248
243
251
243
253
250
248
248
248
248
248
248
248
248
248
248
248
248
248
248
248
248
251
253
209
147
137
139
131
146
229
253
248
248
248
248
248
248
254
242
164
134
134
164
238
252
245
227
80
83
106
249
253
242
188
137
132
78
91
110
250
252
248
248
248
251
249
196
133
132
133
139
152
229
239
245
253
254
201
138
132
140
208
249
252
237
111
223
244
251
248
248
248
248
248
251
253
217
145
132
137
196
233
175
151
157
144
145
174
210
153
154
150
141
132
131
133
135
131
134
184
187
131
71
71
93
217
251
226
153
133
143
200
252
253
251
244
157
139
132
138
177
242
243
180
139
136
137
143
165
253
254
252
251
250
248
248
248
248
248
248
248
248
248
248
248
248
248
248
248
248
248
251
249
202
141
134
141
130
146
228
253
248
248
248
248
248
248
253
240
160
133
137
142
180
253
252
106
83
80
227
243
252
251
220
144
84
78
84
223
245
251
248
248
249
253
239
177
138
133
142
148
233
252
253
252
252
253
201
141
133
144
155
201
225
86
83
106
248
252
248
248
248
248
248
251
253
217
144
132
141
160
224
251
238
238
221
174
241
247
241
236
237
179
149
153
156
157
152
146
193
239
111
82
77
139
146
156
194
179
132
140
197
253
251
243
161
136
140
144
179
246
254
253
248
170
139
138
133
156
234
251
250
248
248
248
248
248
248
248
248
248
248
248
248
248
248
248
248
248
248
248
251
253
204
142
140
138
140
156
239
252
248
248
248
248
248
248
253
241
162
134
136
133
175
247
251
221
106
227
251
253
252
253
222
144
125
86
145
221
255
252
248
248
249
251
240
191
133
132
141
216
250
252
249
248
249
251
245
185
137
136
138
151
96
92
81
227
243
251
248
248
248
248
248
251
252
215
142
131
136
143
213
253
254
253
249
250
249
253
253
254
252
245
236
235
236
238
236
204
187
244
234
103
147
131
128
136
144
146
138
182
246
254
252
177
137
138
159
237
247
249
252
252
252
238
161
132
136
144
177
249
252
248
248
248
248
248
248
248
248
248
248
248
248
248
248
248
248
248
248
248
249
251
242
190
137
134
146
225
251
252
248
248
248
248
248
248
253
239
170
134
137
135
176
247
255
243
248
243
253
249
251
252
217
146
130
136
140
213
252
251
248
248
250
253
215
146
137
136
153
229
253
250
248
248
248
252
253
231
167
136
134
146
204
112
229
251
253
250
248
248
248
248
248
249
252
222
148
139
137
140
183
240
252
250
250
251
250
249
248
249
251
252
253
253
253
253
253
247
247
252
250
244
170
159
148
141
137
137
137
185
251
255
243
165
127
147
235
253
253
251
249
249
253
252
174
144
137
134
170
243
253
248
248
248
248
248
248
248
248
248
248
248
248
248
248
248
248
248
248
248
248
253
252
195
140
132
147
224
251
252
248
248
248
248
248
248
253
245
167
143
137
136
176
245
254
251
252
251
250
248
250
252
223
145
138
136
138
180
237
252
249
248
249
252
230
170
129
135
209
249
251
248
248
248
248
249
252
246
182
136
135
152
194
248
248
253
250
248
248
248
248
248
248
248
252
247
204
137
135
137
160
228
252
249
248
248
248
248
248
248
248
248
248
248
248
248
250
251
251
251
253
251
244
239
233
154
140
136
139
144
196
243
183
143
130
155
237
254
249
248
248
248
251
253
236
158
133
140
166
241
252
250
248
248
248
248
248
248
248
248
248
248
248
248
248
248
248
248
248
248
248
253
252
195
139
134
140
156
239
252
248
248
248
248
248
248
253
241
197
138
137
136
178
248
254
248
248
248
248
248
248
251
248
211
142
138
131
141
219
252
251
248
248
252
251
200
132
141
218
254
252
248
248
248
248
248
252
252
190
144
136
139
166
248
254
251
248
248
248
248
248
248
248
248
252
253
212
144
135
136
146
221
252
251
248
248
248
248
248
248
248
248
248
248
248
248
248
248
248
248
249
251
252
253
252
237
150
142
137
141
147
149
147
137
139
165
244
253
248
248
248
250
253
253
232
102
127
136
148
193
250
251
248
248
248
248
248
248
248
248
248
248
248
248
248
248
248
248
248
248
249
251
243
189
137
138
132
147
229
253
248
248
248
248
248
248
253
250
168
144
136
135
171
241
251
250
248
248
248
248
248
250
252
251
206
142
132
143
218
252
251
248
248
252
252
199
134
132
210
251
252
249
248
248
248
248
250
252
240
169
135
134
151
233
251
251
248
248
248
248
248
248
248
248
251
252
210
143
134
133
146
221
254
251
248
248
248
248
248
248
248
248
248
248
248
248
248
248
248
248
248
248
248
249
252
252
223
143
134
136
133
131
137
136
140
226
249
254
251
249
248
251
243
229
91
84
88
134
142
184
249
251
248
248
248
248
248
248
248
248
248
248
248
248
248
248
248
248
248
248
250
252
212
148
138
139
133
152
231
253
248
248
248
248
248
248
252
247
215
148
136
137
145
191
251
252
248
248
248
248
248
248
250
252
248
192
127
153
224
252
251
248
248
251
252
203
139
134
142
225
251
252
249
248
248
248
248
254
247
175
135
137
141
167
247
252
248
248
248
248
248
248
248
248
251
252
216
149
136
134
141
217
251
252
249
248
248
248
248
248
248
248
248
248
248
248
248
248
248
248
248
248
248
248
251
254
231
150
135
147
154
158
149
135
143
160
236
248
251
254
253
254
253
117
90
76
130
142
170
246
251
250
248
248
248
248
248
248
248
248
248
248
248
248
248
248
248
248
248
248
250
251
226
165
134
139
134
153
233
253
249
248
248
248
248
248
250
253
224
158
136
136
135
183
246
253
248
248
248
248
248
248
248
253
252
198
133
142
222
253
251
248
248
250
251
242
183
136
134
142
230
252
253
251
249
248
248
253
244
169
133
137
132
161
239
253
249
251
252
251
250
248
248
248
250
252
233
173
137
135
141
152
230
250
252
249
248
248
248
248
248
248
248
248
248
248
248
248
248
248
248
248
248
248
251
250
221
138
129
179
238
234
171
140
132
141
145
174
234
242
244
246
236
211
92
129
135
148
230
246
252
249
248
248
248
248
248
248
248
248
248
248
248
248
248
248
248
248
248
248
248
252
249
191
136
138
135
150
231
252
250
248
248
248
248
248
249
252
234
156
134
136
137
184
247
253
248
248
248
248
248
248
248
253
252
197
130
139
219
252
251
248
248
248
251
251
248
185
137
136
148
228
247
251
253
252
252
255
249
177
137
138
134
161
240
254
253
243
248
243
253
250
248
248
248
252
249
199
138
135
140
139
141
233
249
251
248
248
248
248
248
248
248
248
248
248
248
248
248
248
248
248
248
248
252
238
160
137
145
199
254
254
245
163
136
130
133
142
148
154
193
196
159
149
147
131
143
154
187
252
251
248
248
248
248
248
248
248
248
248
248
248
248
248
248
248
248
248
248
248
248
253
251
197
140
137
137
143
197
248
252
248
248
248
248
248
248
252
245
162
142
135
137
185
247
253
248
248
248
248
248
248
248
252
248
193
128
141
219
252
251
248
248
248
249
252
252
240
167
127
138
143
168
236
239
241
243
249
239
168
136
138
131
160
240
255
251
227
106
221
243
251
248
248
248
251
253
209
146
138
140
136
138
164
246
253
251
249
248
248
248
248
250
251
252
251
250
248
248
248
248
248
248
248
253
230
151
122
173
240
254
253
251
242
169
143
138
128
125
129
134
132
129
125
138
144
165
229
241
244
250
248
248
248
248
248
248
248
248
248
248
248
248
248
248
248
248
248
248
248
248
252
249
192
137
136
139
135
158
238
252
248
248
248
248
248
248
251
249
228
148
132
138
184
247
253
248
248
248
248
248
248
248
252
233
173
128
139
218
252
251
248
248
248
248
249
252
250
185
145
140
129
139
150
162
157
196
200
152
145
140
135
137
167
250
249
227
80
83
106
248
252
248
248
248
249
251
242
185
134
138
141
137
148
214
248
248
252
251
251
251
251
253
243
248
243
253
251
251
252
251
250
248
248
253
235
152
119
98
227
248
251
251
249
246
229
160
152
155
153
150
146
149
149
155
223
246
250
253
251
249
248
248
248
248
248
248
248
248
248
248
248
248
248
248
248
248
248
248
248
248
251
251
194
137
130
129
132
154
241
252
248
248
248
248
248
248
249
253
234
152
128
136
184
247
253
248
248
248
248
248
248
248
252
236
177
127
138
219
253
251
248
248
248
248
248
251
246
244
235
159
137
130
133
132
138
144
145
140
136
137
139
153
240
251
251
106
83
80
227
243
251
248
248
248
248
252
253
198
141
137
141
140
144
146
172
245
253
251
246
248
254
252
228
106
222
248
255
246
249
243
253
250
248
253
229
143
67
89
112
250
252
249
251
253
249
243
234
238
237
216
215
220
226
242
248
252
251
249
248
248
248
248
248
248
248
248
248
248
248
248
248
248
248
248
248
248
248
248
248
248
250
250
243
186
149
149
146
231
247
251
248
248
248
248
248
248
248
252
239
154
129
127
180
245
253
248
248
248
248
248
248
248
251
251
198
130
135
213
252
251
248
248
248
248
248
249
251
252
252
241
161
143
139
129
133
135
138
139
138
139
150
238
251
253
244
221
106
227
251
253
250
248
248
248
248
250
250
246
185
142
140
141
139
135
139
172
241
221
169
203
239
227
88
92
114
251
251
219
108
221
243
251
248
254
231
103
71
89
226
246
251
248
248
249
251
252
253
253
252
252
251
252
253
252
251
249
248
248
248
248
248
248
248
248
248
248
248
248
248
248
248
248
248
248
248
248
248
248
248
248
249
252
250
244
237
232
240
245
252
249
248
248
248
248
248
248
248
251
247
228
150
147
191
249
252
248
248
248
248
248
248
250
252
253
248
183
148
222
252
249
248
248
248
248
248
248
248
249
252
248
246
222
154
152
151
144
136
129
135
146
232
251
252
251
253
243
248
243
253
250
248
248
248
248
248
249
252
252
241
168
133
139
143
140
139
145
152
148
144
146
149
99
82
78
217
212
152
81
90
106
249
252
248
253
227
136
78
172
248
255
249
248
248
248
248
248
248
248
249
250
250
250
249
249
248
248
248
248
248
248
248
248
248
248
248
248
248
248
248
248
248
248
248
248
248
248
248
248
248
248
248
249
250
252
253
253
252
251
249
248
248
248
248
248
248
248
248
249
251
247
240
233
243
247
250
248
248
248
248
248
250
253
244
251
245
249
240
242
249
249
248
248
248
248
248
248
248
248
249
251
252
247
242
235
238
198
152
150
153
225
250
251
249
248
250
251
252
251
250
248
248
248
248
248
248
248
249
251
250
176
135
133
139
141
141
137
138
135
137
136
133
126
88
139
155
154
90
73
87
227
245
251
248
253
239
148
129
172
247
253
248
248
248
248
248
248
248
248
248
248
248
248
248
248
248
248
248
248
248
248
248
248
248
248
248
248
248
248
248
248
248
248
248
248
248
248
248
248
248
248
248
248
248
248
248
248
248
248
248
248
248
248
248
248
248
248
248
248
249
251
252
252
252
250
249
248
248
248
248
250
253
251
227
106
223
248
253
251
250
248
248
248
248
248
248
248
248
248
248
248
249
251
252
254
253
247
239
233
241
246
252
250
248
248
248
248
248
248
248
248
248
248
248
248
248
248
248
250
249
240
169
144
144
139
141
143
142
143
141
143
145
140
143
138
141
137
127
90
189
250
254
249
248
251
249
225
147
185
249
252
248
248
248
248
248
248
248
248
248
248
248
248
248
248
248
248
248
248
248
248
248
248
248
248
248
248
248
248
248
248
248
248
248
248
248
248
248
248
248
248
248
248
248
248
248
248
248
248
248
248
248
248
248
248
248
248
248
248
248
248
248
248
248
248
248
248
248
248
248
251
243
227
80
83
106
248
252
248
248
248
248
248
248
248
248
248
248
248
248
248
248
248
248
249
250
252
252
253
252
251
249
248
248
248
248
248
248
248
248
248
248
248
248
248
248
248
248
249
251
248
246
234
158
136
128
134
137
140
142
143
142
141
138
136
136
139
133
137
191
252
253
248
248
249
252
245
240
239
247
251
248
248
248
248
248
248
248
248
248
248
248
248
248
248
248
248
248
248
248
248
248
248
248
248
248
248
248
248
248
248
248
248
248
248
248
248
248
248
248
248
248
248
248
248
248
248
248
248
248
248
248
248
248
248
248
248
248
248
248
248
248
248
248
248
248
248
248
248
248
252
248
106
83
80
227
243
251
248
248
248
248
248
248
248
248
248
248
248
248
248
248
248
248
248
248
248
248
248
248
248
248
248
248
248
248
248
248
248
248
248
248
248
248
248
248
248
248
248
249
251
253
252
239
154
143
149
144
136
131
134
130
138
145
156
155
146
137
134
190
250
252
248
248
248
249
251
252
252
251
249
248
248
248
248
248
248
248
248
248
248
248
248
248
248
248
248
248
248
248
248
248
248
248
248
248
248
248
248
248
248
248
248
248
248
248
248
248
248
248
248
248
248
248
248
248
248
248
248
248
248
248
248
248
248
248
248
248
248
248
248
248
248
248
248
248
248
248
248
248
251
243
221
106
227
251
253
250
248
248
248
248
248
248
248
248
248
248
248
248
248
248
248
248
248
248
248
248
248
248
248
248
248
248
248
248
248
248
248
248
248
248
248
248
248
248
248
248
248
248
248
249
252
246
240
235
238
204
151
153
153
151
151
223
240
241
217
150
169
224
250
251
248
248
248
248
248
248
248
248
248
248
248
248
248
248
248
248
248
248
248
248
248
248
248
248
248
248
248
248
248
248
248
248
248
248
248
248
248
248
248
248
248
248
248
248
248
248
248
248
248
248
248
248
248
248
248
248
248
248
248
248
248
248
248
248
248
248
248
250
251
252
251
250
248
248
248
248
248
248
250
253
243
248
243
253
250
248
248
248
248
248
248
248
248
248
248
248
248
248
248
248
248
248
248
248
248
248
248
248
248
248
248
248
248
248
248
248
248
248
248
248
248
248
248
248
248
248
248
248
248
248
250
251
253
253
253
247
240
234
237
233
242
249
254
254
248
241
238
247
250
249
248
248
248
248
248
248
248
248
248
248
248
248
248
248
248
248
248
248
248
248
248
248
248
248
248
248
248
248
248
248
248
248
248
248
248
248
248
248
248
248
248
248
248
248
248
248
248
248
248
248
248
248
248
248
248
248
248
248
248
248
248
248
248
248
248
248
250
253
243
248
243
253
250
248
248
248
248
248
248
250
251
252
251
250
248
248
248
248
248
248
248
248
248
248
248
248
248
248
248
248
248
248
248
248
248
248
248
248
248
248
248
248
248
248
248
248
248
248
248
248
248
248
248
248
248
248
248
248
248
248
248
248
248
248
250
251
252
253
253
253
252
251
250
250
251
252
252
251
249
248
248
248
248
248
248
248
248
248
248
248
248
248
248
248
248
248
248
248
248
248
248
248
248
248
248
248
248
248
248
248
248
248
248
248
248
248
248
248
248
248
248
248
248
248
248
248
248
248
248
248
248
248
248
248
248
248
248
248
248
248
248
248
248
248
248
250
253
251
227
106
221
243
251
248
248
248
248
248
248
248
248
248
248
248
248
248
248
248
248
248
248
248
248
248
248
248
248
248
248
248
248
248
248
248
248
248
248
248
248
248
248
248
248
248
248
248
248
248
248
248
248
248
248
248
248
248
248
248
248
248
248
248
248
248
248
248
248
248
248
248
248
248
248
248
248
248
248
248
248
248
248
248
248
248
248
248
248
248
248
248
248
248
248
248
248
248
248
248
248
248
248
248
248
248
248
248
248
248
248
248
248
248
248
248
248
248
248
248
248
248
248
248
248
248
248
248
248
248
248
248
248
248
248
248
248
248
248
248
248
248
248
248
248
248
248
250
250
238
97
87
104
242
251
248
248
248
248
248
248
248
248
248
248
248
248
248
248
248
248
248
248
248
248
248
248
248
248
248
248
248
248
248
248
248
248
248
248
248
248
248
248
248
248
248
248
248
248
248
248
248
248
248
248
248
248
248
248
248
248
248
248
248
248
248
248
248
248
248
248
248
248
248
248
248
248
248
248
248
248
248
248
248
248
248
248
248
248
248
248
248
248
248
248
248
248
248
248
248
248
248
248
248
248
248
248
248
248
248
248
248
248
248
248
248
248
248
248
248
248
248
248
248
248
248
248
248
248
248
248
248
248
248
248
248
248
248
248
248
248
248
248
248
248
248
248
248
248
85
85
85
248
248
248
248
248
248
248
248
248
248
248
248
248
248
248
248
248
248
248
248
248
248
248
248
248
248
248
248
248
248
248
248
248
248
248
248
248
248
248
248
248
248
248
248
248
248
248
248
248
248
248
248
248
248
248
248
248
248
248
248
248
248
248
248
248
248
248
248
248
248
248
248
248
248
248
248
248
248
248
248
248
248
248
248
248
248
248
248
248
248
248
248
248
248
248
248
248
248
248
248
248
248
248
248
248
248
248
248
248
248
248
248
248
248
248
248
248
248
248
248
248
248
248
248
248
248
