241
241
241
241
241
241
241
241
241
241
241
241
241
241
241
241
241
241
241
241
241
241
241
241
241
241
241
241
241
241
241
241
241
241
241
241
241
241
241
241
241
241
241
241
241
241
241
241
241
241
241
241
241
241
241
241
241
241
241
241
241
241
241
241
241
241
241
241
241
241
241
241
241
241
241
241
241
241
241
241
241
241
241
241
241
241
241
241
241
241
241
241
241
241
241
241
241
241
108
108
108
241
241
108
108
108
108
241
241
241
241
241
241
241
241
241
241
241
241
241
241
108
108
108
241
241
241
241
241
241
241
241
241
241
241
241
241
241
241
241
241
241
241
241
241
241
241
241
241
241
241
241
241
241
241
241
241
241
241
241
241
241
241
241
241
241
241
241
241
241
241
241
241
241
241
241
241
241
241
241
241
241
241
241
241
241
241
241
241
241
241
241
241
241
241
241
241
241
241
241
241
241
241
241
241
241
241
241
241
241
241
241
241
241
241
241
241
241
241
241
241
241
241
241
241
241
243
245
248
250
251
252
247
238
230
224
230
235
243
242
241
241
241
241
241
241
242
242
229
145
228
226
114
97
104
123
233
242
242
241
241
241
241
241
241
241
241
241
244
236
123
111
119
233
242
242
241
241
241
241
241
241
241
241
241
241
241
241
241
241
241
241
241
241
241
241
241
241
241
241
241
241
241
241
241
241
241
241
241
241
241
241
241
241
241
241
241
241
241
241
241
241
241
241
241
241
241
241
241
241
241
241
241
241
241
241
241
241
241
241
241
241
241
241
241
241
241
241
241
241
241
241
241
241
241
241
241
241
241
241
241
241
241
241
241
241
241
241
241
241
241
241
241
241
242
244
248
240
234
227
229
231
231
172
140
137
144
210
247
244
241
241
241
241
241
241
242
249
245
244
227
122
115
113
133
232
245
248
242
241
241
241
241
241
241
241
241
241
244
237
221
130
232
252
254
247
243
241
241
241
241
241
241
241
241
241
241
241
241
241
241
241
241
241
241
241
241
241
241
241
241
241
241
241
241
241
241
241
241
241
241
241
241
241
241
241
241
241
241
241
241
241
241
241
241
241
241
241
241
241
241
241
241
241
241
241
241
242
244
245
244
242
241
241
241
241
241
241
241
241
241
241
241
241
241
241
241
241
241
241
241
241
241
241
241
241
241
241
241
241
241
241
241
243
247
244
241
207
143
141
144
146
140
131
122
113
126
199
247
244
241
241
241
241
241
241
241
245
241
230
116
102
108
215
231
240
245
245
241
241
241
241
241
241
241
241
241
241
243
251
239
236
226
231
230
236
242
242
241
241
241
241
241
241
241
241
241
241
241
241
241
241
241
241
241
241
241
241
241
241
241
241
241
241
241
241
241
241
241
241
241
241
241
241
241
241
241
241
241
241
241
241
241
241
241
241
241
241
241
241
241
241
241
241
241
241
242
248
237
241
237
248
242
241
241
241
241
241
241
241
241
241
241
241
241
241
241
241
241
241
241
241
241
241
241
241
241
241
241
241
241
241
242
242
238
230
160
131
126
119
120
120
119
120
124
120
132
204
249
245
241
241
241
241
241
241
241
245
243
131
110
97
133
155
211
197
248
249
242
241
241
241
241
241
241
241
241
241
243
248
243
186
139
139
142
201
247
245
241
241
241
241
241
241
241
241
241
241
241
241
241
241
241
241
241
241
241
241
241
241
241
241
241
241
241
241
241
241
241
241
241
241
241
241
241
241
241
241
241
241
241
241
241
241
241
241
241
241
241
241
241
241
241
241
241
242
248
243
224
125
219
237
244
241
241
241
241
241
241
241
243
246
248
247
244
242
241
241
241
241
241
241
241
241
241
241
241
241
241
241
241
241
245
247
204
136
127
125
127
130
126
127
135
145
144
129
132
206
251
246
241
241
241
241
241
241
241
244
240
219
114
113
124
128
127
175
233
243
245
242
241
241
241
241
241
241
241
241
245
243
198
127
120
114
122
192
245
245
241
241
241
241
241
241
241
241
241
241
241
241
241
241
241
241
241
241
241
241
241
241
241
241
241
241
241
241
241
241
241
241
241
241
241
241
241
241
241
241
241
241
241
241
241
241
241
242
243
244
243
242
242
242
243
243
242
244
237
224
104
107
125
241
245
241
241
241
241
242
244
248
249
240
229
231
238
244
241
241
241
241
241
241
241
241
241
241
241
241
241
241
241
241
245
245
192
126
120
128
124
121
128
136
190
232
211
126
122
197
241
245
241
241
241
241
241
241
241
243
254
230
150
124
131
125
124
132
141
222
241
244
241
241
241
241
241
241
241
242
249
223
142
124
128
123
127
193
246
245
241
241
241
241
241
241
241
241
241
241
241
241
241
241
241
241
241
241
241
241
241
241
241
241
241
241
241
241
241
241
242
244
245
244
242
241
241
242
242
244
243
242
241
241
241
241
241
243
237
241
243
252
252
247
244
240
242
247
241
125
107
104
224
237
244
241
241
241
241
243
239
235
230
192
132
149
230
247
241
241
241
241
241
241
241
241
241
241
241
241
241
241
241
241
245
248
195
130
121
138
142
148
152
227
247
251
173
133
126
150
233
246
241
241
241
241
241
241
241
244
245
220
137
169
181
139
129
119
122
150
235
247
241
241
241
241
241
241
241
243
250
217
136
117
122
119
129
199
249
244
241
241
241
241
241
241
241
241
241
241
241
241
241
241
241
241
241
241
241
241
241
241
241
241
241
241
241
241
241
242
248
237
241
237
250
247
249
253
246
245
242
249
247
243
242
242
244
251
230
177
224
232
230
230
185
202
243
253
239
219
125
224
243
248
242
241
241
241
241
248
238
169
137
129
122
141
231
247
241
241
241
241
241
241
241
241
241
241
241
241
241
241
241
241
246
249
198
130
114
110
212
223
238
242
250
245
217
128
119
198
240
245
241
241
241
241
241
241
241
249
243
160
127
174
241
227
139
125
114
145
228
250
241
241
241
241
241
241
241
245
244
209
132
133
144
140
178
239
245
242
241
241
241
241
241
241
241
241
241
241
241
241
241
241
241
241
241
241
241
241
241
241
241
241
241
241
241
241
242
248
243
224
125
221
239
241
229
229
230
182
201
232
240
246
250
248
244
241
214
142
134
147
144
140
134
136
214
243
250
241
241
237
248
242
241
241
241
241
241
249
233
154
117
117
129
210
244
245
241
241
241
241
241
241
241
241
241
241
241
241
241
241
241
241
244
242
189
120
91
113
137
251
251
244
244
253
227
138
126
207
251
246
241
241
241
241
241
241
242
248
233
151
124
182
254
249
218
142
124
147
228
250
241
241
241
241
241
241
241
248
236
147
125
183
234
234
237
243
245
241
241
241
241
241
241
241
241
241
241
241
241
241
241
241
241
241
241
241
241
241
241
241
241
241
241
241
241
241
245
241
228
109
112
131
241
192
136
143
141
138
135
138
176
228
238
242
244
185
133
129
121
122
121
122
122
128
132
179
241
248
247
244
242
241
241
241
241
241
241
250
236
161
124
120
138
217
251
245
241
241
241
241
241
241
241
241
241
241
241
241
241
241
241
242
245
225
185
116
105
110
225
237
244
241
244
243
219
127
127
205
249
245
241
241
241
241
241
241
246
249
207
136
148
230
248
247
244
228
159
145
234
248
241
241
241
241
241
241
242
252
230
140
119
194
253
253
246
243
242
241
241
241
241
241
241
241
241
241
241
241
241
241
241
241
241
241
241
241
241
241
241
241
241
241
241
241
241
241
249
237
126
97
109
217
209
136
120
120
123
124
122
124
131
136
163
234
203
128
123
125
128
129
130
131
130
128
124
127
185
242
245
242
241
241
241
241
241
241
241
250
236
161
124
120
136
214
249
244
241
241
241
241
241
241
241
241
241
241
241
241
241
241
241
241
241
238
234
218
129
225
243
248
242
241
248
241
157
120
129
204
248
245
241
241
241
241
241
242
245
240
171
117
155
236
251
242
250
244
181
215
238
245
241
241
241
241
241
241
243
244
225
138
127
197
249
245
241
241
241
241
241
241
241
241
241
241
241
241
241
241
241
241
241
241
241
241
241
241
241
241
241
241
241
241
241
241
241
241
250
219
133
93
135
212
180
130
125
130
128
125
125
125
124
119
140
196
141
127
123
128
130
129
125
120
123
126
126
122
140
214
250
245
241
241
241
241
241
241
241
250
236
160
124
119
138
215
249
244
241
241
241
241
241
241
241
241
241
241
241
241
241
241
241
241
242
245
250
239
241
237
248
242
241
242
249
231
149
112
129
204
249
244
241
241
241
241
241
245
249
201
129
122
160
241
248
241
243
238
239
239
246
245
245
244
242
241
241
241
247
244
164
122
164
237
247
242
241
241
241
241
241
241
241
241
241
241
241
241
241
241
241
241
241
241
241
241
241
241
241
241
241
241
241
241
241
241
241
241
249
229
145
124
132
137
136
126
119
123
133
135
141
129
131
125
135
133
132
122
130
136
185
179
143
144
142
133
124
121
126
199
242
246
241
241
241
241
241
241
241
250
235
160
123
121
138
216
249
244
241
241
242
244
246
246
244
242
241
241
241
241
241
241
241
241
241
241
242
244
245
244
242
241
241
245
245
203
136
119
144
216
249
244
241
241
241
241
241
246
248
195
120
130
223
244
243
241
242
243
244
244
249
237
241
237
248
242
241
241
249
237
158
116
172
244
250
241
241
241
241
241
241
241
241
241
241
241
241
241
241
241
241
241
241
241
241
241
241
241
241
241
241
241
241
241
241
241
241
241
246
243
203
129
123
124
126
133
140
140
178
233
186
201
138
127
126
128
126
129
144
229
240
235
232
230
232
180
135
130
124
143
225
248
241
241
241
241
241
241
241
252
239
162
124
119
138
215
249
248
247
248
250
246
236
237
241
248
243
242
241
241
241
241
241
241
241
241
241
241
241
241
241
241
241
245
248
179
130
120
187
245
246
241
241
241
241
241
241
246
242
191
126
151
238
251
242
241
241
241
242
248
243
224
125
219
237
244
241
241
251
240
161
116
168
240
249
241
241
241
241
241
241
241
241
241
241
241
241
241
241
241
241
241
241
241
241
241
241
241
241
241
241
241
241
241
241
241
241
241
246
250
209
136
123
128
132
186
234
231
240
242
249
241
202
131
126
127
123
130
211
248
251
249
249
251
248
245
214
136
114
138
219
249
242
241
241
241
241
241
244
246
232
155
122
126
141
225
251
237
238
233
239
229
167
148
227
243
245
245
242
241
241
241
241
241
241
241
241
241
241
241
241
241
241
246
242
226
137
121
188
248
249
241
241
241
241
241
242
249
220
137
122
206
242
252
243
242
241
241
244
237
224
104
107
125
241
246
244
249
253
238
156
123
176
246
246
241
241
241
241
241
241
241
241
241
241
241
241
241
241
241
241
241
241
241
241
241
241
241
241
241
241
241
241
241
241
241
241
241
245
248
206
134
120
122
162
239
253
251
247
245
246
248
245
181
130
126
128
144
223
253
243
241
241
242
244
252
225
141
113
141
223
251
243
241
241
241
241
241
246
247
183
132
121
126
202
252
249
192
146
204
154
137
130
128
136
188
237
242
245
242
241
241
241
241
241
241
241
241
241
241
241
241
241
247
250
195
132
121
183
243
247
241
241
241
241
241
244
249
212
133
122
146
227
242
245
246
245
244
247
241
125
107
104
224
238
249
240
238
233
179
125
148
232
247
243
241
241
241
241
241
241
241
241
241
241
241
241
241
241
241
241
241
241
241
241
241
241
241
241
241
241
241
241
241
241
241
241
241
245
248
206
133
119
131
175
246
248
241
241
241
241
245
248
235
157
121
120
189
237
248
242
241
241
241
241
248
228
145
120
132
217
244
244
241
241
241
241
241
248
242
175
123
118
136
200
250
211
130
129
126
130
122
125
124
128
132
143
226
243
245
242
241
241
241
241
241
241
241
241
241
241
241
242
245
242
169
118
129
189
249
245
241
241
241
241
241
244
251
217
137
118
130
134
189
248
241
243
237
251
238
219
125
224
243
250
244
231
154
137
134
122
151
237
252
247
243
241
241
241
241
241
241
241
241
241
241
241
241
241
241
241
241
241
241
241
241
241
241
241
241
241
241
241
241
241
241
241
241
244
248
206
132
116
148
231
248
243
241
241
241
241
241
250
237
160
121
123
146
223
251
242
241
241
241
241
246
243
201
125
123
157
239
247
241
241
241
241
241
249
243
178
125
121
132
191
169
135
128
125
127
128
129
132
130
129
123
125
150
236
246
243
241
241
241
241
241
241
241
241
241
241
241
245
249
195
131
118
160
235
247
244
241
241
241
241
241
244
244
210
132
123
127
120
150
212
229
127
219
238
251
237
241
237
248
249
243
166
124
119
126
126
131
170
238
242
245
243
241
241
241
241
241
241
241
241
241
241
241
241
241
241
241
241
241
241
241
241
241
241
241
241
241
241
241
241
241
241
241
244
248
217
146
119
148
238
247
243
241
241
241
241
241
248
242
164
129
117
135
212
249
244
241
241
241
241
246
250
207
133
113
151
231
249
241
241
241
241
241
249
243
178
126
123
142
140
131
123
123
123
123
122
121
122
124
129
129
124
134
192
246
248
241
241
241
241
241
241
241
241
241
241
241
246
244
187
121
117
170
242
250
241
241
241
241
241
241
245
242
166
130
120
129
126
132
184
111
110
125
241
247
244
245
244
242
248
235
159
115
122
129
128
129
131
137
213
240
245
241
241
241
241
241
241
241
241
241
241
241
241
241
241
241
241
241
241
241
241
241
241
241
241
241
241
241
241
241
241
241
241
246
241
183
117
126
173
246
247
241
241
241
241
241
243
245
224
141
114
137
213
250
244
241
241
241
241
244
247
204
131
112
153
233
250
241
241
241
241
241
249
243
178
125
127
131
129
124
124
133
142
146
147
147
147
138
134
127
126
123
163
235
244
241
241
241
241
241
241
241
241
241
241
241
246
247
191
123
116
166
237
248
241
241
241
241
241
241
244
242
218
143
132
129
126
133
108
109
111
225
237
244
241
241
241
241
247
241
176
140
135
132
127
127
123
121
143
231
249
241
241
241
241
241
241
241
241
241
241
241
241
241
241
241
241
241
241
241
241
241
241
241
241
241
241
241
241
241
241
241
241
246
250
195
130
118
167
240
249
241
241
241
241
241
242
252
231
149
113
136
214
250
244
241
241
241
241
244
249
213
139
117
150
233
250
241
241
241
241
241
250
245
180
127
126
128
124
129
134
183
231
231
229
230
233
211
134
122
126
126
141
203
252
242
241
241
241
241
241
241
241
241
241
241
246
246
190
124
123
171
245
247
241
241
241
241
241
241
242
245
241
239
171
129
125
127
118
117
222
247
248
242
241
241
241
241
243
240
239
235
195
129
130
131
132
114
140
223
250
243
244
245
244
242
241
241
241
241
241
241
241
241
241
241
241
241
241
241
241
241
241
241
241
241
241
241
241
241
241
241
241
242
247
235
161
116
159
233
245
241
241
241
241
241
241
249
226
144
110
135
214
250
244
241
241
241
241
241
246
241
181
117
150
235
251
242
241
241
241
241
247
238
173
124
124
129
132
154
228
243
249
253
251
251
255
235
163
133
130
120
160
231
245
244
241
241
241
241
241
241
241
241
241
241
246
246
190
121
138
229
246
244
244
245
244
242
241
241
241
242
247
248
240
159
129
127
121
150
231
254
243
241
241
241
241
241
242
244
252
247
202
125
138
202
149
125
140
221
251
248
237
241
237
248
242
241
241
241
241
241
241
241
241
241
241
241
241
241
241
241
241
241
241
241
241
241
241
241
241
241
241
241
250
243
170
120
135
196
251
242
241
241
241
241
241
248
234
149
120
136
216
251
245
241
241
241
241
241
249
248
188
122
141
229
246
243
241
241
241
244
249
202
134
123
127
133
193
244
245
248
243
242
241
242
243
242
237
178
126
123
144
207
249
245
241
241
241
241
241
241
241
241
241
241
247
248
192
122
147
235
253
249
237
241
237
248
242
241
241
241
242
245
244
231
148
128
119
145
229
248
243
241
241
241
241
241
241
242
249
225
144
118
143
224
245
172
149
230
254
243
224
125
219
237
244
241
241
241
241
241
241
241
241
241
241
241
241
241
241
241
241
241
241
241
241
241
241
241
241
241
241
241
248
241
168
116
159
235
247
242
241
241
241
241
241
246
245
213
127
127
211
244
245
241
241
241
241
241
248
246
186
123
124
174
245
247
241
241
241
245
246
194
128
119
122
172
241
250
244
242
241
241
241
241
242
251
250
191
130
119
129
190
245
245
241
241
241
241
241
241
241
241
241
242
248
243
186
116
146
233
254
243
224
125
219
237
244
241
241
241
241
242
247
246
217
136
123
133
197
244
246
241
241
241
241
241
241
243
249
218
137
111
141
228
253
236
234
238
240
224
106
109
129
243
246
241
241
241
241
241
241
241
241
241
241
241
241
241
241
241
241
241
241
241
241
241
241
241
241
241
241
241
248
241
167
117
161
238
248
242
241
241
241
241
241
246
246
213
130
123
153
234
248
241
241
241
241
241
248
246
187
123
116
170
242
249
241
241
241
245
248
197
129
119
134
188
252
251
244
242
241
241
241
241
240
247
249
191
127
118
127
190
245
246
241
241
241
241
241
241
241
241
241
245
244
211
133
120
148
234
247
223
104
107
125
241
245
241
241
241
241
241
242
248
244
191
122
121
164
240
248
242
244
245
244
242
241
242
250
219
135
120
148
230
252
245
246
248
242
126
113
100
223
235
250
242
241
241
241
241
241
241
241
241
241
241
241
241
241
241
241
241
241
241
241
241
241
241
241
241
241
241
248
241
169
119
128
192
248
245
241
241
241
241
241
247
232
147
124
117
146
226
249
241
241
241
241
241
248
246
186
125
117
165
236
246
244
241
241
245
247
197
128
117
156
239
242
244
237
248
242
241
241
241
241
248
246
186
128
116
127
188
244
246
241
241
241
241
241
241
241
241
241
249
228
145
122
117
148
234
250
124
107
104
224
237
244
241
241
241
241
241
241
247
248
197
128
116
162
237
251
247
237
241
237
248
242
243
252
221
135
121
206
243
246
241
241
244
238
225
129
206
129
225
238
244
241
241
241
241
241
241
241
241
241
241
241
241
241
241
241
241
241
241
241
241
241
241
241
241
241
241
248
239
167
114
120
184
245
247
241
241
241
241
241
247
232
147
125
119
149
230
252
242
241
241
241
241
248
245
184
123
118
133
193
249
245
241
241
245
247
197
128
119
170
241
234
125
219
237
244
241
241
241
241
248
244
186
126
120
134
194
248
245
241
241
241
241
241
241
241
241
242
251
225
141
117
127
158
240
244
218
125
224
243
248
242
241
241
241
241
241
241
246
247
195
127
116
164
239
254
243
224
125
219
237
244
245
244
215
126
129
211
251
245
241
241
242
250
235
223
100
113
126
241
245
241
241
241
241
241
241
241
241
241
241
241
241
241
241
241
241
241
241
241
241
241
241
241
241
241
241
248
246
177
126
124
188
248
249
242
244
245
244
242
246
246
213
132
120
141
224
245
243
241
241
241
241
245
248
191
132
118
125
186
244
247
241
241
246
249
201
128
118
157
217
113
106
125
241
245
241
241
241
241
248
245
187
126
117
165
236
247
242
241
241
241
241
241
241
241
241
244
245
221
136
116
132
213
244
251
237
241
237
248
242
241
241
241
241
241
241
241
245
247
195
127
115
163
240
245
223
104
107
125
241
245
247
237
154
119
130
208
249
244
241
241
241
246
243
129
109
106
224
237
244
241
241
241
241
241
241
241
241
241
241
241
241
241
241
241
241
241
241
241
241
241
241
241
241
241
242
250
241
227
136
122
182
241
248
248
237
241
237
249
252
249
212
116
118
129
165
243
248
241
241
241
241
243
246
235
163
117
127
191
248
249
241
241
247
242
194
124
122
161
117
116
104
224
237
244
241
241
241
241
248
245
186
124
120
173
244
250
241
241
241
241
241
241
241
241
241
248
241
162
126
123
145
227
250
245
247
249
247
244
241
241
241
241
241
241
241
241
247
250
196
126
115
160
241
248
124
107
104
224
237
244
249
230
148
111
130
206
248
244
241
241
241
244
237
219
125
224
243
248
242
241
241
241
241
241
241
241
241
241
241
241
241
241
241
241
241
241
241
241
241
241
241
241
241
242
248
244
232
127
135
124
141
217
255
247
224
125
219
239
241
226
114
104
104
122
162
238
250
241
241
241
241
241
250
241
170
121
121
185
240
247
241
241
249
222
143
125
123
157
213
133
223
243
248
242
241
241
241
241
249
247
187
124
119
172
241
248
241
241
241
241
241
241
241
241
241
251
235
156
116
125
199
242
248
248
237
241
237
248
242
241
241
241
241
241
241
241
246
241
190
121
126
170
246
243
218
125
224
243
248
243
252
234
151
117
139
215
249
244
241
241
241
242
248
237
241
237
248
242
241
241
241
241
241
241
241
241
241
241
241
241
241
241
241
241
241
241
241
241
241
241
241
241
241
244
237
224
109
103
101
120
125
210
240
228
104
107
125
244
246
128
113
100
124
120
157
233
246
244
241
241
241
241
248
238
166
120
122
138
213
249
244
244
248
213
135
119
124
167
232
250
237
248
242
241
241
241
241
241
247
240
181
120
121
170
241
248
241
241
241
241
241
241
241
241
242
247
233
154
117
132
203
251
253
243
224
125
219
237
244
241
241
241
241
241
241
243
249
218
138
118
138
224
246
250
237
241
237
248
242
243
245
228
140
117
184
241
246
241
241
241
241
241
242
244
245
244
242
241
241
241
241
241
241
241
241
241
241
241
241
241
241
241
241
241
241
241
241
241
241
241
241
241
241
245
241
125
112
110
147
131
124
146
227
131
108
104
224
239
239
220
129
176
131
122
132
184
247
246
241
241
241
241
247
245
174
131
117
131
204
247
244
244
249
215
137
119
124
162
240
254
243
242
241
242
244
245
244
246
250
212
139
121
123
170
241
248
241
241
241
241
241
241
241
241
246
246
197
138
116
129
200
249
240
223
104
107
125
241
245
241
241
241
241
241
241
245
250
212
132
119
152
237
250
243
244
245
244
242
241
247
245
172
124
124
192
248
247
241
241
241
241
241
241
241
241
241
241
241
241
241
241
241
241
241
241
241
241
241
241
241
241
241
241
241
241
241
241
241
241
241
241
241
241
244
237
218
129
221
216
133
122
150
226
224
127
224
243
249
249
241
245
188
134
116
121
175
241
247
241
241
241
241
243
245
227
145
116
134
209
250
245
244
249
215
138
120
125
168
236
250
241
241
242
248
237
241
237
253
242
198
126
118
123
169
239
248
241
241
241
241
241
241
241
241
248
244
176
125
121
137
207
253
244
124
107
104
224
237
244
241
241
241
241
241
242
247
248
212
127
125
211
243
245
241
241
241
241
241
241
248
238
164
115
121
188
244
246
241
241
241
241
241
241
241
241
241
241
241
241
241
241
241
241
241
241
241
241
241
241
241
241
241
241
241
241
241
241
241
241
241
241
241
241
242
248
237
247
244
204
137
119
208
245
244
241
237
248
242
242
247
253
203
135
121
134
187
248
246
241
241
241
241
242
251
232
151
115
125
200
242
245
244
249
215
138
120
125
162
237
250
241
242
248
243
224
125
220
247
232
149
128
123
130
175
245
247
241
241
241
241
241
241
241
242
247
237
169
119
121
177
239
250
239
218
125
224
243
248
242
241
241
241
241
241
243
242
232
160
124
136
220
251
244
241
241
241
241
241
241
249
239
166
119
129
195
248
245
241
241
241
241
241
241
241
241
241
241
241
241
241
241
241
241
241
241
241
241
241
241
241
241
241
241
241
241
241
241
241
241
241
241
241
241
241
242
244
250
241
191
126
125
151
235
254
247
244
242
241
241
242
247
238
172
116
147
230
242
246
241
241
241
241
241
247
238
156
123
129
151
235
246
244
249
214
137
120
124
161
237
250
241
244
237
224
104
107
129
243
220
133
122
122
145
228
245
243
241
241
241
241
241
241
241
246
251
201
136
120
124
182
245
250
247
237
241
237
248
242
241
241
241
241
241
241
249
243
164
124
120
167
231
247
241
241
241
241
241
241
241
250
242
165
116
160
235
246
242
241
241
241
241
241
241
241
241
241
241
241
241
241
241
241
241
241
241
241
241
241
241
241
241
241
241
241
241
241
241
241
241
241
241
241
241
241
241
241
248
236
154
125
121
131
219
247
254
253
253
253
253
253
255
254
185
126
133
193
255
255
253
252
249
245
242
244
243
213
122
114
197
240
245
245
251
217
140
121
122
161
236
250
241
245
241
125
107
105
231
237
160
129
123
130
160
242
248
242
241
241
241
241
241
241
241
246
240
186
122
117
129
185
247
245
242
244
245
244
242
241
241
241
241
241
242
246
251
234
150
115
129
201
247
245
241
241
241
242
245
249
252
254
241
162
129
184
255
255
253
253
253
253
253
253
253
253
252
249
245
242
241
241
241
241
241
241
241
241
241
241
241
241
241
241
241
241
241
241
241
241
241
241
241
241
241
241
241
241
248
230
150
119
126
127
121
215
219
215
215
215
215
214
220
219
162
112
110
158
217
219
214
214
228
239
254
254
255
239
158
152
227
255
255
254
252
217
134
125
127
164
246
255
253
254
249
230
136
236
254
240
150
124
125
139
226
254
254
253
253
253
253
253
253
253
254
255
224
145
126
132
171
250
254
254
253
253
253
253
253
253
253
253
253
253
253
249
249
182
131
132
186
254
255
254
253
253
253
254
239
228
216
225
176
121
131
208
218
216
215
215
215
215
215
215
215
215
212
224
232
244
241
241
241
241
241
241
241
241
241
241
241
241
241
241
241
241
241
241
241
241
242
242
241
241
241
241
241
241
247
237
156
123
120
114
117
125
144
139
139
139
139
139
143
134
119
109
116
134
139
142
139
137
135
218
216
215
217
210
202
201
210
216
215
219
215
138
126
121
119
150
215
221
215
216
221
211
216
218
233
168
128
120
116
127
202
222
216
215
215
215
215
215
215
215
216
223
193
126
115
132
209
218
218
215
215
215
215
216
219
222
224
224
224
224
227
218
156
125
112
135
210
219
217
215
215
215
215
216
218
137
142
133
117
104
121
135
146
139
139
139
139
139
139
139
139
139
135
145
236
245
241
241
241
241
241
241
241
241
241
241
241
241
241
241
241
241
241
241
241
241
242
248
242
241
241
241
241
241
244
242
220
137
135
126
146
208
220
215
215
215
215
215
217
220
164
139
215
223
217
215
215
216
218
135
137
139
140
143
145
145
143
140
139
144
130
119
107
110
112
128
142
154
149
149
150
152
152
143
129
116
107
109
114
129
136
143
139
139
139
139
139
139
139
140
145
140
126
113
104
121
132
146
140
139
139
139
140
141
133
128
124
127
127
128
128
120
111
108
116
135
139
143
139
139
139
139
139
137
136
225
216
193
124
122
136
209
220
215
215
215
215
215
215
215
215
215
212
224
232
244
241
241
241
241
241
241
241
241
241
241
241
241
241
241
241
241
241
241
241
108
228
237
244
241
241
241
241
241
242
248
241
203
185
222
179
241
255
253
253
253
253
253
254
250
240
239
245
254
253
253
253
254
239
228
214
215
215
215
215
215
215
215
215
222
208
135
120
125
121
142
203
206
201
202
202
204
206
178
117
118
120
124
178
228
219
217
217
219
217
216
215
215
215
217
215
201
124
118
124
140
216
219
215
215
215
215
218
220
182
116
113
117
117
116
119
118
120
132
203
226
218
216
215
215
215
215
215
215
235
244
236
129
213
160
166
244
255
253
253
253
253
253
253
253
253
253
252
249
245
242
241
241
241
241
241
241
241
241
241
241
241
241
241
241
241
241
241
241
241
108
138
241
245
241
242
244
245
244
242
243
242
240
244
238
244
236
244
241
241
241
241
241
242
243
245
246
244
242
241
241
241
242
245
249
252
253
253
253
253
253
253
253
253
255
238
152
123
128
128
139
148
156
155
155
155
157
155
146
135
124
127
168
246
254
254
255
249
253
249
255
254
253
253
255
254
172
136
124
137
219
254
255
253
253
253
253
254
255
210
138
126
131
114
128
130
123
122
190
247
255
253
253
253
253
253
253
253
254
244
228
107
114
127
236
237
237
244
241
241
241
241
241
241
241
242
244
245
244
242
241
241
241
241
241
241
241
241
241
241
241
241
241
241
241
241
241
242
242
241
108
228
237
244
242
248
237
241
237
248
243
242
243
244
244
244
243
242
241
241
241
241
241
241
241
241
241
241
241
241
241
241
241
242
244
245
244
242
241
241
241
241
241
241
250
226
140
117
135
133
126
112
115
116
119
115
115
114
114
122
128
156
235
244
246
248
243
224
125
219
237
244
241
245
248
232
153
122
119
114
209
242
245
241
241
241
241
244
247
200
129
118
107
106
104
130
133
145
204
249
246
241
241
241
241
241
241
241
245
241
125
107
105
226
241
248
244
242
241
241
241
241
241
241
242
248
237
241
237
248
242
241
241
241
241
241
241
241
241
241
241
241
241
241
241
241
242
248
242
241
241
242
248
244
248
243
224
125
219
237
244
241
241
241
241
241
241
241
241
241
241
241
241
241
241
241
241
241
241
241
241
241
242
248
237
241
237
248
242
241
241
241
241
241
248
232
155
135
196
226
151
142
138
129
122
131
142
146
140
141
201
239
242
246
245
237
224
104
107
125
241
245
242
245
242
177
129
124
99
109
130
242
245
241
241
241
241
244
248
208
135
103
99
104
128
147
220
233
236
242
242
241
241
241
241
241
241
241
244
237
219
125
224
243
248
242
241
241
241
241
241
241
241
242
248
243
224
125
219
237
244
241
241
241
241
241
241
241
241
241
241
241
241
241
241
242
248
243
233
108
241
242
242
244
237
224
104
107
125
241
245
241
241
241
241
241
241
241
241
241
241
241
241
241
241
241
241
241
241
241
241
242
248
243
224
125
219
237
244
241
241
241
241
241
244
237
231
230
241
242
238
229
228
159
135
180
233
231
227
233
240
248
245
242
245
241
125
107
104
224
237
244
244
249
202
136
122
104
107
115
230
238
244
241
241
241
241
241
247
236
180
118
112
131
191
240
244
251
246
243
241
241
241
241
241
241
241
241
242
248
237
241
237
248
242
241
241
241
241
241
241
241
241
244
237
224
104
107
125
241
245
241
241
241
241
241
241
241
241
241
241
241
241
241
241
244
237
224
119
108
241
241
241
245
241
125
107
104
224
237
244
241
241
241
241
241
241
241
241
241
241
241
241
241
241
241
241
241
241
241
241
244
237
224
104
107
125
241
245
241
241
241
241
241
242
244
247
248
247
246
248
251
246
236
230
238
249
253
250
249
245
243
241
241
244
237
219
125
224
243
248
242
245
244
190
123
112
111
115
229
247
247
242
241
241
241
241
241
247
245
196
193
167
227
243
247
245
242
241
241
241
241
241
241
241
241
241
241
241
242
244
245
244
242
241
241
241
241
241
241
241
241
241
245
241
125
107
104
224
237
244
241
241
241
241
241
241
241
241
241
241
241
241
241
241
245
241
125
111
108
241
241
241
244
237
219
125
224
243
248
242
241
241
241
241
241
241
241
241
241
241
241
241
241
241
241
241
241
241
242
244
249
243
126
107
104
224
237
244
241
241
241
241
241
241
241
241
241
241
241
241
242
244
247
248
246
243
242
241
241
241
241
241
241
242
248
237
241
237
248
242
241
245
247
202
143
137
136
187
243
251
242
241
241
241
241
241
241
244
239
241
235
244
244
248
243
241
241
241
241
241
241
241
241
241
241
241
241
241
241
241
241
241
241
241
241
241
241
241
241
241
241
241
244
237
219
125
224
243
248
242
241
241
241
241
241
241
241
241
241
241
241
241
241
241
244
237
219
123
241
241
241
241
242
248
237
241
237
248
242
241
241
241
241
241
241
241
241
241
241
241
241
241
241
241
241
241
241
242
248
237
243
235
225
126
224
243
248
242
241
241
241
241
241
241
241
241
241
241
241
241
241
241
241
241
241
241
241
241
241
241
241
241
241
241
242
244
245
244
242
241
241
242
242
236
230
224
230
236
242
245
241
241
241
241
241
241
241
242
242
244
245
245
243
242
241
241
241
241
241
241
241
241
241
241
241
241
241
241
241
241
241
241
241
241
241
241
241
241
241
241
241
241
242
248
237
241
237
248
242
241
241
241
241
241
241
241
241
241
241
241
241
241
241
241
242
248
237
236
241
241
241
241
241
242
244
245
244
242
241
241
241
241
241
241
241
241
241
241
241
241
241
241
241
241
241
241
241
242
242
228
140
234
239
242
237
248
242
241
241
241
241
241
241
241
241
241
241
241
241
241
241
241
241
241
241
241
241
241
241
241
241
241
241
241
241
241
241
241
241
241
241
241
243
246
249
250
249
246
243
242
241
241
241
241
241
241
241
241
241
241
241
241
241
241
241
241
241
241
241
241
241
241
241
241
241
241
241
241
241
241
241
241
241
241
241
241
241
241
241
241
241
241
241
242
244
245
244
242
241
241
241
241
241
241
241
241
241
241
241
241
241
241
241
241
241
242
244
244
241
241
241
241
241
241
241
241
241
241
241
241
241
241
241
241
241
241
241
241
241
241
241
241
241
241
241
241
241
241
241
108
108
108
241
241
241
241
241
241
241
241
241
241
241
241
241
241
241
241
241
241
241
241
241
241
241
241
241
241
241
241
241
241
241
241
241
241
241
241
241
241
241
241
241
241
241
241
241
241
241
241
241
241
241
241
241
241
241
241
241
241
241
241
241
241
241
241
241
241
241
241
241
241
241
241
241
241
241
241
241
241
241
241
241
241
241
241
241
241
241
241
241
241
241
241
241
241
241
241
241
241
241
241
241
241
241
241
241
241
241
241
241
241
241
241
241
241
241
241
241
