243
243
243
243
243
243
243
243
243
243
243
243
243
243
243
243
243
243
243
243
243
243
243
243
243
243
243
243
243
243
243
243
243
243
243
243
243
243
243
243
243
243
243
243
243
243
243
243
243
243
243
243
243
243
243
243
243
243
244
140
145
244
243
243
243
243
243
243
243
243
243
243
243
243
243
243
243
243
243
243
243
243
243
243
243
243
243
243
243
243
243
243
243
243
243
243
243
243
243
243
243
243
243
243
243
243
243
243
243
243
243
243
243
243
243
243
243
243
243
243
243
243
243
243
243
82
243
243
243
243
243
243
243
243
243
243
243
243
243
243
243
243
243
243
243
243
243
243
243
243
243
243
243
243
243
243
243
243
243
243
243
243
243
243
243
243
243
243
243
243
243
243
243
243
243
243
243
243
243
243
243
243
243
243
243
243
243
243
243
243
243
243
243
243
243
243
243
243
243
243
243
243
243
243
243
243
243
246
238
156
142
136
163
237
248
243
243
243
243
243
243
243
246
246
197
141
140
201
247
246
243
243
244
250
245
218
97
212
237
246
243
243
243
243
243
243
243
243
243
243
243
243
243
243
243
243
243
243
243
243
243
243
243
243
243
243
243
243
243
243
243
246
237
215
79
79
104
237
246
243
243
243
243
244
246
247
246
244
243
244
250
238
244
238
250
244
243
243
243
243
243
243
243
243
243
243
243
243
243
243
243
243
243
243
243
243
243
243
243
243
243
243
243
243
243
243
243
243
243
243
243
243
243
243
243
243
243
243
243
243
243
243
243
243
243
243
243
243
243
243
243
243
243
243
243
243
243
246
245
226
144
125
152
232
249
245
243
243
243
243
243
243
248
246
191
126
128
196
247
247
243
243
246
238
221
77
80
102
244
248
245
247
247
246
245
244
243
243
243
243
243
243
243
243
243
243
243
243
243
243
243
243
243
243
243
243
243
243
243
243
243
249
247
107
84
79
221
238
246
243
243
243
244
250
238
244
238
250
246
250
247
221
102
215
238
246
243
243
243
243
243
243
243
243
243
243
243
243
243
243
243
243
243
243
243
243
243
243
243
243
243
243
243
243
243
243
243
244
246
247
246
244
243
243
243
243
243
243
243
243
243
243
243
243
243
243
243
243
243
243
243
243
243
243
243
243
243
244
251
231
154
128
147
200
244
247
243
243
243
243
243
243
248
247
194
133
135
199
248
248
243
243
247
244
102
80
77
221
240
251
240
245
235
245
241
247
244
243
243
243
243
243
243
243
243
243
243
243
243
243
243
243
243
243
243
243
243
243
243
243
244
252
234
214
98
229
248
250
244
243
243
244
250
247
221
102
215
238
249
238
221
77
80
102
244
247
243
243
243
243
243
243
243
243
243
243
243
243
243
243
243
243
243
243
243
243
243
243
243
243
243
243
243
243
243
243
244
250
238
244
238
250
244
243
243
243
243
243
243
243
243
243
243
243
243
243
243
243
243
243
243
243
243
243
243
243
243
243
249
237
154
138
136
164
240
249
244
243
243
243
243
243
248
247
195
132
135
200
248
248
243
243
246
238
215
102
222
249
254
249
229
165
213
166
231
241
245
243
243
243
243
243
243
243
243
243
243
243
243
243
243
243
243
243
243
243
243
243
243
244
250
248
229
98
216
236
254
246
244
243
243
246
238
221
77
80
102
244
251
244
102
80
77
221
238
246
243
243
243
243
243
243
243
243
243
243
243
243
243
243
243
243
243
243
243
243
243
243
243
243
243
243
243
243
243
244
250
247
221
102
215
238
246
243
243
243
243
243
243
243
243
243
243
243
243
243
243
243
243
243
243
243
243
243
243
243
243
243
246
244
226
146
131
151
218
245
246
243
243
243
243
243
248
247
195
132
133
200
248
248
243
243
244
250
238
244
242
247
240
226
151
146
133
152
168
249
245
243
243
243
243
243
243
243
243
243
243
243
243
243
243
243
243
243
243
243
243
243
243
246
238
221
80
87
113
243
247
238
246
243
243
247
244
102
80
77
221
238
249
238
215
102
221
247
250
244
243
243
243
243
243
243
243
243
243
243
243
243
243
243
243
243
243
243
243
243
243
243
243
243
243
243
243
243
243
246
238
221
77
80
102
244
247
243
243
243
243
243
243
243
243
243
243
243
243
243
243
243
243
243
243
243
243
243
243
243
243
243
244
252
232
154
131
142
175
245
251
244
243
243
243
243
249
249
196
134
134
199
248
248
243
243
243
244
246
248
251
241
170
146
143
136
132
153
232
247
245
243
243
243
243
243
243
243
243
243
243
243
243
243
243
243
243
243
243
243
243
243
243
247
244
104
87
78
215
204
175
238
248
243
243
246
238
215
102
221
247
250
246
250
238
244
238
250
244
243
243
243
243
243
243
243
243
243
243
243
243
243
243
243
243
243
243
243
243
243
243
243
243
243
243
243
243
243
243
247
244
102
80
77
221
238
246
243
243
243
243
243
243
243
243
243
243
243
243
243
243
243
243
243
243
243
243
243
243
243
243
243
243
251
230
153
132
135
158
234
245
245
243
243
243
244
247
241
189
128
134
199
247
247
243
243
243
243
244
247
248
230
148
133
138
142
137
157
235
248
246
243
243
243
243
243
243
243
243
243
243
243
243
243
243
243
243
243
243
243
243
243
243
246
240
215
99
201
157
153
179
241
248
243
243
244
250
238
244
238
250
244
243
244
246
247
246
244
243
243
243
243
243
243
243
243
243
243
243
243
243
243
243
243
243
243
243
243
243
243
243
243
243
243
243
243
243
243
243
246
238
215
102
221
247
250
244
243
243
243
243
243
243
243
243
243
243
243
243
243
243
243
243
243
243
243
243
243
243
243
243
243
243
250
227
152
133
138
143
173
245
249
243
243
243
246
249
206
148
135
144
207
249
246
243
243
243
244
247
246
239
156
141
135
137
138
138
142
169
244
249
243
243
243
243
243
243
243
243
243
243
243
243
243
243
243
243
243
243
243
243
243
243
245
253
234
195
136
138
152
229
244
246
243
243
243
244
246
247
246
244
243
243
243
243
243
243
243
243
243
243
243
243
243
243
243
243
243
243
243
243
243
243
243
243
243
243
243
243
243
243
243
243
243
244
245
246
245
244
245
250
238
244
238
250
244
243
243
243
243
243
243
243
243
243
243
243
243
243
243
243
243
243
243
243
243
243
243
243
243
243
243
243
249
234
156
139
135
134
169
240
251
243
243
243
248
247
196
134
129
192
242
247
243
243
243
243
246
242
238
156
136
139
149
168
149
145
129
161
236
250
243
243
243
243
243
243
243
243
243
243
243
243
243
243
243
243
243
243
243
243
243
243
243
250
232
160
132
141
168
232
250
244
243
243
243
243
243
243
243
243
243
243
243
243
243
243
243
243
243
243
243
243
243
243
243
243
243
243
243
243
243
243
243
243
243
243
243
243
243
243
245
248
250
251
245
245
242
251
249
247
247
247
246
244
243
243
243
243
243
243
243
243
243
243
243
243
243
243
243
243
243
243
243
243
243
243
243
243
243
243
243
243
246
241
230
150
140
135
160
235
245
245
243
243
248
248
199
133
134
201
249
249
243
243
243
244
251
246
167
137
134
147
226
239
228
151
137
161
239
251
243
243
243
243
243
243
243
243
243
243
243
243
243
243
243
243
243
243
243
243
243
243
244
251
229
147
129
157
232
244
244
243
243
243
243
243
243
243
243
243
243
243
243
243
243
243
244
246
247
246
244
243
243
243
243
243
243
243
243
243
243
243
243
243
243
243
243
243
245
250
247
239
231
233
230
173
210
232
238
243
250
246
244
243
243
243
243
243
243
243
243
243
243
243
243
243
243
244
246
247
246
244
243
243
243
243
243
243
243
243
243
243
244
248
247
223
144
134
141
170
244
249
243
244
248
245
193
130
133
196
246
248
243
243
243
245
245
233
154
130
139
194
245
254
251
226
140
155
235
249
243
243
243
243
243
243
243
243
243
243
243
243
243
243
243
243
243
243
243
243
243
243
246
244
223
144
129
166
241
252
244
243
243
243
243
243
243
243
243
243
243
244
246
247
246
246
250
238
244
238
250
244
243
243
243
243
243
243
243
243
243
243
243
243
243
243
243
244
243
240
235
176
147
157
148
146
145
146
158
220
240
241
247
244
243
243
243
243
243
243
243
243
243
243
243
243
244
250
238
244
238
250
244
243
243
243
243
243
243
243
243
243
243
244
251
226
150
129
134
169
241
251
243
244
246
216
158
130
139
199
248
247
243
243
243
250
248
171
138
137
162
234
246
249
246
223
140
152
208
251
244
243
243
243
243
243
243
243
243
243
243
243
243
243
243
243
243
243
243
243
243
243
249
236
158
138
130
161
236
250
243
243
243
243
243
243
243
243
243
243
244
250
238
244
240
254
248
221
102
215
238
246
243
243
243
243
243
243
243
243
243
243
243
245
247
249
249
252
251
203
148
138
132
133
134
135
133
131
139
143
162
231
245
245
243
243
243
243
243
243
243
243
243
243
243
244
250
247
221
102
215
238
246
243
243
243
243
243
243
243
243
243
243
243
249
233
157
139
135
164
236
246
245
244
248
204
139
132
164
224
247
245
243
244
247
248
235
153
132
146
230
245
247
249
235
156
133
157
235
249
243
243
243
243
243
244
246
247
246
244
243
244
245
248
250
251
250
248
245
244
243
243
250
227
150
130
141
171
243
249
243
243
243
243
243
243
243
243
243
244
250
247
221
102
218
234
224
77
80
102
244
247
243
243
243
243
243
243
243
244
246
249
251
251
242
235
233
240
236
179
132
134
141
134
141
142
143
136
136
132
140
191
242
250
244
243
243
243
243
243
243
243
243
243
243
246
238
221
77
80
102
244
247
243
243
243
243
243
243
243
243
243
243
243
248
246
224
146
135
143
178
248
249
245
247
243
188
133
189
246
249
243
243
245
243
242
164
143
143
227
244
248
244
249
227
148
126
164
243
254
249
248
245
244
244
250
238
244
238
250
245
248
244
239
232
231
232
238
242
246
243
244
252
232
155
129
155
232
246
245
243
243
243
243
243
243
243
243
243
246
238
221
77
80
107
243
107
80
77
221
238
246
243
243
243
243
243
244
247
252
246
241
235
240
207
157
171
185
168
150
147
146
152
157
169
228
189
165
157
147
144
154
236
253
255
254
254
254
254
254
254
254
254
254
254
255
254
116
94
91
235
251
255
254
254
254
254
254
254
254
254
254
254
254
255
252
226
144
140
141
175
246
254
255
255
252
197
143
202
255
255
254
254
255
254
183
142
144
228
255
255
254
254
255
238
159
134
173
241
248
234
246
251
254
255
251
224
107
224
251
255
253
248
178
157
162
161
198
244
255
254
254
252
231
148
129
165
239
252
243
243
243
243
243
243
243
243
243
243
247
244
102
80
77
224
234
218
102
221
247
250
244
243
243
244
246
248
252
241
233
197
138
140
141
132
125
123
127
127
127
130
127
127
178
210
207
209
200
154
124
123
129
141
213
216
211
211
211
211
211
211
211
211
211
211
213
205
183
70
191
217
224
218
216
215
214
212
211
211
211
211
211
212
215
224
217
100
123
127
126
137
173
217
215
217
184
126
124
172
217
214
210
210
217
211
146
111
129
197
218
213
211
212
218
206
134
121
151
203
147
135
161
218
215
217
209
84
70
80
206
217
216
155
121
119
120
122
134
203
221
215
214
216
153
143
131
161
236
251
243
243
243
243
243
243
243
243
243
243
246
238
215
102
221
248
254
240
244
238
250
244
243
243
243
246
238
234
235
229
117
94
92
85
88
89
89
90
92
93
95
96
90
99
111
126
126
127
124
120
105
97
88
94
106
119
121
119
120
122
124
125
124
121
119
119
120
126
115
123
116
122
116
112
112
113
117
123
121
120
122
123
122
123
110
105
75
88
84
102
90
93
106
116
128
120
109
92
90
107
119
123
118
120
121
107
102
94
111
117
122
119
119
124
121
108
96
91
102
97
95
84
95
109
119
128
97
90
71
105
110
124
117
104
92
86
91
90
98
99
114
119
130
116
149
137
133
161
237
251
243
243
243
243
243
243
243
243
243
243
244
250
238
244
238
250
246
246
247
246
244
243
243
243
243
249
230
158
155
157
136
121
126
123
124
128
132
134
130
131
128
128
130
133
193
219
212
211
212
220
213
141
123
123
141
208
218
212
212
205
201
196
207
211
214
211
210
212
217
219
215
158
122
162
141
119
183
209
215
219
205
210
205
223
208
80
71
91
200
138
121
124
155
216
220
211
172
116
120
170
215
214
210
211
214
186
146
198
219
215
211
211
215
212
200
127
125
127
127
128
128
127
123
155
215
223
204
108
209
224
215
213
216
206
161
137
133
127
126
121
121
188
213
208
149
137
131
159
234
250
243
243
243
243
243
243
243
243
243
243
243
244
246
247
246
244
243
243
243
243
243
243
243
243
243
249
221
141
128
140
144
143
149
153
154
189
209
201
206
158
145
143
139
203
246
255
255
254
254
255
246
171
140
142
157
240
254
255
255
238
169
158
188
251
254
255
254
255
255
255
205
154
152
153
153
149
163
240
255
255
235
116
229
253
253
224
107
230
223
154
136
142
177
251
255
222
152
140
146
205
254
255
253
254
253
246
246
248
254
254
254
255
254
248
165
151
144
145
144
143
144
145
142
181
250
255
245
247
244
255
254
254
254
251
248
235
168
141
146
145
153
157
177
227
159
136
141
159
242
249
243
243
243
243
243
243
243
243
243
243
243
243
243
243
243
243
243
243
243
243
243
243
243
243
243
250
232
154
140
138
140
143
168
222
236
238
241
249
242
188
134
135
139
147
217
251
245
243
243
248
242
169
144
136
142
164
243
251
249
212
137
123
138
181
249
250
248
250
246
189
139
137
135
138
139
134
138
216
241
227
79
80
102
245
253
238
244
243
235
153
137
136
143
186
250
204
134
129
167
222
248
245
243
243
245
246
247
246
244
243
243
248
239
165
140
135
137
136
144
143
143
135
137
143
184
249
250
247
246
244
243
243
244
245
251
251
183
142
137
140
140
134
144
143
147
131
149
229
244
246
243
243
243
243
243
243
243
243
243
243
243
243
243
243
243
243
243
243
243
243
243
243
243
243
243
247
243
217
141
134
138
161
224
250
253
249
247
249
251
200
146
140
133
137
204
246
247
243
243
245
245
230
149
135
135
150
228
245
251
226
151
137
133
172
242
249
243
238
190
141
130
136
145
145
139
135
143
149
223
101
87
79
221
238
247
246
248
249
245
214
140
132
136
182
250
214
139
132
191
245
248
243
243
243
243
243
243
243
243
243
244
251
235
157
132
135
144
152
176
223
172
144
139
133
179
242
250
242
243
243
243
243
243
243
245
244
240
163
137
133
137
137
139
140
139
144
170
249
252
245
243
243
243
243
243
243
243
243
243
243
243
243
243
243
243
243
243
243
243
243
243
243
243
243
243
244
250
232
155
138
137
155
209
247
247
244
243
244
247
240
185
138
135
141
180
232
248
243
243
244
250
241
167
141
138
142
161
244
252
243
210
139
131
142
181
249
210
150
136
137
139
149
205
192
151
145
135
133
90
185
100
226
247
250
244
243
243
245
251
223
150
134
136
174
237
203
135
136
194
247
249
243
243
243
243
243
243
243
243
244
247
249
230
150
132
141
158
232
245
242
244
205
136
129
178
244
251
242
243
243
243
243
243
243
244
247
246
239
169
153
149
143
136
138
140
146
222
235
244
247
246
244
243
243
243
243
243
243
243
243
243
243
243
243
243
243
243
243
243
243
243
243
243
243
243
243
246
243
216
138
132
140
159
213
244
247
243
243
248
251
202
149
138
136
157
221
250
247
243
243
246
244
212
148
135
132
149
228
248
253
229
152
131
84
134
185
197
138
138
149
196
241
240
243
240
164
131
72
85
97
238
245
250
244
243
243
243
243
248
231
170
139
136
145
150
150
137
136
192
246
248
243
243
243
243
243
243
243
243
245
243
236
154
139
138
155
238
247
250
249
253
226
149
135
178
244
251
242
243
243
243
243
243
243
243
244
247
243
238
233
231
174
149
146
137
149
153
166
200
241
246
249
245
244
243
243
243
243
243
243
243
243
243
243
243
243
243
243
243
243
243
243
243
243
243
243
244
250
230
152
138
134
136
176
246
250
243
243
244
247
240
180
135
133
140
207
244
246
243
243
244
248
235
152
136
138
142
170
247
253
235
193
73
73
87
154
157
141
180
238
245
248
249
251
251
237
96
73
70
147
226
253
245
243
243
243
243
243
247
246
214
140
135
148
145
143
133
146
200
246
246
243
243
243
243
243
243
243
243
248
240
161
134
136
150
237
245
247
244
244
246
236
198
128
176
244
251
242
243
243
243
243
243
243
243
243
244
245
248
251
248
247
227
153
136
138
137
139
144
164
233
239
241
245
243
243
243
243
243
243
243
243
243
243
243
243
243
243
243
243
244
246
246
243
243
243
243
247
242
213
140
133
135
172
238
247
246
243
243
248
250
194
146
137
138
156
225
250
245
243
243
247
241
184
142
136
134
153
231
251
248
106
88
76
137
139
140
140
195
251
251
244
243
243
251
246
169
91
124
149
226
250
244
243
243
243
243
243
245
250
219
143
133
170
197
140
136
165
221
249
245
243
243
243
243
243
243
243
243
251
234
155
134
151
236
245
247
244
243
244
250
223
147
134
178
244
251
242
243
243
243
243
243
243
243
243
243
243
243
244
248
249
233
151
135
140
139
139
137
145
147
184
248
251
245
244
243
243
243
243
243
243
243
243
243
243
243
243
243
244
250
238
237
243
243
243
243
245
251
231
160
137
136
143
191
250
249
243
243
244
247
240
178
136
134
138
208
241
246
243
243
245
247
229
147
135
138
140
165
247
244
217
106
183
142
138
137
141
196
246
248
243
243
243
246
249
235
165
127
152
226
251
244
243
243
243
243
243
244
248
230
170
140
148
152
144
135
187
243
249
243
243
243
243
243
243
243
243
243
251
232
149
135
224
247
248
244
243
243
244
248
212
137
127
180
243
251
242
243
243
243
243
243
243
243
243
243
243
243
243
248
241
161
142
151
153
149
139
140
137
133
164
230
243
244
246
243
243
243
243
243
243
243
243
243
243
243
243
244
250
247
221
104
243
243
243
243
243
247
248
218
138
82
123
170
239
246
244
243
243
249
245
183
137
136
138
148
225
251
245
243
243
249
240
170
140
137
133
161
240
255
240
248
207
151
137
133
138
191
248
249
243
243
243
243
251
244
174
131
143
218
244
245
243
243
243
243
243
243
247
247
212
142
134
141
137
139
191
246
249
243
243
243
243
243
243
243
243
243
248
239
161
158
236
250
244
243
243
243
245
249
214
140
128
181
245
251
244
246
247
246
244
243
243
243
243
243
243
243
243
249
232
156
135
158
219
153
152
142
146
140
147
150
184
240
244
244
243
243
243
243
243
243
243
243
243
243
243
246
238
221
77
79
82
243
243
243
243
248
243
206
82
75
87
147
195
248
247
243
243
247
248
192
147
138
134
136
209
242
246
243
243
245
245
223
142
129
131
152
230
245
249
251
246
208
141
133
134
189
244
248
243
243
243
243
250
240
170
129
145
175
241
246
243
243
243
243
243
243
245
249
216
146
134
142
136
139
190
247
249
243
243
243
243
243
243
243
243
243
245
240
233
232
239
246
243
243
243
243
245
249
214
140
129
181
243
251
249
238
244
238
250
244
243
243
243
243
243
243
244
251
238
161
136
145
99
205
147
175
137
138
137
135
143
192
249
249
243
243
243
243
243
243
243
243
243
243
243
247
244
102
80
79
243
243
243
243
243
248
244
107
83
73
129
140
191
247
249
243
243
244
246
238
171
134
137
139
146
227
251
245
243
244
250
235
156
139
146
147
179
247
246
245
248
246
206
142
136
166
224
250
247
243
243
243
250
240
170
127
141
218
244
245
243
243
243
243
243
243
245
249
214
144
135
144
137
139
191
246
249
243
243
243
243
243
243
243
243
243
244
246
247
247
246
244
243
243
243
243
246
250
217
141
127
177
244
254
246
221
102
215
238
246
243
243
243
243
243
243
245
246
231
149
128
71
85
105
230
155
147
140
139
138
135
172
238
246
246
243
243
243
243
243
243
243
243
243
243
246
238
215
102
215
243
243
243
243
243
246
239
220
93
127
137
142
179
239
246
245
243
243
249
250
184
144
139
135
139
212
242
247
243
243
246
238
238
215
165
224
236
238
245
243
245
249
244
194
131
133
191
242
245
244
243
243
250
241
169
127
146
224
251
244
243
243
243
243
243
243
245
249
214
143
135
144
138
139
190
246
249
243
243
243
243
243
243
243
243
243
243
243
243
243
243
243
243
243
243
243
246
244
209
135
136
182
250
243
221
77
80
102
244
247
243
243
243
243
243
243
248
241
164
138
82
79
86
225
236
237
198
143
141
138
137
140
185
246
246
243
243
243
243
243
243
243
243
243
243
244
250
238
244
237
243
243
243
243
243
244
250
244
216
137
141
136
141
189
251
248
243
243
245
246
238
170
137
137
140
153
227
249
243
243
244
246
250
242
245
243
249
245
244
243
243
247
251
207
142
131
145
207
251
248
244
245
253
245
168
132
154
230
248
243
243
243
243
243
243
243
245
249
214
144
134
142
138
141
192
247
248
243
243
243
243
243
243
243
243
243
243
243
243
243
243
243
243
243
243
244
248
223
146
133
169
238
251
244
102
80
77
221
238
246
243
243
243
243
243
244
252
237
160
129
131
99
228
248
253
249
245
219
145
141
131
137
184
246
246
243
243
243
243
243
243
243
243
243
243
243
244
246
247
246
243
243
243
243
243
243
245
248
247
217
148
137
130
177
238
246
244
243
243
250
248
184
141
138
128
142
218
249
244
243
243
243
244
246
248
249
247
244
243
243
243
244
245
244
198
136
134
190
243
249
250
243
245
227
165
141
223
242
246
243
243
243
243
243
243
243
244
249
212
141
133
141
137
149
202
246
246
243
243
243
243
243
243
243
243
243
243
243
243
243
243
243
243
243
243
244
249
214
140
128
180
246
253
239
215
102
221
247
250
244
243
243
243
243
243
245
245
232
154
134
147
229
246
250
245
245
249
245
206
134
132
175
242
245
246
243
243
243
243
243
243
243
243
243
243
243
243
243
243
243
243
243
243
243
243
243
243
246
253
241
211
136
144
145
196
250
248
243
243
246
247
209
149
137
131
150
217
249
244
243
243
243
244
250
238
244
238
250
244
243
243
243
245
249
245
188
136
139
203
250
251
243
174
137
141
212
244
249
244
243
243
243
243
243
243
243
244
249
224
158
138
137
138
164
220
248
245
243
243
243
243
243
243
243
243
243
243
243
243
243
243
243
243
243
243
246
251
219
143
125
174
241
251
249
238
244
238
250
246
246
247
246
244
243
243
249
242
167
140
132
158
236
253
245
243
243
246
249
219
150
178
243
246
247
243
243
243
243
243
243
243
243
243
243
243
243
243
243
243
243
243
243
243
243
243
243
244
250
248
226
103
174
130
130
180
239
247
244
243
244
247
243
176
152
209
173
224
248
244
243
243
244
250
247
221
102
215
238
246
243
243
243
243
249
248
193
133
132
142
203
239
170
139
133
154
226
250
245
243
243
243
243
243
243
243
243
243
246
243
208
140
132
138
184
244
249
243
243
243
243
243
243
243
243
243
243
243
243
243
243
243
243
243
243
244
248
247
214
137
135
178
247
248
244
246
247
246
246
250
238
244
238
250
244
243
250
235
161
132
133
154
232
251
243
243
243
243
245
236
234
237
244
247
243
243
243
243
243
243
243
243
243
243
243
243
243
243
243
243
243
243
243
243
243
243
243
246
238
222
79
88
95
149
140
143
197
249
247
243
243
246
242
236
237
234
243
238
244
243
243
243
246
238
221
77
80
102
244
247
243
243
243
243
247
249
196
140
135
139
149
150
146
143
209
238
239
245
243
243
243
243
243
243
243
243
243
243
247
250
213
146
131
139
187
247
249
243
243
243
243
243
243
243
243
243
243
243
244
246
247
246
244
243
243
247
242
221
145
136
167
239
247
246
243
243
243
244
250
247
221
102
215
238
246
243
252
240
165
135
133
163
230
250
243
243
243
243
244
246
248
247
245
244
243
243
243
243
243
243
243
243
243
243
243
243
243
243
243
243
243
243
243
243
243
243
243
247
244
102
80
84
221
193
126
125
185
242
248
243
243
244
245
247
248
248
247
245
244
243
243
243
247
244
102
80
77
221
238
246
243
243
243
243
245
246
238
184
134
136
138
129
131
204
246
251
246
244
243
243
243
243
243
243
243
243
243
243
246
250
211
145
130
139
188
245
249
243
243
243
243
243
243
243
243
243
243
244
250
238
244
238
250
244
243
249
226
146
139
133
178
244
254
245
243
243
243
246
238
221
77
80
102
244
247
245
247
233
156
133
136
153
234
250
243
243
243
243
243
243
243
243
243
243
243
243
243
243
243
243
243
243
243
243
243
243
243
243
243
243
243
243
243
243
243
243
243
247
242
220
105
226
251
218
150
145
198
246
247
243
243
243
243
243
243
243
243
243
243
243
243
243
246
238
215
102
221
247
250
244
243
243
243
243
243
248
251
196
139
129
137
141
152
219
250
246
243
243
243
243
243
243
243
243
243
243
243
243
246
250
211
143
130
140
188
245
249
243
243
243
243
243
243
243
243
243
244
250
247
221
102
215
238
246
245
250
222
147
132
143
95
215
241
246
243
243
243
247
244
102
80
77
221
238
246
249
245
177
143
134
142
192
241
247
243
243
243
243
243
243
243
243
243
243
243
243
243
243
243
243
243
243
243
243
243
243
243
243
243
243
243
243
243
243
243
243
244
251
247
238
238
247
252
239
230
228
237
243
244
243
243
243
243
243
243
243
243
243
243
243
243
243
244
250
238
244
238
250
244
243
243
243
243
243
244
247
249
244
188
144
150
203
237
238
244
244
243
243
243
243
243
243
243
243
243
243
243
243
247
251
214
145
130
142
191
245
249
243
243
243
243
243
243
243
243
243
246
238
221
77
80
102
244
247
247
245
219
139
127
73
85
106
244
247
243
243
243
246
238
215
102
221
247
250
244
250
236
167
135
132
151
229
249
245
243
243
243
243
243
243
243
243
243
243
243
243
243
243
243
243
243
244
246
247
246
244
243
243
243
243
243
243
243
243
243
244
250
247
223
105
220
243
249
247
249
249
247
245
243
243
243
243
243
243
243
243
243
243
243
243
243
243
243
244
246
247
246
244
243
243
243
243
243
244
250
239
246
240
247
232
234
241
249
247
244
243
243
243
243
243
243
243
243
243
243
243
243
243
246
244
206
140
133
141
191
244
249
243
243
243
243
243
243
243
243
243
247
244
102
80
77
221
238
247
250
234
157
138
80
78
83
222
238
246
243
243
243
244
250
238
244
238
250
244
243
251
239
164
134
132
151
229
251
244
243
243
243
243
243
243
243
243
243
243
243
243
243
243
243
243
244
250
238
244
238
250
244
243
243
243
243
243
243
243
243
246
238
221
77
80
102
244
247
243
243
243
243
243
243
243
243
243
243
243
243
243
243
243
243
243
243
243
243
243
243
243
243
243
243
243
243
243
244
250
247
221
103
217
244
251
249
247
245
243
243
243
243
243
243
243
243
243
243
243
243
243
243
245
250
223
151
140
135
135
182
246
249
243
243
244
246
247
246
244
243
243
246
238
215
102
221
247
251
250
246
218
139
138
149
107
224
247
250
244
243
243
243
243
244
246
247
246
244
243
243
250
235
157
125
133
159
238
252
246
244
243
243
243
243
243
243
243
243
243
243
243
243
243
243
244
250
247
221
102
215
238
246
243
243
243
243
243
243
243
243
247
244
102
80
77
221
238
246
243
243
243
243
243
243
243
243
243
243
243
243
243
243
243
243
243
243
243
243
243
243
243
243
243
243
243
243
243
246
238
221
77
80
102
244
247
243
243
243
243
243
243
243
243
243
243
243
243
243
243
244
244
245
246
243
209
140
134
136
148
200
246
247
243
244
250
238
244
238
250
244
243
244
250
238
244
238
250
248
243
228
146
135
161
225
244
240
250
244
243
243
243
243
243
243
243
243
243
243
243
243
249
241
170
145
155
235
237
246
239
250
244
243
243
243
243
243
243
243
243
243
243
243
243
243
246
238
221
77
80
102
244
247
243
243
243
243
243
243
243
243
246
238
215
102
221
247
250
244
243
243
243
243
243
243
243
243
243
243
243
243
243
243
243
243
243
243
243
243
243
243
243
243
243
243
243
243
243
247
244
102
80
77
221
238
246
243
243
243
243
243
243
243
243
243
243
243
243
243
244
246
244
247
250
233
162
139
137
137
170
230
249
246
244
250
247
221
102
215
238
246
243
243
244
246
247
246
246
249
236
160
135
139
173
250
253
246
244
243
243
243
243
243
243
243
243
243
243
243
243
243
246
240
236
228
243
244
226
103
215
238
246
243
243
243
243
243
243
243
243
243
243
243
243
243
247
244
102
80
77
221
238
246
243
243
243
243
243
243
243
243
244
250
238
244
238
250
244
243
243
243
243
243
243
243
243
243
243
243
243
243
243
243
243
243
243
243
243
243
243
243
243
243
243
243
243
243
243
246
238
215
102
221
247
250
244
243
243
243
243
243
243
243
243
243
243
243
243
243
245
242
231
202
235
210
142
135
137
135
180
242
249
243
246
238
221
77
80
102
244
247
243
243
243
243
243
243
246
244
224
142
130
157
235
245
245
243
243
243
243
243
243
243
243
243
243
243
243
243
243
243
244
245
248
251
245
224
78
80
102
244
247
243
243
243
243
243
243
243
243
243
243
243
243
243
246
238
215
102
221
247
250
244
243
243
243
243
243
243
243
243
243
244
246
247
246
244
243
243
243
243
243
243
243
243
243
243
243
243
243
243
243
243
243
243
243
243
243
243
243
243
243
243
243
243
243
243
243
244
250
238
244
238
250
244
243
243
243
243
243
243
243
243
243
243
243
243
243
243
247
234
179
151
153
152
145
139
138
141
185
248
248
243
247
244
102
80
77
221
238
246
243
243
243
243
243
243
249
237
165
136
142
186
247
250
244
243
243
243
243
243
243
243
243
243
243
243
243
243
243
243
243
243
243
247
244
102
80
77
221
238
246
243
243
243
243
243
243
243
243
243
243
243
243
243
244
250
238
244
238
250
244
243
243
243
243
243
243
243
243
243
243
243
243
243
243
243
243
243
243
243
243
243
243
243
243
243
243
243
243
243
243
243
243
243
243
243
243
243
243
243
243
243
243
243
243
243
243
243
244
246
247
246
244
243
243
243
243
243
243
243
243
243
243
243
243
243
243
243
249
226
148
132
137
138
141
139
134
172
236
246
246
243
246
238
215
102
221
247
250
244
243
243
243
243
243
243
250
228
147
121
152
232
247
244
243
243
243
243
243
243
243
243
243
243
243
243
243
243
243
243
243
243
243
246
238
215
102
221
247
250
244
243
243
243
243
243
243
243
243
243
243
243
243
243
243
244
246
247
246
244
243
243
243
243
243
243
243
243
243
243
243
243
243
244
246
247
246
244
243
243
243
243
243
243
243
243
243
243
243
243
243
243
243
243
243
243
243
243
243
243
243
243
243
243
243
243
243
243
243
243
243
243
243
243
243
243
243
243
243
243
243
243
243
243
243
243
243
243
250
224
149
133
143
142
140
138
144
190
250
249
243
243
244
250
238
244
238
250
244
243
243
243
243
243
243
243
249
225
153
136
172
242
250
243
243
243
243
243
243
243
243
243
243
243
243
243
243
243
243
243
243
243
243
244
250
238
244
238
250
244
243
243
243
243
243
243
243
243
243
243
243
243
243
243
243
243
243
243
243
243
243
243
243
243
243
243
243
243
243
243
243
243
244
250
238
244
238
250
244
243
243
243
243
243
243
243
243
243
243
243
243
243
243
243
243
243
243
243
243
243
243
243
243
243
243
243
243
243
243
243
243
243
243
243
243
243
243
243
243
243
243
243
243
243
243
243
243
243
250
223
145
129
139
137
137
143
179
243
244
245
243
243
243
244
246
247
246
244
243
243
243
243
243
243
243
243
249
231
170
221
239
240
245
243
243
243
243
243
243
243
243
243
243
243
243
243
243
243
243
243
243
243
243
243
244
246
247
246
244
243
243
243
243
243
243
243
243
243
243
243
243
243
243
243
243
243
243
243
243
243
243
243
243
243
243
243
243
243
243
243
243
243
244
245
226
119
226
245
244
243
243
243
243
243
243
243
243
243
243
243
243
243
243
243
243
243
243
243
243
243
243
243
243
243
243
243
243
243
243
243
243
243
243
243
243
243
243
243
243
243
243
243
243
243
243
243
243
243
248
227
152
139
143
142
139
170
239
248
246
243
243
243
243
243
243
243
243
243
243
243
243
243
243
243
243
243
246
237
242
241
250
245
244
243
243
243
243
243
243
243
243
243
243
243
243
243
243
243
243
243
243
243
243
243
243
243
243
243
243
243
243
243
243
243
243
243
243
243
243
243
243
243
243
243
243
243
243
243
243
243
243
243
243
243
243
243
243
243
243
243
243
243
243
243
82
82
82
243
243
243
243
243
243
243
243
243
243
243
243
243
243
243
243
243
243
243
243
243
243
243
243
243
243
243
243
243
243
243
243
243
243
243
243
243
243
243
243
243
243
243
243
243
243
243
243
243
243
243
243
243
244
231
136
164
222
155
250
243
243
243
243
243
243
243
243
243
243
243
243
243
243
243
243
243
243
243
243
243
243
243
243
243
243
243
243
243
243
243
243
243
243
243
243
243
243
243
243
243
243
243
243
243
243
243
243
243
243
243
243
243
243
243
243
243
243
243
243
243
243
243
243
243
243
243
243
243
243
243
243
243
243
243
243
243
243
243
243
