251
251
251
251
251
251
251
251
251
251
251
251
251
251
251
251
251
251
251
251
251
251
251
251
251
251
251
251
251
251
251
251
251
251
251
251
251
251
251
251
251
251
251
251
251
251
251
251
251
251
251
251
251
251
251
251
251
251
251
251
251
251
251
251
251
251
251
251
251
251
251
251
251
251
251
251
251
251
251
251
251
251
251
251
251
251
251
251
251
251
251
251
251
251
251
251
251
251
251
251
251
251
252
246
169
155
156
156
152
174
255
251
251
251
251
251
251
251
251
251
251
251
251
251
251
251
251
251
251
251
251
251
251
251
251
251
251
251
251
251
251
251
70
251
251
251
251
251
251
251
251
251
251
251
251
251
251
251
251
251
251
251
251
251
251
251
251
251
251
251
251
251
251
251
251
251
251
251
251
251
251
251
251
251
251
251
251
251
251
251
251
251
251
251
251
251
251
251
251
251
251
251
251
251
251
251
251
251
251
251
251
253
255
253
224
88
217
244
255
251
251
251
251
251
251
251
251
251
251
251
251
251
251
251
251
251
251
251
251
251
251
251
251
251
251
252
254
255
255
254
251
243
252
230
167
147
162
207
173
176
250
253
251
251
251
251
251
251
251
253
255
253
224
88
217
244
255
251
251
251
251
251
251
251
251
251
251
251
255
244
220
67
67
95
244
255
251
251
251
251
251
251
251
251
251
251
251
251
251
251
251
251
251
251
251
251
251
251
251
251
251
251
251
251
251
251
251
251
251
251
251
251
251
251
251
251
251
251
251
251
251
251
251
251
251
251
251
251
251
251
251
251
251
251
251
251
251
251
251
251
251
255
246
227
66
69
93
251
255
251
251
251
253
254
254
253
252
251
251
251
251
251
251
251
251
251
251
251
251
251
251
251
251
251
252
254
251
248
241
216
198
194
184
223
166
142
175
224
185
238
251
254
251
251
251
251
251
251
251
255
246
227
66
69
93
251
255
251
251
251
251
251
251
251
251
251
251
251
255
251
93
69
66
227
246
255
251
251
251
251
251
251
251
251
251
251
251
251
251
251
251
251
251
251
251
251
251
251
251
251
251
251
251
251
251
251
251
251
251
251
251
251
251
251
251
251
251
251
251
251
251
251
251
251
251
251
251
251
251
251
251
251
251
251
251
251
251
251
251
251
251
255
251
93
69
66
227
246
255
251
251
253
252
249
249
249
253
251
251
251
251
251
251
251
251
251
251
251
251
251
251
251
251
251
254
254
247
182
160
158
155
148
165
209
162
151
213
247
253
248
255
252
251
251
251
251
251
251
251
255
251
93
69
66
227
246
255
251
251
251
251
251
251
251
251
251
251
251
255
246
220
93
227
254
255
253
251
251
251
251
251
251
251
251
251
251
251
251
251
251
251
251
251
251
251
251
251
251
251
251
251
251
251
251
251
251
251
251
251
251
251
251
251
251
251
251
251
251
251
251
251
251
251
251
251
251
251
251
251
251
251
251
253
255
255
255
255
255
255
255
255
255
249
220
93
227
254
255
253
252
254
255
252
219
193
249
255
251
251
251
251
251
251
251
251
251
251
251
251
251
251
251
253
255
255
253
190
150
145
147
151
152
161
156
156
191
251
255
255
253
252
251
251
251
251
251
251
251
251
255
246
220
93
227
254
255
253
251
251
251
251
251
251
251
251
251
251
251
253
255
246
251
246
255
253
251
251
251
251
251
251
251
251
251
251
251
251
251
251
251
251
251
251
251
251
251
253
255
255
255
255
254
253
253
254
253
252
251
251
251
251
251
251
251
251
251
251
251
251
251
251
253
255
255
255
253
251
251
251
251
252
254
255
249
244
239
241
241
241
241
237
245
255
249
251
246
255
253
251
253
249
249
225
156
191
247
255
251
251
251
251
251
251
251
251
251
251
251
251
251
251
252
254
251
249
201
154
145
147
150
154
155
155
150
149
195
252
255
252
251
251
252
253
254
253
252
251
251
251
253
255
246
251
246
255
253
251
251
251
251
251
251
251
251
251
251
251
251
251
253
255
255
255
253
251
251
251
251
251
251
251
251
251
251
251
251
251
251
251
251
251
251
251
251
251
252
252
247
240
236
246
251
255
254
254
252
255
255
254
252
251
251
251
251
251
251
251
251
251
251
253
255
246
251
246
255
253
251
251
252
255
251
249
210
160
165
166
165
167
166
162
176
245
255
255
255
253
251
252
255
252
189
149
158
203
254
254
251
251
251
251
251
251
251
251
251
251
251
251
251
251
254
251
232
162
155
157
160
167
161
154
149
153
152
149
170
227
255
253
251
251
254
246
250
249
255
254
252
251
251
253
255
255
255
253
251
251
251
251
251
251
251
251
251
251
251
251
251
251
251
251
251
251
251
251
251
251
251
251
251
251
251
251
251
251
251
251
251
251
251
251
251
251
251
251
254
255
217
164
159
182
245
254
239
191
224
242
248
254
255
253
251
251
251
251
251
251
251
251
253
255
254
227
93
220
246
255
251
252
255
254
241
172
152
149
144
146
147
148
144
140
167
235
255
251
251
251
251
253
254
241
170
144
178
249
254
252
251
251
251
251
251
251
251
251
251
251
251
251
251
252
255
247
173
149
144
155
220
247
221
171
163
161
155
147
156
212
255
254
251
251
255
245
185
232
249
252
254
251
251
251
251
251
251
251
251
251
251
251
251
251
251
251
251
251
251
251
251
251
251
251
251
251
251
251
251
251
251
251
251
251
251
251
251
251
251
251
251
251
251
251
251
251
251
251
255
249
204
144
138
165
223
190
159
159
156
159
191
246
253
255
255
254
252
251
251
251
251
251
255
246
227
66
69
93
251
255
252
254
254
246
172
149
148
152
154
154
154
154
149
151
169
245
255
251
251
251
251
254
254
193
146
161
239
255
254
251
251
251
251
251
251
251
251
251
251
251
251
251
252
255
255
237
163
144
147
166
237
255
253
248
236
174
149
146
153
210
255
255
251
252
255
242
180
150
195
249
255
255
255
255
255
255
253
251
251
251
251
251
251
251
251
251
251
251
251
251
251
251
251
251
251
251
251
251
251
251
251
251
251
251
251
251
251
251
251
251
251
251
251
251
251
251
251
253
255
231
166
152
151
158
159
156
147
147
146
145
152
161
217
243
248
250
253
251
251
251
251
251
255
251
93
69
66
227
246
255
254
255
250
180
150
150
152
150
147
149
148
151
155
166
231
251
254
251
251
251
251
255
249
187
147
174
252
255
252
251
251
251
251
251
251
251
251
251
251
251
251
251
253
252
246
175
154
160
158
213
251
255
254
255
255
192
156
145
152
208
255
255
251
252
253
240
166
141
157
208
250
243
239
239
244
251
255
254
252
251
251
251
251
251
251
251
251
251
251
251
251
251
251
251
251
251
251
251
251
251
251
251
251
251
251
251
251
251
251
251
251
251
251
251
251
251
251
254
255
224
158
149
153
153
147
151
153
154
151
150
148
151
157
165
196
248
255
255
255
255
255
255
255
248
221
93
227
254
255
254
254
252
198
152
150
149
153
157
165
171
175
165
201
247
251
255
252
251
251
251
251
255
254
191
155
229
254
254
251
251
251
251
251
251
251
251
251
251
251
251
251
252
255
254
188
147
144
178
239
251
253
253
251
253
255
240
166
144
153
210
255
255
251
253
255
197
161
146
152
201
190
165
166
165
164
214
249
253
255
254
252
251
251
251
251
251
251
251
251
251
251
251
251
251
251
251
251
251
251
251
251
251
251
251
251
251
251
251
251
251
251
251
251
251
251
251
251
255
252
220
154
150
152
149
154
161
209
196
158
154
149
151
150
145
172
248
255
247
240
239
250
250
255
255
253
255
248
255
254
255
254
215
156
150
152
158
161
209
244
244
240
243
249
255
255
252
251
251
251
251
252
255
246
183
159
235
255
252
251
251
251
251
251
251
251
251
251
251
251
251
251
252
254
243
182
144
153
194
255
255
253
252
251
253
255
247
176
143
153
210
255
255
251
252
253
239
169
146
158
157
156
149
147
146
149
155
168
234
250
252
254
251
251
251
251
251
251
251
251
251
251
251
251
251
251
251
251
251
251
251
251
251
251
251
251
251
251
251
251
251
251
251
251
251
251
251
251
255
240
166
152
151
156
157
181
244
250
250
238
176
157
154
150
149
179
244
252
192
162
162
190
237
195
220
245
252
254
255
255
252
233
170
152
147
146
169
237
254
255
255
255
255
255
253
252
251
251
251
251
251
254
255
213
150
159
234
255
253
254
253
252
251
251
251
251
251
251
251
251
251
251
254
255
203
154
145
171
241
254
253
251
251
251
253
251
238
166
143
154
210
255
255
251
252
255
246
177
148
152
152
149
148
148
148
149
147
152
156
193
248
254
252
251
251
251
251
251
251
251
251
251
251
251
251
251
251
251
251
251
251
251
251
251
251
251
251
251
251
251
251
251
251
251
251
251
251
252
255
232
162
144
154
165
230
252
253
255
255
253
252
207
151
150
148
175
214
167
154
148
146
157
158
160
158
162
191
249
255
255
243
173
154
152
156
159
193
253
255
253
252
251
251
251
251
251
251
251
251
251
251
255
253
205
142
157
236
255
251
249
247
252
252
251
251
251
251
251
251
251
251
251
255
251
202
149
143
177
247
255
252
251
251
251
254
251
183
156
145
152
207
255
255
253
254
255
248
177
147
150
155
161
166
171
167
161
154
149
146
157
210
255
255
251
251
251
251
251
251
251
251
251
251
251
251
251
251
251
251
251
251
251
251
251
251
251
251
251
251
251
251
251
251
251
251
251
251
253
255
238
166
144
155
221
255
255
254
252
252
254
255
253
203
152
151
157
156
155
149
151
152
151
152
146
147
144
157
200
252
255
232
156
147
148
157
223
249
251
253
251
251
251
251
251
251
251
251
251
251
251
251
255
253
203
143
161
239
255
246
200
223
255
253
251
251
251
251
251
251
251
251
251
255
254
205
152
146
185
246
255
254
255
255
253
255
246
183
148
144
152
207
254
255
255
245
255
239
184
147
150
164
220
245
243
245
206
157
146
146
147
194
247
255
252
251
251
251
251
251
251
251
251
251
251
251
251
251
251
251
251
251
251
251
251
251
251
251
251
251
251
251
251
251
251
251
251
251
254
255
236
161
143
159
223
255
255
251
251
251
252
254
255
247
184
148
151
153
154
150
148
157
162
161
142
80
140
147
156
219
255
186
153
148
150
169
242
255
254
252
251
251
251
251
251
251
251
251
251
251
251
251
254
255
211
150
164
243
255
204
156
218
255
254
251
251
251
251
251
251
251
251
251
255
253
203
150
145
184
248
255
245
251
246
255
255
248
182
147
147
161
217
255
255
254
227
103
215
170
151
164
220
255
255
255
255
255
200
161
156
148
159
220
255
254
251
251
251
251
251
251
251
251
251
251
251
251
251
251
251
251
251
251
251
251
251
251
251
251
251
251
251
251
251
251
251
251
253
255
249
185
149
152
163
227
255
253
251
251
251
251
252
255
253
193
152
152
150
152
156
165
189
216
156
59
66
79
149
153
207
237
172
147
151
157
224
253
255
251
251
251
251
251
251
251
251
251
251
251
251
251
251
252
255
247
185
156
229
225
150
154
220
255
254
251
251
251
251
253
255
255
255
253
255
253
202
149
145
180
255
255
226
93
220
245
255
248
180
147
148
194
248
255
247
227
68
72
80
167
148
185
246
255
255
255
249
251
246
240
162
143
149
207
250
255
251
251
251
251
251
251
251
251
251
251
251
251
251
251
251
251
251
253
253
251
251
251
251
251
251
251
251
251
251
251
251
253
255
255
228
85
130
150
211
252
255
251
251
251
251
251
252
255
245
185
149
153
157
161
215
244
254
246
95
74
66
149
150
158
164
167
163
148
148
203
251
255
252
251
251
251
251
251
251
251
251
251
251
251
251
251
251
252
255
255
195
155
154
159
144
148
219
255
254
251
253
255
255
255
248
251
246
255
255
253
202
150
145
186
242
236
66
69
93
251
255
254
182
145
146
201
253
255
251
93
73
65
166
148
151
155
207
255
255
254
227
95
230
245
178
151
147
162
232
255
252
251
251
251
251
251
251
251
251
251
251
251
251
251
251
251
253
255
253
251
251
251
251
251
251
251
251
251
251
251
251
255
246
229
75
70
82
155
219
253
255
253
251
251
251
251
254
255
207
159
151
151
183
243
255
255
255
250
224
102
213
163
154
153
127
137
149
150
158
215
255
254
251
251
251
251
251
251
251
251
253
255
255
255
253
251
251
251
255
245
186
145
148
152
153
163
228
255
253
253
255
246
255
245
234
97
225
249
255
253
203
151
145
180
245
100
74
67
227
249
255
248
166
71
138
197
255
255
246
220
98
223
186
156
147
146
196
255
251
226
66
69
97
253
232
153
139
157
225
255
253
251
251
251
251
251
251
251
251
251
251
251
251
251
251
253
255
254
239
70
251
255
255
253
251
251
251
251
251
251
251
255
251
97
70
63
141
166
95
227
251
255
251
251
251
251
255
252
201
150
146
148
189
251
255
253
254
255
246
255
241
178
154
151
131
113
147
153
191
248
255
252
251
251
251
251
251
251
251
253
255
246
251
246
255
253
251
252
255
219
164
153
149
148
186
241
249
253
254
255
254
227
104
209
84
63
93
246
255
254
201
150
145
159
179
215
93
232
255
255
253
185
69
59
87
241
255
254
255
245
255
244
195
149
146
161
215
255
254
93
69
67
232
255
246
168
146
159
227
255
253
251
251
251
251
251
251
251
251
251
251
251
251
251
251
255
246
227
84
70
251
244
246
255
253
251
251
251
251
251
251
255
245
194
78
134
143
74
68
96
247
255
253
251
251
251
255
255
205
153
147
152
181
253
254
251
251
253
255
255
255
232
164
150
125
135
144
154
200
252
255
251
251
251
251
251
251
251
253
255
254
227
93
220
246
255
251
254
255
242
184
147
156
163
210
255
255
253
255
246
227
66
83
69
84
46
69
215
253
255
209
157
148
154
163
157
216
245
255
255
204
85
63
65
177
250
255
251
253
254
255
252
186
148
155
196
255
255
249
220
95
235
250
255
250
227
149
156
226
255
253
251
251
251
251
251
251
251
251
251
251
251
251
251
251
255
251
93
74
70
251
92
220
246
255
251
251
251
251
251
251
255
255
198
155
148
86
70
49
69
215
249
255
251
251
251
255
248
198
149
145
170
240
254
253
251
251
251
251
253
255
236
168
149
130
111
142
160
198
255
254
251
251
251
251
251
251
251
255
246
227
66
69
93
251
255
253
255
254
213
159
151
168
237
252
252
253
251
255
251
93
69
79
202
79
46
72
102
254
255
248
186
150
153
152
157
163
176
225
172
154
139
75
160
245
255
254
251
251
251
255
249
184
144
175
234
252
252
255
249
255
250
235
101
224
214
146
153
225
255
253
251
251
251
251
251
251
251
251
251
251
251
251
251
251
255
246
220
92
251
70
76
97
255
255
253
251
251
251
251
253
255
248
192
151
161
161
74
48
72
102
253
255
251
251
254
255
223
160
149
142
169
244
255
252
251
251
251
251
253
255
236
169
148
127
110
139
180
243
255
252
251
251
251
251
251
251
251
255
251
93
69
66
227
246
255
255
254
222
154
151
147
169
244
255
254
252
251
255
246
220
93
237
244
99
63
74
228
247
255
248
189
151
152
153
152
149
157
154
157
153
161
152
191
248
255
254
251
251
251
255
251
188
153
161
176
98
222
248
255
251
230
68
73
83
162
146
155
225
255
253
251
251
251
251
251
251
251
251
251
251
251
251
251
251
253
255
246
244
251
70
93
222
246
249
255
253
251
251
251
255
252
209
154
148
177
231
94
65
74
228
246
255
251
251
255
251
212
151
147
150
166
249
255
251
251
251
251
251
254
251
228
159
148
130
136
148
188
250
255
251
251
251
251
251
251
251
251
255
246
220
93
227
254
255
255
250
231
156
150
151
149
154
194
253
255
251
251
253
255
246
251
251
255
227
97
228
254
255
255
213
161
148
155
154
153
144
146
145
151
153
161
193
93
220
248
255
251
251
253
255
246
184
144
137
58
71
98
255
255
253
93
69
71
212
160
148
155
225
255
253
251
251
251
251
251
251
251
251
251
251
251
251
251
251
251
253
255
255
251
70
241
231
102
221
246
255
251
251
253
255
228
161
145
149
182
248
232
98
228
254
255
253
251
251
255
236
172
151
147
160
233
251
254
251
251
251
251
251
254
252
172
161
148
128
135
147
186
248
255
251
251
251
251
251
251
251
251
253
255
246
251
246
255
253
254
251
175
154
150
161
158
149
183
250
255
251
251
251
253
255
255
255
255
246
251
246
255
255
247
197
146
152
176
220
168
164
165
159
167
153
142
59
76
96
251
255
251
252
255
252
203
158
151
74
68
81
222
246
253
254
221
94
232
250
222
142
158
226
255
253
251
251
251
251
251
251
251
251
251
251
251
251
251
251
251
251
251
251
251
251
225
74
70
93
251
255
251
252
255
253
219
149
148
163
239
255
249
251
246
255
253
251
251
253
255
229
159
143
153
169
246
255
253
251
251
251
251
251
254
253
231
162
150
129
110
145
186
248
255
251
251
251
251
251
251
251
251
251
253
255
255
255
253
251
254
251
225
152
155
209
180
144
175
242
254
252
251
251
251
251
251
251
253
255
255
254
254
255
221
159
146
162
238
253
249
245
245
230
201
236
87
64
69
227
246
255
251
253
255
224
168
149
148
154
100
237
230
102
224
254
249
252
252
244
165
144
157
224
255
253
251
251
251
251
251
251
251
251
251
251
251
251
251
251
251
251
251
251
251
251
90
70
66
227
246
255
252
255
253
237
163
150
152
221
255
255
255
255
255
253
251
251
252
255
255
227
152
147
159
231
251
254
251
251
251
251
251
251
255
253
233
165
149
128
135
147
184
248
255
251
251
251
251
251
251
251
251
251
251
251
251
251
251
251
253
255
229
159
195
244
183
145
159
208
255
252
251
251
251
251
251
251
251
251
251
251
254
255
216
154
141
173
249
255
255
255
254
255
255
253
232
100
230
254
255
253
251
255
255
215
154
147
154
171
238
228
74
70
93
253
255
255
255
238
164
150
163
233
255
252
251
251
251
251
251
251
251
251
251
251
251
251
251
251
251
251
251
251
251
251
218
97
232
255
255
253
253
252
242
165
153
142
157
223
255
254
251
251
251
251
251
251
254
251
240
165
151
149
215
254
255
252
251
251
251
251
251
251
255
247
166
156
150
131
139
150
183
246
255
251
251
251
251
251
251
251
251
251
251
251
251
251
251
251
252
254
230
189
246
254
189
147
172
243
254
252
251
251
251
251
251
251
251
251
251
251
254
255
215
153
143
165
233
249
221
96
221
250
255
255
247
246
254
255
253
251
251
254
247
205
149
147
157
198
255
102
70
66
227
246
255
251
255
248
211
143
205
248
255
252
251
251
251
251
251
251
251
251
251
251
251
251
251
251
251
251
251
251
251
251
253
246
246
254
255
253
255
252
185
153
149
153
157
225
255
253
251
251
251
251
251
252
255
251
178
151
144
158
220
255
255
251
251
251
251
251
251
251
255
239
168
148
152
131
138
150
185
249
255
251
251
251
251
251
251
251
251
251
251
251
251
251
251
251
252
252
246
249
250
255
237
162
181
252
255
252
251
251
251
251
251
251
251
251
251
251
253
255
224
162
150
159
158
149
68
77
101
255
255
229
97
225
249
255
251
251
252
255
233
159
156
148
160
238
244
225
93
227
254
255
253
252
255
240
171
148
173
238
255
252
251
251
251
251
251
251
251
251
251
251
251
251
251
251
251
251
251
251
251
251
255
232
97
221
246
254
255
246
181
148
147
151
206
248
254
251
251
251
251
251
251
253
254
239
171
148
146
154
216
255
254
251
251
251
251
251
251
252
255
244
172
153
153
131
137
149
177
243
255
252
251
251
251
251
251
251
251
251
251
251
251
251
251
251
251
252
253
253
254
255
243
167
171
243
255
252
251
251
251
251
251
251
251
251
251
252
255
255
247
198
146
154
149
74
60
63
205
236
231
70
71
94
251
255
251
251
251
254
248
206
150
149
156
186
255
252
251
246
255
253
251
252
255
230
156
141
160
232
255
251
251
251
251
251
251
251
251
251
251
251
251
251
251
251
251
251
251
251
251
251
224
66
69
93
251
255
255
248
181
145
147
158
218
255
254
251
251
251
251
251
251
255
253
188
156
150
151
160
222
255
253
251
251
251
251
251
251
253
253
236
163
151
153
129
138
153
158
201
255
255
251
251
251
251
251
251
251
251
251
251
251
251
251
251
251
251
251
251
251
255
241
167
149
202
255
255
251
251
251
251
251
251
251
251
252
255
253
251
216
159
154
153
151
140
79
148
170
180
89
69
72
229
250
255
251
251
251
255
255
217
157
148
144
171
243
255
255
255
253
251
251
252
255
235
160
145
211
253
255
251
251
251
251
251
251
251
251
251
251
251
251
251
251
251
251
251
251
251
251
251
88
69
66
227
246
254
255
245
176
142
150
198
250
254
252
251
251
251
251
251
251
255
250
191
150
148
150
201
250
255
251
251
251
251
251
251
251
253
255
186
159
152
149
126
137
152
151
189
248
255
253
251
251
251
251
251
251
251
251
251
251
251
251
251
251
251
251
251
251
255
241
167
140
189
246
255
252
251
251
251
251
251
251
251
254
251
241
176
155
150
153
155
159
146
152
149
157
149
134
77
193
249
255
255
252
251
251
254
249
207
150
148
152
174
250
255
251
251
251
251
251
254
255
234
170
148
212
253
255
252
251
251
251
251
251
251
251
251
251
251
251
251
251
251
251
251
251
251
251
251
217
93
227
254
255
253
255
250
201
162
189
249
255
254
251
251
251
251
251
251
252
255
247
184
150
148
154
207
254
255
251
251
251
251
251
251
251
253
254
238
164
147
155
133
145
156
154
156
210
251
255
255
255
255
253
251
251
251
251
251
251
251
251
251
251
251
251
251
251
255
242
170
143
157
215
255
253
251
251
251
251
251
251
252
255
252
186
151
147
152
163
222
181
159
157
153
156
159
152
157
157
174
241
253
255
252
253
255
228
157
152
150
163
237
253
254
251
251
251
251
251
255
247
194
155
145
158
230
255
252
251
251
251
251
251
251
251
251
251
251
251
251
251
251
251
251
251
251
251
251
244
251
246
255
253
251
253
251
245
240
247
252
254
252
251
251
251
251
251
251
254
255
207
160
151
152
154
203
255
254
251
251
251
251
251
251
252
255
255
244
167
150
165
209
180
150
151
151
154
224
255
249
251
246
255
253
251
251
251
251
251
251
251
251
251
251
251
251
251
255
242
170
140
151
210
255
255
251
251
251
251
251
251
253
253
239
169
145
150
166
227
252
252
221
167
155
151
153
156
156
152
152
170
246
254
254
253
255
223
158
145
148
171
241
255
252
251
251
251
251
251
255
249
171
154
148
161
231
255
252
251
251
251
251
251
251
251
251
251
251
251
251
251
251
251
251
251
251
251
251
255
255
255
253
251
251
252
254
255
255
255
254
252
251
251
251
251
251
251
251
255
255
194
149
148
160
197
255
255
255
253
251
251
251
251
251
253
253
248
183
155
146
195
245
194
158
152
151
152
192
247
232
93
220
246
255
251
251
251
251
251
251
251
251
251
251
251
251
251
255
248
179
149
146
206
251
255
251
251
251
251
251
251
255
253
187
151
148
156
207
255
255
255
253
246
190
160
159
148
149
150
150
151
179
247
254
255
255
225
161
147
154
174
247
255
251
253
255
255
255
255
255
255
232
152
145
206
245
255
252
251
251
251
251
251
251
251
251
251
251
251
251
251
251
251
251
251
251
251
251
251
251
251
251
251
251
251
251
251
251
251
251
251
251
251
251
251
251
251
252
255
252
184
83
126
136
167
216
239
250
255
255
255
255
255
255
255
255
205
161
156
158
170
229
252
174
148
153
153
164
214
73
70
93
251
255
251
251
251
251
251
251
251
251
251
251
251
251
251
254
254
231
158
145
163
229
255
252
251
251
251
251
251
255
247
185
145
144
185
246
255
253
253
255
254
251
239
178
169
163
158
155
152
162
213
255
255
255
237
168
150
166
242
255
255
255
255
249
232
213
215
220
214
151
148
149
161
232
255
252
251
251
251
251
251
251
251
251
251
251
251
251
251
251
251
251
251
251
251
251
251
251
251
251
251
251
251
251
251
251
251
251
251
251
251
251
251
251
251
253
255
220
147
81
77
95
104
112
108
220
217
214
214
214
214
215
221
217
165
130
136
131
130
184
231
174
169
162
162
166
88
82
83
243
255
255
255
255
255
255
255
255
255
255
255
255
255
255
255
255
255
249
175
151
169
236
255
255
255
255
255
255
255
255
255
202
155
157
202
255
255
255
255
255
255
255
255
255
255
255
207
160
142
130
169
218
221
222
194
133
121
135
200
221
216
214
217
220
107
111
113
116
100
98
144
151
161
232
255
252
251
251
251
251
251
251
251
251
251
251
251
251
251
251
251
251
251
251
251
251
251
251
251
251
251
251
251
251
251
251
251
251
251
251
251
251
251
251
251
253
255
216
148
132
125
153
214
223
220
107
111
113
113
113
113
113
114
105
95
87
87
87
97
107
108
209
148
131
137
133
116
64
203
223
225
217
214
214
214
214
214
214
214
214
214
214
214
214
214
215
221
201
135
125
149
200
221
217
214
214
214
214
214
220
217
164
131
131
165
218
221
215
214
214
214
215
217
220
223
223
214
153
80
84
94
106
116
114
100
98
91
105
108
115
113
113
111
107
220
217
215
223
211
153
141
148
204
245
255
252
251
251
251
251
251
251
251
251
251
251
251
251
251
251
251
251
251
251
251
251
251
251
251
251
251
251
251
251
251
251
251
251
251
251
251
251
251
251
251
252
254
249
202
163
170
202
255
255
249
232
213
214
214
214
214
218
218
177
132
134
134
131
170
221
229
109
106
93
87
89
85
94
100
118
118
117
115
115
115
114
113
113
113
113
113
113
113
113
113
113
115
109
99
86
92
105
115
113
113
113
113
113
113
117
108
99
86
86
97
106
115
113
113
113
113
113
113
113
113
116
115
101
142
132
134
182
221
221
197
176
220
223
218
216
215
214
213
232
249
255
255
255
248
168
146
146
161
232
255
252
251
251
251
251
251
251
251
251
251
251
251
251
251
251
251
251
251
251
251
251
251
251
251
251
251
251
251
251
251
251
251
251
251
251
251
251
251
251
251
251
254
253
248
240
238
246
249
255
255
255
255
255
255
255
255
255
255
220
164
158
159
165
214
255
254
235
221
197
144
138
136
133
129
167
212
217
223
216
214
214
217
215
214
214
214
214
214
214
214
214
218
223
197
132
131
193
221
217
214
214
214
214
214
220
213
152
127
131
139
187
220
219
214
214
214
214
214
214
214
215
221
222
167
153
163
220
255
255
255
255
255
255
255
255
255
255
255
255
255
253
255
249
181
157
155
150
154
220
255
253
251
251
251
251
251
251
251
251
251
251
251
251
251
251
251
251
251
251
251
251
251
251
251
251
251
251
251
251
251
251
251
251
251
251
251
251
251
251
251
251
252
254
255
255
255
255
254
252
251
251
251
251
251
251
251
255
255
204
151
150
148
174
240
254
255
255
255
255
253
189
161
157
164
171
182
246
255
231
226
255
255
255
255
255
255
255
255
255
255
255
255
255
234
156
155
232
255
255
255
255
255
255
255
255
255
193
157
156
161
214
255
255
255
255
255
255
255
255
255
255
255
253
179
145
152
208
255
255
253
254
253
252
251
251
251
251
251
251
251
251
255
247
185
177
239
203
165
229
255
252
251
251
251
251
251
251
251
251
251
251
251
251
251
251
251
251
251
251
251
251
251
251
251
251
251
251
251
251
251
251
251
251
251
251
251
251
251
251
251
251
251
251
251
251
251
251
251
251
251
251
251
251
251
251
251
255
254
208
153
150
152
155
200
255
254
251
253
255
255
248
172
151
148
148
154
159
168
162
158
217
251
254
251
251
251
251
251
251
251
251
254
255
221
156
158
228
255
253
251
251
251
251
251
254
251
245
176
149
148
157
221
255
255
252
251
251
251
251
251
251
255
243
174
141
150
208
254
255
251
251
251
251
251
251
251
251
251
251
251
251
253
249
245
248
252
249
245
245
253
252
251
251
251
251
251
251
251
251
251
251
251
251
251
251
251
251
251
251
251
251
251
251
251
251
251
251
251
251
251
251
251
251
251
251
251
251
251
251
251
251
251
251
251
251
251
251
251
251
251
251
251
251
251
251
251
255
255
209
153
149
150
154
201
253
254
251
251
252
255
253
240
169
155
149
142
142
142
140
141
158
231
255
252
251
251
251
251
251
251
251
253
254
225
197
239
248
253
251
251
251
251
251
251
252
255
254
243
165
150
150
160
233
255
255
254
252
251
251
251
252
255
245
174
141
145
202
253
255
251
251
251
251
251
251
251
251
251
251
251
251
252
254
255
255
255
255
255
254
253
251
251
251
251
251
251
251
251
251
251
251
251
251
251
251
251
251
251
251
251
251
251
251
251
251
251
251
251
251
251
251
251
251
251
251
251
251
251
253
255
255
255
253
251
251
251
251
251
251
251
251
251
251
251
251
251
254
246
196
142
141
142
175
242
255
252
251
251
251
252
255
252
249
211
163
165
166
167
165
160
168
231
255
252
251
251
251
251
251
251
251
252
252
248
250
253
255
253
251
251
251
251
251
251
251
252
255
254
228
158
145
150
163
235
251
255
255
254
253
251
253
255
239
166
144
159
216
255
253
251
251
251
251
251
251
251
251
251
251
251
251
251
251
251
251
251
251
251
251
251
251
251
251
251
251
251
251
251
251
251
251
251
251
251
251
251
251
251
251
251
251
251
251
251
251
251
251
251
251
251
251
251
251
251
251
251
251
253
255
246
251
246
255
253
251
251
251
251
251
251
251
251
251
251
251
251
255
231
173
165
167
166
195
253
255
251
251
251
251
251
252
254
255
249
244
239
241
241
241
238
243
247
253
251
251
251
251
251
251
251
251
251
252
253
254
253
252
251
251
251
251
251
251
251
251
251
253
255
244
188
154
149
153
158
190
241
247
252
255
255
255
255
194
154
146
193
248
255
252
251
251
251
251
251
251
251
251
251
251
251
251
251
251
251
251
251
251
251
251
251
251
251
251
251
251
251
251
251
251
251
251
251
251
251
251
251
251
251
251
251
251
251
251
251
251
251
251
251
251
251
251
251
251
251
251
251
253
255
254
227
93
220
246
255
251
251
251
251
251
251
251
251
251
251
251
251
252
247
248
232
239
233
254
251
253
251
251
251
251
251
251
251
253
255
255
255
255
255
255
255
255
254
253
251
251
251
251
251
251
251
251
251
251
251
251
251
251
251
251
251
251
251
251
251
251
251
251
254
251
248
199
151
143
144
154
162
170
225
244
241
245
237
177
145
150
199
253
255
251
251
251
251
251
251
251
251
251
251
251
251
251
251
251
251
251
251
251
251
251
251
251
251
251
251
251
251
251
251
251
251
251
251
251
251
251
251
251
251
251
251
251
251
251
251
251
251
251
251
251
251
251
251
251
251
251
251
255
246
227
66
69
93
251
255
251
251
251
251
251
251
251
251
251
251
251
251
254
255
255
234
101
227
251
255
252
251
251
251
251
251
251
251
251
251
251
251
253
255
255
255
253
251
251
251
251
251
251
251
251
251
251
251
251
251
251
251
251
251
251
251
251
251
251
251
251
251
251
252
254
255
250
189
162
158
152
143
153
161
168
166
166
166
162
147
147
193
250
255
251
251
251
251
251
251
251
251
251
251
251
251
251
251
251
251
251
251
251
251
251
251
251
251
251
251
251
251
251
251
251
251
251
251
251
251
251
251
251
251
251
251
251
251
251
251
251
251
251
251
251
251
251
251
251
251
251
251
255
251
93
69
66
227
246
255
251
251
251
251
251
251
251
251
251
251
251
251
255
246
227
66
69
93
251
255
251
251
251
251
251
251
251
251
251
251
251
253
255
246
251
246
255
253
251
251
251
251
251
251
251
251
251
251
251
251
251
251
251
251
251
251
251
251
251
251
251
251
251
251
252
254
251
248
243
227
159
149
147
151
150
147
147
149
152
146
151
195
255
254
251
251
251
251
251
251
251
251
251
251
251
251
251
251
251
251
251
251
251
251
251
251
251
251
251
251
251
251
251
251
251
251
251
251
251
251
251
251
251
251
251
251
251
251
251
251
251
251
251
251
251
251
251
251
251
251
251
251
255
244
217
88
224
253
255
253
251
251
251
251
251
251
251
251
251
251
251
251
255
244
95
67
67
220
244
255
251
251
251
251
251
251
251
251
251
251
251
253
253
232
113
232
253
253
251
251
251
251
251
251
251
251
251
251
251
251
251
251
251
251
251
251
251
251
251
251
251
251
251
251
251
252
254
255
255
255
220
156
153
157
156
155
156
156
154
152
175
243
252
253
251
251
251
251
251
251
251
251
251
251
251
251
251
251
251
251
251
251
251
251
251
251
251
251
251
251
251
251
251
251
251
251
251
251
251
251
251
251
251
251
251
251
251
251
251
251
251
251
251
251
251
251
251
251
251
251
251
251
251
251
251
251
251
251
251
251
251
251
251
251
251
251
251
251
251
251
251
251
251
251
251
70
251
251
251
251
251
251
251
251
251
251
251
251
251
251
251
251
251
70
70
70
251
251
251
251
251
251
251
251
251
251
251
251
251
251
251
251
251
251
251
251
251
251
251
251
251
251
251
251
251
251
251
251
251
251
251
255
187
149
155
155
156
156
154
171
252
251
251
251
251
251
251
251
251
251
251
251
251
251
251
251
251
251
251
251
251
251
251
251
251
251
251
251
251
251
251
251
251
251
251
251
251
251
251
251
251
251
251
251
251
251
