244
244
244
244
244
244
244
244
244
244
244
244
244
244
244
244
244
244
244
244
244
244
244
69
244
244
244
244
244
244
244
244
244
244
244
244
244
244
244
244
244
244
244
244
69
244
244
244
244
244
244
244
244
244
244
244
244
244
244
69
244
244
244
244
244
244
244
244
244
244
244
244
244
244
244
244
244
244
244
244
244
244
244
244
244
244
244
244
244
244
244
244
244
244
244
244
244
244
244
244
244
244
244
244
244
244
244
244
244
244
244
244
244
244
244
244
244
244
244
244
244
244
244
244
244
244
244
244
244
244
244
244
244
244
69
69
69
244
244
244
244
244
244
244
244
244
244
244
244
244
244
244
244
244
244
244
244
244
244
244
244
244
244
244
244
244
244
244
244
247
237
213
66
66
93
237
247
244
244
244
244
244
244
244
244
244
244
244
244
244
247
237
213
66
66
93
237
247
244
244
244
244
244
244
244
247
237
213
66
66
93
237
247
244
244
244
244
244
244
244
244
244
244
244
244
244
244
244
244
244
244
244
244
244
244
244
244
244
244
244
244
244
244
244
244
244
244
244
244
244
244
244
244
244
244
244
246
247
249
247
246
244
244
244
244
244
244
244
244
244
244
244
244
244
244
244
244
244
244
244
244
244
246
246
225
110
225
246
246
244
244
244
244
244
244
244
244
244
244
244
244
244
245
246
248
250
251
249
247
246
247
249
249
247
245
244
244
244
244
249
244
92
68
65
220
239
247
244
244
244
244
244
244
244
244
244
244
244
244
244
249
244
92
68
65
220
239
248
247
249
250
248
246
245
244
249
244
92
68
65
220
239
247
244
244
244
244
244
244
244
244
244
244
244
244
244
244
244
244
244
244
244
244
244
244
244
244
244
244
244
244
244
244
244
244
244
244
244
244
244
244
244
244
244
244
246
252
239
244
239
252
246
244
244
244
244
244
244
244
244
244
244
244
244
244
244
244
244
244
244
244
244
246
252
239
244
239
252
246
244
244
244
244
244
244
244
244
244
244
244
244
244
245
243
237
232
230
237
242
248
241
234
236
243
247
245
244
244
244
247
239
213
92
220
247
252
246
244
244
244
244
244
244
244
244
244
244
244
244
245
250
244
220
99
227
255
255
254
245
236
230
237
244
245
244
247
239
213
92
220
247
252
246
244
244
246
247
249
247
246
244
244
244
244
244
244
244
244
244
244
244
244
244
244
244
244
244
244
244
244
244
244
244
244
244
244
244
244
244
244
244
244
244
244
246
252
247
220
92
213
239
247
244
244
244
244
244
244
244
244
244
244
244
244
244
244
244
244
244
244
244
244
244
246
247
249
247
246
244
244
244
244
244
244
244
244
244
244
244
244
244
244
249
243
189
157
158
181
246
253
218
154
169
239
250
249
246
245
244
246
252
239
244
239
252
246
244
244
244
244
244
244
244
244
244
244
244
245
247
250
245
248
227
233
229
242
237
238
220
161
155
189
242
248
244
246
252
239
244
239
252
246
244
244
246
252
239
244
239
252
246
244
244
244
244
244
244
244
244
244
244
244
244
244
244
244
244
244
244
244
244
244
244
244
244
244
244
244
244
244
244
244
244
244
247
239
220
65
68
92
244
249
244
244
244
244
244
244
244
244
244
244
244
244
244
244
244
244
244
244
244
244
244
244
244
244
244
244
244
244
244
244
244
244
244
244
244
244
244
244
244
244
250
240
179
140
138
168
234
239
169
141
144
184
237
242
247
250
246
245
246
247
249
247
246
244
244
244
244
244
244
244
244
244
244
245
246
248
243
240
221
167
165
167
166
165
167
161
154
143
146
183
244
249
244
244
246
247
249
247
246
244
244
246
252
247
220
92
213
239
247
244
244
244
244
244
244
244
244
244
244
244
244
244
244
244
244
244
244
244
244
244
244
244
244
244
244
244
244
244
244
244
244
244
249
244
92
68
65
220
239
247
244
244
244
244
244
244
244
244
244
244
244
244
244
244
244
244
244
244
244
244
244
244
244
244
244
244
244
244
244
244
244
244
244
244
244
244
244
244
244
244
250
242
185
147
146
170
202
164
155
148
148
155
157
180
232
241
243
248
245
244
244
244
244
244
244
244
244
244
244
244
244
244
244
245
244
241
215
162
156
151
143
145
146
148
146
134
75
132
162
237
252
249
245
244
244
244
244
244
244
244
244
247
239
220
65
68
92
244
249
244
244
244
244
244
244
244
244
244
244
244
244
244
244
244
245
247
248
248
246
245
244
244
244
244
244
244
244
244
244
244
244
244
247
239
213
92
220
247
252
246
244
244
244
244
244
244
244
244
244
244
244
244
244
244
244
244
244
244
244
244
244
244
244
244
244
244
244
244
244
244
244
244
244
244
244
244
244
244
244
244
250
241
183
146
146
155
155
154
148
152
151
147
146
152
155
172
237
249
248
245
244
244
244
244
244
244
244
244
244
244
244
244
244
250
247
196
154
149
145
149
152
153
153
151
142
67
68
77
168
229
243
242
247
245
244
244
244
244
244
244
244
249
244
92
68
65
220
239
247
244
244
244
244
244
244
244
244
244
244
244
244
245
246
249
250
243
238
241
247
248
245
244
244
244
244
244
244
244
244
244
244
244
246
252
239
244
239
252
246
244
244
244
244
244
244
244
244
244
244
244
244
244
244
244
244
244
244
244
244
244
244
244
244
244
244
244
244
244
244
244
244
244
244
244
244
244
244
244
244
244
249
246
187
151
146
152
151
151
152
150
151
152
151
148
144
147
181
241
244
246
245
245
245
246
245
245
244
244
244
244
244
244
245
249
239
183
145
148
151
149
148
146
147
144
73
64
66
137
153
157
164
226
244
246
244
244
244
244
244
244
244
247
239
213
92
220
247
252
246
244
244
244
244
244
244
244
244
244
244
244
244
246
244
241
237
205
163
185
237
243
245
244
244
244
244
244
244
244
244
244
244
244
244
246
247
249
247
246
244
244
244
244
244
244
244
244
244
244
244
244
244
244
244
244
244
244
244
244
244
244
244
244
244
244
244
244
244
244
244
244
244
244
244
244
244
244
244
244
244
244
246
247
230
160
144
152
153
149
151
152
151
146
143
147
146
148
152
160
229
244
247
249
244
247
246
253
251
249
247
245
244
245
249
248
208
153
151
151
148
151
157
162
165
161
152
86
145
147
134
139
147
174
243
248
244
244
244
245
245
246
245
246
252
239
244
239
252
246
244
244
244
244
244
244
244
244
244
244
244
244
244
247
242
193
150
154
149
147
166
232
252
246
244
244
244
244
244
244
244
244
244
244
244
244
244
244
244
244
244
244
244
244
244
244
244
244
244
244
244
244
244
244
244
244
244
244
244
244
244
244
244
244
244
244
244
244
244
244
244
244
244
244
244
244
244
244
244
244
244
244
245
252
233
165
144
151
149
150
156
201
186
159
161
162
156
150
144
148
177
247
255
244
232
187
229
235
232
237
243
249
246
246
244
226
157
148
148
150
146
153
207
238
236
237
234
232
167
146
126
138
153
194
244
248
244
244
245
246
241
242
241
246
246
247
249
247
246
244
244
244
244
244
244
244
244
244
244
244
244
244
248
251
215
151
143
146
149
145
151
215
244
246
246
244
244
244
244
244
244
244
244
244
244
244
244
246
248
248
247
246
244
244
244
244
244
244
244
244
244
244
244
244
244
244
244
244
244
244
244
244
244
244
244
244
244
244
244
244
244
244
244
244
244
244
244
244
244
244
244
244
244
250
239
170
148
148
150
149
227
242
239
234
234
238
196
152
146
144
174
236
247
211
153
155
157
164
160
164
222
245
248
253
242
172
148
149
149
153
156
196
247
252
252
252
255
251
223
157
125
148
153
222
245
249
244
244
247
246
231
191
242
252
245
244
244
244
244
244
244
244
244
244
244
244
244
244
244
244
244
244
248
246
210
150
148
151
148
146
150
153
196
244
249
245
244
244
244
244
244
244
244
245
247
249
251
250
241
237
241
249
249
246
245
244
244
244
244
244
244
244
244
244
244
244
244
244
244
244
244
244
244
244
244
244
244
244
244
244
244
244
244
244
244
244
244
244
244
244
244
244
244
249
241
210
144
147
155
214
249
253
250
251
252
253
245
170
150
146
156
198
189
154
148
144
145
144
142
148
152
194
241
252
242
174
145
149
151
162
222
244
245
246
244
244
246
249
224
200
219
155
145
178
242
249
244
245
247
240
176
171
230
244
245
244
244
244
244
244
244
244
244
244
244
244
244
244
244
244
244
246
255
235
169
145
147
149
156
161
153
142
147
214
248
248
245
244
244
244
244
244
245
247
242
238
235
236
195
161
194
236
243
245
248
245
244
244
244
244
244
244
244
244
244
244
244
244
244
244
244
244
244
244
244
244
244
244
244
244
244
244
244
244
244
244
244
244
244
244
244
244
244
250
237
168
146
145
189
245
252
245
244
244
244
248
246
223
153
143
152
154
152
147
145
144
144
144
146
144
147
151
165
238
237
176
148
148
146
196
243
251
246
245
244
244
244
245
242
251
231
164
142
166
242
249
244
248
251
206
152
147
164
228
249
245
244
244
244
244
244
244
244
244
244
244
244
244
244
244
246
252
249
216
81
134
153
164
216
241
188
146
145
159
231
245
246
244
244
246
247
249
251
247
220
169
164
159
149
145
150
155
182
239
245
247
245
244
244
244
244
244
244
244
244
244
244
246
247
249
247
246
244
244
244
244
244
244
244
244
244
244
244
244
244
244
244
244
244
244
244
244
244
249
233
161
144
143
188
242
250
244
244
244
244
245
253
231
153
148
150
149
145
149
155
162
163
163
162
154
147
143
149
161
204
175
148
147
156
187
240
248
244
244
244
244
244
245
246
253
231
160
144
220
242
249
244
248
243
197
144
138
155
221
250
245
244
244
244
245
246
246
245
245
244
244
244
244
244
244
247
241
226
74
63
81
215
244
246
252
243
172
145
145
182
246
250
244
246
252
239
246
242
244
164
144
139
144
152
152
146
141
148
159
229
244
246
244
244
244
244
244
244
244
244
244
246
252
239
244
239
252
246
244
244
244
244
244
244
244
244
244
244
244
244
244
244
244
244
244
244
244
244
247
247
220
155
147
159
218
250
246
244
244
244
244
248
245
209
151
151
150
155
159
209
237
235
235
237
200
162
156
150
147
151
152
151
146
174
235
245
245
244
244
244
244
244
244
244
251
230
159
147
192
246
248
245
252
228
159
148
145
157
222
251
245
244
244
245
248
240
242
241
246
244
244
244
244
244
244
251
246
96
66
58
153
231
255
248
248
248
227
156
141
173
238
250
247
252
247
221
99
216
183
147
148
148
158
206
224
159
149
139
140
173
241
248
244
244
244
244
244
244
244
244
246
252
247
220
92
213
239
247
244
244
244
244
244
244
244
244
244
244
244
244
244
244
244
244
244
244
244
244
247
249
238
188
137
155
213
248
247
244
244
244
244
245
251
242
188
146
144
153
222
243
253
252
252
250
245
238
196
149
133
114
141
152
146
179
241
253
245
244
244
244
244
244
244
244
251
228
156
142
185
244
247
248
246
219
151
147
145
157
222
251
245
244
244
246
244
230
188
240
249
244
244
244
244
244
245
254
245
187
77
137
208
251
251
244
245
249
248
205
151
149
200
245
250
239
221
69
70
81
151
149
157
202
200
244
248
240
181
162
151
177
234
249
244
244
244
244
244
244
244
244
247
239
220
65
68
92
244
249
244
246
247
249
247
246
244
244
244
244
244
244
244
244
244
244
244
244
244
244
247
250
215
150
141
154
212
250
248
244
244
244
244
244
252
248
192
148
149
162
195
252
247
244
244
245
251
253
208
156
131
109
137
149
152
181
244
248
244
244
244
244
244
244
244
244
251
226
146
150
225
248
248
249
241
170
149
148
143
157
222
251
245
244
244
250
246
184
173
231
248
245
244
244
244
246
252
245
246
191
155
143
210
247
255
246
244
245
250
240
178
141
158
225
255
244
94
68
56
135
145
155
203
245
247
244
252
245
241
234
227
198
239
248
244
244
244
244
244
244
244
244
249
244
92
68
65
220
239
247
246
252
239
244
239
252
246
244
244
244
244
244
244
244
244
244
244
244
244
244
247
249
216
155
139
152
211
248
247
244
244
244
244
244
247
237
187
141
150
210
241
244
245
244
244
244
245
247
243
186
149
123
116
144
161
227
248
247
244
244
244
244
244
244
244
244
250
227
154
149
224
248
252
251
222
159
149
156
150
157
222
251
245
244
245
249
240
177
147
199
250
248
244
244
246
252
247
227
94
143
151
141
88
210
243
247
246
244
251
244
184
140
154
221
253
242
219
91
155
152
149
174
240
254
254
247
246
246
248
251
246
245
242
246
244
244
244
244
244
244
244
244
247
239
213
92
220
247
252
247
252
247
220
92
213
239
247
244
244
244
244
244
244
244
244
244
244
244
244
244
244
250
245
196
144
152
210
250
248
244
244
244
244
244
252
212
154
145
150
217
248
249
245
244
244
244
244
250
245
231
158
120
115
141
168
231
252
245
244
244
244
244
244
244
244
244
251
237
171
150
182
247
255
243
189
141
157
200
161
155
224
252
245
245
249
248
208
146
144
194
245
248
244
244
247
239
222
71
66
71
138
65
67
82
198
247
249
245
250
242
184
139
156
223
254
255
244
237
167
154
149
156
197
240
241
244
246
244
244
245
245
246
245
245
244
244
244
244
244
244
244
244
246
252
239
244
239
252
246
247
239
220
65
68
92
244
249
244
244
244
244
244
244
244
244
244
244
244
244
244
244
249
241
193
141
153
214
250
248
244
244
244
244
244
247
237
183
143
146
169
238
250
244
244
244
244
244
249
248
195
154
121
115
141
167
230
251
244
244
244
244
244
244
244
244
244
250
241
203
141
185
247
255
202
80
134
169
216
166
149
219
247
247
246
244
227
156
142
148
203
253
253
247
246
249
244
94
69
61
139
74
69
61
136
147
216
245
247
250
242
177
138
151
220
248
252
250
203
155
148
148
151
155
156
193
246
252
248
246
244
244
244
244
244
244
244
244
244
244
244
244
244
244
246
247
249
247
246
244
249
244
92
68
65
220
239
247
244
244
244
244
244
244
244
244
244
244
244
244
244
244
251
218
152
143
147
207
244
247
244
244
244
244
244
251
246
193
150
141
164
231
251
244
244
244
244
244
250
242
189
147
120
116
140
166
230
251
244
244
244
244
244
244
244
244
244
251
237
168
147
183
239
225
71
60
82
236
235
163
143
174
241
249
251
244
176
146
146
178
249
241
246
238
252
249
239
219
88
151
145
147
93
177
153
148
171
239
252
251
246
186
147
145
173
245
253
219
154
150
150
150
142
141
141
153
198
244
242
252
246
244
244
244
244
244
244
244
244
244
244
244
244
244
244
244
244
244
244
244
247
239
213
92
220
247
252
246
244
244
244
244
244
244
244
244
244
244
244
244
244
244
248
238
179
135
150
176
239
250
244
244
244
244
244
250
245
189
147
139
165
232
251
244
244
244
244
244
250
242
188
147
124
118
143
166
229
251
244
244
244
244
244
244
244
244
246
255
229
166
134
185
237
102
63
62
165
249
242
164
137
170
236
253
249
237
171
139
156
234
251
225
92
213
239
249
253
246
237
165
151
160
234
234
172
141
157
226
246
250
251
231
159
138
170
240
244
174
142
163
199
170
166
166
159
156
140
90
219
240
247
244
244
244
244
244
244
244
244
244
244
244
244
244
244
244
244
244
244
244
246
252
239
244
239
252
246
244
244
244
244
244
244
244
244
244
244
244
244
244
244
244
250
248
192
143
148
209
246
248
244
244
244
244
244
250
245
189
145
147
169
239
250
244
244
244
244
244
250
242
187
146
124
137
142
166
228
251
244
244
244
244
244
244
244
246
252
250
223
84
126
169
231
167
69
140
223
255
235
163
138
172
237
252
243
195
148
145
167
229
228
65
68
92
244
249
247
251
238
167
141
167
243
253
176
144
145
153
202
241
251
237
167
139
173
246
243
161
143
170
237
242
233
240
217
144
53
66
95
247
251
244
244
244
244
244
244
244
244
244
244
244
244
244
244
244
244
244
244
244
244
246
247
249
247
246
244
244
244
244
244
244
244
244
244
244
244
244
244
244
244
244
249
244
195
144
146
209
246
249
244
244
244
244
244
250
244
189
145
143
211
240
250
244
244
244
244
244
250
242
185
147
127
119
142
168
232
252
245
244
244
244
244
244
244
247
239
223
73
66
72
178
208
156
147
155
238
255
234
161
138
172
238
255
228
164
146
149
217
244
94
68
65
220
239
247
248
248
195
150
145
169
240
250
225
164
153
152
147
179
250
238
165
138
166
235
233
158
146
218
249
253
251
255
245
95
61
63
194
241
251
244
244
244
244
244
244
244
244
244
244
244
244
244
244
244
244
244
244
244
244
244
244
244
244
244
244
244
244
244
244
244
244
244
244
244
244
244
244
244
244
244
250
246
186
143
144
166
234
250
244
244
244
244
244
250
244
187
145
147
173
239
250
244
244
244
244
244
250
243
182
148
140
124
138
159
226
248
246
244
244
244
244
244
244
249
244
92
72
59
143
155
156
142
73
182
235
255
232
164
137
170
240
249
233
180
146
189
251
244
215
92
220
247
252
245
249
244
188
141
146
214
247
250
241
242
221
157
136
165
242
237
168
140
160
197
192
146
155
221
251
247
244
250
243
202
82
136
198
248
249
244
244
244
244
244
244
244
244
244
244
244
244
244
244
244
244
244
244
244
244
244
244
244
244
244
244
244
244
244
244
244
244
244
244
244
244
244
244
244
244
244
249
244
189
142
137
163
228
250
244
244
244
244
244
250
243
187
146
140
168
231
251
244
244
244
244
244
250
243
184
150
142
128
140
155
184
247
250
244
244
244
244
244
244
247
238
216
95
186
158
147
137
60
68
97
245
255
231
163
138
171
244
246
169
147
159
228
246
255
239
244
239
252
246
244
249
242
187
139
153
220
253
250
247
254
239
166
145
149
201
234
169
139
170
228
184
140
152
220
250
246
244
246
254
241
188
141
160
223
249
245
244
244
244
244
244
244
244
244
244
244
244
244
244
244
244
244
244
244
244
244
244
244
244
244
244
244
244
244
244
244
244
244
244
244
244
244
244
244
244
244
248
249
196
151
141
163
231
253
245
244
244
244
244
249
242
186
145
141
169
233
252
244
244
244
244
244
250
243
184
148
142
122
144
145
174
236
249
245
244
244
244
244
244
246
252
242
248
205
163
148
77
69
74
223
239
254
233
167
138
174
243
237
158
142
160
202
251
247
247
249
247
246
244
244
249
247
186
145
148
213
246
247
244
247
246
212
149
143
158
202
166
140
180
238
194
138
152
217
250
247
244
244
251
247
193
143
151
215
250
247
244
244
244
244
244
244
244
244
244
244
244
244
244
244
244
244
244
244
244
244
244
244
244
244
244
244
244
244
244
244
244
246
247
249
247
244
244
244
244
244
245
248
235
171
140
155
224
245
246
244
244
244
244
249
248
192
151
141
169
234
252
244
244
246
247
249
254
244
184
145
146
153
152
145
153
204
249
248
244
244
244
244
244
244
245
251
255
214
156
144
131
83
218
249
252
251
234
170
139
173
236
196
147
151
216
246
246
246
244
244
244
244
244
244
246
249
235
164
144
173
238
249
244
245
249
244
197
150
157
152
155
144
174
231
187
141
149
220
252
245
244
244
250
244
190
140
150
216
250
247
244
244
244
244
244
244
244
244
244
244
244
244
244
244
244
244
244
244
244
244
244
244
244
244
244
244
244
244
244
244
246
252
239
244
237
244
244
244
244
244
244
253
241
177
141
153
178
249
247
244
244
244
244
246
249
234
166
140
166
233
252
244
246
251
233
235
237
247
185
144
159
208
168
147
146
199
246
248
244
244
244
244
244
244
244
247
250
210
154
147
146
170
237
255
246
252
233
163
141
177
200
160
140
162
217
252
242
253
246
244
244
244
244
244
245
249
235
167
140
166
234
252
245
244
246
246
244
215
151
144
149
146
174
201
159
140
193
241
248
244
244
244
250
245
191
140
152
217
250
247
244
244
244
244
244
244
244
244
244
244
244
244
244
244
244
244
244
244
244
244
244
244
244
244
244
244
244
244
244
246
252
247
220
92
210
244
244
244
244
244
244
251
239
174
141
155
226
246
247
244
244
244
244
246
250
236
167
138
165
233
252
244
247
235
225
119
252
254
185
142
154
218
203
148
149
204
249
249
244
244
244
244
244
244
244
248
251
212
154
142
152
214
245
248
244
252
231
163
142
176
198
160
159
168
203
95
215
239
247
244
244
244
244
244
245
251
201
158
140
162
231
248
245
244
244
246
252
233
166
151
146
150
176
199
151
150
208
252
249
244
244
244
251
246
192
143
151
217
250
247
244
244
244
246
249
254
255
254
249
246
244
244
244
244
244
244
244
244
244
244
244
244
244
244
244
244
244
244
244
247
239
220
65
68
87
244
244
244
244
244
244
252
238
175
141
157
228
248
247
244
244
244
244
248
247
194
151
139
164
232
252
244
249
239
97
199
202
197
155
156
171
188
219
162
147
199
243
249
244
244
244
244
244
244
244
247
244
207
147
141
162
223
252
246
244
251
233
164
144
172
199
152
166
210
71
70
92
244
249
244
244
244
244
244
245
247
231
163
141
151
190
246
249
244
244
244
245
242
239
176
143
149
219
204
146
165
235
245
248
244
244
244
248
240
182
137
153
220
255
255
255
255
255
255
242
225
203
220
232
247
244
244
244
244
244
244
244
244
244
244
244
244
244
244
244
244
244
244
244
249
244
92
68
65
216
244
244
244
244
246
247
254
242
174
143
148
178
245
250
244
244
244
244
248
247
192
152
140
167
234
252
244
247
235
228
108
111
99
134
126
167
208
174
132
135
157
234
255
255
255
255
255
255
255
255
255
253
187
158
152
199
246
247
244
244
251
231
167
146
161
156
144
84
66
68
70
220
239
247
244
244
244
244
244
244
250
242
174
147
142
180
243
251
244
244
244
245
248
248
235
166
171
239
225
165
161
215
255
255
255
255
255
255
218
157
152
171
218
232
209
208
208
208
210
213
106
104
116
237
249
244
244
244
244
244
244
244
244
244
244
244
244
244
244
244
244
244
244
244
247
239
213
92
220
246
244
244
244
246
252
238
252
234
186
143
140
172
238
251
244
244
244
244
245
247
233
166
139
166
233
250
244
246
251
237
227
214
180
82
88
106
118
109
93
77
137
193
215
211
208
208
208
208
208
209
211
208
176
117
155
238
255
255
255
255
255
244
171
155
155
144
69
75
79
107
240
255
255
255
255
255
255
255
255
255
255
255
232
161
149
187
249
255
255
255
255
255
255
255
255
252
253
243
228
154
125
173
215
212
208
208
213
216
183
130
121
167
213
109
109
111
111
111
109
106
213
206
220
232
247
244
244
244
244
244
244
244
244
244
244
244
244
244
244
244
244
244
244
244
246
252
239
244
239
252
244
244
246
252
247
220
98
209
169
147
143
175
240
251
244
244
244
244
245
252
238
170
140
163
225
251
244
244
246
249
255
255
209
143
122
173
215
215
161
128
84
100
110
114
111
111
111
111
111
111
112
113
106
99
99
216
215
208
208
209
214
201
140
130
133
68
51
59
178
203
207
217
210
208
208
208
208
208
208
208
211
215
195
139
127
138
186
219
213
209
208
208
208
209
211
212
217
222
101
91
85
97
109
117
113
113
111
107
95
84
89
101
109
217
210
208
208
208
206
225
242
255
254
249
246
244
244
244
244
244
244
244
244
244
244
244
244
244
244
244
244
244
244
244
244
246
247
249
247
246
244
244
247
239
220
65
75
85
176
149
144
180
240
251
244
244
244
244
245
252
239
171
139
165
232
251
244
244
244
244
248
249
202
151
150
169
241
255
203
152
133
141
204
212
212
208
208
208
208
208
208
209
211
214
218
107
109
111
111
111
114
108
98
89
78
80
76
101
112
124
116
112
111
111
111
111
111
111
111
111
111
113
105
95
82
84
92
105
109
114
111
111
111
111
111
111
109
108
191
139
127
126
182
210
215
219
208
155
124
130
150
212
230
242
255
255
255
255
255
254
249
246
244
244
244
244
244
244
244
244
244
244
244
244
244
244
244
244
244
244
244
244
244
244
244
244
244
244
244
244
244
244
249
244
92
68
70
213
170
146
143
180
241
251
244
244
244
244
245
246
232
163
137
165
233
252
244
244
244
244
248
248
201
148
144
163
228
254
233
169
149
159
202
255
255
255
255
255
255
255
255
255
255
255
242
225
206
208
208
208
212
216
190
136
131
146
198
224
214
209
208
208
208
208
208
208
208
208
208
208
208
212
216
177
132
128
127
145
206
214
213
209
208
208
208
208
207
226
237
201
156
157
164
204
253
254
211
162
152
161
233
255
255
249
246
244
244
244
244
244
244
244
244
244
244
244
244
244
244
244
244
244
244
244
244
244
244
244
244
244
244
244
244
244
244
244
244
244
244
244
244
244
247
239
213
92
226
246
187
150
141
179
240
251
244
244
244
244
249
248
184
151
142
163
232
252
244
244
244
244
248
248
206
154
137
199
241
255
244
176
149
146
145
204
247
249
245
244
244
244
244
244
244
246
249
254
255
255
255
255
255
255
223
157
143
196
251
255
255
255
255
255
255
255
255
255
255
255
255
255
255
255
255
252
186
154
152
164
207
255
255
255
255
255
255
255
255
255
252
239
165
145
145
153
161
164
155
148
149
174
236
249
245
244
244
244
244
244
244
244
244
244
244
244
244
244
244
244
244
244
244
244
244
244
244
244
244
244
244
244
244
244
244
244
244
244
244
244
244
244
244
244
246
252
239
244
242
255
224
152
140
175
242
252
244
244
244
244
250
247
189
145
137
169
232
251
244
244
244
244
248
249
208
151
129
86
222
245
248
212
149
142
147
160
232
250
249
246
246
245
244
244
244
244
244
244
244
244
244
244
247
249
216
156
151
196
243
250
244
244
244
244
244
244
244
244
244
244
244
244
244
244
247
246
235
166
151
149
151
168
233
244
246
244
244
244
244
245
248
247
219
154
148
146
147
144
142
148
182
240
244
247
244
244
244
244
244
244
244
244
244
244
244
244
244
244
244
244
244
244
244
244
244
244
244
244
244
244
244
244
244
244
244
244
244
244
244
244
244
244
244
244
244
246
247
249
248
253
226
153
133
173
235
248
244
244
244
245
255
246
179
74
130
164
238
249
244
244
244
244
248
250
200
140
50
68
96
247
255
219
154
147
145
153
187
243
246
246
247
247
247
245
244
244
244
244
244
244
244
244
244
245
239
235
215
199
244
248
244
244
244
244
244
244
244
244
244
244
244
244
244
244
245
248
246
238
177
139
139
149
187
250
253
246
245
244
244
244
245
248
246
194
147
143
142
146
150
172
239
249
247
245
244
244
244
244
244
244
244
244
244
244
244
246
247
249
247
246
244
244
244
244
244
244
244
244
244
244
244
244
244
244
244
244
244
244
244
244
244
244
244
244
244
244
244
244
245
249
231
162
143
159
208
252
244
244
244
247
241
221
67
64
84
221
246
247
244
244
244
244
245
248
237
87
66
70
221
241
254
248
197
150
145
149
158
174
223
211
208
241
246
248
245
244
244
244
244
244
244
244
244
245
248
250
245
244
241
245
244
244
244
244
244
244
244
244
244
244
244
244
244
244
244
245
251
250
198
153
146
143
176
229
243
243
247
244
244
244
244
246
248
240
180
158
160
161
199
241
244
247
245
244
244
244
244
244
244
244
244
244
244
244
246
252
239
244
239
252
246
244
244
244
244
244
244
244
244
244
244
244
244
244
244
244
244
244
244
244
244
244
244
244
244
244
244
244
244
245
243
236
181
177
237
246
244
244
244
249
245
93
71
69
224
242
248
245
244
244
244
244
244
249
242
217
94
221
249
255
243
248
236
186
152
149
147
154
155
159
156
174
229
237
246
244
244
244
244
244
244
244
244
244
244
245
245
246
245
245
244
244
244
244
244
244
244
244
244
244
244
244
244
244
244
244
245
243
243
218
153
147
153
155
176
236
247
245
244
246
247
249
250
246
239
233
232
236
242
247
247
245
244
244
244
244
244
244
244
244
244
244
244
246
252
247
220
92
213
239
247
244
244
244
244
244
244
244
244
244
244
244
244
244
244
244
244
244
244
244
244
244
244
244
244
244
244
244
244
245
248
246
241
240
243
247
244
244
244
247
238
213
92
220
247
253
246
244
244
244
244
244
244
246
252
239
244
240
255
249
220
96
216
230
180
149
147
150
149
146
147
148
156
219
248
245
244
244
244
244
244
244
244
244
244
244
244
244
244
244
244
244
244
244
244
244
244
244
244
244
244
244
244
244
244
244
245
246
250
247
208
154
150
141
150
196
247
248
245
252
239
244
239
254
250
251
251
250
248
246
244
244
244
244
244
244
244
244
244
244
244
244
244
247
239
220
65
68
92
244
249
244
244
244
244
244
244
244
244
244
244
244
244
244
244
244
244
244
244
244
244
244
244
244
244
244
244
244
244
244
245
246
247
247
246
245
244
244
244
246
252
239
244
239
252
246
244
244
244
244
244
244
244
244
246
247
251
255
249
228
70
70
96
250
215
153
146
150
151
151
151
144
153
214
249
247
244
244
244
244
244
244
244
244
244
244
244
244
244
244
246
247
249
247
246
244
244
244
244
244
244
244
244
244
244
244
244
244
246
245
245
223
156
139
144
190
245
250
252
247
220
92
213
239
247
244
244
244
244
244
244
244
244
244
244
244
244
244
244
244
244
244
244
249
244
92
68
65
220
239
247
244
244
244
244
244
244
244
244
244
244
244
244
244
244
244
244
244
244
244
244
244
244
244
244
244
244
244
244
244
244
244
244
244
244
244
244
244
244
246
249
252
252
249
246
244
244
244
244
244
244
244
244
244
244
244
247
239
220
70
60
70
223
242
246
191
151
148
141
143
144
138
154
216
249
247
244
244
244
244
244
244
244
244
244
244
244
244
244
246
252
239
244
239
252
246
244
244
244
244
244
244
244
244
244
244
244
244
244
246
252
239
171
145
145
187
244
252
238
220
65
68
92
244
249
244
244
244
244
244
244
244
244
244
244
244
244
244
244
244
244
244
244
247
239
213
92
220
247
252
246
244
244
244
244
244
244
244
244
244
244
244
244
244
244
244
244
244
244
244
244
244
244
244
244
244
244
244
244
244
244
244
244
244
244
244
244
244
246
252
239
244
239
252
246
244
244
244
244
244
244
244
244
244
244
244
249
244
92
70
70
228
247
254
247
243
216
162
161
163
163
159
166
223
248
245
244
244
244
244
244
244
244
244
244
244
244
244
246
252
247
220
92
213
239
247
244
244
244
244
244
244
244
244
244
244
244
244
244
244
247
242
239
192
162
203
246
253
244
92
68
65
220
239
247
244
244
244
244
244
244
244
244
244
244
244
244
244
244
244
244
244
244
246
252
239
244
239
252
246
244
244
244
244
244
244
244
244
244
244
244
244
244
244
244
244
244
244
244
244
244
244
244
244
244
244
244
244
244
244
244
244
244
244
244
244
244
246
252
247
220
92
213
239
247
244
244
244
244
244
244
244
244
244
244
244
247
239
213
92
220
247
252
246
246
249
243
238
231
234
234
232
235
239
246
244
244
244
244
244
244
244
244
244
244
244
244
244
247
239
220
65
68
92
244
249
244
244
244
244
244
244
244
244
244
244
244
244
244
244
245
247
247
241
236
239
245
248
239
213
92
220
247
252
246
244
244
244
244
244
244
244
244
244
244
244
244
244
244
244
244
244
244
244
246
247
249
247
246
244
244
244
244
244
244
244
244
244
244
244
244
244
244
244
244
244
244
244
244
244
244
244
244
244
244
244
244
244
244
244
244
244
244
244
244
244
244
247
239
220
65
68
92
244
249
244
244
244
244
244
244
244
244
244
244
244
246
252
239
244
239
252
246
244
244
245
247
250
251
252
252
251
249
247
245
244
244
244
244
244
244
244
244
244
244
244
244
244
249
244
92
68
65
220
239
247
244
244
244
244
244
244
244
244
244
244
244
244
244
244
244
244
246
247
248
247
245
246
252
239
244
239
252
246
244
244
244
244
244
244
244
244
244
244
244
244
244
244
244
244
244
244
244
244
244
244
244
244
244
244
244
244
244
244
244
244
244
244
244
244
244
244
244
244
244
244
244
244
244
244
244
244
244
244
244
244
244
244
244
244
244
244
244
244
244
244
244
247
237
93
66
66
213
237
247
244
244
244
244
244
244
244
244
244
244
244
244
246
247
249
247
246
244
244
244
244
244
244
244
244
244
244
244
244
244
244
244
244
244
244
244
244
244
244
244
244
244
244
247
237
210
87
216
246
252
246
244
244
244
244
244
244
244
244
244
244
244
244
244
244
244
244
244
244
244
244
244
244
246
247
249
247
246
244
244
244
244
244
244
244
244
244
244
244
244
244
244
244
244
244
244
244
244
244
244
244
244
244
244
244
244
244
244
244
244
244
244
244
244
244
244
244
244
244
244
244
244
244
244
244
244
244
244
244
244
244
244
244
244
244
244
244
244
244
244
244
244
244
244
244
69
244
244
244
244
244
244
244
244
244
244
244
244
244
244
244
244
244
244
244
244
244
244
244
244
244
244
244
244
244
244
244
244
244
244
244
244
244
244
244
244
244
244
244
244
244
244
244
244
244
244
244
244
244
244
244
244
244
244
244
244
244
244
244
244
244
244
244
244
244
244
244
244
244
244
244
244
244
244
244
244
244
244
244
244
244
244
244
244
244
244
244
244
244
244
244
244
244
244
244
244
244
244
244
244
244
244
244
244
244
244
244
244
244
244
244
244
244
244
244
244
244
244
244
244
244
244
244
244
244
244
244
244
