249
249
249
249
249
249
249
249
249
249
249
249
249
249
249
249
249
249
249
249
249
249
249
249
249
249
249
249
249
249
249
249
47
249
249
249
249
249
249
249
249
249
249
249
249
249
249
249
249
249
249
249
249
249
249
249
249
249
249
249
249
249
249
249
249
249
249
249
249
249
249
249
249
249
249
249
249
249
249
249
249
249
249
249
249
249
249
249
249
249
249
249
249
249
249
47
47
47
249
249
249
249
249
249
249
249
249
249
249
249
249
249
249
249
249
249
249
249
250
238
174
175
190
253
249
249
249
249
47
47
47
249
249
249
249
249
249
249
249
249
249
249
249
249
249
249
249
249
249
249
249
249
249
249
249
249
249
249
249
249
249
249
249
249
249
249
249
251
254
244
249
244
254
251
249
249
249
249
252
242
215
43
43
74
242
252
249
249
249
249
249
249
249
249
249
249
249
249
249
249
249
249
249
249
249
249
249
249
249
249
249
249
249
249
249
249
249
249
249
249
249
249
249
249
249
249
249
249
249
249
249
249
249
249
249
249
249
249
249
249
249
249
252
242
70
51
63
236
251
251
249
251
254
251
218
66
211
242
252
249
249
249
249
249
249
249
249
249
252
232
178
170
199
246
252
253
246
76
55
64
236
251
251
249
249
249
249
249
249
249
249
249
249
249
249
249
249
249
249
249
249
249
249
249
249
249
249
249
249
249
249
249
249
249
249
249
251
254
252
223
72
215
244
252
249
249
249
249
253
249
72
45
41
223
244
252
249
249
249
249
249
249
249
249
249
249
249
249
249
249
249
249
249
249
249
249
249
249
249
249
249
249
249
249
249
249
249
249
249
249
251
252
253
252
251
249
249
249
249
249
249
249
249
249
249
249
249
249
249
249
249
249
252
244
215
72
223
252
254
251
249
252
244
223
41
45
72
249
253
249
249
249
249
249
251
252
253
252
253
233
180
167
200
247
254
255
238
214
67
232
253
254
251
249
249
249
249
249
249
249
249
249
249
249
249
249
249
249
249
249
249
249
249
249
249
249
249
249
249
249
249
249
249
249
249
249
252
244
224
47
55
82
253
254
249
249
249
249
252
244
215
72
223
252
254
251
249
249
249
249
249
249
249
249
249
249
249
249
249
249
249
249
249
249
249
249
249
249
249
249
249
249
249
249
249
249
249
249
249
251
254
244
249
244
254
251
249
249
249
249
249
249
249
249
249
249
249
249
249
249
249
249
251
254
244
249
244
254
251
249
249
253
249
72
45
41
223
244
252
249
249
249
249
251
254
244
249
245
255
237
188
170
200
249
255
253
232
67
214
238
255
251
249
249
249
249
249
249
249
249
249
249
249
249
249
249
249
249
249
249
249
249
249
249
249
249
249
249
249
249
249
249
249
249
249
249
254
253
87
46
22
197
232
254
249
249
249
249
251
254
244
249
244
254
251
249
249
249
249
249
249
249
249
249
249
249
249
249
249
249
249
249
249
249
249
249
249
249
249
249
249
249
249
249
249
249
249
249
251
254
252
223
72
215
244
252
250
250
251
250
250
249
249
249
249
249
249
249
249
249
249
249
249
251
252
253
252
251
249
249
249
252
244
215
72
223
252
254
251
249
249
249
251
254
252
223
72
216
248
239
186
169
200
251
249
222
43
49
77
252
254
249
249
249
249
249
249
249
249
249
249
249
249
249
249
249
249
249
249
249
249
249
249
249
249
249
249
249
249
249
249
249
249
249
249
249
254
232
197
22
46
87
253
254
249
249
249
249
249
251
252
253
252
251
249
251
252
253
252
251
249
249
249
249
249
249
249
249
249
249
249
249
249
249
249
249
249
249
249
249
249
249
249
249
249
249
249
249
252
244
223
41
45
72
249
253
251
246
247
246
251
249
249
249
249
249
249
249
249
249
249
249
249
249
249
249
249
249
249
249
249
251
254
244
249
244
254
252
251
252
253
252
253
245
223
41
45
74
252
238
178
169
201
253
253
72
45
41
223
244
252
249
249
249
249
249
249
249
249
249
249
249
249
249
249
249
249
251
251
249
249
249
249
249
249
249
249
249
249
249
249
249
249
249
249
249
254
253
82
55
47
224
244
252
249
249
249
249
249
249
249
249
249
249
251
254
244
249
244
254
251
249
249
249
249
249
249
249
249
249
249
249
249
249
249
249
249
249
249
249
249
249
249
249
249
249
249
249
253
249
72
45
41
223
244
252
252
239
209
246
254
252
251
250
249
249
249
249
249
249
249
249
249
249
249
249
249
249
249
249
249
249
251
252
253
252
252
252
250
244
237
244
252
251
72
45
41
223
248
238
181
169
200
251
249
215
72
223
252
254
252
252
253
252
251
249
249
249
249
249
251
252
253
252
251
249
251
254
251
249
249
249
249
249
249
249
249
249
249
250
252
253
253
253
252
252
253
246
216
73
223
252
254
251
249
249
249
249
249
249
249
249
249
251
254
252
223
72
215
244
252
249
249
249
249
249
249
251
252
253
252
251
249
249
249
249
249
249
249
249
249
249
249
249
249
249
249
249
252
244
215
72
223
252
254
252
253
237
195
234
246
246
248
251
249
249
249
249
249
249
249
249
249
249
249
249
249
249
249
249
249
249
249
249
249
249
251
249
244
190
179
192
248
248
215
72
223
253
255
239
195
169
199
249
255
243
249
244
254
252
254
244
249
244
254
251
249
249
249
251
254
244
249
244
254
252
254
252
236
47
249
249
249
249
249
249
249
249
249
251
245
243
238
241
244
252
253
254
244
252
250
255
253
250
249
249
249
249
249
249
249
249
249
252
244
223
41
45
72
249
253
249
249
249
249
249
251
254
244
249
244
254
251
249
249
249
249
249
249
249
249
249
249
249
249
249
249
249
251
254
244
249
244
254
252
248
248
230
183
175
178
199
247
253
249
249
249
249
249
249
249
249
249
249
249
249
249
249
249
249
249
249
249
249
249
249
252
247
191
172
165
182
240
255
245
249
244
254
253
235
182
169
200
247
253
252
253
252
252
254
252
223
72
215
244
252
249
249
251
254
252
223
72
215
244
254
244
224
64
47
249
249
249
249
249
249
249
249
250
252
230
185
182
184
197
229
244
215
215
249
248
248
250
253
253
253
253
252
252
250
249
249
250
254
252
76
49
44
224
244
252
249
249
249
249
251
254
252
223
72
215
244
252
249
249
249
250
251
252
252
252
250
249
249
249
249
249
249
249
251
252
253
252
252
253
245
199
184
173
133
126
160
245
255
252
251
249
249
249
249
249
249
249
249
249
249
249
249
249
249
249
249
249
249
249
249
252
246
191
174
170
179
216
251
254
253
252
252
253
232
178
168
199
249
253
249
249
249
252
244
223
41
45
72
249
253
249
249
252
244
223
41
45
72
249
255
249
77
49
47
249
249
249
249
249
249
249
249
250
252
223
173
166
173
179
187
184
181
181
190
182
183
215
250
243
241
241
243
246
250
249
250
252
252
239
203
66
219
253
254
251
249
249
249
249
252
244
223
41
45
72
249
253
249
249
250
251
249
243
242
245
250
252
252
253
252
251
249
249
249
249
249
250
252
252
237
180
178
164
130
117
159
212
253
245
254
251
249
249
249
249
249
249
249
249
249
249
249
249
249
249
249
249
249
249
249
251
249
245
190
178
174
183
240
249
251
249
250
252
232
178
169
207
247
253
249
249
249
253
249
72
45
41
223
244
252
249
249
253
249
72
45
41
223
244
254
244
224
64
47
249
249
249
249
249
249
249
249
250
253
226
177
172
180
177
175
176
175
180
176
153
59
154
183
190
185
189
195
236
253
252
253
252
248
205
175
192
240
255
252
250
249
249
249
249
253
249
72
45
41
223
244
252
249
249
251
251
235
198
181
224
253
254
244
249
244
254
251
249
249
249
249
251
248
243
187
185
179
157
58
119
149
181
75
217
244
252
249
249
249
249
249
249
249
249
249
249
249
249
249
249
249
249
249
249
249
250
252
252
241
185
171
176
190
247
253
250
250
253
232
180
169
200
247
253
249
249
249
252
244
215
72
223
252
254
251
249
249
252
244
215
72
223
252
254
252
254
252
236
47
249
249
249
249
249
249
249
249
250
253
227
178
172
178
178
178
178
180
174
158
40
40
56
170
175
173
171
175
226
252
252
249
242
200
181
170
185
234
251
251
253
253
252
251
250
252
244
215
72
223
252
254
251
249
249
253
252
203
162
170
220
255
253
223
72
215
244
252
249
250
251
252
254
250
193
181
172
159
47
43
54
154
42
47
73
249
253
249
249
249
249
249
249
249
249
249
249
249
249
249
249
249
249
249
249
249
249
250
253
247
192
174
171
182
238
252
251
250
253
232
178
167
198
247
253
249
249
249
251
254
244
249
244
254
251
249
249
249
251
254
244
249
244
254
251
249
251
254
251
249
249
249
249
249
249
249
249
249
251
253
229
180
173
179
178
178
177
178
178
59
48
47
170
179
180
177
176
178
182
232
244
200
182
181
177
175
180
181
192
239
243
238
244
247
251
251
254
244
249
244
254
251
249
249
250
251
243
193
157
175
225
247
224
41
45
72
249
253
249
251
247
245
243
235
182
176
177
62
47
47
134
56
51
48
224
244
252
249
249
249
249
249
249
249
249
249
249
249
249
249
249
249
249
249
249
249
249
249
252
250
216
180
172
179
206
249
252
250
253
232
178
168
202
248
253
249
249
249
249
251
252
253
252
251
249
249
249
249
249
251
252
253
252
251
249
249
249
251
251
249
249
249
249
251
252
253
252
252
251
248
224
178
175
178
177
172
175
185
182
188
77
221
249
225
187
175
175
173
177
187
183
179
173
176
177
176
176
171
178
182
186
182
198
247
252
249
251
252
253
252
251
249
249
249
251
253
212
176
170
177
226
252
75
45
41
223
244
253
252
254
251
204
189
181
181
187
182
159
63
159
175
155
71
225
253
254
251
249
249
249
249
249
249
249
249
249
249
249
249
249
249
249
249
249
249
249
249
249
250
252
238
181
169
171
190
245
253
250
253
233
178
169
209
247
253
249
249
249
249
249
249
249
249
249
249
249
249
249
249
249
249
249
249
249
249
249
249
249
249
249
249
249
251
254
244
249
244
254
253
233
181
178
177
177
179
182
180
211
252
239
249
247
255
253
216
184
179
176
175
174
176
177
175
174
171
171
170
170
169
170
170
168
190
242
253
249
249
249
249
249
249
249
249
249
252
250
216
179
169
177
224
247
217
72
223
252
255
250
245
243
237
189
168
166
177
207
237
175
175
175
190
170
197
242
255
251
249
249
249
249
249
249
249
249
249
249
249
249
249
249
249
249
249
249
249
249
249
249
249
253
245
192
180
179
184
240
251
252
253
233
178
169
198
247
253
249
249
249
249
249
249
249
249
249
249
249
249
249
249
249
249
249
249
249
249
249
249
249
249
249
249
251
254
252
223
72
215
245
254
226
176
171
178
175
180
209
243
249
252
254
253
252
252
252
249
221
183
174
177
178
177
172
176
180
187
184
184
185
191
187
181
170
193
245
253
249
249
249
249
249
249
249
249
249
252
252
218
181
170
177
222
255
247
249
245
255
254
250
195
186
183
180
178
183
201
243
188
184
187
183
184
173
200
249
254
249
249
249
249
249
249
249
249
249
249
249
249
249
249
249
249
249
249
249
249
249
249
249
249
251
248
243
230
177
177
197
247
253
253
233
180
167
196
246
253
249
249
249
249
249
249
249
249
249
249
249
249
249
249
249
249
249
249
249
249
249
249
249
249
249
249
252
244
223
41
45
72
250
254
234
184
175
176
174
178
214
253
254
250
249
249
249
250
252
250
203
178
177
177
176
179
178
187
235
243
242
240
242
245
233
182
168
193
244
253
249
249
250
250
251
252
253
253
253
254
254
217
177
169
177
221
253
254
253
252
248
244
216
183
170
170
176
191
241
245
232
184
171
192
227
183
169
194
246
253
250
249
249
250
252
252
252
252
251
249
249
249
249
249
249
249
249
249
249
249
249
249
249
249
250
253
246
188
172
170
190
244
254
253
233
180
169
201
249
253
249
249
249
249
249
249
249
249
249
249
249
249
249
249
249
249
249
249
249
249
249
249
249
249
249
249
253
249
72
45
41
223
244
253
250
224
175
174
175
178
213
250
252
249
249
249
249
250
252
222
187
174
176
176
179
184
232
247
251
254
253
253
253
255
244
188
168
193
246
254
252
253
252
252
253
250
243
239
240
245
244
211
176
170
174
218
252
253
252
250
205
186
183
177
176
178
188
241
253
249
172
174
173
199
232
190
167
185
223
252
253
253
253
253
249
244
243
248
252
252
250
249
249
249
249
249
249
249
249
249
249
249
249
249
249
252
241
167
172
173
185
242
253
254
233
178
169
208
247
253
249
249
249
249
249
249
249
249
249
249
249
249
249
249
249
249
249
249
249
249
249
249
249
249
249
249
252
244
215
72
223
252
254
252
253
228
178
172
176
179
213
249
252
249
249
249
249
252
250
221
187
175
176
175
173
230
252
253
252
250
249
249
252
250
236
178
169
194
249
253
244
240
234
227
243
223
183
183
185
195
196
184
176
173
178
223
253
250
247
212
182
171
172
172
177
199
242
250
253
240
189
167
168
189
226
189
169
175
199
251
251
241
242
243
220
186
190
215
245
249
252
251
249
249
249
249
249
249
249
249
249
249
249
249
249
251
245
242
196
179
176
190
247
253
234
179
167
198
247
253
249
249
249
249
249
249
249
249
249
249
249
249
249
249
249
249
249
249
249
249
249
249
249
249
249
249
251
254
244
249
244
254
251
250
252
228
180
172
176
182
213
251
251
249
249
249
249
252
251
223
187
176
175
177
191
239
252
250
249
249
249
249
253
243
189
176
173
194
243
237
182
181
182
184
181
179
173
169
171
174
176
175
172
173
215
247
254
252
200
175
173
173
179
180
195
240
252
252
253
244
194
173
174
176
230
185
170
174
194
237
214
182
185
186
179
175
174
179
186
222
248
252
251
249
249
249
249
249
249
249
249
249
249
249
249
250
252
252
239
181
170
174
197
253
237
179
167
197
246
253
249
249
249
249
249
249
249
249
249
249
249
249
249
249
249
249
249
249
249
249
249
249
249
249
249
249
249
251
252
253
252
251
249
250
253
236
197
172
174
203
246
252
250
249
249
249
249
252
250
221
187
175
173
184
233
250
251
249
249
249
249
250
254
239
181
173
174
185
201
186
173
168
173
174
173
173
174
172
173
173
176
176
176
186
228
254
253
242
194
170
176
181
202
235
246
248
252
251
252
240
185
170
183
242
238
185
174
174
182
183
179
169
167
168
170
170
171
171
172
178
219
250
252
251
249
249
249
249
249
249
249
249
249
249
249
249
250
253
246
192
175
169
186
246
236
181
167
198
246
253
249
249
249
249
249
249
249
249
249
249
249
249
249
249
249
249
249
249
249
249
249
249
249
249
249
249
249
249
249
249
249
249
249
250
252
239
203
171
174
210
252
254
253
252
251
249
249
252
250
214
181
175
171
190
235
253
251
249
249
249
249
252
250
236
178
172
168
149
177
176
172
184
200
214
208
202
200
196
177
180
178
173
174
215
248
253
250
205
177
174
175
224
245
252
253
251
250
252
248
210
177
171
191
249
253
232
177
173
174
172
172
178
188
192
185
186
186
180
173
174
178
220
249
250
250
249
249
249
249
249
249
249
249
249
249
249
249
252
251
235
179
172
179
202
231
181
170
198
246
253
249
249
249
249
249
249
249
249
251
252
253
252
251
249
249
249
249
249
249
249
249
249
249
249
249
249
249
249
249
249
249
249
249
250
253
233
188
172
174
211
255
248
249
244
254
251
249
253
251
213
180
172
176
191
238
252
249
249
249
249
249
252
244
185
178
174
150
142
172
182
182
207
246
249
247
245
244
243
244
211
175
170
175
217
252
253
250
204
176
173
181
189
242
254
252
250
249
253
243
190
171
178
206
250
254
236
182
172
176
177
184
212
243
244
241
242
244
218
180
173
171
180
224
252
250
249
249
249
249
249
249
249
249
249
249
249
249
250
253
238
185
170
175
183
192
178
170
199
246
253
249
249
249
249
249
249
249
251
254
244
249
244
254
251
249
249
249
249
249
249
249
249
249
249
249
249
249
249
249
249
249
249
249
250
252
228
182
169
178
219
253
226
72
215
244
252
250
251
246
200
174
171
177
226
250
252
249
249
249
249
249
253
238
186
169
166
138
166
179
196
243
248
251
253
252
252
253
254
253
221
178
171
178
220
252
252
250
244
196
172
171
176
223
246
248
252
251
253
243
187
170
188
242
252
254
234
182
171
177
197
243
251
252
253
253
253
253
252
219
181
169
175
221
253
252
249
249
249
249
249
249
249
249
249
249
249
249
249
253
242
184
175
173
184
185
182
171
200
248
253
249
249
249
249
249
249
251
254
252
223
72
215
244
252
249
249
249
249
249
249
249
249
249
249
249
249
249
249
249
249
249
249
249
250
252
228
180
170
179
202
221
46
45
72
249
253
252
252
212
181
175
170
172
227
253
251
249
249
249
249
250
254
243
192
169
138
139
173
193
245
253
252
251
250
249
249
250
252
236
198
172
171
212
248
252
250
253
252
215
185
176
177
181
184
235
250
253
251
238
180
169
193
244
253
253
234
182
171
183
221
252
254
250
250
249
249
251
252
250
210
171
172
218
249
252
249
249
249
249
249
249
249
249
249
249
249
249
249
252
248
239
180
175
185
222
176
173
205
246
253
249
249
249
249
249
249
252
244
223
41
45
72
249
253
249
249
249
249
249
249
249
249
249
249
249
249
249
249
249
249
249
249
249
250
253
227
179
170
181
208
70
50
41
223
244
252
253
250
211
177
175
171
173
228
253
250
249
249
249
250
252
253
239
186
165
141
166
172
194
246
253
249
249
249
249
249
252
251
217
176
169
176
216
253
253
249
250
248
247
243
191
174
171
172
178
238
253
252
193
174
175
200
249
252
253
234
181
170
178
206
249
253
249
249
249
249
249
253
252
216
179
173
181
225
253
250
249
249
249
249
249
249
249
249
249
249
249
249
250
252
251
232
174
177
178
182
174
202
248
253
249
249
249
249
249
249
253
249
72
45
41
223
244
252
249
249
249
249
249
249
249
249
249
249
249
249
249
249
249
249
249
249
249
250
253
228
180
170
181
202
213
77
222
252
254
252
250
246
203
172
176
171
186
229
253
250
249
249
249
251
249
243
186
181
168
152
171
181
196
250
252
249
249
249
249
249
252
252
215
173
167
173
213
250
252
249
250
251
252
252
248
195
175
172
176
183
240
237
185
169
180
238
250
252
253
233
181
169
172
198
248
253
249
249
249
249
249
252
250
219
181
168
175
219
252
252
249
249
249
249
249
249
249
249
249
249
249
249
249
250
253
243
187
175
174
174
174
202
248
253
249
249
249
249
249
249
252
244
215
72
223
252
254
251
249
249
249
249
249
249
249
249
249
249
249
249
249
249
249
249
249
249
249
250
253
227
178
170
179
217
244
252
243
254
251
251
253
218
186
176
178
172
165
222
253
250
249
249
249
252
248
191
176
175
165
150
165
190
241
251
251
249
249
249
249
249
253
253
219
175
171
178
216
253
251
249
249
249
250
252
252
247
194
177
171
177
183
186
180
177
195
248
253
250
253
232
179
170
173
202
247
253
249
249
249
249
249
252
252
216
180
170
177
222
252
252
249
249
249
249
249
249
249
249
249
249
249
249
249
249
252
250
229
175
173
176
175
203
247
253
249
249
249
249
249
249
251
254
244
249
244
254
251
249
249
249
249
249
249
249
249
249
249
249
249
249
252
252
251
249
249
249
249
251
253
229
179
171
179
213
252
255
252
251
249
252
249
224
191
176
175
173
168
227
253
250
249
249
250
253
244
195
172
181
170
139
172
197
247
254
249
249
249
249
249
250
251
248
214
171
172
212
247
252
250
249
249
249
249
250
252
250
247
203
182
178
173
174
173
180
239
251
251
249
252
238
184
174
172
201
247
254
252
253
252
251
249
250
252
230
192
171
176
222
252
252
249
249
249
249
249
249
249
249
249
249
249
249
249
249
250
253
241
177
175
174
175
201
248
253
249
249
249
249
249
249
249
251
252
253
252
251
249
249
249
249
249
249
249
249
249
249
249
249
249
249
242
244
254
251
249
249
249
251
248
223
176
173
182
212
251
252
249
249
249
252
251
209
178
175
175
174
224
247
252
249
249
249
251
251
241
185
177
176
174
171
171
192
244
253
249
249
249
249
249
250
253
224
179
169
173
213
252
253
249
249
249
249
249
249
250
252
250
250
238
188
173
178
173
190
245
254
250
249
252
250
230
176
171
198
250
255
244
249
244
254
252
252
252
247
205
166
174
221
251
252
249
249
249
249
249
249
249
249
249
249
249
249
249
249
249
251
249
229
176
173
173
201
247
253
249
249
249
249
249
249
249
249
249
249
249
249
249
249
249
249
249
249
249
249
249
249
249
249
249
249
70
215
244
252
249
249
250
253
233
182
175
175
181
214
251
252
249
249
249
253
249
207
173
172
176
197
238
253
251
249
249
249
252
246
191
176
179
172
144
172
174
192
245
253
249
249
249
249
249
252
252
219
174
169
163
203
252
252
249
249
249
249
249
249
249
250
251
255
250
194
174
180
176
182
239
252
252
250
251
253
235
181
169
199
253
253
223
72
215
244
253
252
249
214
177
172
177
225
253
250
249
249
249
249
249
249
249
249
249
249
249
249
249
249
249
251
253
236
183
170
175
199
247
253
249
249
249
249
249
249
249
249
249
249
249
249
249
249
249
249
249
249
249
249
249
249
249
249
249
47
51
72
249
253
249
249
250
252
227
178
175
183
187
223
255
255
255
255
255
255
255
225
189
185
186
212
253
255
255
255
255
255
255
254
200
184
191
182
155
182
184
203
254
255
255
255
255
255
255
255
255
231
187
183
221
255
255
255
255
255
255
255
255
255
255
255
255
255
253
200
185
188
187
190
195
254
255
255
255
255
248
193
181
208
235
240
54
58
87
255
255
255
222
181
185
187
234
255
255
255
255
255
255
255
255
255
255
255
255
255
255
255
255
255
255
255
255
249
194
183
186
213
255
255
255
255
255
255
255
255
255
255
253
251
249
249
249
249
249
249
249
249
249
249
249
249
249
249
249
47
63
223
244
252
249
249
250
252
226
177
159
154
140
170
210
212
209
209
209
211
211
176
148
150
149
166
201
212
209
209
209
209
215
209
162
148
152
147
149
148
147
146
207
213
209
209
209
209
210
216
206
175
155
157
187
215
212
209
209
209
209
209
209
209
209
209
212
213
161
152
149
149
149
147
150
162
210
211
209
213
197
150
143
168
203
50
20
19
180
207
221
193
156
145
142
167
200
211
211
209
209
209
209
209
209
209
209
209
209
209
209
209
209
209
209
209
213
197
152
145
146
167
210
212
209
209
209
209
209
209
205
222
236
252
249
249
249
249
249
249
249
249
249
249
249
249
249
249
249
47
236
252
254
251
249
249
250
252
231
190
180
89
73
83
89
98
93
93
93
97
93
85
77
74
75
81
88
95
95
93
93
96
94
86
78
74
82
81
84
76
74
86
91
100
94
93
93
96
98
98
83
69
48
65
80
98
95
93
93
93
93
93
93
93
93
95
96
87
78
73
74
81
78
78
68
80
87
97
95
97
85
79
71
90
83
81
62
86
93
101
88
81
75
73
80
89
95
95
95
93
93
93
93
93
93
93
93
93
93
93
93
93
93
93
93
94
96
93
84
77
73
85
93
98
93
93
93
93
93
93
90
106
247
254
251
249
249
249
249
249
249
249
249
249
249
249
249
249
249
249
251
254
251
249
249
249
249
251
245
245
232
225
183
165
210
211
209
209
209
213
213
177
149
147
152
158
199
211
209
209
209
212
206
155
145
145
161
201
159
147
150
159
207
212
215
213
213
213
213
182
124
24
25
54
209
217
209
209
209
209
209
209
209
209
209
212
209
179
149
148
148
159
206
157
152
156
209
211
209
211
202
152
147
163
216
220
218
213
195
159
145
145
146
151
188
216
211
209
209
209
209
209
209
209
209
209
209
209
209
209
209
209
209
209
209
209
210
214
199
150
144
165
207
211
209
209
209
209
209
211
215
216
235
247
254
251
249
249
249
249
249
249
249
249
249
249
249
249
249
249
251
251
249
249
249
249
249
250
252
253
254
255
254
254
255
255
255
255
255
255
254
212
180
181
190
240
255
255
255
255
255
255
255
203
185
183
199
242
199
180
188
189
201
255
255
255
255
255
243
195
73
49
47
199
254
255
255
255
255
255
255
255
255
255
255
255
255
211
188
188
187
206
252
253
204
252
255
255
255
255
255
241
187
190
219
247
204
199
195
187
183
188
194
230
255
255
255
255
255
255
255
255
255
255
255
255
255
255
255
255
255
255
255
255
255
255
255
255
247
192
181
199
237
255
255
255
255
255
255
255
255
234
77
216
244
252
249
249
249
249
249
249
249
249
249
249
249
249
249
249
249
249
249
249
249
249
249
249
249
249
249
250
251
251
251
250
249
249
250
252
212
184
186
180
201
239
252
250
249
249
249
253
243
192
172
177
193
239
190
174
174
173
180
189
193
210
227
182
178
168
148
63
166
222
254
253
249
249
249
249
249
249
249
249
251
251
225
187
175
175
179
207
250
251
249
247
252
250
249
251
253
233
180
170
179
175
171
172
178
182
181
210
244
249
251
251
249
249
249
249
249
249
249
249
249
249
249
249
249
249
249
249
249
249
249
249
250
253
232
182
166
180
212
249
252
249
249
249
252
244
223
41
45
72
249
253
249
249
249
249
249
249
249
249
249
249
249
249
249
249
249
249
249
249
249
249
249
249
249
249
249
249
249
249
249
249
249
249
250
247
242
239
238
243
248
252
253
251
249
249
249
253
243
186
163
175
236
250
236
177
167
173
171
170
170
172
170
176
179
194
182
206
238
252
250
250
249
249
249
249
249
249
249
249
253
248
205
176
175
172
179
235
252
252
251
251
250
249
249
250
252
229
175
164
171
175
179
206
242
241
241
247
252
252
250
249
249
249
249
249
249
249
249
249
249
249
249
249
249
249
249
249
249
249
249
249
250
253
233
181
171
189
225
253
251
249
249
249
253
249
72
45
41
223
244
252
249
249
249
249
249
249
249
249
249
249
249
249
249
249
249
249
249
249
249
249
249
249
249
249
249
249
249
249
249
249
249
249
250
251
252
253
254
255
247
251
245
254
251
249
249
252
246
195
179
181
245
254
244
191
186
188
187
185
184
183
181
200
242
243
244
251
253
253
251
249
249
249
249
249
249
249
249
249
253
247
196
173
175
173
182
239
253
250
249
249
249
249
249
250
252
234
186
180
180
201
242
249
252
253
253
252
251
249
249
249
249
249
249
249
249
249
249
249
249
249
249
249
249
249
249
249
249
249
249
249
250
253
234
190
170
193
243
250
251
249
249
249
252
244
215
72
223
252
254
251
249
249
249
249
249
249
249
249
249
249
249
249
249
249
249
249
249
249
249
249
249
249
249
249
249
249
249
249
249
249
249
249
249
249
249
251
254
252
223
72
215
244
252
249
249
251
246
245
235
243
245
253
246
244
239
241
241
241
241
241
241
248
252
253
253
252
251
250
249
249
249
249
249
249
249
249
249
249
253
245
192
170
171
175
205
244
252
249
249
249
249
249
249
249
251
246
242
238
240
246
252
252
251
250
249
249
249
249
249
249
249
249
249
249
249
249
249
249
249
249
249
249
249
249
249
249
249
249
249
249
250
253
233
180
171
181
210
251
251
249
249
249
251
254
244
249
244
254
251
249
249
249
249
249
249
249
249
249
249
249
249
249
249
249
249
249
249
249
249
249
249
249
249
249
249
249
249
249
249
249
249
249
249
249
249
252
244
223
41
45
72
249
253
249
249
250
251
252
253
253
252
251
251
252
253
253
253
253
253
253
253
252
251
250
249
249
249
249
249
249
249
249
249
249
249
249
249
249
253
249
197
173
173
181
240
251
251
249
249
249
249
249
249
249
250
252
253
253
253
252
251
250
249
249
249
249
249
249
249
249
249
249
249
249
249
249
249
249
249
249
249
249
249
249
249
249
249
249
249
249
251
253
233
180
166
184
219
251
251
249
249
249
249
251
252
253
252
251
249
249
249
249
249
249
249
249
249
249
249
249
249
249
249
249
249
249
249
249
249
249
249
249
249
249
249
249
249
249
249
249
249
249
249
249
249
253
249
72
45
41
223
244
252
249
249
249
249
249
249
249
249
249
249
249
249
249
249
249
249
249
249
249
249
249
249
249
249
249
249
249
249
249
249
249
249
249
249
249
251
250
244
192
180
235
249
252
250
249
249
249
249
249
249
249
249
249
249
249
249
249
249
249
249
249
249
249
249
249
249
249
249
249
249
249
249
249
249
249
249
249
249
249
249
249
249
249
249
249
249
249
251
249
229
177
168
196
245
252
250
249
249
249
249
249
249
249
249
249
249
249
249
249
249
249
249
249
249
249
249
249
249
249
249
249
251
252
253
252
251
249
249
249
249
249
249
249
249
249
249
249
249
249
249
249
249
252
244
215
72
223
252
254
251
249
249
249
249
249
249
249
249
249
249
249
249
249
249
249
249
249
249
249
249
249
249
249
249
249
249
249
249
249
249
251
252
253
252
251
250
252
249
244
243
247
252
250
249
249
249
249
249
249
249
249
249
249
249
249
249
249
249
249
249
249
249
249
249
249
249
249
249
249
249
249
249
249
249
249
249
249
249
249
249
249
249
249
249
249
250
252
253
242
185
175
172
199
249
253
249
249
249
249
249
249
249
249
249
249
249
249
249
249
249
249
249
249
249
249
249
249
249
249
249
249
254
244
249
244
254
251
249
249
249
249
249
249
249
249
249
249
249
249
249
249
249
251
254
244
249
244
254
251
249
249
249
249
249
249
249
249
249
249
249
249
249
249
249
249
249
249
249
249
249
249
249
249
249
249
249
249
249
249
251
254
244
249
244
254
251
250
251
252
252
251
250
249
249
249
249
249
249
249
249
249
249
249
249
249
249
249
249
249
249
249
249
249
249
249
249
249
249
249
249
249
249
249
249
249
249
249
249
249
249
249
249
249
249
250
252
249
248
226
178
170
174
201
247
253
249
249
249
249
249
249
249
249
249
249
249
249
249
249
249
249
249
249
249
249
249
249
249
249
249
249
251
223
72
215
244
252
249
249
249
249
249
249
249
249
249
249
249
249
249
249
249
249
251
252
253
252
251
249
249
249
249
249
249
249
249
249
249
249
249
249
249
249
251
252
253
252
251
249
249
249
249
249
249
249
249
249
249
251
254
252
223
72
215
244
252
249
249
249
249
249
249
249
249
249
249
249
249
249
249
249
249
249
249
249
249
249
249
249
249
249
249
249
249
249
249
249
249
249
249
249
249
249
249
249
249
249
249
249
249
249
249
249
249
252
248
236
188
181
181
173
173
199
248
253
249
249
249
249
249
249
249
249
249
249
249
249
249
249
249
249
249
249
249
249
249
249
249
249
249
249
218
41
45
72
249
253
249
249
249
249
249
249
249
249
249
249
249
249
249
249
249
249
249
249
249
249
249
249
249
249
249
249
249
249
249
249
249
249
249
249
249
251
254
244
249
244
254
251
249
249
249
249
249
249
249
249
249
252
244
223
41
45
72
249
253
249
249
249
249
249
249
249
249
249
249
249
249
249
249
249
249
249
249
249
249
249
249
249
249
249
249
249
249
249
249
249
249
249
249
249
249
249
249
249
249
249
249
249
249
249
249
249
249
252
241
183
173
172
175
175
179
208
251
252
249
249
249
249
249
249
249
249
249
249
249
249
249
249
249
249
249
249
249
249
249
249
249
249
249
249
66
45
41
223
244
252
249
249
249
249
249
249
249
249
249
249
249
249
249
249
249
249
249
249
249
249
249
249
249
249
249
249
249
249
249
249
249
249
249
249
251
254
252
223
72
215
244
252
249
249
249
249
249
249
249
249
249
253
249
72
45
41
223
244
252
249
249
249
249
249
249
249
249
249
249
249
249
249
249
249
249
249
249
249
249
249
249
249
249
249
249
249
249
249
249
249
249
249
249
249
249
249
249
249
249
249
249
249
249
249
249
249
249
253
236
182
171
176
175
172
192
243
252
250
249
249
249
249
249
249
249
249
249
249
249
249
249
249
249
249
249
249
249
249
249
249
249
249
249
249
207
66
218
251
254
251
249
249
249
249
249
249
249
249
249
249
249
249
249
249
249
249
249
249
249
249
249
249
249
249
249
249
249
249
249
249
249
249
249
249
251
251
236
63
51
70
242
252
249
249
249
249
249
249
249
249
249
252
242
211
66
218
251
254
251
249
249
249
249
249
249
249
249
249
249
249
249
249
249
249
249
249
249
249
249
249
249
249
249
249
249
249
249
249
249
249
249
249
249
249
249
249
249
249
249
249
249
249
249
249
249
249
249
252
237
186
174
177
176
176
198
249
253
249
249
249
249
249
249
249
249
249
249
249
249
249
249
249
249
249
249
249
249
249
249
249
249
249
249
249
249
249
249
249
249
249
249
249
249
249
249
249
249
249
249
249
249
249
249
249
249
249
249
249
249
249
249
249
249
249
249
249
249
249
249
249
249
249
249
249
249
249
47
47
47
249
249
249
249
249
249
249
249
249
249
249
249
249
249
249
249
249
249
249
249
249
249
249
249
249
249
249
249
249
249
249
249
249
249
249
249
249
249
249
249
249
249
249
249
249
249
249
249
249
249
249
249
249
249
249
249
249
249
249
249
249
249
249
249
249
249
249
249
249
244
170
179
178
174
196
252
249
249
249
249
249
249
249
249
249
249
249
249
249
249
249
249
249
249
249
249
249
249
249
249
249
249
249
249
