245
245
245
245
245
245
245
245
245
245
245
245
245
245
245
245
245
245
245
245
245
245
245
245
245
245
245
245
245
245
245
245
245
245
245
245
87
87
87
245
245
245
245
245
245
245
245
245
245
245
245
245
245
245
245
245
245
245
245
245
245
245
245
245
245
250
165
218
159
138
138
156
249
245
245
245
245
245
245
245
245
245
245
245
245
245
245
245
245
245
87
87
87
245
245
245
245
245
245
245
245
245
245
245
245
245
245
245
245
245
245
87
87
87
245
245
245
245
245
245
245
245
245
245
245
245
245
245
245
245
245
245
245
245
245
245
245
245
245
245
245
245
245
245
245
245
245
245
245
245
245
245
245
245
245
245
245
245
245
245
245
245
245
245
245
245
245
245
245
245
245
245
245
245
245
245
245
245
245
245
245
245
245
245
246
247
229
123
229
247
246
245
245
245
245
245
245
245
245
245
245
245
245
245
245
246
251
240
246
242
253
250
250
245
239
183
142
132
94
129
133
164
239
251
245
245
245
245
245
245
245
245
245
245
245
245
245
248
239
105
89
98
235
247
246
245
245
245
245
245
245
245
245
245
245
245
245
245
245
246
247
229
123
229
247
246
245
245
245
245
245
245
245
245
245
245
245
245
245
245
245
245
245
245
245
245
245
245
245
245
245
245
245
245
245
245
245
245
245
245
245
245
245
245
245
245
245
245
245
245
245
245
245
245
245
245
245
245
245
245
245
245
245
245
245
245
245
245
245
245
245
245
245
245
246
251
240
245
240
251
246
245
245
245
246
248
249
248
246
245
245
245
245
245
246
251
248
225
111
218
244
244
244
204
149
138
130
80
84
92
132
157
235
248
248
245
245
245
245
245
245
245
245
245
245
245
245
248
240
218
107
224
248
251
246
245
245
245
245
245
245
245
245
245
245
245
245
245
245
246
251
240
245
240
251
246
245
245
245
245
245
245
245
245
245
245
245
245
245
245
245
245
245
245
245
245
245
245
245
245
245
245
245
245
245
245
245
245
245
245
245
245
245
245
245
245
245
245
245
245
245
245
245
245
245
245
245
245
245
245
245
245
245
245
245
245
245
245
245
245
245
245
245
245
245
246
248
249
248
246
245
245
245
246
251
240
245
240
251
246
245
245
245
245
248
240
225
87
86
95
178
218
153
139
139
133
92
86
85
131
134
142
177
247
249
245
245
245
245
245
245
245
245
245
245
245
245
246
251
240
245
240
251
246
245
245
245
245
245
245
245
245
245
245
245
245
245
245
245
245
246
248
249
248
246
245
245
245
245
245
245
245
245
245
245
245
245
245
245
245
245
245
245
245
245
245
245
245
245
245
245
245
245
245
245
245
245
245
245
245
245
245
245
245
245
245
245
245
245
245
245
245
245
245
245
245
245
245
245
245
245
245
245
245
245
245
245
245
245
245
245
245
245
245
245
245
245
245
245
245
245
245
246
251
248
224
107
218
240
248
245
245
245
245
249
247
114
89
74
123
140
139
135
125
135
136
130
94
133
141
139
132
170
241
250
245
245
245
245
245
245
245
245
247
248
248
248
247
247
248
249
248
246
245
245
245
245
245
245
245
245
245
245
245
245
245
245
245
245
245
245
245
245
245
245
245
245
245
245
245
245
245
245
245
245
245
245
245
245
245
245
245
245
245
245
245
245
245
245
245
245
245
245
245
245
245
245
245
245
245
245
245
245
245
245
245
245
245
245
245
245
245
245
245
245
246
246
247
247
246
245
245
245
245
245
245
245
245
245
245
245
245
245
245
245
245
245
245
245
245
245
245
248
240
224
82
85
107
245
249
245
245
245
245
250
241
217
94
131
139
136
132
139
145
145
141
135
138
139
143
137
133
173
243
251
245
245
245
245
245
245
245
246
245
237
237
240
248
247
245
245
245
245
245
245
245
245
245
246
248
249
249
248
246
245
245
245
245
245
245
246
248
250
251
252
251
250
248
246
245
245
245
245
245
245
245
245
245
245
245
245
245
245
245
245
245
245
245
245
245
245
245
245
245
245
245
245
245
245
245
245
245
245
245
245
245
245
245
245
245
246
248
248
248
247
247
242
244
246
251
250
248
248
247
247
246
245
245
245
245
245
245
245
245
245
245
245
245
245
245
245
245
249
245
107
85
82
224
240
248
245
245
245
247
247
247
178
142
135
140
141
142
177
236
203
156
148
140
140
141
137
132
172
242
251
245
245
245
245
245
245
246
251
252
204
147
203
244
248
245
245
245
245
245
245
245
245
245
248
241
235
238
248
251
249
247
246
245
246
248
250
243
236
230
234
230
235
240
246
246
245
245
245
245
245
245
245
245
245
245
245
245
245
245
245
245
245
245
245
245
245
245
245
245
245
245
245
245
245
245
245
245
245
245
245
245
245
245
245
246
248
243
237
240
248
254
247
191
216
234
241
247
246
242
242
247
247
249
251
251
251
251
251
251
249
247
246
245
245
245
245
245
248
240
218
107
224
248
251
246
245
245
245
249
251
190
138
135
135
139
155
232
247
247
249
246
174
141
136
143
138
133
171
242
251
245
245
245
245
245
245
247
243
237
182
128
139
218
250
246
245
245
245
245
245
245
245
246
250
238
155
162
232
237
242
248
249
248
251
241
249
220
162
148
153
147
152
218
249
246
245
245
245
245
245
245
245
245
245
245
245
245
245
245
245
245
245
245
245
245
245
245
245
245
245
245
245
245
245
245
245
245
245
245
245
245
245
245
245
248
246
224
153
180
240
245
230
166
140
149
162
231
212
190
247
252
245
239
232
231
233
233
231
233
241
246
247
245
245
245
245
245
246
251
240
245
240
251
246
245
245
245
246
248
241
181
130
129
138
153
237
248
251
249
254
251
223
96
137
138
138
134
173
242
251
245
245
245
245
245
247
251
222
154
141
132
136
211
249
248
245
245
245
245
245
245
245
246
247
224
141
134
145
150
186
238
245
253
249
225
114
191
136
124
129
121
133
208
249
248
245
245
245
245
245
245
245
245
245
245
245
245
245
245
245
245
245
245
245
245
245
245
245
245
245
245
245
245
245
245
245
245
245
245
245
245
245
245
245
250
236
165
130
140
196
205
149
137
132
129
139
144
141
175
241
253
245
172
145
150
152
153
150
147
190
244
249
247
245
245
245
245
245
246
248
249
248
246
245
245
245
245
249
251
209
147
131
135
141
229
248
249
246
248
241
227
92
88
90
140
138
135
172
242
251
245
245
245
245
246
249
247
208
131
127
127
137
210
249
248
245
245
245
245
245
245
245
246
242
165
136
132
132
132
139
144
213
242
232
86
94
94
144
137
146
136
141
208
249
248
245
245
245
245
245
245
245
245
245
245
245
245
245
245
245
245
245
245
245
245
245
245
245
245
245
245
245
245
245
245
245
245
245
245
245
245
245
245
245
251
227
151
126
137
182
180
134
132
138
136
136
134
133
137
187
241
182
137
128
130
132
131
130
130
136
197
246
248
247
245
245
245
245
246
248
249
248
246
245
245
245
245
249
242
191
130
134
144
224
247
249
246
245
249
245
106
92
82
148
136
137
132
170
242
251
245
245
245
246
249
247
224
143
136
135
137
155
221
249
246
245
245
245
245
245
245
245
246
240
165
134
131
133
134
130
133
144
207
100
83
93
200
137
130
186
192
158
216
249
246
245
245
245
245
245
245
245
245
245
245
245
245
245
246
248
249
248
246
245
245
245
245
245
245
245
245
245
245
245
245
245
245
245
245
245
245
245
245
245
251
226
148
129
143
146
146
140
136
135
134
133
136
136
136
145
146
144
138
137
139
138
138
138
135
135
138
206
246
249
246
245
245
246
251
240
245
240
251
246
245
245
248
251
214
146
130
134
209
247
249
246
245
245
248
240
218
113
217
166
139
136
134
172
243
251
245
245
245
248
244
228
144
135
134
142
194
240
242
247
245
245
245
245
245
245
245
245
246
244
234
166
156
149
145
140
138
141
135
127
102
240
223
149
140
200
246
242
239
246
246
245
245
245
245
245
245
245
245
245
245
245
245
246
251
240
245
240
251
246
245
245
245
245
245
245
245
245
245
245
245
245
245
245
245
245
245
245
245
245
251
227
148
130
139
137
136
132
139
147
155
145
138
132
136
136
136
137
137
137
132
140
139
142
135
135
136
141
216
247
249
246
246
251
248
224
107
218
240
248
245
245
248
244
199
131
130
146
221
251
247
245
245
245
246
251
240
251
234
174
134
133
134
178
240
250
245
245
245
250
237
156
135
129
131
182
244
251
248
246
245
245
245
245
245
245
245
245
246
248
244
242
235
211
182
190
138
133
137
133
222
249
230
139
159
239
251
254
249
248
245
245
245
245
245
245
245
245
245
246
248
249
249
251
248
224
107
218
240
248
245
245
245
245
245
245
245
245
245
245
245
245
245
245
245
245
245
245
245
245
251
227
147
130
139
137
140
145
156
220
239
225
155
145
142
137
141
140
136
140
142
167
218
153
136
134
130
135
140
221
244
248
248
240
224
82
85
107
245
249
245
247
251
222
150
132
133
199
243
249
245
245
245
245
245
246
248
255
244
169
133
134
141
176
248
249
245
245
245
251
229
151
128
133
139
191
251
249
245
245
245
245
245
245
245
245
245
245
245
246
248
249
249
249
246
191
135
131
137
142
163
251
229
142
136
204
247
249
240
251
246
245
245
245
245
245
245
245
246
251
240
245
243
248
226
82
85
107
245
249
245
245
245
245
245
245
245
245
245
245
245
245
245
245
245
245
245
245
245
245
251
227
148
131
137
135
145
204
242
247
253
247
243
202
139
133
139
135
136
146
223
246
243
233
179
149
144
135
130
143
231
249
249
245
107
85
82
224
240
248
245
249
247
207
134
124
142
208
251
249
245
245
245
245
245
245
247
248
235
157
131
131
156
233
247
246
245
245
246
253
234
153
128
139
178
243
247
246
245
245
245
245
245
245
245
245
245
245
245
245
245
245
246
249
249
205
147
141
137
129
146
234
222
142
130
186
222
112
218
240
248
245
245
245
245
245
245
246
251
248
224
107
223
240
110
85
82
224
240
248
245
245
245
245
245
245
245
245
245
245
245
245
245
245
245
245
245
245
245
246
253
229
150
130
140
138
196
248
251
248
247
250
253
219
144
135
137
139
145
226
249
252
250
248
243
233
174
128
123
146
227
252
248
240
218
107
224
248
251
246
247
253
232
149
92
120
139
207
250
248
245
245
245
245
246
248
252
250
175
139
132
142
181
248
251
245
245
245
248
247
229
144
127
165
239
250
247
245
245
245
245
245
245
245
245
245
245
245
245
245
245
245
245
246
245
244
233
169
133
133
141
175
219
149
126
168
85
90
106
245
249
245
245
245
245
245
245
248
240
224
82
85
110
240
223
107
224
248
251
246
245
245
245
245
245
245
245
245
245
245
245
245
245
245
245
245
245
245
245
248
246
223
143
131
136
185
243
249
246
245
245
246
250
228
171
133
133
137
211
248
250
246
246
247
252
251
200
147
136
142
224
249
250
251
240
245
240
251
246
245
248
243
206
85
80
86
143
210
250
248
245
245
245
246
251
240
251
236
176
130
126
152
231
248
247
245
245
246
250
244
163
133
136
181
249
251
245
245
245
245
245
245
245
245
245
245
245
245
245
245
245
245
245
245
246
251
252
190
144
134
132
167
209
150
129
88
87
85
224
240
248
245
245
245
245
245
245
249
245
107
85
82
226
248
243
245
240
251
246
245
245
245
245
245
245
245
245
245
245
245
245
245
245
245
245
245
245
245
245
249
238
157
137
132
138
191
249
250
245
245
245
245
248
232
167
136
127
143
216
251
249
245
245
245
246
244
244
231
161
136
155
236
245
248
248
249
248
246
245
245
249
246
113
90
80
125
143
209
250
248
245
245
246
251
248
225
118
215
166
131
134
161
243
250
246
245
245
247
248
230
148
134
162
243
246
246
245
245
245
245
245
245
245
245
245
245
245
245
245
245
245
245
245
245
245
246
249
238
167
133
132
168
222
159
135
165
117
236
252
253
248
245
245
245
245
245
245
248
240
218
107
224
248
251
249
249
248
246
245
245
245
245
245
245
245
245
245
245
245
245
245
245
245
245
245
245
245
245
245
251
229
144
131
135
132
183
246
249
245
245
245
245
247
246
204
138
130
141
214
250
248
245
245
245
245
246
253
246
173
130
134
161
241
249
245
245
245
245
245
245
248
243
206
95
127
133
144
208
250
248
245
245
248
240
225
86
90
95
142
140
154
236
244
248
245
245
245
250
245
175
136
142
230
244
251
245
245
245
245
245
245
245
245
245
245
245
245
245
245
245
245
245
245
245
245
245
251
244
173
133
128
164
230
212
135
172
234
228
242
241
247
245
245
245
245
245
245
246
251
240
245
240
251
246
245
245
245
245
245
245
245
245
245
245
245
245
245
245
245
245
245
245
245
245
245
245
245
245
246
254
234
155
133
134
129
180
245
249
245
245
245
245
246
249
246
194
127
138
212
250
248
245
245
245
245
245
251
242
172
130
128
159
237
252
246
245
245
245
245
245
247
253
220
144
130
136
141
206
252
249
245
245
249
247
113
88
75
125
127
143
223
248
249
246
245
245
245
251
238
165
129
138
170
247
251
245
245
245
245
245
245
245
245
245
245
245
245
245
245
245
245
245
245
245
245
245
251
244
173
134
130
136
215
154
141
148
157
151
157
225
250
246
245
245
245
245
245
245
246
248
249
248
246
245
245
245
245
245
245
245
245
245
245
245
245
245
245
245
245
245
245
245
245
245
245
245
245
245
247
242
225
145
132
135
140
194
250
248
245
245
245
245
246
250
246
194
127
138
212
250
248
245
245
245
245
245
250
241
167
130
129
151
233
248
248
245
245
245
245
245
246
251
226
150
137
134
136
203
249
253
251
251
253
249
223
96
121
137
140
155
235
252
246
245
245
245
245
251
241
165
129
127
163
237
251
245
245
245
245
245
245
245
245
245
245
245
245
245
245
245
245
245
245
245
245
246
249
238
167
135
132
142
137
141
132
135
134
121
136
214
250
246
245
245
245
245
245
245
245
245
245
245
245
245
245
245
245
245
245
245
245
245
245
245
245
245
245
245
245
245
245
245
248
249
248
246
245
245
248
245
160
145
133
134
175
239
248
246
245
245
245
245
247
251
211
145
128
140
214
250
248
245
245
245
245
245
249
247
176
140
133
137
156
241
247
247
245
245
245
245
245
248
245
208
137
131
139
149
214
239
234
233
236
244
202
142
128
139
152
224
244
248
245
245
245
245
245
252
239
164
130
129
162
237
251
245
245
245
245
245
245
245
245
245
245
245
245
245
245
245
245
245
245
245
245
250
251
193
145
134
135
134
140
139
140
134
133
131
146
225
250
246
245
245
245
245
245
245
245
245
245
245
245
245
245
245
245
245
245
245
245
245
245
245
245
245
245
245
245
245
245
245
233
239
240
254
251
249
249
242
226
146
130
137
185
250
252
246
245
245
245
245
248
246
202
137
122
142
216
251
249
245
245
245
245
245
246
248
235
159
133
131
135
174
244
249
245
245
245
245
245
249
251
216
143
132
136
141
146
153
157
153
154
153
145
137
131
140
216
248
248
246
245
245
245
245
248
249
223
154
131
140
172
247
251
245
245
245
245
245
245
245
245
245
245
245
245
245
245
245
245
245
245
245
247
248
237
175
133
133
142
156
185
213
144
138
139
147
215
244
247
247
249
251
253
251
249
246
245
245
245
245
245
245
245
245
245
245
245
245
245
245
245
245
245
245
245
245
245
245
245
245
237
125
214
214
228
243
255
255
245
162
132
133
172
237
247
246
245
245
245
245
247
250
210
145
132
136
209
245
249
245
245
245
245
245
245
251
240
170
132
135
135
170
246
249
245
245
245
245
245
248
249
211
139
129
139
138
134
133
132
131
129
127
131
138
146
210
245
249
246
245
245
245
245
245
249
247
182
140
132
144
227
242
250
245
245
245
245
245
245
245
245
245
245
245
245
245
245
245
245
245
245
246
251
253
192
141
136
131
148
224
250
245
202
135
187
246
251
254
255
255
243
228
209
224
235
248
245
245
245
245
245
245
245
245
245
245
245
245
245
245
245
245
245
245
245
245
245
245
245
245
236
228
115
120
118
218
216
221
209
142
131
144
153
204
255
255
254
254
253
251
249
250
243
195
135
133
151
230
251
246
245
245
245
245
245
250
244
169
143
133
146
219
245
251
245
245
245
245
245
246
250
219
148
135
137
140
139
140
139
137
134
138
146
192
239
244
248
247
245
245
245
245
245
245
250
242
175
133
133
139
166
247
251
245
245
245
245
245
245
245
245
245
245
245
245
245
245
245
245
245
247
248
246
236
178
134
135
145
170
253
255
255
211
163
218
249
235
214
214
215
218
118
117
130
239
249
245
245
245
245
245
245
245
245
245
245
245
245
245
245
245
245
245
245
245
245
245
245
245
245
250
239
227
214
218
118
125
123
111
99
127
120
150
209
214
214
213
214
212
228
244
255
255
212
149
132
143
222
253
255
254
254
254
254
254
254
251
244
172
141
136
172
244
249
248
245
245
245
245
245
248
243
196
128
132
140
139
138
132
139
141
174
237
245
249
248
247
248
249
251
251
251
249
248
252
245
174
133
133
131
162
238
251
245
245
245
245
246
249
251
253
254
254
254
254
254
254
254
254
254
255
251
218
156
148
139
126
121
196
212
218
219
179
122
173
224
122
121
123
122
118
218
212
224
235
248
245
245
245
245
245
245
245
245
245
245
245
245
245
245
245
245
245
245
245
245
245
245
245
245
246
249
251
254
243
228
217
208
137
122
93
99
114
124
130
124
123
123
122
118
218
218
220
175
123
121
128
135
208
218
214
214
214
214
214
213
233
248
243
155
135
142
184
251
253
255
254
254
254
254
255
255
228
162
150
146
141
152
154
174
244
254
255
255
255
254
255
250
245
236
237
238
246
254
250
249
171
150
140
140
183
250
255
254
254
254
254
255
243
228
212
214
215
218
223
225
225
224
223
223
226
200
131
122
122
124
94
108
122
129
128
125
107
103
104
119
220
215
214
212
228
243
254
251
249
246
245
245
245
245
245
245
245
245
245
245
245
245
245
245
245
245
245
245
245
245
245
245
245
245
245
245
245
246
249
252
255
248
165
133
129
122
158
215
217
213
214
214
215
218
118
126
123
111
100
94
91
104
112
128
124
123
123
123
123
122
119
224
208
135
119
124
124
167
220
215
213
214
214
213
214
214
211
209
159
122
120
128
190
211
215
221
216
215
216
218
224
219
151
139
147
139
171
232
219
114
202
145
122
124
151
216
220
214
214
214
214
215
218
118
123
128
130
122
112
105
108
110
112
112
112
105
99
94
95
94
133
205
220
215
216
219
177
121
168
234
247
255
254
253
253
251
250
248
246
245
245
245
245
245
245
245
245
245
245
245
245
245
245
245
245
245
245
245
245
245
245
245
245
245
245
245
245
245
245
247
248
232
151
133
139
146
192
255
255
254
254
254
255
243
228
215
218
178
127
124
123
132
202
220
214
214
214
214
214
215
218
122
120
111
99
91
96
108
121
127
123
123
123
123
124
127
131
123
106
101
103
119
125
130
127
125
125
129
126
121
114
105
97
90
89
93
97
104
84
103
98
117
95
95
102
113
124
125
123
123
123
122
118
219
216
211
208
161
99
83
89
114
122
120
121
124
126
122
124
135
216
253
255
254
255
255
209
147
200
255
252
246
245
246
251
240
245
240
251
246
245
245
245
245
245
245
245
245
245
245
245
246
248
249
248
246
245
245
245
245
245
245
245
245
245
245
245
245
245
250
244
167
138
136
133
166
236
249
246
245
245
245
246
249
251
255
255
213
152
139
137
158
240
255
255
254
254
254
254
255
243
230
220
203
132
118
123
167
218
217
213
214
214
214
214
217
219
175
118
123
195
225
221
221
222
223
221
213
206
147
117
122
126
129
131
130
122
76
76
99
211
149
120
125
123
152
215
217
213
214
214
212
228
245
255
237
170
134
110
101
109
135
146
145
144
141
143
146
153
214
248
250
246
245
248
250
201
134
184
243
249
245
246
251
248
224
107
218
240
248
245
245
245
245
246
248
249
248
246
245
246
251
240
245
240
251
246
245
245
245
245
245
245
245
245
245
245
245
245
251
237
161
130
136
133
173
244
251
245
245
245
245
245
245
245
248
249
211
153
134
132
141
224
249
251
248
246
245
245
246
249
251
255
243
158
134
138
197
255
255
254
254
254
254
254
255
253
202
134
149
230
255
255
250
246
247
250
211
157
151
147
145
144
145
143
148
140
125
104
239
250
180
145
137
145
200
254
255
255
254
254
253
251
251
252
212
125
95
100
101
109
131
137
133
131
131
136
183
242
248
251
249
247
245
248
250
203
136
135
211
249
247
248
240
224
82
85
107
245
249
245
245
245
246
251
240
245
240
251
248
251
248
224
107
218
240
248
245
245
245
245
245
245
245
245
245
245
245
245
251
239
166
134
136
133
173
243
251
245
245
245
245
245
245
245
247
249
228
169
135
133
138
161
233
250
240
251
246
245
245
245
245
248
244
223
138
134
184
247
249
245
245
245
245
247
249
212
145
129
137
207
240
215
158
153
160
151
142
133
135
141
141
132
94
130
140
138
132
196
249
255
233
152
132
137
167
233
244
243
246
245
246
248
252
251
206
107
98
100
102
122
141
148
155
154
153
182
246
255
245
247
240
251
246
248
249
203
128
128
203
249
248
248
245
107
85
82
224
240
248
245
245
246
251
248
224
107
218
240
250
240
224
82
85
107
245
249
245
245
245
245
245
245
245
245
245
245
245
245
252
242
174
134
135
133
173
243
251
245
245
245
245
245
245
245
245
250
246
184
134
135
135
151
206
114
218
240
248
245
245
245
245
246
250
247
203
129
181
247
249
245
245
245
245
248
249
203
138
130
140
146
152
145
135
130
132
132
133
135
134
132
127
79
80
89
137
136
139
199
251
255
236
157
130
136
141
147
201
252
253
250
252
247
244
221
155
122
97
100
104
135
158
232
242
235
236
242
251
250
225
107
218
240
248
247
250
213
138
136
203
250
248
247
240
218
107
224
248
251
246
245
245
248
240
224
82
85
107
245
251
245
107
85
82
224
240
248
245
245
245
245
245
245
245
245
245
245
245
247
248
236
158
134
135
132
172
243
251
245
245
245
245
245
245
245
245
250
248
189
135
134
137
138
79
92
106
245
249
245
245
245
245
245
247
253
218
145
187
245
249
245
245
245
245
248
250
206
141
132
138
133
134
134
138
137
137
138
134
137
146
155
98
92
90
137
142
133
137
196
248
253
241
160
138
136
133
131
176
238
244
241
236
226
158
145
144
126
105
100
120
135
212
235
248
249
252
251
243
225
82
85
107
245
248
245
249
244
185
135
204
252
249
246
251
240
245
240
251
246
245
245
245
249
245
107
85
82
224
240
250
240
218
107
224
248
251
246
245
245
245
245
245
245
245
245
245
245
245
249
245
172
138
136
137
131
171
242
251
245
245
245
245
245
245
245
245
249
247
187
134
136
139
89
83
91
225
240
248
245
245
245
245
245
247
253
237
195
179
248
251
245
245
245
245
248
250
205
139
133
141
139
141
141
139
137
133
134
141
154
210
238
218
115
223
214
144
127
137
196
248
252
246
225
146
134
139
141
143
150
207
181
148
142
138
133
136
137
143
145
138
140
145
149
168
239
249
249
245
107
85
82
224
240
248
245
250
251
194
132
193
243
248
245
246
248
249
248
246
245
245
245
245
248
240
218
107
224
248
251
248
251
240
245
240
251
246
245
245
245
245
245
245
245
245
245
245
245
245
250
239
165
129
137
137
134
172
243
251
245
245
245
245
245
245
245
245
249
247
186
135
136
137
125
99
226
249
251
246
245
245
245
245
246
251
249
230
100
171
238
251
245
245
245
245
248
250
204
138
132
141
138
136
133
133
134
139
147
194
240
247
254
244
248
249
239
156
133
135
196
248
249
251
241
164
137
136
137
136
139
140
140
133
132
137
138
134
133
185
236
186
139
134
121
154
238
253
249
241
218
107
226
250
253
249
246
248
249
195
133
134
217
250
246
245
245
245
245
245
245
245
245
245
246
251
240
245
240
251
246
245
246
248
249
248
246
245
245
245
245
245
245
245
245
245
245
245
245
245
251
242
172
133
137
137
134
175
243
251
245
245
245
245
245
245
245
245
249
246
187
135
136
142
130
160
237
254
246
245
245
245
245
245
248
240
225
87
77
101
235
252
245
245
245
245
248
249
203
139
132
135
141
148
144
142
143
183
236
245
248
248
248
248
249
251
241
205
124
130
193
247
249
248
251
227
139
89
132
138
142
136
138
137
142
136
134
138
145
203
250
248
235
162
136
150
227
246
248
253
241
246
248
248
247
240
251
250
249
197
127
131
210
249
248
245
245
245
245
245
245
245
245
245
245
246
248
249
248
246
245
245
245
245
245
245
245
245
245
245
245
245
245
245
245
245
245
245
245
245
251
243
174
132
137
136
131
169
241
250
245
245
245
245
245
245
245
245
249
247
191
137
135
139
132
160
237
251
245
245
245
245
245
245
249
245
106
88
79
177
243
251
245
245
245
245
247
250
219
154
134
138
147
222
228
166
228
246
248
249
247
246
245
245
246
251
230
155
133
136
198
251
248
248
245
221
88
76
89
141
142
132
94
131
135
143
144
174
233
241
246
252
250
233
145
131
140
178
242
249
252
253
250
226
107
218
240
251
247
195
126
134
213
250
248
245
245
245
245
245
245
245
245
245
245
245
246
248
249
248
246
245
245
245
245
245
245
245
245
245
245
245
245
245
245
245
245
245
245
245
251
243
172
134
136
136
139
177
247
249
245
245
245
245
245
246
248
248
251
248
190
134
126
129
124
152
233
251
245
245
245
245
245
245
248
240
218
108
217
244
245
249
245
245
245
245
248
249
241
189
123
132
208
250
248
248
244
250
247
246
245
245
245
245
247
251
221
141
125
183
241
248
245
248
246
109
95
84
137
133
128
80
79
84
128
152
227
245
248
249
247
246
250
242
166
134
135
132
177
246
251
243
225
82
85
107
245
251
249
202
135
140
213
251
248
245
245
245
245
245
245
245
245
245
245
246
251
240
245
240
251
246
245
245
245
245
245
245
245
245
245
245
245
245
245
245
245
245
245
245
251
242
171
132
137
134
159
235
249
246
245
245
245
245
246
251
240
245
244
253
204
152
147
152
146
166
239
249
245
245
245
245
245
245
246
251
240
245
242
252
247
245
245
245
245
245
248
246
208
140
135
142
221
254
250
248
246
246
245
245
245
245
245
246
250
249
218
134
129
189
249
250
245
248
240
218
110
221
210
150
92
87
89
139
148
194
247
253
250
248
246
245
248
241
241
212
138
125
134
187
251
248
110
85
82
224
240
248
249
242
177
131
207
247
249
245
245
245
245
245
245
245
245
245
246
251
248
224
107
218
240
248
245
245
245
245
245
245
245
245
245
245
245
245
245
245
245
245
245
245
250
239
166
125
128
126
161
238
252
245
245
245
245
246
251
248
224
106
219
240
242
233
232
232
230
238
241
248
245
245
245
245
245
245
245
246
248
249
248
246
245
245
245
245
245
247
251
221
145
132
145
218
239
247
241
251
246
245
245
245
245
245
245
248
244
229
147
134
136
192
249
248
245
246
251
240
247
243
251
238
177
111
222
236
235
242
251
242
245
240
251
246
246
248
252
236
160
135
135
134
198
240
220
108
224
248
251
246
250
248
184
131
153
230
250
245
245
245
245
245
245
245
245
245
248
240
224
82
85
107
245
249
245
245
245
245
245
245
245
245
245
245
245
245
245
245
248
248
246
245
249
243
179
146
149
147
172
243
250
245
245
245
245
248
240
224
82
85
107
247
251
251
251
251
251
249
248
246
245
245
245
245
245
245
245
245
245
245
245
245
245
245
245
245
245
249
244
207
131
130
202
249
230
109
218
240
248
245
245
245
245
245
246
251
239
152
134
136
177
243
247
247
245
245
246
248
249
249
250
250
239
243
244
254
252
254
249
225
107
218
240
248
245
245
247
241
240
208
136
125
135
213
244
246
240
251
246
245
248
249
190
126
141
218
249
246
245
245
245
245
245
245
245
245
249
245
107
85
82
224
240
248
245
245
245
245
245
245
245
245
245
245
245
245
245
245
239
240
251
246
247
243
237
231
230
231
237
243
247
245
245
245
245
249
245
107
85
82
224
240
248
245
245
245
245
245
245
245
245
245
245
245
245
245
245
245
245
245
245
245
245
245
245
245
245
250
227
152
130
140
193
229
88
85
107
245
249
245
245
245
245
246
248
249
227
143
125
166
240
251
247
245
245
245
245
245
245
245
246
247
249
249
248
246
248
240
224
82
85
107
245
249
245
245
246
248
251
248
208
140
145
208
251
251
248
246
245
245
246
247
241
175
149
224
250
246
245
245
245
245
245
245
245
245
248
240
218
107
224
248
251
246
245
245
245
245
245
245
245
245
245
245
245
245
245
245
105
218
240
248
246
247
249
251
251
251
249
248
246
245
245
245
245
248
240
218
107
224
248
251
246
245
245
245
245
245
245
245
245
245
245
245
245
245
245
245
245
245
245
245
245
245
245
245
246
250
217
141
124
142
196
108
90
82
224
240
248
245
245
245
246
248
247
240
156
136
129
170
243
251
245
245
245
245
245
245
245
245
245
245
245
245
245
245
249
245
107
85
82
224
240
248
245
245
245
245
247
248
242
234
233
239
246
246
245
245
245
245
245
249
246
237
236
239
247
245
245
245
245
245
245
245
245
245
246
251
240
245
240
251
246
245
245
245
245
245
245
245
245
245
245
245
245
245
245
87
89
107
245
249
245
245
245
245
245
245
245
245
245
245
245
245
245
246
251
240
245
240
251
246
245
245
245
245
245
245
245
245
245
245
245
245
245
245
245
245
245
245
245
245
245
245
245
245
246
251
220
146
125
139
190
221
112
224
248
251
246
245
245
246
248
248
242
160
135
128
136
174
246
249
245
245
245
245
245
245
245
245
245
245
245
245
245
245
248
240
218
107
224
248
251
246
245
245
245
245
245
247
248
250
250
248
247
245
245
245
245
245
245
245
247
248
249
248
246
245
245
245
245
245
245
245
245
245
245
246
248
249
248
246
245
245
245
245
245
245
245
245
245
245
245
245
245
245
245
87
98
224
240
248
245
245
245
245
245
245
245
245
245
245
245
245
245
245
246
248
249
248
246
245
245
245
245
245
245
245
245
245
245
245
245
245
245
245
245
245
245
245
245
245
245
245
245
245
247
253
224
147
126
139
206
247
250
240
251
246
245
245
247
249
249
245
176
137
129
137
162
241
246
247
245
245
245
245
245
245
245
245
245
245
245
245
245
245
246
251
240
245
240
251
246
245
245
245
245
245
245
245
245
245
245
245
245
245
245
245
245
245
245
245
245
245
245
245
245
245
245
245
245
245
245
245
245
245
245
245
245
245
245
245
245
245
245
245
245
245
245
245
245
245
245
245
245
245
245
87
235
248
251
246
245
245
245
245
245
245
245
245
245
245
245
245
245
245
245
245
245
245
245
245
245
245
245
245
245
245
245
245
245
245
245
245
245
245
245
245
245
245
245
245
245
245
245
245
249
244
215
139
130
133
193
246
251
248
246
245
246
248
249
245
240
176
138
132
137
157
240
247
248
246
245
245
245
245
245
245
245
245
245
245
245
245
245
245
245
246
248
249
248
246
245
245
245
245
245
245
245
245
245
245
245
245
245
245
245
245
245
245
245
245
245
245
245
245
245
245
245
245
245
245
245
245
245
245
245
245
245
245
245
245
245
245
245
245
245
245
245
245
245
245
245
245
245
245
245
245
247
251
246
245
245
245
245
245
245
245
245
245
245
245
245
245
245
245
245
245
245
245
245
245
245
245
245
245
245
245
245
245
245
245
245
245
245
245
245
245
245
245
245
245
245
245
245
245
249
230
144
134
135
137
146
216
254
252
249
250
251
246
240
195
147
139
131
136
153
236
246
248
246
245
245
245
245
245
245
245
245
245
245
245
245
245
245
245
245
245
245
245
245
245
245
245
245
245
245
245
245
245
245
245
245
245
245
245
245
245
245
245
245
245
245
245
245
245
245
245
245
245
245
245
245
245
245
245
245
245
245
245
245
245
245
245
245
245
245
245
245
245
245
245
245
245
245
245
245
245
246
246
245
245
245
245
245
245
245
245
245
245
245
245
245
245
245
245
245
245
245
245
245
245
245
245
245
245
245
245
245
245
245
245
245
245
245
245
245
245
245
245
245
245
245
245
245
245
248
226
148
133
138
135
140
202
243
247
243
244
243
217
150
139
135
133
136
145
228
246
249
246
245
245
245
245
245
245
245
245
245
245
245
245
245
245
245
245
245
245
245
245
245
245
245
245
245
245
245
245
245
245
245
245
245
245
245
245
245
245
245
245
245
245
245
245
245
245
245
245
245
245
245
245
245
245
245
245
245
245
245
245
245
245
245
245
245
245
245
245
245
245
245
245
245
245
245
245
245
245
245
245
245
245
245
245
245
245
245
245
245
245
245
245
245
245
245
245
245
245
245
245
245
245
245
245
245
245
245
245
245
245
245
245
245
245
245
245
245
245
245
245
245
245
245
245
245
245
245
247
229
134
140
141
141
143
146
148
236
155
138
140
140
139
140
140
135
229
247
245
245
245
245
245
245
245
245
245
245
245
245
245
245
245
245
245
245
245
245
245
245
245
245
245
245
245
245
245
245
245
245
245
245
245
245
245
245
245
245
245
245
245
245
245
245
245
245
245
245
245
245
245
245
245
245
245
245
245
245
245
245
245
245
245
245
245
245
245
245
245
245
245
245
245
245
245
245
245
245
