249
249
249
249
249
249
249
249
249
249
249
249
249
249
249
249
249
249
249
249
249
249
249
249
249
249
249
249
249
249
249
249
249
249
249
249
249
249
249
249
249
249
249
249
249
249
249
249
249
249
249
249
249
249
249
249
249
249
249
249
249
249
249
249
249
41
41
41
249
249
249
249
249
249
249
249
249
249
249
249
249
249
249
249
249
249
249
249
249
249
249
249
249
249
249
249
249
249
249
249
249
249
249
249
249
249
249
249
249
249
249
249
249
249
249
249
249
249
249
249
249
249
249
249
249
249
249
249
249
249
249
249
249
249
249
249
249
249
249
249
249
249
249
249
249
41
249
249
249
249
249
249
249
249
249
249
249
249
249
249
249
249
249
249
249
249
249
249
249
249
249
249
249
249
249
249
249
249
249
249
249
249
249
249
249
249
249
249
249
249
249
249
249
249
249
251
254
243
250
243
254
251
249
249
249
249
249
249
249
249
249
249
249
251
251
228
89
228
251
251
249
249
249
249
249
249
249
249
249
249
249
249
249
249
249
249
249
249
249
249
249
249
251
254
251
218
61
210
241
252
249
249
249
249
249
249
249
249
249
249
249
249
249
249
249
249
249
249
249
249
249
249
249
249
249
249
249
249
249
249
249
249
249
249
249
249
249
249
249
249
249
252
241
214
36
36
69
241
252
249
249
249
249
249
249
249
249
249
249
249
249
249
249
249
249
249
249
249
249
249
249
249
249
249
249
249
249
249
249
249
249
249
249
249
249
249
249
249
249
249
249
249
249
249
251
254
252
222
67
214
243
252
249
249
249
249
249
249
249
249
249
249
249
251
254
243
250
243
254
251
249
249
249
249
249
249
249
249
249
249
249
249
249
249
249
249
249
249
249
249
251
252
254
247
224
35
38
67
250
253
249
249
249
249
249
249
249
249
249
249
249
249
249
249
249
249
249
249
249
249
249
249
249
249
249
249
249
249
249
249
249
249
249
249
249
249
249
249
249
249
249
253
250
67
38
35
222
243
252
249
249
249
249
249
249
249
249
249
249
249
249
249
249
249
249
249
249
249
249
251
252
253
252
251
249
249
249
249
249
249
249
249
249
249
249
249
249
249
249
249
249
249
249
249
252
243
222
35
38
67
250
253
249
249
249
249
249
249
249
249
249
249
249
249
251
252
253
252
251
249
249
249
249
249
249
249
249
249
249
249
249
249
249
249
249
249
249
249
249
251
254
243
253
243
77
40
35
222
243
252
249
249
249
249
249
249
249
249
250
252
252
252
251
250
249
249
249
249
249
249
249
249
249
249
249
249
249
249
249
249
249
249
249
249
249
249
249
249
249
249
249
252
243
214
67
222
252
254
251
249
249
249
249
249
249
249
249
249
249
249
249
249
249
249
249
249
249
249
251
254
243
250
243
254
251
249
249
249
249
249
249
249
249
249
249
249
249
249
249
249
249
249
249
249
253
250
67
38
36
226
250
254
251
249
249
249
249
249
249
249
249
249
249
249
249
249
249
249
249
249
249
249
249
249
249
249
249
249
249
249
249
249
249
249
249
249
249
249
251
254
252
222
71
208
208
71
222
253
254
252
251
250
249
249
249
249
249
251
251
249
244
247
251
253
253
252
252
252
251
250
249
249
249
249
249
249
249
249
249
249
249
249
249
249
249
249
249
249
249
249
249
251
254
243
250
243
254
251
249
249
249
249
249
249
249
249
249
249
249
249
249
249
249
249
249
249
249
251
254
252
222
67
214
243
252
249
249
249
249
249
249
249
249
249
249
249
249
249
249
249
249
249
249
249
252
243
214
69
232
247
254
245
254
251
249
249
249
249
249
249
249
249
249
249
249
249
249
249
249
249
249
249
249
249
249
249
249
249
249
249
249
249
249
249
249
249
249
249
252
243
222
35
40
77
243
253
245
254
247
245
246
251
249
249
249
249
250
251
249
218
184
188
228
245
244
242
242
247
251
252
252
251
249
249
249
249
249
249
249
249
249
249
249
249
249
249
249
249
249
249
249
249
251
252
253
252
251
249
249
249
249
249
249
249
249
249
249
249
249
249
249
249
249
249
249
249
249
252
243
222
35
38
67
250
253
249
249
249
249
249
249
249
249
250
251
252
252
251
252
252
253
252
251
249
251
254
245
254
247
232
69
214
243
252
249
249
249
249
249
249
249
249
249
249
249
249
249
249
249
249
249
249
249
249
249
249
249
249
249
249
249
249
249
249
249
249
249
249
253
250
67
38
35
224
247
254
252
249
212
190
232
251
250
249
249
249
251
252
228
191
152
142
173
193
195
193
193
205
242
245
248
252
252
251
250
249
249
249
249
249
249
249
249
249
249
249
249
249
249
249
249
249
249
249
249
249
249
249
249
249
249
249
249
249
249
249
249
249
249
249
249
249
249
249
249
249
249
253
250
67
38
35
222
243
252
249
249
249
249
251
252
252
253
253
250
246
245
252
254
245
250
243
254
251
249
251
254
250
226
36
38
67
250
253
249
249
249
249
249
249
249
249
250
251
251
250
249
249
249
249
249
249
249
249
249
249
249
249
249
249
249
249
249
249
249
250
252
252
254
247
216
68
222
252
254
252
252
221
179
184
229
252
251
249
249
249
251
248
219
182
175
152
171
189
183
177
178
186
189
192
215
242
245
249
252
252
251
250
249
249
249
249
249
249
249
249
249
249
249
249
249
249
249
249
249
249
249
249
249
249
249
249
249
249
249
249
249
249
249
249
249
249
249
249
249
249
249
252
243
214
67
222
252
254
251
249
249
250
252
251
247
243
242
244
239
196
204
251
249
220
68
214
243
252
249
249
253
250
67
38
35
222
243
252
249
249
249
249
249
250
251
252
252
250
250
252
252
251
250
249
249
249
249
249
249
249
249
249
249
249
249
249
249
249
251
251
248
244
241
252
240
250
243
254
251
252
250
218
180
183
227
250
252
249
249
250
252
231
190
188
182
177
223
245
202
192
188
182
176
179
185
191
193
227
243
246
249
252
250
249
249
249
249
249
249
249
249
249
249
249
249
249
249
249
249
249
249
249
249
249
249
249
249
249
249
249
249
249
249
249
249
249
249
249
249
249
249
251
254
243
250
243
254
251
249
249
250
250
248
244
211
192
192
196
189
185
187
187
191
37
40
67
250
253
249
249
252
243
214
67
222
252
254
251
249
249
249
250
251
252
249
246
241
217
220
241
247
249
251
250
249
249
249
249
249
249
249
249
249
249
249
249
250
251
252
249
220
192
191
196
242
254
252
251
249
252
252
220
183
181
196
238
252
250
249
251
252
227
188
182
181
197
238
252
248
244
236
194
192
188
182
178
182
188
192
192
239
249
251
249
249
249
249
249
249
249
249
249
249
249
249
249
249
249
249
249
249
249
249
249
249
249
249
249
249
249
249
249
249
249
249
249
249
249
249
249
249
249
251
252
253
252
251
249
249
250
252
251
224
190
185
181
179
179
179
182
186
183
53
38
39
223
243
252
249
249
251
254
243
250
243
254
251
249
249
249
250
252
249
247
229
194
191
189
190
191
196
239
250
252
250
249
249
249
249
249
249
249
249
249
249
249
251
250
249
218
182
181
177
188
233
252
250
249
249
252
252
220
184
179
189
223
250
252
249
252
252
227
186
182
187
200
240
253
252
253
250
247
244
225
188
185
182
182
180
181
193
246
252
249
249
249
249
249
249
249
249
249
249
249
249
249
249
249
249
249
249
249
249
249
249
249
249
249
249
249
249
249
249
249
249
249
249
249
249
249
249
249
249
249
249
249
249
249
249
251
252
239
203
181
181
190
183
188
186
193
189
182
156
65
226
254
254
252
249
249
249
251
252
253
252
251
249
249
249
249
251
249
238
193
185
183
180
183
181
182
186
195
242
251
252
250
249
249
249
249
249
249
249
249
249
250
252
243
208
185
186
184
180
192
237
252
250
249
249
252
252
220
185
181
183
214
245
251
249
252
252
227
186
179
188
226
250
251
249
250
251
252
253
251
230
195
185
188
185
178
192
239
252
249
249
249
249
249
249
249
249
249
249
249
249
249
249
249
249
249
249
249
249
249
249
249
249
249
249
249
249
249
249
249
249
249
249
249
249
249
249
249
249
249
249
249
249
249
249
251
242
210
185
184
185
191
227
180
233
241
211
204
178
186
210
254
251
251
250
249
249
249
249
249
249
249
249
249
249
250
253
247
194
183
181
185
185
183
183
184
183
186
197
243
249
251
249
249
249
249
249
249
249
249
249
252
250
229
183
183
202
207
194
213
243
251
249
249
249
250
252
230
193
182
182
192
238
252
249
252
252
228
186
178
192
231
253
251
249
249
249
249
250
252
250
226
214
198
182
185
197
246
252
249
249
249
249
249
249
249
249
249
249
249
249
249
249
249
249
249
249
249
249
249
249
249
249
249
249
249
249
249
249
249
249
249
249
249
249
249
249
249
249
249
249
250
251
252
252
253
237
196
183
180
184
216
240
251
247
253
254
233
170
60
162
195
238
252
251
249
249
249
249
249
249
249
249
250
251
251
251
236
189
178
182
191
203
205
193
188
182
183
186
197
247
252
249
249
249
249
249
249
249
249
249
252
239
191
181
194
229
247
245
245
249
251
249
249
249
250
252
248
213
182
180
191
236
252
250
251
252
228
187
176
200
236
252
250
249
249
249
249
249
250
250
252
246
205
181
188
238
251
251
249
249
249
249
249
249
249
249
249
249
249
249
249
249
249
249
249
249
249
249
249
249
249
249
249
249
249
249
249
249
249
249
249
249
249
249
249
249
249
250
251
252
253
251
246
246
251
243
210
178
183
189
235
253
252
252
253
248
211
36
34
52
174
225
251
252
250
249
249
249
249
249
249
249
250
249
246
220
191
187
186
188
210
245
247
245
208
188
183
182
196
244
252
250
249
249
249
249
249
249
249
250
252
234
188
178
212
251
252
252
252
251
250
249
249
249
249
252
250
212
182
180
192
237
252
251
252
252
229
185
181
205
240
252
249
249
249
249
249
249
249
250
253
250
210
179
191
240
253
250
249
249
249
249
249
249
249
249
249
249
249
249
249
249
249
249
249
249
249
249
249
249
249
249
249
249
249
249
249
249
249
249
249
249
249
249
249
249
249
251
250
247
244
239
197
195
233
230
189
184
185
226
250
251
250
249
253
249
69
43
37
171
183
191
232
250
251
250
249
249
249
249
249
250
252
251
212
189
184
188
202
245
249
252
253
253
246
202
182
183
193
226
251
252
250
249
249
249
249
249
249
250
252
234
187
192
231
252
251
249
249
249
249
249
249
249
249
252
252
214
184
182
186
219
248
253
253
254
232
187
180
220
250
252
249
249
249
249
249
249
249
250
251
246
206
177
190
239
253
249
249
249
249
249
249
249
249
249
249
249
249
249
249
249
249
249
249
249
249
249
249
249
249
249
249
249
249
249
249
249
249
249
249
249
249
249
249
250
252
252
248
208
193
189
184
183
189
191
185
178
216
249
253
253
252
251
252
243
217
79
195
195
185
193
187
238
251
251
249
249
250
251
252
253
253
246
203
192
177
194
241
254
253
251
250
252
251
206
185
182
183
192
244
250
251
249
249
249
249
249
249
250
252
234
187
202
247
252
250
249
249
249
249
249
249
249
249
250
251
245
208
181
181
197
244
254
248
244
205
190
184
223
252
252
249
249
249
249
249
249
249
252
252
221
191
178
193
242
253
250
249
249
249
249
249
249
249
249
249
249
249
249
249
249
249
249
249
249
249
249
249
249
249
249
249
249
249
249
249
249
249
249
249
249
249
249
250
249
248
243
206
184
180
184
185
184
183
184
183
185
209
252
248
250
243
254
252
254
252
253
215
71
158
178
188
217
247
252
250
250
251
248
243
243
244
207
196
189
165
63
215
246
252
249
249
250
249
246
200
185
181
182
201
252
252
249
249
250
251
252
252
253
254
237
188
206
252
253
252
252
251
250
249
249
249
249
249
249
252
252
224
192
180
190
248
253
227
66
163
180
194
228
252
250
249
249
249
249
249
249
249
252
250
211
183
181
188
237
250
251
249
249
249
249
249
249
249
249
249
249
249
249
249
249
249
249
249
249
249
249
249
249
249
249
249
249
249
249
249
249
249
249
249
249
249
250
252
253
223
190
188
182
181
182
182
188
187
188
182
187
230
253
224
67
214
243
252
253
248
229
43
40
53
181
187
191
241
252
253
253
251
228
193
192
190
192
180
166
32
42
71
250
253
249
249
250
252
252
245
193
180
180
197
242
251
250
249
251
248
244
241
243
246
229
188
207
247
249
238
243
245
250
249
249
249
249
249
249
250
252
246
205
178
188
210
222
42
37
53
182
219
248
252
250
249
249
249
249
249
249
250
252
245
207
182
183
185
195
246
252
249
249
249
249
249
249
249
249
249
249
249
249
249
249
249
249
249
249
249
249
249
249
249
249
249
249
249
249
249
249
249
249
249
249
249
250
249
243
211
182
181
188
189
196
193
203
227
186
180
188
216
224
41
39
67
250
253
253
250
67
40
37
186
182
188
186
197
243
244
246
227
187
183
181
182
188
186
58
36
40
220
245
252
249
249
249
250
252
246
201
182
184
188
211
252
252
249
252
248
209
191
193
195
193
187
208
224
194
191
196
236
251
249
249
249
249
249
249
249
252
252
214
187
188
200
64
44
32
160
180
222
252
252
249
249
249
249
249
249
249
252
253
222
189
183
183
184
200
245
252
249
249
249
249
249
249
249
249
249
249
249
249
249
249
249
249
249
249
249
249
249
249
249
249
249
249
249
249
249
249
249
249
249
251
252
254
239
203
188
186
186
192
235
244
243
250
239
203
185
189
194
60
41
37
222
243
252
252
243
214
68
220
250
236
194
181
187
185
197
186
188
186
183
180
185
189
185
161
55
180
248
254
252
249
249
249
249
252
249
206
187
179
182
201
244
251
250
252
245
200
178
180
183
183
185
187
186
181
179
207
241
251
249
249
249
249
249
249
249
250
252
245
201
183
191
211
69
175
185
188
217
251
252
249
249
249
249
249
249
250
251
247
212
181
183
184
189
238
251
251
249
249
249
249
249
249
249
249
249
249
249
249
249
249
249
249
249
249
249
249
249
249
249
249
249
249
249
249
249
249
249
249
251
254
245
249
223
199
182
181
186
230
252
253
252
253
251
235
196
190
180
151
59
222
252
254
251
251
254
243
250
245
254
253
210
187
184
178
161
178
183
188
195
197
197
231
210
182
184
188
223
251
251
250
249
249
249
251
251
242
181
186
183
188
216
252
252
252
246
201
180
181
185
184
186
188
187
181
180
223
252
252
249
249
249
249
249
249
249
249
253
248
205
181
199
239
238
188
189
185
216
251
252
249
249
249
249
249
249
250
252
228
193
185
183
186
211
247
252
250
249
249
249
249
249
249
249
249
249
249
249
249
249
249
249
249
249
249
249
249
249
249
249
249
249
249
249
249
249
249
249
251
254
253
217
70
190
194
186
183
190
237
253
250
249
250
251
251
226
191
193
178
192
234
254
252
249
249
251
252
253
252
252
252
247
198
182
174
153
177
186
212
245
243
247
249
232
196
186
187
201
232
252
251
249
249
249
250
252
250
237
190
183
181
205
245
251
252
248
218
192
195
193
188
186
211
232
196
188
229
252
250
249
249
249
249
249
249
249
249
252
247
202
179
186
211
244
207
180
184
218
251
252
249
249
249
249
249
249
252
252
230
194
183
181
188
236
251
251
249
249
249
249
249
249
249
249
249
249
249
249
249
249
249
249
249
249
249
249
249
249
249
249
249
249
249
249
249
249
249
249
252
243
222
38
39
58
190
189
183
225
249
251
249
249
249
251
252
239
201
185
184
192
234
251
252
250
249
249
249
249
249
251
252
248
199
154
143
139
145
205
250
253
252
252
252
250
209
184
182
188
215
248
252
250
249
249
249
250
253
245
201
184
181
182
213
250
252
250
245
243
245
234
187
192
236
250
246
242
245
250
250
249
249
249
249
249
249
249
249
252
248
209
183
180
204
238
211
184
185
217
251
252
249
249
249
249
249
250
252
248
218
184
184
186
198
243
253
250
249
249
249
249
249
249
249
249
249
249
249
249
249
249
249
249
249
249
249
249
249
249
249
249
249
249
249
249
249
249
249
249
253
250
71
40
31
167
182
187
196
235
252
251
249
249
249
249
250
250
227
194
184
186
192
240
251
252
250
249
249
249
249
252
248
207
181
147
136
135
158
218
254
252
249
249
251
251
243
192
185
184
192
221
251
252
249
249
249
249
252
249
217
183
183
186
216
250
252
251
252
252
254
241
190
193
234
253
252
252
252
250
249
249
249
249
249
249
249
249
249
251
251
229
193
183
204
228
200
176
189
217
250
252
249
249
249
249
249
251
252
227
186
185
184
187
231
251
251
249
249
249
249
249
249
249
249
249
249
249
249
249
249
249
249
249
249
249
249
249
249
249
249
249
249
249
249
249
249
249
249
249
252
245
207
58
160
191
193
186
209
242
252
250
249
249
249
249
250
251
251
228
194
181
185
191
241
249
251
249
249
249
249
252
247
206
181
148
138
133
165
239
252
251
249
249
250
252
249
220
190
185
187
208
247
252
250
249
249
249
251
251
238
193
204
243
246
249
250
249
249
251
252
236
186
193
234
252
250
249
249
249
249
249
249
249
249
249
249
249
249
250
252
246
200
189
193
175
62
158
184
225
252
252
249
249
249
249
249
251
248
219
181
183
182
196
235
252
250
249
249
249
249
249
249
249
249
249
249
249
249
249
249
249
249
249
249
249
249
249
249
249
249
249
249
249
249
249
249
249
249
249
251
254
237
190
178
191
185
184
211
245
252
250
249
249
249
249
249
250
252
250
212
187
181
182
195
247
252
250
249
249
249
251
250
249
198
166
143
138
159
216
253
252
251
252
253
252
252
246
203
184
183
185
227
253
252
249
249
249
250
251
247
245
247
252
252
251
249
249
249
252
247
209
183
193
234
252
250
249
249
249
249
249
249
249
249
249
249
249
249
249
252
251
215
184
163
35
38
57
211
252
252
250
249
249
249
249
251
253
235
192
184
184
187
191
236
252
250
249
249
249
249
249
249
249
249
249
249
249
249
249
249
249
249
249
249
249
249
249
249
249
249
249
249
249
249
249
249
249
249
249
249
252
251
238
193
189
186
183
206
240
250
251
250
249
249
249
249
249
251
252
249
205
186
180
189
240
252
252
250
249
249
250
251
251
248
193
148
172
182
209
249
253
254
243
250
243
254
254
242
174
54
158
208
251
252
249
249
249
249
250
251
252
252
251
250
249
249
249
249
252
242
192
179
193
232
252
252
249
249
249
249
249
249
249
249
249
249
249
249
249
250
251
247
193
55
38
34
166
212
253
252
249
249
249
250
251
252
251
226
184
183
186
186
228
249
251
249
249
249
249
249
249
249
249
249
249
249
249
249
249
249
249
249
249
249
249
249
249
249
249
249
249
249
249
249
249
249
249
249
249
249
250
251
251
242
209
186
185
190
202
240
251
251
249
249
249
249
249
249
251
252
244
200
180
185
195
246
250
251
249
249
249
250
252
252
242
192
184
186
199
237
254
253
222
67
214
248
250
217
40
35
57
203
243
252
251
249
249
249
249
249
249
249
249
249
249
249
249
249
253
241
194
178
188
217
251
252
249
249
249
249
249
249
249
249
249
249
249
249
249
249
253
249
198
156
59
164
188
221
252
252
249
249
249
251
249
245
223
191
187
185
188
208
241
252
251
249
249
249
249
249
249
249
249
249
249
249
249
249
249
249
249
249
249
249
249
249
249
249
249
249
249
249
249
249
249
249
249
249
249
249
249
250
252
252
228
187
182
185
188
215
244
251
249
249
249
249
249
249
250
253
248
204
185
185
186
204
250
252
250
249
249
249
250
252
251
243
189
185
184
213
242
223
35
38
67
253
253
70
38
30
163
181
221
248
251
250
249
249
249
249
249
249
249
249
249
249
249
249
253
241
194
179
188
218
252
252
249
249
249
249
249
249
249
249
249
249
249
249
249
249
252
246
208
180
191
183
194
216
250
252
249
249
249
252
245
206
186
185
183
187
199
222
245
251
249
249
249
249
249
249
249
249
249
249
249
249
249
249
249
249
249
249
249
249
249
249
249
249
249
249
249
249
251
252
253
252
251
249
249
249
249
249
250
252
233
194
184
184
184
193
238
253
250
249
249
251
252
253
252
252
248
230
208
189
180
197
242
251
250
249
249
249
249
250
252
251
236
185
182
195
221
69
41
35
222
247
247
216
66
165
189
189
190
224
252
250
249
249
249
249
249
249
249
249
249
249
249
249
253
241
194
177
201
245
252
250
249
249
249
249
249
249
249
249
249
249
249
249
249
249
252
246
201
180
191
183
194
215
250
252
249
249
250
253
243
198
181
182
184
192
224
249
249
251
249
249
249
249
249
249
249
249
249
249
249
249
249
249
249
249
249
249
249
249
249
249
249
249
249
249
249
251
254
243
250
243
254
251
249
251
253
254
254
254
254
242
206
199
196
200
246
254
254
254
254
254
250
252
250
254
254
254
243
208
197
200
221
254
254
254
254
254
254
254
254
254
254
224
195
199
220
226
86
240
254
255
255
254
254
239
211
194
197
236
254
254
254
254
254
254
254
254
254
254
254
254
254
254
254
254
209
193
219
254
254
254
254
254
254
254
254
254
254
254
254
254
254
254
254
254
254
254
210
167
63
169
195
235
254
254
254
254
254
254
252
212
196
199
201
231
254
254
254
254
254
254
254
254
254
254
254
254
254
254
254
254
254
254
254
254
254
254
254
254
253
251
249
249
249
249
251
254
252
222
67
214
243
252
249
252
235
221
204
209
210
207
180
156
161
165
174
213
214
212
214
226
208
75
200
216
209
210
203
164
149
151
169
206
211
208
208
208
208
208
208
209
205
181
157
155
167
184
213
204
218
210
210
212
218
200
161
147
149
185
209
209
208
208
208
208
208
208
208
208
208
208
208
208
211
204
161
149
168
207
211
208
208
208
208
208
208
208
208
208
208
208
208
208
208
208
211
212
162
39
29
38
156
191
210
210
208
209
212
211
167
159
157
155
167
200
210
210
208
208
208
208
208
208
208
208
208
208
208
208
208
208
208
208
208
208
208
208
204
221
235
252
249
249
249
249
252
243
222
35
38
67
250
253
249
253
241
97
83
89
91
92
97
80
67
43
59
69
89
92
79
69
27
50
59
97
89
91
88
86
77
74
79
86
92
89
89
89
89
89
89
89
90
86
77
71
71
82
92
95
92
89
89
89
90
87
84
79
82
86
89
90
89
89
89
89
89
89
89
89
89
89
89
90
92
85
76
73
83
90
90
89
89
89
89
89
89
89
89
89
89
89
89
89
89
89
92
91
60
45
30
59
67
84
88
91
90
89
88
80
75
71
73
77
84
90
91
89
89
89
89
89
89
89
89
89
89
89
89
89
89
89
89
89
89
89
89
89
83
97
241
253
249
249
249
249
253
250
67
38
35
222
243
252
249
252
235
221
204
208
208
213
204
181
20
19
39
149
165
209
205
39
25
43
208
216
208
208
210
213
206
173
181
209
209
208
208
208
208
208
210
212
216
217
195
150
152
149
185
208
210
209
208
208
209
210
212
212
212
211
209
208
208
208
208
208
208
208
208
208
208
208
208
210
207
190
153
165
209
212
208
208
208
208
208
208
208
208
208
208
208
208
208
208
208
208
212
211
168
61
156
169
169
189
211
209
210
208
189
158
156
155
155
163
196
210
210
208
208
208
208
208
208
208
208
208
208
208
208
208
208
208
208
208
208
208
208
208
204
221
235
252
249
249
249
249
252
243
214
67
222
252
254
251
249
251
253
254
254
254
254
254
254
84
53
40
177
190
207
238
254
229
73
226
254
254
254
254
254
254
254
254
254
254
254
254
254
254
254
254
255
254
254
254
254
240
196
198
202
248
254
254
254
254
254
254
254
254
254
254
254
254
254
254
254
254
254
254
254
254
254
254
254
254
254
223
197
217
254
254
254
254
254
254
254
254
254
254
254
254
254
254
254
254
254
254
254
254
198
190
185
199
224
254
254
254
254
254
218
203
200
200
197
199
232
254
254
254
254
254
254
254
254
254
254
254
254
254
254
254
254
254
254
254
254
254
254
254
254
254
253
251
249
249
249
249
251
254
243
250
243
254
251
249
249
249
249
249
249
249
249
252
243
215
68
182
191
190
186
200
253
248
252
244
254
251
249
249
249
250
251
252
251
250
249
249
249
249
251
254
252
222
67
215
248
253
218
183
184
187
234
249
252
249
249
249
249
249
249
251
254
243
250
243
254
251
249
249
249
249
249
249
249
252
244
196
181
203
246
253
249
249
249
249
249
249
249
249
249
249
249
249
251
251
252
252
252
232
203
189
186
182
206
248
252
252
250
213
189
184
186
187
182
185
210
249
252
249
249
249
249
249
249
249
249
249
249
249
249
249
249
249
249
249
249
249
249
249
249
249
249
249
249
249
249
249
249
251
252
253
252
251
249
249
249
249
249
249
249
249
249
251
254
244
250
235
208
184
183
186
203
250
252
252
251
249
249
249
249
249
249
249
249
249
249
249
249
249
252
243
222
35
38
67
252
254
226
188
177
179
189
238
252
249
249
249
249
249
251
254
252
222
67
214
243
252
249
249
249
249
249
249
249
252
242
199
175
200
244
252
249
249
249
249
249
249
249
249
249
249
249
250
250
244
247
247
234
206
191
187
185
184
205
250
252
252
248
205
183
185
187
183
183
189
218
251
252
249
249
249
249
249
249
249
249
249
249
249
249
249
249
249
249
249
249
249
249
249
249
249
249
249
249
249
249
249
249
249
249
249
249
249
249
249
249
249
249
249
251
252
253
252
252
252
254
253
214
190
184
184
182
203
252
253
250
249
249
249
249
249
249
249
249
249
249
249
249
249
253
250
67
38
35
222
244
254
244
193
171
188
197
238
251
249
249
249
249
249
252
243
222
35
38
67
250
253
249
249
249
249
249
249
249
252
247
199
188
201
248
252
249
249
249
249
249
249
249
249
249
249
249
252
250
215
191
227
208
188
187
186
180
193
232
251
252
249
230
194
183
185
187
188
189
203
247
251
250
249
249
249
249
249
249
249
249
249
249
249
249
249
249
249
249
249
249
249
249
249
249
249
249
249
249
249
249
249
249
249
249
249
249
249
249
249
249
249
249
251
254
243
250
243
254
251
250
252
239
190
181
185
180
202
242
251
250
250
249
249
249
251
252
253
252
251
249
249
249
249
252
243
214
67
222
252
254
253
248
205
212
240
246
247
251
249
249
249
249
249
253
250
67
38
35
222
243
252
249
249
249
249
249
249
249
251
247
243
238
245
247
251
249
249
249
249
249
249
249
249
249
249
249
252
248
208
180
180
188
185
185
186
178
185
247
253
252
251
204
182
180
180
183
195
225
248
249
251
249
249
249
249
249
249
251
252
253
252
251
249
249
249
249
249
249
249
249
249
249
249
249
249
249
249
249
249
249
249
249
249
249
249
249
249
249
249
249
249
251
254
252
222
67
214
243
252
249
252
247
191
184
185
183
185
202
237
250
250
249
249
251
254
243
250
243
254
251
249
249
249
251
254
243
250
243
254
251
251
248
247
248
251
252
251
250
249
249
249
249
249
252
243
214
67
222
252
254
251
249
249
249
249
249
249
249
250
251
252
252
252
251
250
249
251
252
253
252
251
249
249
249
249
249
252
250
220
186
183
181
182
185
185
191
213
247
252
250
248
244
204
191
187
191
210
250
252
251
250
249
249
249
249
249
251
254
243
250
243
254
251
249
249
249
249
249
249
249
249
249
249
249
249
249
249
249
249
249
249
249
249
249
249
249
249
249
249
249
249
252
243
222
35
38
67
250
253
249
251
248
244
200
183
179
184
193
225
251
250
249
251
254
252
222
67
214
243
252
249
249
249
249
251
252
253
252
251
249
250
250
251
251
250
249
249
249
249
249
249
249
249
251
254
243
250
243
254
251
249
249
249
249
249
249
249
249
249
249
249
249
249
249
249
251
254
243
250
243
254
251
249
249
249
249
250
249
247
243
209
188
183
181
190
214
248
250
251
250
251
251
246
244
238
204
243
251
251
249
249
249
249
249
249
251
254
252
222
67
214
243
252
249
249
249
249
249
249
249
249
249
249
249
249
249
249
251
251
249
249
249
249
249
249
249
249
249
249
249
249
253
250
67
38
35
222
243
252
249
250
252
252
242
198
191
208
243
246
249
250
249
252
243
222
35
38
67
250
253
249
249
249
249
249
249
249
249
249
249
249
249
249
249
249
249
249
249
249
249
249
249
249
249
251
252
253
252
251
249
249
249
249
249
249
249
249
249
251
252
253
252
251
249
251
254
252
222
67
214
243
252
249
249
249
249
249
251
252
251
249
241
198
191
224
248
251
251
249
249
250
251
252
253
250
250
247
251
249
249
249
249
249
249
249
252
243
222
35
38
67
250
253
249
249
249
249
249
249
249
249
249
249
249
249
249
251
254
251
249
249
249
249
249
249
249
249
249
249
249
249
252
243
214
67
222
252
254
251
249
249
250
252
249
245
242
248
251
252
250
249
249
253
250
67
38
35
222
243
252
249
249
249
249
249
249
249
249
249
249
249
249
249
249
249
249
249
249
249
249
249
249
249
249
249
249
249
249
249
249
249
249
249
249
249
249
249
251
254
243
250
243
254
251
252
243
222
35
38
67
250
253
249
249
249
249
249
249
250
251
252
251
246
243
248
251
251
249
249
249
249
249
249
250
250
251
250
250
249
249
249
249
249
249
249
253
250
67
38
35
222
243
252
249
249
249
249
249
249
249
249
249
249
249
249
249
252
243
228
41
249
249
249
249
249
249
249
249
249
249
249
251
254
243
250
243
254
251
249
249
249
249
250
251
252
252
252
251
250
249
249
251
254
250
218
69
222
252
254
251
249
249
249
249
249
249
249
249
249
249
249
249
249
249
249
249
249
249
249
249
249
249
249
249
249
249
249
249
249
249
249
249
249
249
249
249
251
254
252
222
67
214
243
252
253
250
67
38
35
222
243
252
249
249
249
249
249
249
249
249
250
251
252
252
252
250
249
249
249
249
249
249
249
249
249
249
249
249
249
249
249
249
249
249
249
252
243
214
67
222
252
254
251
249
249
249
249
249
249
249
249
249
249
249
249
249
253
250
89
41
249
249
249
249
249
249
249
249
249
249
249
249
251
252
253
252
251
249
249
249
249
249
249
249
249
249
249
249
249
249
251
254
245
254
237
254
245
254
251
249
249
249
249
249
249
249
249
249
249
249
249
249
249
249
249
249
249
249
249
249
249
249
249
249
249
249
249
249
249
249
249
249
249
249
249
249
252
243
222
35
38
67
250
253
252
243
214
67
222
252
254
251
249
249
249
249
249
249
249
249
249
249
249
249
249
249
249
249
249
249
249
249
249
249
249
249
249
249
249
249
249
249
249
249
249
251
254
243
250
243
254
251
249
249
249
249
249
249
249
249
249
249
249
249
249
249
252
243
228
41
249
249
249
249
249
249
249
249
249
249
249
249
249
249
249
249
249
249
249
249
249
249
249
249
249
249
249
249
249
251
254
252
222
69
218
250
254
251
249
249
249
249
249
249
249
249
249
249
249
249
249
249
249
249
249
249
249
249
249
249
249
249
249
249
249
249
249
249
249
249
249
249
249
249
249
249
253
250
67
38
35
222
243
252
251
254
243
250
243
254
251
249
249
249
249
249
249
249
249
249
249
249
249
249
249
249
249
249
249
249
249
249
249
249
249
249
249
249
249
249
249
249
249
249
249
249
251
252
253
252
251
249
249
249
249
249
249
249
249
249
249
249
249
249
249
249
251
254
251
249
249
249
249
249
249
249
249
249
249
249
249
249
249
249
249
249
249
249
249
249
249
249
249
249
249
249
249
249
249
252
243
222
35
38
67
250
253
249
249
249
249
249
249
249
249
249
249
249
249
249
249
249
249
249
249
249
249
249
249
249
249
249
249
249
249
249
249
249
249
249
249
249
249
249
249
249
252
243
214
67
222
252
254
251
249
251
252
253
252
251
249
249
249
249
249
249
249
249
249
249
249
249
249
249
249
249
249
249
249
249
249
249
249
249
249
249
249
249
249
249
249
249
249
249
249
249
249
249
249
249
249
249
249
249
249
249
249
249
249
249
249
249
249
249
249
249
249
251
251
249
249
249
249
249
249
249
249
249
249
249
249
249
249
249
249
249
249
249
249
249
249
249
249
249
249
249
249
249
249
252
241
69
36
36
214
241
252
249
249
249
249
249
249
249
249
249
249
249
249
249
249
249
249
249
249
249
249
249
249
249
249
249
249
249
249
249
249
249
249
249
249
249
249
249
249
249
251
254
243
250
243
254
251
249
249
249
249
249
249
249
249
249
249
249
249
249
249
249
249
249
249
249
249
249
249
249
249
249
249
249
249
249
249
249
249
249
249
249
249
249
249
249
249
249
249
249
249
249
249
249
249
249
249
249
249
249
249
249
249
249
249
249
249
249
249
249
249
249
249
249
249
249
249
249
249
249
249
249
249
249
249
249
249
249
249
249
249
249
249
249
249
249
249
249
249
249
249
249
249
249
249
249
41
249
249
249
249
249
249
249
249
249
249
249
249
249
249
249
249
249
249
249
249
249
249
249
249
249
249
249
249
249
249
249
249
249
249
249
249
249
249
249
249
249
249
249
249
249
249
249
249
249
249
249
249
249
249
249
249
249
249
249
249
249
249
249
249
249
249
249
249
249
249
249
249
249
249
249
249
249
249
249
249
249
249
249
249
249
249
249
249
249
249
249
249
249
249
249
249
249
249
249
249
249
249
249
249
249
249
249
249
249
249
249
249
249
249
249
249
249
