250
250
250
250
250
250
250
250
250
250
250
250
250
250
250
250
250
250
250
250
250
96
96
96
250
250
250
250
250
250
250
250
250
250
250
250
250
250
250
250
250
250
250
250
250
250
250
250
250
250
250
250
250
250
250
250
250
250
250
250
250
250
250
250
250
250
250
250
250
250
250
250
250
250
250
250
250
250
250
250
250
250
250
250
250
250
250
250
250
250
250
250
250
250
250
250
250
250
250
250
250
250
250
250
250
255
164
130
132
166
255
250
250
250
250
250
250
250
250
250
250
250
250
250
250
96
96
96
250
250
250
250
250
250
250
250
250
250
250
250
250
250
250
250
250
96
96
96
250
250
250
250
250
250
250
250
250
250
250
250
250
250
250
250
250
250
250
250
250
251
251
233
132
233
251
251
250
250
250
250
250
250
250
250
250
250
250
250
250
250
250
250
250
250
250
250
251
255
251
226
111
220
244
253
250
250
250
250
250
250
250
250
250
250
250
250
250
250
250
250
250
250
250
250
250
250
250
250
250
250
250
250
250
250
250
250
250
250
250
250
250
250
250
250
250
250
250
250
250
250
250
251
255
255
208
143
134
136
134
135
187
250
254
250
250
250
250
250
250
250
250
250
253
244
114
99
108
239
251
251
250
250
250
250
250
250
250
250
250
250
250
250
253
244
114
99
108
239
251
250
250
250
250
250
250
250
250
250
250
250
250
250
250
250
250
250
250
250
250
251
255
245
249
245
255
251
250
250
250
250
250
250
250
250
250
250
250
250
250
250
250
250
250
250
250
250
253
245
229
91
94
115
249
254
250
250
250
251
253
254
253
251
250
250
250
250
250
250
250
250
250
250
250
250
250
250
250
250
250
250
250
250
250
250
250
250
250
250
250
250
250
250
250
250
250
250
250
250
250
250
251
253
251
244
188
129
129
135
131
129
184
249
255
249
250
250
250
250
250
250
250
250
253
245
223
115
229
252
255
251
250
251
253
254
253
251
250
250
250
250
250
250
253
245
223
115
229
252
255
250
250
250
250
250
250
250
250
250
250
250
250
250
250
250
250
250
250
250
250
250
251
253
254
253
251
250
250
250
250
250
250
250
250
250
250
250
250
250
250
250
250
250
250
250
250
250
254
249
115
94
91
229
245
253
250
250
251
255
245
249
245
255
251
250
250
251
253
254
254
252
251
250
250
250
250
250
250
250
250
250
250
250
250
250
250
250
250
250
250
250
250
250
250
250
250
250
250
251
252
254
255
254
232
148
139
137
135
137
130
129
183
249
255
249
250
251
252
254
255
255
255
252
252
255
245
249
245
255
251
250
251
255
245
249
245
255
251
250
250
250
250
250
251
255
245
249
245
255
251
250
250
250
250
250
250
250
250
250
250
250
250
250
250
250
250
250
250
250
250
250
250
250
250
250
250
250
250
250
250
250
250
250
250
250
250
250
250
250
250
250
250
250
250
250
250
250
253
245
223
115
229
252
255
251
250
251
255
252
229
115
224
248
255
253
252
252
243
242
244
255
255
253
251
250
250
250
250
250
250
250
250
250
250
250
250
250
250
250
250
250
250
250
250
250
250
250
250
252
251
245
240
231
147
129
126
130
133
134
130
137
192
254
254
250
250
251
249
243
236
233
246
253
255
255
255
255
255
255
254
253
255
252
229
115
223
245
253
250
250
250
250
250
250
251
253
254
253
251
250
250
250
250
250
250
250
250
250
250
250
250
250
250
250
250
250
250
250
250
250
250
250
250
250
250
250
250
250
250
250
250
250
250
250
250
250
250
250
250
250
250
250
250
250
250
250
250
251
255
245
249
245
255
251
250
250
253
245
229
91
96
122
245
253
245
255
255
229
149
179
237
242
244
252
250
250
250
250
250
250
250
250
250
250
250
250
250
250
250
250
250
250
250
250
250
250
251
254
255
251
189
146
141
136
126
134
145
153
144
127
168
242
254
251
250
250
254
251
193
145
142
164
236
240
237
237
237
235
239
247
255
251
230
92
94
115
249
254
250
250
250
250
250
250
250
250
250
250
250
250
250
250
250
250
250
250
250
250
250
250
250
250
250
250
250
250
250
250
250
250
251
253
254
253
251
250
250
250
250
250
250
250
250
250
250
250
250
250
250
250
250
250
250
250
250
250
250
250
251
253
254
253
251
250
250
250
254
249
115
96
99
232
225
118
223
247
255
217
134
127
140
156
230
255
251
250
250
250
250
250
250
250
250
250
250
250
250
250
250
250
250
250
250
250
250
251
253
249
247
194
133
127
126
131
138
149
206
230
148
126
174
249
255
250
250
249
255
248
180
122
121
135
144
152
150
149
150
148
147
186
247
248
118
96
91
229
245
253
250
250
250
250
250
250
250
250
250
250
250
250
250
250
250
250
250
250
250
250
250
250
250
250
250
250
250
250
250
250
250
251
255
245
249
245
255
251
250
250
250
250
250
250
250
250
250
250
250
250
250
250
250
250
250
250
250
250
250
250
250
250
250
250
250
251
252
254
255
248
224
118
225
232
99
96
115
251
255
233
148
130
120
138
221
255
251
250
250
250
250
251
252
252
251
251
250
250
250
250
250
250
250
250
250
251
252
255
253
231
148
138
134
130
130
137
175
250
253
183
137
127
174
247
255
249
250
249
255
251
184
129
127
127
121
118
117
118
121
121
127
134
142
211
222
119
229
252
255
251
250
250
250
250
250
250
250
250
250
250
250
250
250
250
250
250
250
250
250
250
250
250
250
250
250
250
250
250
250
250
251
255
252
229
115
223
245
253
250
250
250
250
250
250
252
254
255
255
255
255
255
255
255
255
253
251
250
250
250
250
250
250
250
250
251
254
247
242
245
255
252
254
246
122
96
91
229
246
255
244
207
130
124
145
225
255
251
250
250
251
253
255
249
252
252
254
251
250
250
250
250
250
250
250
252
255
252
249
232
147
131
126
127
133
139
181
246
255
251
173
125
127
175
247
255
249
250
249
255
248
183
125
132
147
152
148
149
151
146
140
133
128
130
153
230
255
248
255
251
250
250
250
250
250
250
250
250
250
250
250
250
250
250
250
250
250
250
250
250
250
250
250
250
250
250
250
250
251
252
252
254
248
231
93
96
118
252
255
252
250
251
252
255
255
255
248
239
235
238
237
237
237
234
240
244
252
250
250
250
250
250
250
250
250
252
250
235
147
169
241
252
255
251
224
115
229
252
255
255
236
158
134
124
146
226
255
251
250
250
253
247
244
205
182
239
247
252
250
250
250
250
250
250
251
250
247
240
174
139
136
128
134
138
151
225
248
251
255
248
173
126
127
173
247
255
249
250
250
254
254
188
138
151
231
240
237
237
239
236
170
136
130
128
138
223
254
255
251
250
250
250
250
250
250
250
250
250
250
250
250
250
250
250
250
250
250
250
250
250
250
250
250
250
250
250
250
252
247
247
249
255
252
117
96
105
232
241
247
249
253
253
247
243
239
240
195
114
141
149
150
149
149
147
157
233
255
251
250
250
250
250
250
250
251
255
251
163
129
131
139
204
251
255
246
249
245
255
252
255
225
142
128
128
145
226
255
251
250
250
255
240
162
135
137
150
226
255
254
252
251
250
250
250
253
252
209
143
131
129
129
128
134
194
248
250
255
252
255
247
173
127
126
174
247
255
249
250
250
251
252
242
176
225
255
255
255
255
255
255
232
144
133
131
133
157
243
255
250
250
250
250
250
250
250
251
253
254
253
251
250
250
250
250
250
250
250
250
250
250
250
250
250
251
251
252
252
254
249
199
212
242
215
148
96
221
238
169
170
245
253
255
250
183
147
142
97
87
87
124
127
126
128
122
134
220
251
253
250
250
250
250
250
250
251
254
236
152
127
129
128
147
223
255
254
254
253
251
251
255
227
146
128
127
144
225
255
251
250
250
255
232
143
117
115
128
213
249
252
245
255
251
250
250
253
255
201
132
122
125
136
137
190
251
255
254
251
249
255
247
173
127
127
172
247
255
249
250
250
250
253
247
249
247
253
251
250
250
251
255
255
224
147
133
123
148
233
255
250
250
250
250
250
250
251
255
245
249
245
255
253
253
253
250
250
250
250
250
250
250
250
250
251
253
248
250
252
255
244
181
137
149
150
138
142
149
151
135
130
166
246
253
240
156
122
90
83
92
132
137
132
130
132
133
134
159
244
255
251
250
250
250
250
250
255
252
181
138
130
136
129
134
208
249
254
250
250
250
251
255
227
147
128
127
142
226
255
251
250
250
255
234
147
134
144
156
221
234
117
223
245
253
250
250
251
253
248
179
136
137
160
237
248
251
252
250
250
250
255
249
176
127
127
174
247
255
249
250
250
250
251
251
252
252
251
250
250
250
251
255
252
251
195
141
124
151
235
255
250
250
250
250
250
251
255
252
229
115
223
247
255
245
244
250
250
250
250
250
250
250
250
250
251
250
238
173
229
252
203
141
126
128
131
131
131
128
128
129
133
136
147
207
178
140
127
123
100
145
216
171
145
141
146
136
122
119
224
252
253
250
250
250
250
250
255
245
173
127
125
102
127
131
157
237
255
251
250
250
251
255
226
147
127
126
149
226
254
251
250
250
255
233
146
159
236
239
223
92
95
115
251
255
254
253
252
252
254
244
177
216
247
252
255
252
251
250
250
251
255
243
169
127
127
172
247
255
249
250
250
250
250
250
250
250
250
250
250
251
255
253
234
124
187
142
123
152
235
255
250
250
250
250
250
253
245
229
91
94
117
255
255
229
117
250
250
250
250
250
250
250
250
250
255
251
171
137
139
176
182
134
131
136
135
130
133
135
138
136
135
126
99
129
136
132
137
140
187
245
251
237
181
234
198
134
104
102
141
247
255
250
250
250
250
250
255
255
179
133
90
96
100
129
136
221
251
253
250
250
251
255
229
146
125
134
160
237
255
250
250
250
255
233
146
167
255
255
119
96
92
230
252
248
249
245
255
252
253
248
251
248
255
253
251
250
250
250
250
254
254
196
141
128
129
175
247
255
249
250
250
250
250
250
250
250
250
250
250
253
245
230
98
98
99
137
126
151
235
255
250
250
250
250
250
254
249
115
94
91
232
241
232
91
93
96
250
250
250
250
250
250
250
249
255
245
168
122
128
139
140
137
132
130
128
134
143
204
176
137
127
94
94
97
129
136
161
241
251
254
255
248
252
252
216
141
105
88
132
241
255
250
250
250
250
250
255
250
233
103
90
95
131
132
135
163
246
255
251
250
253
250
222
139
124
135
210
252
254
250
250
250
255
230
144
165
251
255
223
115
230
255
255
230
115
223
245
253
251
251
252
252
251
250
250
250
250
251
252
255
252
182
128
125
131
177
245
254
249
250
250
250
250
250
250
250
250
250
251
255
253
125
100
86
132
132
125
150
233
255
250
250
250
250
250
253
245
223
115
229
255
255
117
94
93
250
250
250
250
250
250
250
250
249
255
246
172
128
132
135
135
133
139
142
150
173
243
250
253
165
104
91
97
129
136
149
242
254
255
252
251
251
252
254
253
188
115
92
129
239
255
253
250
250
250
250
255
254
178
130
95
128
133
135
129
144
232
254
254
251
254
239
150
132
125
140
215
255
254
250
250
250
255
239
148
164
241
255
250
251
249
253
230
91
94
115
249
254
250
250
250
250
250
250
250
250
251
255
244
255
246
192
130
125
136
182
250
253
250
250
250
250
250
250
250
250
250
250
253
254
241
214
99
125
137
135
133
158
242
255
250
250
250
250
250
251
255
245
249
245
255
247
223
115
223
250
250
250
250
250
250
250
250
250
255
252
182
137
132
136
135
130
139
217
241
246
253
255
254
228
94
88
128
132
141
224
253
255
252
253
254
253
251
255
254
239
140
92
108
172
251
255
252
250
250
249
254
246
173
126
133
140
141
139
129
136
158
246
253
253
255
241
153
133
125
139
214
255
253
250
250
250
253
250
218
141
190
255
255
249
255
251
115
94
91
229
245
253
250
250
250
250
250
250
250
251
255
252
229
121
223
182
131
130
159
245
252
252
250
250
250
250
250
250
250
250
250
252
254
247
184
141
141
133
134
133
145
230
250
253
250
250
250
250
250
250
251
253
254
253
253
255
245
249
244
250
250
250
250
250
250
250
250
250
251
254
239
156
131
137
132
130
162
241
255
255
255
247
232
103
99
99
140
128
148
229
255
253
255
245
249
245
255
255
255
193
135
103
98
117
192
252
254
252
250
249
253
245
177
128
129
173
198
142
131
128
133
168
246
251
255
244
218
133
126
143
215
255
253
250
251
252
255
255
230
143
172
229
182
229
255
248
223
115
229
252
255
251
250
250
250
250
250
250
250
253
245
229
91
102
112
187
129
139
234
255
253
250
250
250
250
250
250
251
252
255
255
255
253
186
132
130
134
135
137
142
220
254
255
251
250
250
250
250
250
250
250
250
250
250
250
251
253
254
253
250
250
250
250
250
250
250
250
250
250
255
243
160
128
133
134
137
216
252
254
250
254
249
115
97
99
196
138
123
148
228
255
255
252
229
115
223
244
255
255
196
136
105
97
113
135
203
249
253
250
249
252
249
184
136
128
179
247
198
137
132
129
135
190
255
255
245
162
136
125
139
214
254
253
249
252
247
243
241
215
142
138
138
140
217
249
255
245
249
245
255
251
250
250
250
250
250
250
250
250
254
249
115
94
98
229
182
127
149
238
255
251
250
250
250
250
250
250
252
247
241
236
242
198
136
132
134
137
133
139
200
250
254
254
251
250
250
250
250
250
250
250
250
250
250
250
250
250
250
250
250
250
250
250
250
250
250
250
250
250
254
248
162
135
130
133
198
252
255
251
250
253
245
223
116
235
224
153
126
134
219
253
248
229
91
94
115
249
255
251
239
160
100
101
111
129
144
220
255
253
250
252
254
241
155
123
169
248
249
170
130
129
128
178
245
255
235
150
123
131
144
220
255
251
249
255
249
182
146
142
137
126
133
132
160
239
255
253
254
253
251
250
250
250
250
250
250
250
250
250
253
245
223
115
235
254
193
124
146
235
255
250
250
250
250
250
250
250
254
246
175
145
149
142
132
127
130
131
130
136
195
184
230
251
255
251
250
250
250
250
250
250
250
250
250
250
250
250
250
250
250
250
250
250
250
250
250
250
250
250
252
252
231
144
127
132
197
252
255
251
250
251
255
245
251
251
255
197
124
135
159
253
253
115
94
91
229
244
255
254
192
138
128
107
118
129
133
208
253
255
251
252
254
240
155
125
139
203
250
177
130
132
132
146
214
255
240
153
122
131
195
249
254
250
249
255
244
168
123
128
132
126
134
194
173
235
253
250
250
250
250
250
250
250
250
250
250
250
250
250
251
255
245
249
254
255
189
122
146
235
255
250
250
250
250
250
250
250
255
238
150
116
119
121
130
140
151
144
133
132
134
141
151
236
249
252
250
250
250
250
250
250
250
250
250
250
250
250
250
250
250
250
250
250
250
250
250
250
250
250
251
255
238
155
127
131
143
219
255
251
250
250
251
252
253
255
255
202
129
131
222
255
249
223
115
229
252
255
255
254
197
141
131
133
132
131
137
143
230
252
254
255
252
177
136
124
128
188
247
194
139
130
130
130
197
255
244
155
122
136
202
255
255
250
249
255
246
170
124
127
134
136
151
217
254
246
253
250
250
250
250
250
250
250
250
250
250
250
250
250
250
251
252
254
255
247
180
119
148
235
255
250
250
250
250
250
250
250
255
246
163
138
140
151
147
213
244
225
150
138
131
126
130
160
247
254
250
250
250
250
250
250
250
250
250
250
250
250
250
250
250
250
250
250
250
250
250
250
250
250
250
255
234
150
127
125
135
211
255
253
250
250
250
250
249
254
254
199
127
133
227
254
255
246
249
245
255
251
254
251
238
160
129
131
118
134
130
132
148
238
250
255
245
169
126
127
139
196
255
249
164
135
129
133
139
216
230
147
122
135
200
255
254
249
249
255
243
174
138
138
137
176
243
251
255
252
251
250
250
250
250
250
250
250
250
250
250
250
250
250
250
250
250
254
255
209
140
124
150
237
255
250
250
250
250
250
250
250
253
249
232
167
231
238
242
250
255
254
248
196
139
132
124
156
239
255
250
250
250
250
250
250
250
250
250
250
250
250
250
250
250
250
250
250
250
250
250
250
250
250
250
255
242
160
135
125
140
215
255
254
250
250
250
250
250
253
255
213
143
131
149
238
253
255
255
253
251
250
254
255
192
140
132
134
141
140
137
125
131
172
250
255
247
172
128
128
170
247
255
255
240
150
137
129
133
156
157
151
125
135
202
254
254
249
250
255
246
184
224
216
136
178
251
255
252
250
250
250
250
250
250
250
250
250
250
250
250
250
250
250
250
250
250
253
248
193
127
122
160
237
255
250
250
250
250
250
250
250
251
254
247
251
251
255
255
253
252
254
255
248
179
126
123
161
242
255
250
250
250
250
250
250
250
250
250
250
250
250
250
250
250
250
250
250
250
250
250
250
250
250
250
253
252
222
141
124
136
212
253
254
250
250
250
250
250
253
253
241
175
121
144
159
253
249
255
251
250
250
254
248
183
129
127
135
177
216
164
137
126
152
239
255
250
171
125
124
167
243
255
255
254
223
139
130
131
138
201
145
125
133
199
254
254
249
250
252
246
250
255
230
143
133
207
255
253
250
250
250
250
250
250
250
250
250
250
250
250
250
250
250
250
250
251
255
222
147
127
135
167
244
255
250
250
250
250
250
250
250
250
251
252
252
252
251
250
250
250
250
255
255
193
138
124
159
242
255
250
250
250
250
250
250
250
250
250
250
250
250
250
250
250
250
250
250
250
250
250
250
250
250
250
252
255
228
147
126
133
166
237
255
250
250
250
250
250
253
255
208
142
129
141
206
115
225
245
253
250
250
255
255
199
144
130
132
177
251
249
165
127
133
172
252
253
179
134
126
146
202
255
254
255
228
145
127
134
145
146
145
132
147
212
255
253
250
250
251
251
253
255
228
139
125
198
254
254
250
250
250
250
250
250
250
250
250
250
250
250
250
250
250
250
250
253
255
213
136
119
139
223
253
253
250
250
250
250
250
250
250
250
250
250
250
250
250
250
250
250
250
251
254
243
164
120
157
242
255
250
250
250
250
250
250
250
250
250
250
250
250
250
250
250
250
250
250
250
250
250
250
250
250
250
251
255
225
146
124
127
142
224
255
251
250
250
250
250
253
252
197
133
125
139
92
104
116
249
254
250
250
254
250
235
159
124
128
173
255
255
172
127
127
135
192
255
245
152
121
164
241
254
251
255
235
159
130
131
136
135
134
126
176
240
253
253
250
250
250
250
251
255
227
144
121
194
248
255
250
250
250
250
250
250
250
250
250
250
250
250
250
250
250
250
250
253
255
214
140
119
145
228
255
251
250
250
250
250
250
250
250
250
250
250
250
250
250
250
250
250
250
250
255
253
176
125
157
242
255
250
250
250
250
250
250
250
250
250
250
250
250
250
250
250
250
250
250
250
250
250
250
250
250
250
250
255
234
154
133
125
144
225
255
251
250
250
250
250
253
255
213
148
130
93
92
100
230
245
253
250
250
251
255
197
145
128
126
169
250
255
172
133
127
125
177
254
252
162
124
173
249
255
250
254
252
217
140
134
136
138
135
132
138
203
255
253
250
250
250
250
250
255
236
154
127
146
222
254
251
250
250
250
250
250
250
250
250
250
250
250
250
250
250
250
250
253
255
216
141
118
145
225
255
251
250
250
250
250
250
250
250
250
250
250
250
250
250
250
250
250
250
250
255
249
191
128
156
242
255
250
250
250
250
250
250
250
250
250
250
250
250
250
250
250
250
250
250
250
250
250
250
250
250
250
250
254
250
208
134
121
147
229
255
252
250
250
250
250
250
254
248
183
128
119
108
231
255
255
251
250
250
251
254
242
167
127
136
179
255
255
242
160
133
127
142
211
246
156
121
170
247
255
249
251
255
249
194
129
131
137
135
131
139
203
254
253
250
250
250
250
250
254
251
209
124
133
215
255
252
250
250
250
250
250
250
250
250
250
250
250
250
250
250
250
250
254
255
215
141
121
145
226
255
251
250
250
250
250
250
250
250
250
250
250
250
250
250
250
250
250
250
251
254
246
169
124
159
243
255
250
250
250
250
250
250
250
250
250
250
250
250
250
250
250
250
250
250
250
250
250
250
250
250
250
250
253
255
223
146
126
136
224
253
254
251
250
250
250
250
255
252
189
134
123
165
244
255
251
250
250
250
251
255
244
165
119
139
228
246
255
253
241
151
131
130
196
179
139
125
170
247
255
249
250
254
255
205
139
132
136
133
130
180
246
254
250
250
250
250
250
250
254
255
214
131
126
209
251
254
250
250
250
250
250
250
250
250
250
250
250
250
250
250
250
250
254
254
212
138
121
147
227
255
252
250
250
250
250
250
250
250
250
250
250
250
250
250
250
250
250
250
255
255
205
142
122
168
241
255
250
250
250
250
250
250
250
250
250
250
250
250
250
250
250
250
250
250
250
250
250
250
250
250
250
250
250
254
249
195
127
132
149
239
250
252
250
250
250
249
255
251
187
131
124
163
243
255
250
250
250
250
254
252
181
134
133
153
187
255
253
255
254
223
136
132
139
142
133
128
173
248
255
249
250
251
253
247
182
131
132
129
132
188
253
255
250
250
250
250
250
250
251
255
222
143
128
153
234
254
251
250
250
250
250
250
250
250
250
250
250
250
250
250
250
250
255
237
170
133
121
102
212
248
253
250
250
250
250
250
250
250
250
250
250
250
250
250
250
250
250
252
255
248
182
125
131
165
250
254
250
250
250
250
250
250
250
250
250
250
250
250
250
250
250
250
250
250
250
250
250
250
250
250
250
250
250
255
255
203
135
124
134
170
248
254
250
250
250
250
255
253
189
131
125
163
242
255
250
250
250
250
254
249
187
144
215
236
239
246
251
251
255
228
145
126
133
135
133
129
172
247
255
249
250
250
253
254
237
166
137
129
131
186
250
255
249
250
250
250
250
250
250
254
249
195
120
137
224
255
251
250
250
250
250
250
250
250
250
250
250
250
250
250
250
251
255
227
142
121
86
97
120
252
254
250
250
250
250
250
250
250
250
250
250
250
250
250
250
250
250
253
250
201
134
125
139
229
252
252
250
250
250
250
250
250
250
250
250
250
250
250
250
250
250
250
250
250
250
250
250
250
250
250
250
250
249
254
255
201
135
127
131
168
244
255
250
250
250
251
254
246
180
128
125
162
242
255
250
250
250
250
251
249
240
242
249
255
255
252
251
250
255
232
154
132
132
137
133
129
173
247
255
249
250
250
250
252
253
238
156
124
131
187
250
255
249
250
250
250
250
250
250
255
255
203
127
139
226
255
251
250
250
250
250
250
250
250
250
250
250
250
250
250
250
251
255
227
145
89
94
101
233
247
252
250
250
250
250
250
250
250
250
250
250
250
250
250
250
250
253
255
223
143
125
129
157
244
255
251
250
250
250
250
250
250
250
250
250
250
250
250
250
250
250
250
250
250
250
250
250
250
250
250
250
250
250
254
253
202
139
132
135
163
246
255
255
255
255
255
255
217
148
134
132
168
252
255
255
255
255
255
255
255
255
255
255
255
255
255
255
255
255
255
230
151
141
139
137
135
181
255
255
255
255
255
255
255
255
255
170
129
135
194
255
255
255
255
255
255
255
255
255
255
255
210
132
144
235
255
255
255
255
255
255
255
255
255
255
255
255
255
255
255
255
255
255
237
152
120
109
217
255
255
255
255
255
255
255
255
255
255
255
255
255
255
255
255
255
255
253
251
207
135
135
152
240
255
255
255
255
255
255
255
255
255
255
255
255
255
255
254
251
250
250
250
250
250
250
250
250
250
250
250
250
250
250
254
255
200
135
118
123
126
155
223
220
218
218
222
222
174
118
119
119
141
215
225
218
218
218
218
220
221
223
221
220
218
218
218
218
218
220
224
220
175
119
124
126
121
154
221
225
218
218
218
218
218
226
214
138
111
115
163
221
224
218
218
218
218
218
218
218
223
225
179
115
122
202
225
219
218
218
218
218
218
218
218
218
218
218
218
218
218
218
219
226
204
132
115
126
191
229
222
219
221
223
221
220
218
218
218
218
218
218
218
218
219
221
227
224
157
132
125
116
188
221
224
219
218
218
218
218
218
218
218
218
218
218
215
229
239
253
250
250
250
250
250
250
250
250
250
250
250
250
250
250
250
255
240
120
98
99
106
118
130
133
132
131
133
132
123
108
94
100
116
131
135
131
132
132
133
139
127
132
127
139
133
132
132
132
132
132
134
137
126
113
102
102
103
117
127
137
131
132
132
132
131
135
129
123
105
110
117
132
133
131
132
132
132
132
132
131
134
131
112
101
108
126
134
132
132
132
132
132
132
132
132
132
132
132
132
132
132
132
133
138
125
112
98
115
127
134
134
139
127
132
127
139
133
132
132
132
132
132
132
131
134
130
125
110
103
94
96
111
126
136
133
132
132
132
132
132
132
132
132
132
132
132
127
136
244
254
250
250
250
250
250
250
250
250
250
250
250
250
250
250
250
255
245
178
116
119
147
222
229
220
218
218
219
223
227
188
139
146
218
224
219
218
218
220
225
222
197
84
192
214
221
218
218
218
218
218
218
225
224
168
124
121
120
154
221
225
218
218
218
218
218
219
222
227
208
165
223
224
219
218
218
218
218
218
218
218
221
224
184
132
197
226
220
219
218
218
218
218
218
218
218
218
218
218
218
218
218
218
222
219
199
118
118
180
226
225
225
222
197
84
192
214
221
218
218
218
218
218
219
220
228
223
154
116
121
130
135
190
226
222
219
218
218
218
218
218
218
218
218
218
218
218
215
229
239
253
250
250
250
250
250
250
250
250
250
250
250
250
250
250
250
255
255
195
140
129
163
250
255
255
255
255
255
255
255
252
242
247
255
255
255
255
255
255
255
242
105
108
128
255
255
255
255
255
255
255
255
255
255
203
145
129
132
179
255
255
255
255
255
255
255
255
255
255
253
255
255
255
255
255
255
255
255
255
255
255
255
255
250
248
252
255
255
255
255
255
255
255
255
255
255
255
255
255
255
255
255
255
255
254
163
135
143
216
255
255
255
242
105
108
128
255
255
255
255
255
255
255
255
255
255
249
173
133
139
174
248
255
255
255
255
255
255
255
255
255
255
255
255
255
255
255
255
255
254
251
250
250
250
250
250
250
250
250
250
250
250
250
251
253
254
254
255
243
165
123
138
191
252
255
250
250
250
250
252
254
255
255
253
251
250
250
250
254
249
115
94
91
229
245
253
251
255
245
249
245
255
252
252
248
171
132
125
171
247
255
249
250
250
250
250
250
250
251
252
252
251
251
250
250
250
250
250
250
250
250
250
252
253
254
253
253
254
255
255
254
251
250
250
250
250
250
250
250
250
250
250
251
255
236
149
119
179
245
254
254
249
115
94
91
229
245
253
250
250
251
252
255
251
247
199
144
138
127
152
240
255
255
252
250
250
250
250
250
250
250
250
250
250
250
250
250
250
250
250
250
250
250
250
250
250
250
250
250
250
250
250
251
255
245
249
245
255
251
176
126
126
172
247
255
250
250
250
250
250
250
250
250
250
250
250
250
250
253
245
223
115
229
252
255
253
255
252
229
115
223
245
253
253
254
238
146
116
166
244
255
249
250
250
250
250
250
250
250
250
250
250
250
250
250
250
250
250
250
250
250
250
250
250
250
251
255
248
238
238
248
255
251
250
250
250
250
250
250
250
250
250
252
253
232
141
125
188
253
255
253
245
223
115
229
252
255
251
250
250
252
248
246
223
154
138
130
122
131
167
250
255
251
250
250
250
250
250
250
250
250
250
250
250
250
250
250
250
250
250
250
250
250
250
250
250
250
250
250
250
250
251
255
252
229
115
223
254
248
167
119
119
166
244
255
250
250
250
250
250
250
250
250
250
250
250
250
250
251
255
245
249
245
255
251
253
245
229
91
94
115
249
254
251
255
248
170
139
180
249
255
250
250
250
250
250
250
250
250
250
250
250
250
250
250
250
250
250
250
250
250
250
250
250
251
255
252
235
110
107
227
245
253
250
250
250
250
250
250
250
250
250
254
249
169
130
127
186
251
255
251
255
245
249
245
255
251
250
250
251
255
249
176
139
134
126
134
139
154
237
250
252
250
250
250
250
250
250
250
250
250
250
250
250
250
250
250
250
250
250
250
250
250
250
250
250
250
250
250
250
250
253
245
229
91
94
115
254
254
179
142
142
183
249
255
250
250
250
250
250
250
250
250
250
250
250
250
250
250
251
253
254
253
251
250
255
252
120
98
93
229
245
253
250
252
246
241
233
242
247
252
250
250
250
250
250
250
250
250
250
250
250
250
250
250
250
250
250
250
250
250
250
250
250
253
245
230
100
77
86
118
249
254
250
250
250
250
250
250
250
250
250
255
241
159
122
129
186
250
255
249
251
253
254
253
251
250
250
250
251
251
231
143
116
122
126
136
209
248
249
254
251
250
250
250
250
250
250
250
250
250
250
250
250
250
250
250
250
250
250
250
250
250
250
250
250
250
250
250
250
250
254
249
115
94
91
229
248
251
242
234
234
243
248
252
250
250
250
250
250
250
250
250
250
250
250
250
250
250
250
250
250
250
250
251
255
241
223
110
236
253
255
251
250
251
252
255
255
255
252
251
250
250
250
250
250
250
250
250
250
250
250
250
250
250
250
250
250
250
250
250
250
250
250
254
249
118
86
77
100
230
245
253
250
250
250
250
250
250
250
250
250
255
242
162
123
131
187
251
255
249
250
250
250
250
250
250
250
250
251
254
186
151
146
146
144
205
253
255
253
251
250
250
250
250
250
250
250
250
250
250
250
250
250
250
250
250
250
250
250
250
250
250
250
250
250
250
250
250
250
250
253
245
223
115
229
252
255
253
255
255
255
255
252
251
250
250
250
250
250
250
250
250
250
250
250
250
250
250
250
250
250
250
251
255
253
236
110
223
241
255
251
250
250
250
250
250
250
250
250
250
250
250
250
250
250
250
251
253
254
253
251
250
250
250
250
250
250
250
250
250
250
250
250
253
245
227
107
110
235
252
255
251
250
250
250
250
250
250
250
250
250
255
242
161
122
133
188
251
254
249
250
250
250
250
250
250
250
250
251
246
240
233
235
235
239
245
253
252
250
250
250
250
250
250
250
250
250
250
250
250
250
250
250
250
250
250
250
250
250
250
250
250
250
250
250
250
250
250
250
250
251
255
245
249
245
255
251
250
250
250
250
250
250
250
250
250
250
250
250
250
250
250
250
250
250
250
250
250
250
250
250
250
253
245
229
93
98
120
252
255
250
250
250
250
250
250
250
250
250
250
250
250
250
250
250
251
255
245
249
245
255
251
250
250
250
250
250
250
250
250
250
250
250
251
255
248
238
238
248
255
251
250
250
250
250
250
250
250
250
250
250
255
243
161
122
143
203
255
254
250
250
250
250
250
250
250
250
250
251
252
254
255
255
255
255
255
255
253
251
250
250
250
250
250
250
250
250
250
250
250
250
250
250
250
250
250
250
250
250
250
250
250
250
250
250
250
250
250
250
250
250
251
253
254
253
251
250
250
250
250
250
250
250
250
250
250
250
250
250
250
250
250
250
250
250
250
250
250
250
250
250
250
254
249
115
94
91
229
245
253
250
250
250
250
250
250
250
250
250
250
250
250
250
250
251
255
252
229
115
223
245
253
250
250
250
250
250
250
250
250
250
250
250
250
251
254
255
255
254
251
250
250
250
250
250
250
250
250
250
250
250
255
240
154
112
160
242
254
251
250
250
250
250
250
250
250
250
250
250
250
250
250
250
251
255
245
249
245
255
251
250
250
250
250
250
250
250
250
250
250
250
250
250
250
250
250
250
250
250
250
250
250
250
250
250
250
250
250
250
250
250
250
250
250
250
250
250
250
250
250
250
250
250
250
250
250
250
250
250
250
250
250
250
250
250
250
250
250
250
250
250
250
253
245
223
115
229
252
255
251
250
250
250
250
250
250
250
250
250
250
250
250
250
250
253
245
229
91
94
115
249
254
250
250
250
250
250
250
250
250
250
250
250
250
250
250
250
250
250
250
250
250
250
250
250
250
250
250
250
250
250
254
245
163
139
180
251
255
250
250
250
250
250
250
250
250
250
250
250
250
250
250
251
255
252
229
115
223
245
253
250
250
250
250
250
250
250
250
250
250
250
250
250
250
250
250
250
250
250
250
250
250
250
250
250
250
250
250
250
250
250
250
250
250
250
250
250
250
250
250
250
250
250
250
250
250
250
250
250
250
250
250
250
250
250
250
250
250
250
250
250
250
251
255
245
249
245
255
251
250
250
250
250
250
250
250
250
250
250
250
250
250
250
250
253
244
117
93
93
223
244
253
250
250
250
250
250
250
250
250
250
250
250
250
250
250
250
250
250
250
250
250
250
250
250
250
250
250
250
250
250
252
246
240
232
242
247
252
250
250
250
250
250
250
250
250
250
250
250
250
250
250
251
251
239
108
99
114
244
253
250
250
250
250
250
250
250
250
250
250
250
250
250
250
250
250
250
250
250
250
250
250
250
250
250
250
250
250
250
250
250
250
250
250
250
250
250
250
250
250
250
250
250
250
250
250
250
250
250
250
250
250
250
250
250
250
250
250
250
250
250
250
250
250
250
250
250
250
250
250
250
250
250
250
250
250
250
250
250
250
250
250
250
250
250
250
250
96
250
250
250
250
250
250
250
250
250
250
250
250
250
250
250
250
250
250
250
250
250
250
250
250
250
250
250
250
250
250
250
250
250
250
250
250
250
250
250
250
250
250
250
250
250
250
250
250
250
250
250
250
250
250
250
250
96
96
96
250
250
250
250
250
250
250
250
250
250
250
250
250
250
250
250
250
250
250
250
250
250
250
250
250
