245
245
245
245
245
245
245
245
245
245
245
245
245
245
245
245
245
245
245
245
245
245
245
245
245
245
245
245
245
245
245
245
245
245
245
245
245
245
245
245
245
245
245
245
245
245
245
245
245
245
245
245
245
245
245
245
245
245
245
245
245
245
245
245
245
245
245
245
245
245
245
245
245
245
245
245
245
245
245
245
245
245
245
245
245
245
245
245
245
245
245
245
245
72
245
245
72
72
72
245
245
245
245
245
245
245
245
245
245
245
245
245
245
245
245
245
245
245
245
245
245
245
245
245
245
245
245
245
245
245
245
245
245
245
245
245
245
245
72
245
245
245
245
245
245
245
245
245
245
245
245
245
245
245
245
245
245
245
245
247
253
247
218
88
212
238
248
245
245
245
245
245
245
245
245
245
245
245
245
245
245
245
245
245
245
245
245
245
245
245
245
245
245
245
245
245
245
245
245
245
245
245
245
245
245
245
245
245
245
245
245
246
247
250
252
253
253
253
253
253
253
253
253
253
253
253
253
253
253
252
249
247
246
245
245
245
245
245
245
248
238
215
69
72
89
85
78
85
233
247
247
245
245
245
245
245
245
245
245
245
245
245
245
245
245
245
245
245
245
245
245
245
245
245
245
245
245
245
245
245
245
245
245
245
248
238
215
69
69
95
238
248
245
245
245
245
245
245
245
245
245
245
245
245
245
245
245
245
245
248
240
221
67
70
93
246
250
245
245
245
245
245
245
245
245
245
245
245
245
245
245
245
245
245
245
245
245
245
245
245
245
245
245
245
245
245
245
245
245
245
245
245
245
245
245
245
245
245
245
245
245
247
243
238
233
232
235
235
235
235
235
235
235
235
234
234
234
234
233
234
240
246
249
245
245
245
245
245
245
250
246
93
70
70
216
210
97
221
249
253
247
245
245
245
245
245
245
245
245
245
245
245
245
245
245
245
245
245
245
245
245
245
245
245
245
245
245
245
245
245
245
245
245
245
250
246
93
70
67
221
240
248
245
245
245
245
245
245
245
245
245
245
245
245
245
245
245
245
245
250
246
93
70
67
221
240
248
245
245
245
245
245
245
245
245
245
245
245
245
245
245
245
245
245
245
245
245
245
245
245
245
245
245
245
245
245
245
245
245
245
245
245
245
245
245
245
245
245
245
245
245
250
245
187
156
159
161
161
161
161
161
161
161
160
161
160
161
160
159
156
189
242
247
246
245
245
245
245
245
248
240
215
93
223
254
249
247
240
253
247
245
245
245
245
245
245
245
245
245
245
245
245
245
245
245
245
245
245
245
245
245
245
245
245
245
245
245
245
245
245
245
245
245
245
248
240
215
93
221
249
253
247
245
245
245
245
245
245
245
245
245
245
245
245
245
245
245
245
245
248
240
215
93
221
249
253
247
245
245
245
245
245
245
245
245
245
245
245
245
245
245
245
245
245
245
245
245
245
245
245
245
245
245
245
245
245
245
245
245
246
248
249
249
248
246
245
245
245
247
248
249
253
243
177
136
137
139
138
139
139
139
138
139
141
142
143
142
141
139
140
150
201
250
248
245
245
245
245
245
247
253
240
246
240
253
250
250
248
247
245
245
245
245
245
245
245
246
246
247
247
246
245
245
245
245
245
245
245
247
249
251
252
251
248
246
245
245
245
245
245
245
245
245
245
247
253
240
246
240
253
247
245
245
245
245
245
245
245
245
245
245
245
245
245
245
245
245
245
245
247
253
240
246
240
253
247
245
245
245
245
245
245
245
245
245
245
245
245
245
245
245
245
245
245
245
245
245
245
245
245
245
245
247
248
250
248
247
245
246
248
244
237
237
242
248
245
245
247
253
240
245
247
252
184
144
147
150
149
149
147
147
146
151
146
149
147
153
149
149
145
155
205
250
248
245
245
245
245
245
245
247
249
253
253
250
247
245
245
245
245
245
245
245
245
246
248
252
248
247
244
247
246
245
245
245
245
245
246
245
239
235
229
236
241
247
245
245
245
245
245
245
245
245
245
245
247
248
250
250
250
250
248
247
245
245
245
245
245
245
245
245
245
245
245
245
245
245
245
245
245
247
248
250
248
247
245
245
245
245
245
245
245
245
245
245
245
245
245
245
245
245
245
245
245
245
245
245
245
245
245
245
247
253
240
246
240
253
247
248
249
239
169
171
240
249
247
250
254
252
223
93
221
237
182
139
142
144
143
144
147
154
171
172
150
76
143
157
158
145
145
183
242
250
245
245
245
245
245
246
248
250
253
244
239
237
244
247
245
245
245
245
245
245
246
249
242
240
233
186
216
242
247
245
245
245
245
245
247
250
213
158
153
167
230
250
246
245
245
245
245
245
245
245
245
245
245
245
247
253
240
246
240
253
247
245
245
245
245
245
245
245
245
245
245
245
245
245
245
245
245
245
245
245
245
245
245
245
245
245
245
245
245
245
245
245
245
245
245
245
245
245
245
245
245
245
245
245
245
246
248
252
254
252
222
93
215
240
250
246
244
177
139
160
234
253
253
244
239
216
76
72
98
245
193
159
162
163
162
167
172
190
226
212
66
67
99
233
176
143
146
189
247
252
245
245
245
245
245
247
242
239
235
214
156
198
249
249
245
245
245
245
245
245
248
245
221
161
154
152
158
232
250
245
245
245
245
245
248
249
208
147
130
153
224
251
246
247
248
250
248
247
245
245
245
245
245
247
253
249
221
93
215
240
248
245
245
245
245
245
245
245
245
245
245
245
245
245
245
245
245
245
245
245
245
245
245
245
245
245
245
245
245
245
245
245
245
245
245
245
245
245
245
245
245
245
245
245
246
249
244
237
229
217
69
70
93
245
253
249
193
146
138
167
239
255
249
226
94
64
66
70
224
238
242
234
233
234
235
234
236
248
248
102
76
74
229
234
172
142
146
189
248
253
245
245
245
245
245
251
243
180
156
148
147
193
247
249
245
245
245
245
245
246
252
235
162
144
140
139
176
231
251
245
245
245
245
245
249
251
212
152
134
155
224
251
247
253
240
246
240
253
247
245
245
245
245
248
240
221
67
70
93
246
250
245
245
245
245
245
245
245
245
245
245
245
245
245
245
245
245
245
245
245
245
245
245
245
246
247
248
247
246
245
245
245
245
245
245
245
245
245
245
245
245
245
245
245
248
245
227
161
161
88
76
67
221
240
253
247
190
144
139
169
241
247
221
70
66
64
94
226
249
253
251
252
253
253
253
253
251
253
243
215
93
226
253
192
153
144
143
180
240
248
245
245
245
245
245
252
238
167
137
139
145
196
248
249
245
245
245
245
246
249
248
225
153
144
148
148
181
235
250
245
245
245
245
245
250
253
211
148
140
160
232
253
253
249
221
93
215
240
248
245
245
245
245
250
246
93
70
67
223
244
253
248
247
245
245
245
245
245
245
245
245
245
245
245
245
245
245
245
245
245
245
245
247
249
253
246
248
246
253
249
247
245
245
245
245
245
245
245
245
245
245
245
245
245
250
239
162
141
174
211
100
221
248
253
251
242
187
143
142
170
244
253
94
72
76
216
239
244
253
247
245
245
245
245
245
245
245
247
253
240
246
246
255
206
154
146
148
158
207
253
246
245
245
245
245
252
240
172
144
144
154
202
250
249
245
245
245
245
247
245
238
164
151
148
149
149
182
237
251
245
245
245
245
245
250
246
207
143
143
214
244
253
240
221
67
70
93
246
250
245
245
245
245
248
240
215
93
223
254
248
247
240
253
247
245
245
245
245
245
245
245
245
245
245
245
245
245
245
245
245
246
250
249
243
238
227
177
227
238
242
249
250
246
245
245
245
245
245
245
245
245
245
245
245
252
232
157
138
196
241
251
240
253
250
251
207
154
146
143
161
238
243
217
93
223
252
254
250
247
245
245
245
245
245
245
245
245
245
247
248
252
250
244
192
153
144
146
180
239
248
245
245
245
245
245
252
238
173
141
142
182
241
248
247
245
245
245
245
251
246
183
150
145
149
149
147
180
234
251
245
245
245
245
246
252
229
163
145
163
228
252
252
246
93
70
67
221
240
248
245
245
245
245
247
253
240
247
248
254
223
93
215
240
248
245
245
245
245
245
245
245
245
245
245
245
245
245
245
245
246
246
242
240
192
159
152
156
153
157
191
242
246
247
246
245
245
245
245
245
245
245
245
245
245
253
233
159
144
195
253
253
248
246
249
247
200
145
142
146
148
180
253
246
245
240
253
247
245
245
245
245
245
245
245
245
245
245
245
245
245
249
254
195
145
79
133
144
188
246
253
245
245
245
245
245
251
245
179
147
144
191
250
253
245
245
245
245
246
249
239
172
144
148
150
149
144
163
229
251
245
245
245
245
248
246
216
144
141
204
246
249
248
240
215
93
221
249
253
247
245
245
245
245
245
247
248
253
244
223
67
70
93
246
250
245
245
245
245
245
245
245
245
245
245
247
248
251
253
252
252
253
226
162
147
144
142
144
142
144
148
164
222
242
248
245
245
245
245
245
245
245
245
245
246
253
233
158
166
238
248
247
245
245
250
251
202
155
149
154
140
174
242
253
249
248
247
245
245
245
245
245
245
245
245
245
245
245
245
245
245
250
237
214
65
64
78
147
191
246
250
245
245
245
245
245
248
249
234
160
139
180
241
249
247
245
245
245
250
251
207
158
146
150
153
148
148
164
233
250
245
245
245
246
252
237
167
142
150
209
251
250
247
253
240
246
240
253
247
245
245
245
245
245
245
245
245
250
246
93
70
67
221
240
248
245
245
245
245
245
245
246
248
250
252
253
245
239
233
232
243
243
216
145
142
146
144
143
145
143
142
143
157
231
252
246
245
245
246
246
247
246
246
245
247
249
229
152
174
245
253
245
245
245
249
244
193
150
201
170
141
178
243
252
245
245
245
245
245
245
245
245
245
245
245
245
245
245
245
245
245
250
250
104
79
65
134
148
204
244
250
245
245
245
245
245
248
249
234
160
141
149
200
251
248
245
245
247
248
239
177
143
147
149
154
146
149
215
247
250
245
245
246
249
248
225
152
137
146
204
248
248
245
247
248
250
248
247
245
245
245
245
245
245
245
245
245
248
240
215
93
221
249
253
247
245
245
245
245
245
246
249
244
239
233
237
210
160
164
162
167
221
166
149
144
152
155
164
171
163
152
142
147
221
248
249
246
247
251
247
249
247
251
247
249
245
180
142
171
241
251
245
245
247
251
217
147
157
209
178
141
176
243
252
245
245
245
245
245
245
245
245
245
245
245
245
245
245
245
245
245
249
240
217
82
134
148
154
188
252
249
245
245
245
245
245
251
245
176
150
140
145
196
248
252
245
245
250
252
196
150
144
154
154
159
144
148
218
248
250
245
245
247
245
237
162
148
142
152
211
251
248
245
245
245
245
245
245
245
245
245
245
245
245
245
245
245
247
253
240
246
240
253
247
245
245
245
245
245
247
243
244
237
179
158
160
154
147
143
142
151
156
155
142
148
164
221
239
238
240
199
148
146
159
237
249
252
246
242
230
195
229
242
245
254
239
170
143
181
247
250
245
245
249
252
211
138
151
207
174
139
176
241
252
245
245
245
245
245
245
245
245
245
245
245
245
245
245
245
245
245
251
254
204
159
142
145
168
235
247
248
245
245
245
245
245
252
239
174
142
145
147
193
244
250
246
245
250
243
189
143
141
169
216
166
148
146
167
233
251
245
246
252
247
176
148
142
143
190
243
248
247
245
245
245
245
245
245
245
245
245
245
245
245
245
245
245
245
247
248
250
248
247
245
245
245
245
245
245
251
246
205
207
174
142
142
144
145
146
144
148
150
147
147
154
216
253
253
253
253
249
191
147
146
170
240
247
243
186
150
156
154
188
247
254
239
164
159
233
248
247
245
245
250
245
206
143
156
214
176
139
177
243
253
245
245
245
245
245
245
245
245
245
245
245
245
245
245
245
245
245
248
243
191
146
145
152
183
249
252
245
245
245
245
245
245
251
239
174
144
146
145
152
212
250
247
247
251
220
166
147
144
175
235
211
143
140
157
225
251
245
248
247
233
164
143
144
148
198
250
250
245
245
245
245
245
245
245
245
245
245
245
245
245
245
245
245
245
245
245
245
245
245
245
245
245
245
245
245
249
235
191
194
181
149
147
152
155
162
158
151
146
147
147
199
247
252
246
245
248
252
240
172
139
148
187
251
205
149
140
140
142
158
209
251
206
151
167
239
253
246
245
246
252
227
150
142
206
239
177
140
173
240
250
246
245
245
245
245
245
245
245
245
245
245
245
245
245
245
245
246
252
224
169
148
142
164
236
250
248
245
245
245
245
245
245
249
246
185
150
147
142
141
201
249
247
250
254
204
149
139
146
176
216
165
147
142
162
230
253
247
251
251
179
148
146
145
163
215
249
248
245
245
245
245
245
245
245
245
245
245
245
245
245
245
245
245
245
245
245
245
245
245
245
245
245
245
245
245
253
208
157
154
155
151
145
146
186
239
238
157
147
144
146
199
247
252
246
245
245
251
250
181
146
142
183
245
231
173
148
142
147
148
163
211
177
144
166
240
250
245
245
247
252
223
149
139
211
244
177
138
155
205
250
249
245
245
245
245
245
245
245
245
245
245
245
245
245
245
245
247
248
239
185
143
142
163
234
247
247
245
245
245
245
245
245
247
249
233
159
144
147
157
214
252
250
253
248
191
81
128
146
177
221
161
145
143
154
224
245
250
248
238
172
139
143
144
181
242
250
246
245
245
245
245
245
245
245
245
245
245
245
245
245
247
248
250
248
247
245
245
245
245
245
245
245
245
245
245
248
201
144
141
146
146
144
149
200
254
252
237
160
147
144
151
213
248
248
245
245
248
247
233
161
138
174
242
252
243
175
153
152
143
152
158
153
152
202
245
248
245
245
249
246
219
147
148
216
245
168
135
146
193
252
253
248
246
245
245
245
245
245
245
245
245
245
245
245
247
248
252
253
218
162
147
144
155
185
251
247
245
245
245
245
245
245
246
253
236
167
142
141
187
237
247
251
242
203
74
67
80
159
239
245
208
146
144
152
165
240
254
252
193
148
145
145
149
187
249
250
245
245
245
245
245
245
245
245
245
245
245
245
245
247
253
240
246
240
253
247
245
245
245
245
245
245
245
245
245
252
210
151
144
145
153
160
202
241
247
252
248
230
154
143
141
175
233
251
246
245
246
251
245
169
145
146
189
252
250
247
224
154
145
146
148
144
161
234
253
248
245
245
252
235
156
144
187
249
243
170
139
143
183
233
240
239
247
245
245
245
245
245
245
245
245
245
245
247
253
240
249
245
215
153
143
141
158
230
245
246
245
245
245
245
245
245
245
250
241
175
148
146
148
209
252
254
246
99
71
58
137
216
253
254
214
155
140
141
166
236
255
248
192
144
143
149
171
242
246
248
245
245
245
245
245
245
245
245
245
245
245
245
247
253
249
221
93
215
240
248
245
245
245
245
245
245
245
245
245
248
246
196
149
143
163
233
249
248
247
247
249
248
220
152
143
154
223
248
248
245
245
248
244
235
159
145
145
200
248
253
246
201
150
148
147
144
158
230
248
248
245
246
253
231
155
137
192
252
252
191
151
146
157
155
165
226
252
247
245
245
245
245
245
245
245
245
247
253
249
221
100
216
198
148
144
152
173
244
251
246
245
245
245
245
245
245
245
248
250
228
155
139
148
206
248
253
237
195
75
136
159
232
254
253
213
152
132
74
145
231
254
241
190
143
141
159
234
249
248
246
245
245
245
245
245
245
245
245
245
245
245
245
248
240
221
67
70
93
246
250
245
245
245
245
245
245
245
245
245
249
253
243
181
141
161
238
253
250
246
245
246
250
247
202
141
144
191
243
250
246
245
246
250
249
223
148
139
154
217
253
250
245
212
153
149
146
149
177
248
253
247
248
248
226
152
138
188
253
254
236
163
144
149
139
145
212
245
249
245
245
245
245
245
245
245
245
248
240
221
68
75
85
157
151
144
158
230
247
248
245
245
245
245
245
245
245
245
248
247
225
153
139
155
213
252
254
234
159
141
140
209
244
251
254
211
145
59
69
95
245
255
209
153
144
149
172
245
252
246
245
245
245
245
245
245
245
245
245
245
245
245
245
250
246
93
70
67
221
240
248
245
245
245
245
245
245
245
245
245
247
255
248
184
143
146
174
245
248
248
245
245
248
253
218
159
142
155
228
244
248
245
245
246
253
234
163
143
142
204
245
252
253
247
200
146
146
143
161
227
244
243
252
242
178
149
176
245
248
250
229
159
146
152
147
144
155
231
249
245
245
245
245
245
245
245
245
250
246
93
72
71
191
149
146
143
160
232
253
246
245
245
245
245
245
245
245
245
248
247
172
154
139
153
211
253
254
224
154
140
148
216
253
250
252
238
92
61
76
219
253
250
199
143
141
154
226
247
248
245
245
245
245
245
245
245
245
245
245
245
245
245
245
248
240
215
93
221
249
253
247
245
245
245
245
245
245
245
245
72
226
245
252
190
149
142
149
185
244
247
247
245
245
249
243
192
140
146
167
241
252
246
245
245
249
245
215
147
142
161
229
252
253
253
206
149
144
147
152
157
201
252
254
239
166
163
241
253
247
196
159
153
149
148
150
149
168
231
249
245
245
245
245
245
245
245
245
248
240
215
96
227
220
164
143
147
163
236
250
245
245
245
245
245
245
245
245
245
247
245
223
152
138
151
211
254
253
222
149
139
198
242
248
248
253
228
165
74
151
222
255
213
155
150
142
160
231
253
246
245
245
245
245
245
245
245
245
245
245
245
245
245
245
247
253
240
246
240
253
247
245
245
245
245
245
245
245
245
245
72
112
247
253
236
167
142
144
153
202
252
250
245
245
250
252
205
157
140
158
232
249
248
245
245
249
253
220
154
136
145
211
244
252
244
197
150
150
154
141
141
178
237
246
232
160
174
244
253
188
147
145
148
149
144
144
197
240
244
247
245
245
245
245
245
245
245
245
247
253
240
248
247
226
158
140
151
221
246
249
245
245
245
245
245
245
245
245
245
246
253
231
160
138
145
207
245
238
161
146
164
222
253
248
247
250
227
167
146
153
162
102
189
150
144
147
163
235
251
245
245
245
245
245
245
245
245
245
245
245
245
245
245
245
245
247
248
250
248
247
245
245
245
245
245
245
245
245
245
245
72
226
241
253
248
181
150
144
143
191
241
249
246
245
246
250
240
181
141
149
179
244
247
246
245
247
250
214
145
136
153
170
241
254
217
149
148
208
174
152
148
152
165
219
187
150
169
225
186
148
143
143
146
148
145
154
216
253
250
246
245
245
245
245
245
245
245
245
245
247
248
253
249
213
148
138
156
224
252
247
245
245
245
245
245
245
245
245
245
245
252
229
159
141
149
167
224
172
144
144
193
250
253
247
248
250
212
155
143
139
63
71
84
148
150
154
230
247
248
245
245
245
245
245
245
245
245
245
245
245
245
245
245
245
245
245
245
245
245
245
245
245
245
245
245
245
245
245
245
245
245
247
253
248
247
233
159
143
145
152
209
253
249
245
245
250
251
192
149
139
153
202
250
250
245
247
249
221
157
153
206
238
244
253
210
147
155
226
238
158
143
143
147
197
170
146
154
155
152
140
148
155
158
151
146
197
244
250
246
245
245
245
245
245
245
245
245
245
245
245
246
253
231
161
146
147
161
230
252
246
245
245
245
245
245
245
245
245
245
246
253
229
158
142
143
155
204
166
141
152
186
246
247
253
250
250
208
150
143
79
75
75
148
131
78
192
239
253
246
245
245
245
245
245
245
245
245
245
245
245
245
245
245
245
245
245
245
245
245
245
245
245
245
245
245
245
245
245
245
245
245
247
247
246
251
243
173
147
142
140
196
244
249
245
245
247
246
242
173
147
143
182
242
248
246
245
247
240
234
235
244
252
253
249
208
138
189
245
244
166
147
147
153
136
146
147
148
143
145
149
161
227
224
153
144
201
249
252
245
245
245
245
245
245
245
245
245
245
245
245
248
246
218
148
143
142
205
239
249
246
245
245
245
245
245
245
245
245
245
246
251
226
158
138
153
166
159
157
150
153
167
92
218
240
251
251
216
157
144
132
96
201
155
65
72
99
246
253
245
245
245
245
245
245
245
245
245
245
245
245
245
245
245
245
245
245
245
245
245
245
245
245
245
245
245
245
245
245
245
245
245
245
245
245
248
247
232
158
148
145
154
221
253
248
245
246
248
249
234
160
140
157
210
252
249
245
246
249
250
251
248
250
246
225
151
150
158
229
253
229
155
152
144
119
117
143
150
151
156
203
244
253
233
157
141
172
227
250
247
245
245
245
245
245
245
245
245
245
245
246
251
239
166
151
146
147
159
230
251
246
245
245
245
245
245
245
245
245
245
245
251
232
158
147
151
197
160
80
130
154
64
72
95
245
250
250
244
196
150
142
172
213
103
73
80
207
245
250
245
245
245
245
245
245
245
245
245
245
245
245
245
245
245
245
245
245
245
245
245
245
245
245
245
245
245
245
245
245
245
245
245
245
245
245
246
250
247
219
152
138
145
211
245
249
245
245
246
252
241
172
141
139
187
240
247
246
245
245
245
247
248
253
239
161
142
141
198
243
253
248
215
152
142
116
104
138
153
183
242
246
250
254
230
162
137
155
214
250
248
245
245
245
245
245
245
245
245
245
246
249
249
229
159
145
147
145
166
229
250
245
245
245
245
245
245
245
245
245
245
245
249
245
216
148
149
146
77
72
82
77
72
72
222
240
248
250
250
200
149
145
165
162
135
60
176
237
254
247
245
245
245
245
245
245
245
245
245
245
245
245
245
245
245
245
245
245
245
245
245
245
245
245
245
245
245
245
245
245
245
245
245
245
245
245
245
247
251
230
162
146
148
164
233
252
246
245
245
249
244
190
143
138
152
211
251
247
245
245
247
253
240
252
224
166
140
168
224
252
250
251
234
183
155
123
108
127
173
240
253
250
247
251
226
161
135
152
213
252
249
245
245
245
245
245
245
245
245
245
248
244
238
164
151
149
146
147
212
246
249
245
245
245
245
245
245
245
245
245
245
245
248
253
221
157
143
80
69
67
141
161
100
224
249
253
246
249
247
197
144
143
148
140
69
77
105
251
253
245
245
245
245
245
245
245
245
245
245
245
245
245
245
245
245
245
245
245
245
245
245
245
245
245
245
245
245
245
245
245
245
245
245
245
245
245
245
245
247
245
223
168
141
153
224
248
247
245
245
247
248
233
164
151
193
241
246
246
245
247
253
249
223
103
204
156
142
192
246
250
246
247
245
242
188
141
139
141
177
243
253
245
245
250
232
157
143
150
210
249
249
245
245
245
245
245
245
245
245
245
250
245
167
144
145
148
147
169
228
252
248
245
245
245
245
245
245
245
245
245
245
245
247
252
219
155
141
137
80
134
174
232
248
241
253
247
245
249
251
202
152
147
148
79
67
76
227
242
248
245
245
245
245
245
245
245
245
245
245
245
245
245
245
245
245
245
245
245
245
245
245
245
245
245
245
245
245
245
245
245
245
245
245
245
245
245
245
245
246
252
247
197
140
145
191
244
252
246
245
245
249
242
237
233
242
247
248
245
245
248
240
222
71
74
81
151
146
192
248
251
245
246
251
253
204
154
146
145
177
241
252
245
245
249
245
214
147
142
175
231
250
245
245
245
245
245
245
245
245
245
253
241
176
143
149
146
149
203
247
249
245
245
245
245
245
245
245
245
245
245
245
245
247
252
219
155
147
148
145
147
187
253
254
250
247
245
245
247
249
243
185
147
144
133
87
208
252
253
247
245
245
245
245
245
245
245
245
245
245
245
245
245
245
245
245
245
245
245
245
245
245
245
245
245
245
245
245
245
245
245
245
245
245
245
245
245
245
245
245
249
252
206
150
142
156
229
244
248
245
245
246
248
250
251
249
247
245
245
245
250
246
95
68
55
129
140
151
198
250
249
245
245
246
247
245
184
147
142
176
241
252
245
245
248
253
221
156
137
146
219
253
248
245
245
245
245
245
245
245
247
249
239
173
146
150
147
149
204
252
250
245
245
245
245
245
245
245
245
245
245
245
245
247
252
220
155
145
150
154
169
232
246
242
253
247
245
245
246
251
244
185
146
149
143
182
241
253
247
245
245
245
245
245
245
245
245
245
245
245
245
245
245
245
245
245
245
245
245
245
245
245
245
245
245
245
245
245
245
245
245
245
245
245
245
245
245
245
245
245
246
249
241
181
137
142
162
242
250
245
247
250
253
254
255
255
255
255
255
255
255
253
232
107
170
168
162
187
253
255
255
255
255
255
255
255
253
183
152
186
253
255
255
255
255
255
231
163
144
156
224
254
255
255
255
255
255
255
255
255
255
255
203
159
152
157
153
160
217
255
255
255
255
255
255
255
255
255
255
255
255
255
255
255
255
231
163
150
153
166
230
227
103
225
253
255
255
255
255
255
216
163
154
154
155
197
255
255
255
255
255
255
255
255
255
255
255
255
255
255
255
255
255
255
255
255
255
254
253
250
247
245
245
245
245
245
245
245
245
245
245
245
245
245
245
245
245
245
245
245
245
250
252
194
147
134
164
234
251
245
248
233
221
207
210
210
210
210
210
210
212
219
207
206
198
194
126
152
213
216
210
210
210
210
210
215
211
169
133
146
207
214
210
210
211
215
190
134
126
133
147
207
215
210
210
210
210
210
210
212
218
217
161
128
130
133
127
128
176
215
213
210
210
210
210
210
210
210
210
210
210
210
210
211
217
192
135
128
128
144
200
81
60
70
207
215
210
212
218
223
184
140
136
138
132
159
212
215
210
210
210
210
210
210
210
210
210
210
210
210
210
210
210
210
210
210
210
207
221
233
248
245
245
245
245
245
245
245
245
245
245
245
245
245
245
245
245
245
245
245
245
247
249
237
165
139
170
243
249
245
250
239
119
107
112
112
112
112
112
112
112
114
116
119
123
113
106
104
111
114
111
112
112
112
111
114
112
107
101
106
109
115
111
111
113
115
109
99
87
80
92
101
115
112
112
112
112
111
113
112
108
101
93
89
87
88
91
100
108
113
113
111
112
112
112
112
112
112
112
112
112
112
111
113
116
104
94
81
87
104
84
83
61
95
102
115
114
120
112
101
84
82
79
73
84
97
115
114
111
112
112
112
112
112
112
112
112
112
112
112
112
112
112
112
112
112
112
107
119
239
250
245
245
245
245
245
245
245
245
245
245
245
245
245
245
245
245
245
245
245
245
245
251
247
184
159
231
246
247
245
248
233
221
207
210
210
210
210
210
210
210
210
210
210
211
213
214
214
212
211
210
210
210
210
210
210
212
213
215
214
212
211
210
210
210
214
217
183
128
129
139
206
215
210
210
212
213
214
216
216
177
125
126
132
131
139
173
221
216
212
210
210
210
210
210
210
210
210
210
210
210
210
210
211
216
194
135
128
140
206
211
101
210
225
215
212
213
205
184
52
47
55
56
57
80
208
219
210
210
210
210
210
210
210
210
210
210
210
210
210
210
210
210
210
210
210
210
207
221
233
248
245
245
245
245
245
245
245
245
245
245
245
245
245
245
245
245
245
245
245
245
245
247
244
238
238
243
249
246
245
247
250
253
254
255
255
255
255
255
255
255
255
255
255
255
255
255
255
255
255
255
255
255
255
255
255
255
255
255
255
255
255
255
255
255
255
255
216
148
146
223
254
255
255
255
255
253
255
255
255
223
160
153
156
151
177
247
255
255
255
255
255
255
255
255
255
255
255
255
255
255
255
255
255
255
230
154
142
209
254
248
249
246
255
255
255
255
255
107
89
74
83
72
68
168
247
255
255
255
255
255
255
255
255
255
255
255
255
255
255
255
255
255
255
255
255
255
254
253
250
247
245
245
245
245
245
245
245
245
245
245
245
245
245
245
245
245
245
245
245
245
245
246
247
249
249
248
246
245
245
245
245
245
245
245
245
245
245
245
245
245
245
245
245
245
245
245
245
245
245
245
245
245
245
245
245
245
245
245
245
245
245
247
248
249
251
251
219
164
159
225
252
248
247
253
249
221
95
218
240
208
148
146
149
144
174
242
253
245
245
245
245
245
245
245
245
245
245
245
245
245
245
245
246
249
226
163
153
213
253
252
250
248
247
245
245
248
240
214
101
214
169
74
134
178
248
250
245
245
245
245
245
245
245
245
245
245
245
245
245
245
245
245
245
245
245
245
245
245
245
245
245
245
245
245
245
245
245
245
245
245
245
245
245
245
245
245
245
245
245
245
245
245
245
245
245
245
245
245
247
248
250
248
247
245
245
245
245
245
245
245
245
245
245
245
245
245
245
245
245
245
245
245
245
245
245
245
245
245
245
245
247
253
240
245
241
253
244
235
235
240
247
245
248
240
221
67
73
88
194
157
150
149
149
144
173
239
252
245
245
245
245
245
245
247
248
250
248
247
245
245
245
245
245
247
242
234
232
240
245
246
245
245
245
245
245
247
253
240
251
247
202
154
156
238
246
247
245
245
245
245
245
245
245
245
245
245
245
245
245
245
245
245
245
245
245
245
245
245
245
245
245
245
245
245
245
245
245
245
245
245
245
245
245
245
245
245
245
245
245
245
245
245
245
245
245
245
245
247
253
240
246
240
253
247
245
245
245
245
245
245
245
245
245
245
245
245
245
245
245
245
245
245
245
245
245
245
245
245
245
247
253
249
221
93
215
241
251
250
250
249
246
245
250
246
93
71
71
208
148
146
140
144
146
139
166
236
252
245
245
245
245
245
247
253
240
246
240
253
247
245
245
245
245
246
248
250
251
249
247
245
245
245
245
245
245
245
247
248
252
248
242
234
239
244
249
246
245
245
245
245
245
245
245
245
245
245
245
245
245
245
245
245
245
245
245
245
245
245
245
245
245
245
245
245
245
245
245
245
245
245
245
245
245
245
245
245
245
245
245
245
245
245
245
245
245
245
247
253
249
221
93
215
240
248
245
245
245
245
245
245
245
245
245
245
245
245
245
245
245
245
245
245
245
245
245
245
245
245
245
248
240
221
67
70
93
246
250
245
245
245
245
245
248
240
215
93
223
246
227
159
162
159
149
143
162
243
251
245
245
245
245
247
253
249
221
93
215
240
248
245
245
245
245
245
245
245
245
245
245
245
245
245
245
245
245
245
245
245
246
247
249
251
250
248
246
245
245
245
245
245
245
245
245
245
245
245
245
245
245
245
245
245
245
245
245
245
245
245
245
245
245
245
245
245
245
245
245
245
245
245
245
245
245
245
245
245
245
245
245
245
245
245
245
245
245
245
248
240
221
67
70
93
246
250
245
245
245
245
245
245
245
245
245
245
245
245
245
245
245
245
245
245
245
245
245
245
245
245
245
250
246
93
70
67
221
240
248
245
245
245
245
245
247
253
240
246
242
254
245
237
235
235
176
165
234
244
248
245
245
245
245
248
240
221
67
70
93
246
250
245
245
245
245
245
245
245
245
245
245
245
245
245
245
245
245
245
245
245
245
245
245
245
245
245
245
245
245
245
245
245
245
245
245
245
245
245
245
245
245
245
245
245
245
245
245
245
245
245
245
245
245
245
245
245
245
245
245
245
245
245
245
245
245
245
245
245
245
245
245
245
245
245
245
245
245
245
250
246
93
70
67
221
240
248
245
245
245
245
245
245
245
245
245
245
245
245
245
245
245
245
245
245
245
245
245
245
245
245
245
248
240
215
93
221
249
253
247
245
245
245
245
245
245
247
248
250
248
248
248
251
253
249
241
239
244
249
246
245
245
245
245
250
246
93
70
67
221
240
248
245
245
245
245
245
245
245
245
245
245
245
245
245
245
245
245
245
245
245
245
245
245
245
245
245
245
245
245
245
245
245
245
245
245
245
245
245
245
245
245
245
245
245
245
245
245
245
245
245
245
245
245
245
245
245
245
245
245
245
245
245
245
245
245
245
245
245
245
245
245
245
245
245
245
245
245
245
248
240
215
93
221
249
253
247
245
245
245
245
245
245
245
245
245
245
245
245
245
245
245
245
245
245
245
245
245
245
245
245
245
247
253
240
246
240
253
247
245
245
245
245
245
245
245
245
245
245
245
245
245
245
246
247
249
249
248
246
245
245
245
245
245
248
240
215
93
221
249
253
247
245
245
245
245
245
245
245
245
245
245
245
245
245
245
245
245
245
245
245
245
245
245
245
245
245
245
245
245
245
245
245
245
245
245
245
245
245
245
245
245
245
245
245
245
245
245
245
245
245
245
245
245
245
245
245
245
245
245
245
245
245
245
245
245
245
245
245
245
245
245
245
245
245
245
245
245
245
247
253
240
246
240
253
247
245
245
245
245
245
245
245
245
245
245
245
245
245
245
245
245
245
245
245
245
245
245
245
245
245
245
245
247
248
250
248
247
245
245
245
245
245
245
245
245
245
245
245
245
245
245
245
245
245
245
245
245
245
245
245
245
245
245
247
253
240
246
240
253
247
245
245
245
245
245
245
245
245
245
245
245
245
245
245
245
245
245
245
245
245
245
245
245
245
245
245
245
245
245
245
245
245
245
245
245
245
245
245
245
245
245
245
245
245
245
245
245
245
245
245
245
245
245
245
245
245
245
245
245
245
245
245
245
245
245
245
245
245
245
245
245
245
245
245
245
245
245
245
245
245
245
245
245
245
245
245
245
245
245
245
245
245
245
245
245
245
245
245
245
245
245
245
245
245
245
245
245
245
245
245
245
245
245
245
245
245
245
245
245
245
245
245
245
245
245
245
245
245
245
245
245
245
245
245
245
245
245
245
245
245
245
245
245
245
245
245
245
245
245
245
245
245
245
245
245
245
245
245
245
245
245
245
245
245
245
245
245
245
245
245
245
245
245
245
245
245
245
245
245
245
245
245
245
245
245
245
245
245
245
245
245
245
245
245
245
245
245
245
245
245
245
245
245
245
245
245
245
245
245
245
245
245
245
245
