241
241
241
241
241
241
241
241
241
241
241
241
241
241
241
241
241
241
241
241
241
241
241
241
241
241
241
241
241
241
241
241
241
241
241
241
241
241
241
241
241
241
241
241
241
241
241
241
241
241
241
241
241
241
241
241
241
241
241
241
241
241
241
241
241
40
40
40
182
184
182
181
182
150
241
241
241
241
241
241
241
241
241
241
241
241
241
241
241
241
241
241
241
241
241
241
241
241
241
241
241
241
241
241
241
241
241
241
241
241
241
241
241
241
241
241
241
241
241
241
241
241
241
241
241
241
241
241
241
241
241
241
241
241
241
241
241
241
241
241
241
241
241
241
241
241
241
241
241
241
241
241
241
241
241
241
241
241
241
241
241
241
241
241
241
241
243
245
247
245
243
241
241
241
241
241
241
241
241
241
241
241
241
241
241
241
241
241
241
241
241
241
241
241
241
241
241
241
241
241
241
241
241
241
241
241
241
241
241
241
241
241
241
246
237
198
70
168
185
186
183
181
179
177
158
189
237
244
247
243
242
241
241
241
241
241
241
241
241
241
241
241
241
241
241
241
241
241
241
241
241
241
241
241
241
241
241
241
241
241
241
241
241
241
241
241
241
241
241
241
241
243
245
247
245
243
241
241
241
241
241
241
241
241
241
241
241
241
241
241
241
241
241
241
241
241
241
241
241
241
241
241
241
241
241
241
241
241
241
241
241
241
241
241
241
243
251
236
242
236
251
243
241
241
241
241
241
241
241
241
241
241
241
241
241
241
241
241
241
241
241
241
241
241
241
241
241
241
241
241
241
241
241
241
241
241
241
241
241
241
241
241
241
248
242
168
181
181
196
178
187
184
194
178
174
181
197
232
240
240
247
243
242
241
241
241
241
241
241
241
241
241
241
241
241
241
241
241
241
241
241
241
241
241
241
241
241
241
241
241
241
241
241
241
241
241
241
241
241
241
243
251
236
242
236
251
243
241
241
241
241
241
241
241
241
241
241
241
241
241
241
241
241
241
241
241
241
241
241
241
241
241
241
241
241
241
241
241
241
241
241
241
241
241
243
251
246
214
65
207
236
245
241
241
241
241
241
241
241
241
241
241
241
241
241
241
241
241
241
241
241
241
241
241
241
241
241
241
241
241
241
241
241
241
241
241
241
241
242
243
245
245
245
248
234
188
179
192
186
161
57
203
227
192
188
173
184
178
177
227
240
240
244
242
241
241
241
241
241
241
241
241
241
241
241
241
241
241
241
241
241
241
241
241
241
241
241
241
241
241
241
241
241
241
241
241
241
241
241
243
251
246
214
65
207
236
245
241
241
241
241
241
241
241
241
241
241
241
241
241
241
241
241
241
241
241
241
241
241
241
241
241
241
241
241
241
241
241
241
241
241
241
241
241
245
236
214
35
39
65
242
247
241
241
241
241
241
241
241
241
241
241
241
241
241
241
241
241
241
241
241
241
241
241
241
241
241
241
241
241
242
242
243
242
242
241
241
241
243
239
236
230
235
245
236
189
182
179
163
33
44
73
247
251
191
164
55
149
175
182
176
233
241
243
241
241
241
241
241
241
241
241
241
241
241
241
241
241
241
241
241
241
241
241
241
241
241
241
241
241
241
242
243
245
246
246
245
243
242
245
236
214
35
39
65
242
247
241
241
241
241
241
241
241
241
241
241
241
241
241
241
241
241
241
241
241
241
241
241
241
241
241
241
241
241
241
241
241
241
241
241
241
241
241
247
242
65
39
35
214
236
245
241
241
241
241
241
241
241
241
241
241
241
241
241
241
241
241
241
241
241
241
241
241
241
241
241
241
242
243
246
241
241
238
243
241
241
241
245
237
191
178
202
245
236
189
180
183
58
35
38
211
245
240
210
32
35
56
181
180
176
188
241
248
243
242
241
241
241
241
241
241
241
241
241
241
241
241
241
241
241
241
241
241
242
242
243
242
242
241
242
244
241
239
234
234
237
239
243
247
242
65
39
35
214
236
245
241
241
241
241
241
241
241
241
241
241
241
241
241
241
241
241
241
241
241
241
241
241
241
241
241
241
241
241
241
241
241
241
241
241
241
241
241
245
236
207
65
214
246
251
243
241
242
243
244
244
244
243
243
242
242
241
241
241
241
241
241
241
241
241
241
241
241
241
241
241
241
243
238
238
227
196
235
245
241
241
242
247
234
181
176
212
245
237
187
180
178
158
53
169
239
255
246
68
44
38
170
177
182
177
184
228
241
242
247
245
243
242
241
241
241
241
241
241
241
241
241
241
241
241
241
242
243
246
239
240
238
244
243
246
243
236
191
188
187
194
236
245
245
236
207
65
214
246
251
243
241
241
241
241
241
241
241
241
241
241
241
241
241
241
241
241
241
241
241
241
241
241
241
241
241
241
241
241
241
241
241
241
241
241
241
241
241
243
251
236
242
236
251
243
241
242
244
240
236
237
244
243
242
240
244
242
241
241
241
241
241
241
241
241
241
241
241
241
241
241
242
247
240
195
179
193
232
246
241
241
243
242
232
182
188
236
250
236
193
179
187
177
178
188
242
251
236
207
66
213
238
194
182
176
182
184
191
233
235
238
241
244
242
241
241
241
241
241
241
241
241
241
241
241
242
244
242
241
228
196
238
251
242
240
233
187
178
176
173
186
233
246
243
251
236
242
236
251
243
241
241
241
241
241
241
241
241
241
241
241
241
241
241
241
241
241
241
241
241
241
241
241
241
241
241
241
241
241
241
241
241
241
242
243
245
246
247
246
248
250
251
247
244
242
243
242
247
238
193
189
234
232
192
234
243
246
243
242
241
241
241
241
241
241
241
241
241
241
241
241
244
239
229
179
172
188
234
246
241
242
246
241
191
180
197
239
252
237
188
178
182
183
185
203
240
247
251
236
242
239
252
237
195
192
182
176
179
184
188
190
235
241
243
241
241
241
241
241
241
241
241
241
241
242
244
242
236
198
184
188
228
240
233
192
182
179
177
180
178
188
235
246
241
243
245
247
245
243
241
241
241
241
241
241
241
241
241
241
241
241
241
241
241
241
241
241
241
241
241
241
241
241
241
241
241
241
241
241
241
241
242
243
246
242
238
233
234
235
235
233
238
241
244
244
241
237
223
228
181
178
186
183
183
185
233
241
241
244
242
241
241
241
241
241
241
241
241
241
241
241
246
230
157
173
177
190
235
246
241
243
242
231
181
178
216
244
242
231
184
178
180
179
185
217
241
243
243
245
247
246
246
241
240
235
215
184
177
175
173
177
192
238
244
241
241
241
241
241
241
241
241
241
241
243
241
237
190
185
176
181
184
193
183
178
177
184
184
195
176
188
237
250
247
245
243
241
241
241
241
241
241
241
241
241
241
241
241
241
241
241
241
241
241
241
241
241
241
241
241
241
241
241
241
241
241
241
243
244
246
246
247
240
239
230
192
185
188
190
189
187
192
237
243
246
238
198
191
186
187
183
181
180
176
181
183
199
237
243
244
242
241
241
241
241
241
241
241
241
241
241
247
232
158
174
178
191
235
246
242
245
242
199
176
186
233
250
237
173
181
182
180
182
199
238
243
242
241
241
241
241
242
243
245
245
242
234
191
181
177
176
192
238
244
241
241
241
241
241
241
241
241
241
242
244
239
192
179
178
169
147
174
180
174
179
186
224
235
196
178
190
245
241
242
236
251
243
241
241
241
241
241
241
241
241
241
241
241
241
241
241
241
241
241
241
241
241
241
241
241
241
241
241
241
241
241
242
245
237
236
229
244
235
192
183
181
175
176
178
177
175
179
185
239
242
218
182
178
185
178
182
176
186
181
179
177
178
191
236
241
243
241
241
241
241
243
245
247
245
243
241
245
235
228
177
175
189
236
246
243
243
233
189
173
187
235
252
231
181
173
183
180
187
226
243
243
241
241
241
241
241
241
241
241
242
245
242
238
215
186
190
235
242
243
241
241
241
241
241
241
241
241
242
244
244
226
186
175
151
140
149
172
181
181
189
236
248
243
217
179
198
239
219
65
207
236
245
241
241
241
241
241
241
241
241
241
241
241
241
241
241
241
241
241
241
241
241
241
241
241
241
241
241
241
241
241
243
242
231
158
196
202
228
184
174
179
182
182
182
181
181
178
181
191
231
194
180
188
183
162
54
159
181
193
183
175
177
179
190
238
244
242
241
241
243
251
236
242
236
251
243
244
244
197
185
172
188
235
246
244
239
203
183
177
191
236
251
235
188
176
183
180
196
237
245
242
241
241
241
241
241
241
241
241
241
242
243
244
240
235
237
241
244
242
241
241
241
241
241
241
241
241
243
241
237
186
178
169
144
161
145
175
189
197
237
245
244
235
186
181
183
207
39
39
65
242
247
241
241
241
241
241
241
241
241
241
241
241
241
241
241
241
241
241
241
241
241
241
241
241
241
241
241
241
241
241
245
239
182
175
174
200
194
184
178
182
180
178
177
176
175
178
177
184
186
184
182
175
165
33
37
63
236
238
194
186
182
176
178
214
241
245
242
243
251
246
214
65
207
236
245
243
240
218
181
173
189
235
246
246
234
189
173
182
214
241
249
235
190
178
181
183
204
242
246
242
241
241
241
241
241
241
241
241
241
241
241
242
244
245
244
243
242
241
241
241
241
241
241
241
241
241
245
238
196
174
140
143
183
185
163
193
235
240
241
248
238
183
178
182
192
61
43
35
214
236
245
241
241
241
241
241
241
241
241
241
241
241
241
241
243
245
247
245
243
241
241
241
241
241
241
241
241
241
241
242
247
235
189
176
182
188
183
182
181
186
198
194
193
186
187
189
183
178
179
181
182
186
58
42
39
218
242
246
241
234
191
182
177
170
233
242
243
245
236
214
35
39
65
242
247
243
243
222
186
174
189
235
246
247
234
186
171
186
233
245
247
234
191
176
179
182
213
238
244
247
245
243
242
241
241
241
241
241
241
241
241
241
241
241
241
241
241
241
241
241
241
241
241
241
241
242
247
235
190
173
140
150
230
239
233
237
243
245
243
246
232
189
173
182
200
201
69
214
246
251
243
241
241
241
241
241
241
241
241
241
241
241
241
243
251
236
242
236
251
243
241
241
241
241
241
241
241
241
241
242
242
231
185
176
183
181
180
180
175
187
230
240
235
235
237
234
192
182
181
180
182
185
201
70
215
246
252
245
246
246
233
184
173
178
191
239
245
247
242
65
39
35
214
236
245
242
245
225
185
172
191
235
247
248
236
187
176
193
240
245
246
235
188
177
181
183
185
192
234
235
238
241
244
242
241
241
241
241
241
241
241
241
241
241
241
241
241
241
241
241
241
241
242
243
244
246
244
232
186
190
174
193
234
255
249
245
243
242
241
246
237
192
177
184
207
236
245
236
251
243
241
241
241
241
241
241
241
241
241
241
241
241
243
251
246
214
65
207
236
245
241
241
241
241
241
241
241
241
241
243
243
201
185
179
182
180
180
183
186
195
240
249
246
246
248
242
221
186
180
182
183
205
234
245
236
251
243
241
242
247
235
185
176
176
186
234
244
246
236
207
65
214
246
251
243
241
246
233
188
171
192
236
249
243
233
182
182
233
242
243
245
235
189
177
182
181
178
182
186
188
192
236
243
245
243
242
241
241
241
241
241
241
241
241
241
241
241
241
241
241
241
242
244
241
237
241
239
192
188
189
203
66
206
238
245
241
241
241
241
246
237
207
176
184
233
246
248
245
243
241
241
241
241
241
241
241
241
241
241
241
241
241
245
236
214
35
39
65
242
247
241
241
241
241
241
241
241
241
241
242
241
229
184
177
183
180
183
206
234
239
239
243
241
241
243
244
219
191
181
178
186
236
248
251
249
249
245
243
241
245
238
193
180
178
185
220
244
247
252
236
242
236
251
243
241
241
247
229
173
167
189
235
249
240
192
175
189
236
248
242
244
239
200
179
179
182
181
180
176
175
182
192
222
239
242
245
242
241
241
241
241
241
241
241
241
241
241
241
241
241
241
243
240
233
187
197
227
189
171
169
35
44
67
242
247
241
241
241
241
246
237
192
180
198
241
246
242
241
241
241
241
241
241
241
241
241
241
241
243
245
247
245
249
242
65
39
35
214
236
245
241
241
241
241
241
241
241
241
241
242
246
240
189
181
181
178
191
236
247
245
243
242
241
241
242
242
238
199
182
177
188
236
247
253
236
242
236
251
243
243
242
232
186
175
181
186
234
240
245
245
247
245
243
241
241
241
247
235
162
174
186
218
247
238
187
167
179
232
246
241
242
243
236
192
189
182
179
180
179
181
180
182
184
198
235
242
244
243
242
241
241
241
241
241
241
241
241
241
241
241
243
247
246
191
181
181
187
191
186
59
39
36
214
236
245
241
241
241
241
246
235
185
180
231
242
243
241
241
241
241
241
241
241
241
241
241
241
243
251
236
242
236
254
238
207
65
214
246
251
243
241
241
241
241
241
241
241
241
241
241
243
242
231
183
179
180
197
239
249
242
241
241
241
241
241
243
241
238
195
181
180
201
248
249
214
65
207
236
245
242
246
241
193
181
178
182
182
237
245
241
241
241
241
241
241
241
246
234
228
176
179
196
238
236
181
176
183
238
245
241
241
244
240
241
232
189
182
178
180
180
182
180
179
181
188
215
239
243
246
243
242
241
241
241
241
241
241
241
241
243
251
238
239
211
190
178
179
184
209
206
72
216
246
251
243
241
241
241
241
246
234
186
185
228
246
242
241
241
241
241
241
241
241
241
241
241
243
251
246
214
65
207
238
254
236
242
236
251
243
241
241
241
241
241
241
241
241
241
241
241
242
248
236
191
184
174
182
230
253
244
241
241
241
241
241
242
244
245
235
187
173
184
228
219
35
39
65
242
247
241
243
242
233
185
179
175
183
232
246
241
241
241
241
241
241
241
246
241
192
182
177
192
232
196
177
185
232
241
243
241
241
242
243
246
243
237
194
191
181
182
180
182
182
180
181
182
192
232
239
240
243
241
241
241
241
241
241
241
243
251
246
215
69
204
186
187
182
185
199
229
242
237
252
243
241
241
241
241
242
248
236
185
185
234
245
241
241
241
241
241
241
241
241
241
241
241
245
236
214
35
39
65
242
249
245
247
245
243
241
241
241
241
241
241
241
241
241
241
241
241
241
247
235
197
179
160
58
190
237
246
241
241
241
241
241
241
242
247
236
192
171
194
234
70
39
35
214
236
245
241
242
246
240
200
182
176
190
236
248
242
241
241
241
241
241
241
246
234
190
177
177
198
229
191
174
200
240
246
242
241
241
241
241
242
244
242
239
218
221
187
180
175
178
178
179
180
186
185
199
241
247
243
242
241
241
241
243
245
251
240
216
35
40
66
234
206
180
178
183
189
227
244
245
241
241
241
241
241
243
242
233
181
185
236
247
241
241
241
241
241
241
241
241
241
241
241
247
242
65
39
35
214
236
245
241
241
241
241
241
241
241
241
241
241
241
241
241
241
241
241
241
247
237
182
157
35
38
67
239
249
241
241
241
241
241
241
241
246
233
187
171
193
229
212
65
214
246
251
243
241
241
243
241
218
190
179
184
232
242
243
241
241
241
241
241
241
246
235
193
178
181
191
226
189
183
217
242
243
241
241
241
241
241
241
242
243
242
244
241
236
191
186
188
185
183
183
191
176
184
204
246
243
245
242
241
243
251
236
248
236
74
40
36
221
233
196
183
182
181
174
189
236
245
241
241
241
241
242
246
240
193
176
188
234
246
241
241
241
241
241
241
241
241
241
241
241
245
236
207
65
214
246
251
243
241
241
241
241
241
241
241
241
241
241
241
241
241
241
241
241
241
246
238
188
52
38
31
184
231
248
241
241
241
241
241
241
241
245
238
192
176
186
244
240
243
236
251
243
241
241
241
242
245
234
197
178
180
191
241
247
243
242
241
241
241
241
246
232
184
175
180
186
186
178
183
230
245
242
241
241
241
241
241
241
241
241
242
243
245
241
238
233
236
235
196
180
177
151
61
159
186
237
240
243
243
251
246
214
69
200
200
69
216
246
240
187
186
233
190
177
185
234
246
241
241
241
241
243
242
232
183
173
185
235
246
241
241
241
241
241
241
241
241
241
241
241
243
251
236
242
236
251
243
241
241
241
241
241
241
241
241
241
241
241
241
241
241
241
241
241
241
246
239
188
153
57
161
189
243
248
241
241
241
241
241
241
241
243
242
233
182
177
217
245
250
245
243
241
241
241
241
241
246
236
182
178
177
184
228
241
240
243
241
241
241
241
245
236
180
180
180
181
182
178
161
236
246
241
241
241
241
241
241
241
241
241
241
241
242
243
245
246
250
254
238
173
57
33
43
55
177
184
239
247
246
236
214
35
40
74
236
248
240
249
187
184
234
245
234
179
184
233
246
241
241
241
241
245
239
191
181
173
191
235
245
241
241
241
241
241
241
241
241
241
241
241
241
243
245
247
245
243
241
241
241
241
241
241
241
241
241
241
241
241
241
241
241
241
241
241
241
246
237
203
175
182
173
201
235
246
241
241
241
241
241
241
241
242
248
237
189
174
188
236
245
241
241
241
241
241
241
241
244
238
201
180
179
183
184
208
238
244
241
241
241
241
243
241
232
186
179
186
182
180
229
239
244
241
241
241
241
241
241
241
241
241
241
241
241
241
241
241
246
239
212
43
16
20
40
162
172
185
230
243
249
242
65
39
35
216
240
252
248
234
180
185
237
252
240
193
193
237
245
241
241
241
241
246
234
188
175
180
198
240
244
241
241
241
241
241
241
241
241
241
241
241
241
241
241
241
241
241
241
241
241
241
241
241
241
241
241
241
241
241
241
241
241
241
241
241
241
246
237
196
181
186
182
193
237
246
241
241
241
241
241
241
241
241
246
234
189
170
186
234
247
241
241
241
241
241
241
241
243
242
237
192
180
177
174
190
234
246
241
241
241
241
242
248
237
192
178
181
177
189
237
248
242
241
241
241
241
241
241
241
241
241
241
241
241
241
241
241
247
242
66
48
33
69
172
186
187
184
192
239
249
237
207
65
214
246
251
246
240
207
179
186
235
248
239
236
236
239
243
241
241
241
242
245
235
189
174
184
231
243
243
241
241
241
241
241
241
241
241
241
241
241
241
241
241
241
241
241
241
241
241
241
241
241
241
241
241
241
241
241
241
241
241
241
241
241
241
246
236
196
176
181
179
193
234
246
241
241
241
241
241
241
241
241
246
234
188
173
189
236
248
243
242
241
241
241
241
241
242
244
243
238
189
183
176
186
236
248
242
241
241
241
241
246
235
190
177
181
181
192
239
245
241
241
241
241
241
241
241
241
241
241
241
241
241
241
241
241
245
236
207
69
200
235
217
192
181
179
183
220
243
253
236
242
236
251
243
245
235
188
173
186
234
248
247
250
248
245
242
241
241
241
243
241
217
181
177
193
240
246
242
241
241
241
241
241
241
241
241
241
241
241
241
241
241
241
241
241
241
241
241
241
241
241
241
241
241
241
241
241
241
241
241
241
241
241
241
245
236
190
179
182
180
191
235
246
241
241
241
241
241
241
241
241
245
236
190
177
185
221
240
241
243
241
241
241
241
241
241
242
244
244
234
185
175
186
231
242
243
241
241
241
242
248
236
190
179
178
185
232
242
243
241
241
241
241
241
241
241
241
241
241
241
241
241
241
241
241
243
251
236
244
241
255
240
192
176
180
180
190
238
248
246
247
245
243
241
247
235
187
175
192
241
254
236
242
236
251
243
241
241
241
244
241
196
178
183
233
243
243
241
241
241
241
241
241
241
241
241
241
241
241
241
241
241
241
241
241
241
241
241
241
241
241
241
241
241
241
241
241
241
241
241
241
241
241
241
244
239
209
180
180
178
193
236
246
241
241
241
241
241
241
241
241
244
240
216
181
182
184
203
240
246
242
241
241
241
241
241
241
242
247
235
188
175
180
190
239
245
241
241
241
243
243
233
184
176
179
191
238
246
242
241
241
241
241
241
241
241
241
241
241
241
241
241
241
241
241
241
243
245
247
245
248
239
187
182
185
179
184
232
243
243
241
241
241
242
245
235
184
178
233
251
247
214
65
207
236
245
241
241
241
245
238
222
174
188
237
247
242
241
241
241
241
241
241
241
241
241
241
241
241
241
241
241
241
241
241
241
241
241
241
241
241
241
241
241
241
241
241
241
241
241
241
241
241
241
243
243
222
187
176
178
197
237
246
241
241
241
241
241
241
241
241
242
245
235
190
181
180
187
234
242
243
241
241
241
241
241
241
241
245
238
191
178
174
187
233
246
241
241
241
245
238
192
180
176
183
216
241
244
241
241
241
241
241
241
241
241
241
241
241
241
241
241
241
241
241
241
241
241
241
241
247
243
209
177
177
187
180
189
237
244
241
241
241
244
242
217
182
187
242
241
215
35
39
65
242
247
241
241
242
243
238
189
177
192
235
246
241
241
241
241
241
241
241
241
241
241
241
241
241
241
241
241
241
241
241
241
241
241
241
241
241
241
241
241
241
241
241
241
241
241
241
241
241
241
242
246
235
186
178
178
193
235
246
248
253
255
255
255
255
255
255
255
255
253
212
178
182
182
210
254
255
255
255
255
255
255
255
255
255
255
240
198
186
204
251
255
255
255
255
255
249
201
188
191
202
251
255
255
255
255
255
255
255
255
255
255
255
255
255
255
255
255
255
255
255
255
255
255
255
255
255
248
177
60
166
187
195
205
254
255
255
255
255
255
252
198
195
229
255
255
82
56
52
231
254
255
255
255
255
255
232
199
191
214
254
255
255
255
255
255
255
255
255
255
255
255
255
255
255
255
255
255
255
255
255
255
255
255
255
255
255
253
247
243
241
241
241
241
241
241
241
241
241
241
241
246
236
199
177
179
189
219
247
230
215
197
201
201
201
201
201
201
206
204
173
151
62
145
169
200
205
202
201
201
201
201
201
201
202
204
197
153
142
153
197
204
201
201
202
206
198
153
149
149
156
198
205
201
201
201
201
201
201
201
201
201
201
201
201
201
201
201
201
201
201
201
201
201
201
201
210
197
44
25
39
149
158
196
201
203
201
201
203
205
183
151
149
196
207
196
167
24
174
204
210
203
201
201
202
203
190
153
150
179
201
203
201
201
201
201
201
201
201
201
201
201
201
201
201
201
201
201
201
201
201
201
201
201
201
201
197
215
228
245
241
241
241
241
241
241
241
241
241
241
241
246
236
191
178
181
185
213
244
237
95
80
86
86
86
86
86
86
92
74
64
27
46
52
79
79
85
88
86
86
86
86
86
86
86
88
85
83
76
82
84
88
86
86
88
87
80
74
69
74
79
86
88
86
86
86
86
86
86
86
86
86
86
86
86
86
86
86
86
86
86
88
90
92
90
88
95
62
52
27
60
62
81
84
91
87
86
87
87
85
76
73
79
86
91
97
81
87
81
96
88
86
86
86
88
85
79
71
75
82
88
87
86
86
86
86
86
86
86
86
86
86
86
86
86
86
86
86
86
86
86
86
86
86
86
86
80
95
234
247
241
241
241
241
241
241
241
241
241
241
242
248
238
191
178
180
181
194
242
232
215
197
201
201
201
201
201
201
209
195
41
25
41
153
154
150
197
205
201
201
201
201
201
201
201
202
203
204
205
204
203
202
201
201
204
197
162
149
148
159
200
206
202
201
201
201
201
201
201
201
201
201
201
201
201
201
201
201
201
201
203
210
195
201
195
210
212
192
67
150
165
151
152
196
205
201
201
204
199
178
146
154
199
206
202
203
205
207
205
203
201
201
201
201
205
197
156
147
156
199
205
201
201
201
201
201
201
201
201
201
201
201
201
201
201
201
201
201
201
201
201
201
201
201
201
201
197
215
228
247
245
247
245
243
241
241
241
241
241
241
243
237
227
177
179
181
176
190
237
252
253
255
255
255
255
255
255
255
255
244
175
58
165
189
189
199
247
255
255
255
255
255
255
255
255
255
255
255
255
255
255
255
255
255
255
252
202
190
189
203
250
255
255
255
255
255
255
255
255
255
255
255
255
255
255
255
255
255
255
255
255
255
231
82
224
254
255
240
196
180
196
192
200
254
255
255
255
255
253
207
191
203
254
255
255
255
255
255
255
255
255
255
255
255
255
251
205
187
204
251
255
255
255
255
255
255
255
255
255
255
255
255
255
255
255
255
255
255
255
255
255
255
255
255
255
255
255
253
249
253
236
242
236
251
243
241
241
241
241
241
244
238
166
183
181
182
178
188
236
246
242
241
241
241
241
241
241
241
246
246
193
181
177
186
180
187
239
245
241
241
241
241
241
241
241
241
241
241
241
241
241
241
241
242
247
235
192
176
180
188
238
245
241
241
241
241
241
241
241
241
241
241
241
241
241
241
241
241
241
245
236
214
35
39
66
245
252
236
191
181
181
185
232
243
243
241
241
246
245
184
179
194
254
242
242
236
251
243
241
241
241
241
241
242
248
237
190
174
199
237
245
241
241
241
241
241
241
241
241
241
241
241
241
241
241
241
241
241
241
241
241
241
241
241
241
241
241
243
251
246
214
67
210
242
249
243
241
241
241
241
243
235
233
207
182
180
180
186
224
242
243
241
241
241
241
241
241
241
243
243
240
190
179
176
186
233
241
243
241
241
241
241
241
241
241
241
241
241
241
241
241
241
241
243
243
234
187
174
181
230
242
243
241
241
241
241
241
241
241
241
241
241
241
241
241
241
241
241
241
247
242
65
39
36
215
236
240
191
182
179
175
187
236
251
248
245
245
253
243
210
56
197
237
220
65
207
236
245
241
241
241
241
241
243
243
233
183
179
208
241
244
241
241
241
241
241
241
241
241
241
241
241
241
241
243
245
247
245
243
241
241
241
241
241
241
241
241
245
236
214
37
48
60
242
242
251
241
241
241
241
242
245
246
221
187
178
179
182
198
239
244
241
241
241
241
241
241
241
242
244
243
234
174
186
220
242
245
242
241
241
241
241
241
241
241
241
241
241
241
241
241
241
242
247
242
199
179
177
191
240
246
242
241
241
241
241
241
241
241
241
241
241
241
241
241
241
241
241
241
245
236
207
66
218
244
230
191
181
177
183
180
194
246
240
242
236
254
239
216
39
44
61
214
41
39
65
242
247
241
241
241
241
242
246
240
193
177
186
234
244
242
241
241
241
241
241
241
241
241
241
241
241
241
243
251
236
242
236
251
243
241
241
241
241
241
241
241
247
242
67
48
38
188
60
210
236
241
241
241
241
241
243
242
222
185
178
180
177
195
235
246
241
241
241
241
241
241
241
241
242
244
239
236
233
239
242
242
241
241
241
241
241
241
241
241
241
241
241
241
242
243
245
244
243
230
182
177
185
236
241
243
241
241
241
241
241
241
241
241
241
241
241
241
241
241
241
241
241
241
243
252
237
246
239
245
189
179
179
184
191
234
248
243
216
65
207
242
246
65
39
41
215
60
43
35
214
236
245
241
241
241
241
243
241
232
183
172
189
235
246
241
241
241
241
241
241
241
241
241
241
241
241
243
251
246
214
65
207
236
245
241
241
241
241
241
241
241
245
236
210
60
188
38
48
67
242
241
241
241
241
241
243
242
217
184
179
182
177
190
236
247
241
241
241
241
241
241
241
241
241
242
243
245
245
244
242
241
241
241
241
241
241
241
241
241
241
241
241
241
243
240
238
234
213
186
184
183
238
243
244
242
241
241
241
241
241
241
241
241
241
241
241
241
241
241
241
241
241
241
242
246
246
245
238
195
182
178
173
184
231
249
241
216
35
39
65
246
242
207
65
218
240
216
67
214
246
251
243
241
241
241
241
245
238
189
179
180
193
239
245
241
241
241
241
241
241
241
241
241
241
241
241
245
236
214
35
39
65
242
247
241
241
241
241
241
241
241
243
251
242
242
60
48
37
214
236
241
241
241
241
241
242
243
215
185
174
175
172
183
230
244
242
241
241
241
241
241
241
241
241
243
245
247
245
243
241
241
241
241
241
241
241
241
241
241
241
241
241
241
244
237
201
185
183
178
183
234
243
244
242
241
241
241
241
241
241
241
241
241
241
241
241
241
241
241
241
242
243
244
247
244
238
202
184
182
180
185
182
189
238
252
242
65
39
35
214
238
254
236
242
238
255
238
242
236
251
243
241
241
241
241
241
245
232
186
168
182
231
242
243
241
241
241
241
241
241
241
241
241
241
241
241
247
242
65
39
35
214
236
245
241
241
241
241
241
241
241
241
243
249
242
210
67
214
246
251
241
241
241
241
241
242
243
237
195
185
189
186
193
218
243
242
241
241
241
241
241
241
241
243
251
236
242
236
251
243
241
241
241
241
241
241
241
241
241
241
241
241
241
246
233
187
175
176
180
207
242
245
242
241
241
241
241
241
241
241
241
241
241
241
241
241
241
242
242
243
245
242
238
235
233
190
181
177
179
177
187
226
239
238
247
236
207
65
214
246
251
245
245
247
245
245
245
247
245
243
241
241
241
241
241
241
244
237
196
184
193
238
246
242
241
241
241
241
241
241
241
241
241
241
241
241
245
236
207
65
214
246
251
243
241
241
241
241
241
241
241
241
241
243
251
236
242
236
251
243
241
241
241
241
241
241
243
241
238
234
234
234
234
238
241
242
241
241
241
241
241
241
243
251
246
214
65
207
236
245
241
241
241
241
241
241
241
241
241
241
241
243
245
252
237
187
171
180
188
237
243
242
241
241
241
241
241
241
241
241
241
241
241
242
243
243
244
244
243
242
241
235
199
189
185
183
179
181
181
181
193
240
248
243
244
251
236
242
236
251
243
241
241
241
241
241
241
241
241
241
241
241
241
241
241
241
243
240
237
231
236
238
243
241
241
241
241
241
241
241
241
241
241
241
241
241
243
251
236
242
236
251
243
241
241
241
241
241
241
241
241
241
241
241
243
245
247
245
243
241
241
241
241
241
241
241
242
243
244
246
246
246
245
244
242
241
241
241
241
241
241
241
245
236
214
35
39
65
242
247
241
241
241
241
241
241
241
241
241
241
243
251
236
245
231
204
187
191
235
242
244
241
241
241
241
241
241
241
241
241
241
241
242
240
241
239
244
239
225
219
204
193
183
177
180
180
180
177
182
190
236
241
243
241
241
243
245
247
245
243
241
241
241
241
241
241
241
241
241
241
241
241
241
241
241
241
242
243
244
245
245
243
242
241
241
241
241
241
241
241
241
241
241
241
241
241
241
243
245
247
245
243
241
241
241
241
241
243
245
247
245
243
241
241
241
241
241
241
241
241
241
241
241
241
241
241
241
241
241
241
241
241
241
241
241
241
241
241
241
241
241
241
247
242
65
39
35
214
236
245
241
241
241
241
241
241
241
241
241
243
251
246
214
67
205
231
235
238
241
244
242
241
241
241
241
241
241
241
241
241
241
241
244
237
210
217
221
214
190
183
182
179
181
181
179
180
184
188
188
237
244
244
242
241
241
241
241
241
241
241
241
241
241
241
241
241
241
241
241
241
241
241
241
241
241
241
241
241
241
241
241
241
241
241
241
241
241
241
241
241
241
241
241
241
241
241
241
241
241
241
241
241
241
241
241
241
243
251
236
242
236
251
243
241
241
241
241
241
241
241
241
241
241
241
241
241
241
241
241
241
241
241
241
241
241
241
241
241
241
241
241
241
245
236
207
65
214
246
251
243
241
241
241
241
241
241
241
241
241
245
236
214
35
39
67
245
251
245
243
242
241
241
241
241
241
241
241
241
241
241
241
241
245
233
191
180
189
183
181
178
179
180
180
184
186
194
211
233
239
240
244
242
241
241
241
241
241
241
241
241
241
241
241
241
241
241
241
241
241
241
241
241
241
241
241
241
241
241
241
241
241
241
241
241
241
241
241
241
241
241
241
241
241
241
241
241
241
241
241
241
241
241
241
241
241
243
251
246
214
65
207
236
245
241
241
241
241
241
241
241
241
241
241
241
241
241
241
241
241
241
241
241
241
241
241
241
241
241
241
241
241
241
243
251
236
242
236
251
243
241
241
241
241
241
241
241
241
241
241
247
242
65
39
35
214
236
245
241
241
241
241
241
241
241
241
241
241
241
241
241
241
241
246
234
188
176
181
180
180
182
180
179
176
185
229
239
241
244
245
243
242
241
241
241
241
241
241
241
241
241
241
241
241
241
241
241
241
241
241
241
241
241
241
241
241
241
241
241
241
241
241
241
241
241
241
241
241
241
241
241
241
241
241
241
241
241
241
241
241
241
241
241
241
241
241
245
236
214
35
39
65
242
247
241
241
241
241
241
241
241
241
241
241
241
241
241
241
241
241
241
241
241
241
241
241
241
241
241
241
241
241
241
241
243
245
247
245
243
241
241
241
241
241
241
241
241
241
241
241
245
234
203
59
210
244
251
243
241
241
241
241
241
241
241
241
241
241
241
241
241
241
241
245
234
188
179
184
182
182
181
183
184
189
202
239
247
244
242
241
241
241
241
241
241
241
241
241
241
241
241
241
241
241
241
241
241
241
241
241
241
241
241
241
241
241
241
241
241
241
241
241
241
241
241
241
241
241
241
241
241
241
241
241
241
241
241
241
241
241
241
241
241
241
241
241
245
234
67
37
37
207
234
245
241
241
241
241
241
241
241
241
241
241
241
241
241
241
241
241
241
241
241
241
241
241
241
241
241
241
241
241
241
241
241
241
241
241
241
241
241
241
241
241
241
241
241
241
241
241
241
241
241
241
241
241
241
241
241
241
241
241
241
241
241
241
241
241
241
241
241
241
241
241
241
181
181
181
184
182
180
179
241
241
241
241
241
241
241
241
241
241
241
241
241
241
241
241
241
241
241
241
241
241
241
241
241
241
241
241
241
241
241
241
241
241
241
241
241
241
241
241
241
241
241
241
241
241
241
241
241
241
241
241
241
241
241
241
241
241
241
241
241
241
241
241
241
241
241
40
241
241
241
241
241
241
241
241
241
241
241
241
