246
246
246
246
246
246
246
246
246
246
246
246
246
246
246
246
246
246
246
246
246
246
246
246
246
246
246
246
246
246
246
246
246
246
246
246
246
246
246
246
246
246
246
246
246
246
246
246
246
246
246
246
246
246
75
75
75
246
246
246
246
246
246
246
246
246
246
246
246
246
246
246
246
246
246
246
246
246
246
246
246
246
246
246
75
75
75
246
246
246
246
246
246
246
246
246
246
246
246
246
246
246
246
246
246
246
246
246
246
246
246
246
246
246
246
246
246
246
75
75
75
246
246
246
246
246
246
246
246
246
246
246
246
246
246
246
246
246
246
246
246
246
246
246
246
246
246
246
246
246
246
246
246
246
246
246
246
246
246
246
246
246
248
253
241
246
241
253
248
246
246
246
246
246
246
246
246
246
246
246
246
246
246
246
246
246
246
246
246
246
246
246
246
246
246
246
246
246
246
246
246
249
240
95
79
89
235
247
248
246
246
246
246
246
246
246
246
246
246
246
246
246
246
246
246
246
246
246
246
246
246
246
248
247
228
115
228
247
248
246
246
246
246
246
246
246
246
246
246
246
246
246
246
246
246
246
246
246
246
246
248
253
247
220
91
213
241
250
228
115
228
247
248
246
246
246
246
246
246
246
246
248
253
247
220
91
213
240
249
246
246
246
246
246
246
246
246
246
246
246
246
246
246
246
246
246
246
246
246
246
246
248
253
249
223
97
217
241
249
246
246
246
247
249
251
252
253
253
253
253
253
252
250
248
247
246
246
246
246
246
246
246
246
246
246
246
246
246
246
246
246
249
241
217
97
223
249
253
248
246
246
246
246
246
246
246
246
246
246
246
246
246
246
246
246
246
246
246
246
246
246
246
248
253
241
246
241
253
248
246
246
246
247
249
251
252
252
250
249
247
246
246
246
246
246
246
246
246
246
246
249
241
223
71
74
97
247
255
241
246
241
253
248
246
246
246
246
246
246
246
246
249
241
223
71
74
97
246
251
246
246
246
246
246
246
246
246
246
246
246
246
246
246
246
246
246
246
246
246
246
246
249
241
223
71
74
97
246
251
246
248
250
254
249
241
233
235
235
235
235
234
236
242
247
250
246
246
246
246
246
246
246
246
248
249
250
249
248
246
246
246
248
253
241
246
241
253
248
246
246
246
246
246
246
246
246
246
248
249
251
249
248
246
246
246
246
246
246
246
246
246
246
246
248
249
251
249
248
246
246
246
246
248
245
239
233
235
242
246
249
246
246
246
246
246
246
246
246
246
246
251
246
97
74
71
223
241
251
249
251
249
248
246
246
246
246
246
246
246
246
246
251
246
97
74
71
223
241
249
246
246
246
246
246
246
246
246
246
246
246
246
246
246
246
246
246
246
246
246
246
246
251
246
97
74
71
223
242
252
254
252
244
239
229
167
159
159
161
161
160
161
154
190
245
250
248
246
246
246
246
246
246
248
248
241
241
245
252
251
249
247
246
248
249
251
249
248
246
246
246
246
246
246
246
246
246
248
253
241
246
242
254
250
248
247
246
246
246
246
248
249
250
249
248
246
246
246
246
246
246
246
246
251
245
186
153
155
182
243
249
248
246
246
246
246
246
246
246
246
246
249
241
217
98
227
253
255
249
246
246
246
246
246
246
246
246
246
246
246
246
246
249
241
217
97
223
249
253
248
246
246
246
246
246
246
246
246
246
246
246
246
246
246
246
246
246
246
246
246
246
246
249
241
217
97
223
251
255
246
241
236
192
159
151
148
139
141
141
140
141
141
138
143
202
247
249
246
246
246
246
246
246
249
248
205
153
209
237
244
249
253
250
248
246
246
246
246
246
246
246
246
246
246
246
246
248
253
249
224
99
223
239
248
241
249
246
246
246
247
247
237
238
239
247
246
246
246
246
246
246
246
246
252
242
175
134
133
147
199
250
250
246
246
246
246
246
246
246
248
249
253
255
250
255
240
254
243
253
248
246
246
246
246
246
246
246
246
246
246
246
246
249
254
243
247
242
253
248
246
246
246
246
246
246
246
246
246
246
246
246
246
246
246
246
246
246
246
246
246
246
247
250
255
244
247
242
255
250
228
159
154
149
142
142
146
148
149
148
149
148
148
144
143
159
222
252
249
246
246
246
246
247
251
229
168
142
148
157
173
232
237
241
247
247
246
246
246
246
246
246
246
246
246
246
248
253
249
233
80
77
94
225
182
240
249
246
246
246
250
253
204
156
216
251
249
246
246
246
246
246
246
246
252
245
181
143
141
140
184
247
252
246
246
246
246
246
246
246
247
241
237
235
242
245
221
100
217
241
249
246
246
246
246
246
246
246
246
246
246
246
246
248
244
249
252
255
255
254
254
251
249
247
246
246
246
246
246
246
246
246
246
246
246
246
246
246
246
246
247
249
252
246
245
245
252
255
252
237
156
142
140
146
146
147
147
146
148
149
149
149
148
148
141
148
214
251
249
246
246
246
246
249
250
219
154
139
144
143
149
151
160
211
252
250
246
246
246
246
246
246
246
246
246
246
249
241
224
81
66
67
154
148
191
244
250
246
246
246
250
243
187
140
207
251
249
246
246
246
246
246
246
246
252
245
180
143
139
141
186
246
252
246
246
246
246
246
246
249
253
224
162
155
157
154
70
77
97
246
251
246
246
246
246
246
246
246
246
246
246
246
247
251
226
184
231
237
235
233
235
242
248
251
248
246
246
246
246
246
246
246
246
246
246
246
246
246
246
246
248
244
242
226
165
207
249
248
236
166
147
144
147
146
143
142
144
145
148
146
148
150
151
152
142
148
213
251
249
246
246
246
246
249
252
215
148
141
143
146
144
142
138
195
246
252
247
246
246
246
246
246
246
246
246
246
250
247
100
75
65
136
145
153
227
244
250
246
246
249
254
222
147
148
214
252
249
246
246
246
246
246
246
246
252
243
177
141
143
151
198
252
250
246
246
248
249
251
250
252
248
209
141
135
146
76
72
72
223
241
249
246
246
246
246
246
246
246
246
246
246
246
248
253
224
158
149
162
152
155
156
181
239
248
251
250
248
246
246
246
246
246
246
246
246
246
246
246
246
246
251
246
186
145
146
185
243
201
150
148
141
141
137
142
150
159
170
188
152
145
147
145
149
147
145
151
215
252
249
246
246
246
246
248
250
231
184
156
144
81
135
142
147
150
218
247
249
246
246
246
246
246
246
246
246
246
249
243
222
89
130
146
148
148
173
246
251
246
247
251
248
212
140
143
216
252
249
246
246
246
246
246
246
246
252
243
176
141
139
167
235
247
250
246
248
253
241
246
244
254
231
155
147
142
153
198
105
225
249
253
248
246
246
246
246
246
246
246
246
246
246
246
249
247
219
144
136
139
139
138
139
146
155
206
243
243
249
246
246
246
246
246
246
246
246
246
246
246
246
246
252
242
176
135
139
178
202
151
140
141
149
155
159
158
213
238
242
242
212
164
157
139
84
136
140
152
216
252
249
246
246
246
246
246
248
247
234
210
67
73
83
149
143
143
161
233
252
247
246
246
246
246
246
246
246
246
248
254
249
223
153
151
148
142
166
238
253
246
249
248
230
157
140
149
215
252
249
246
246
246
246
246
246
246
251
250
192
151
143
147
190
253
250
247
253
249
223
97
224
237
173
145
144
142
164
221
252
243
253
248
246
246
246
246
246
246
246
246
246
246
246
246
249
247
170
151
139
143
142
143
143
142
149
142
163
233
255
248
246
246
246
246
246
246
246
246
246
246
246
246
252
244
179
142
146
155
151
146
138
146
166
235
236
239
246
253
254
251
250
232
164
68
73
85
140
151
215
252
249
246
246
246
246
246
247
253
250
103
81
81
212
155
153
136
152
222
254
249
246
246
246
246
246
246
246
246
246
248
253
252
209
145
144
140
176
240
254
248
254
244
174
147
135
146
213
251
249
246
246
246
248
249
251
249
252
246
233
159
138
140
188
245
252
249
241
223
71
76
99
230
160
142
147
142
157
230
255
250
248
246
246
246
246
247
248
250
252
251
249
247
246
246
249
245
216
150
151
163
166
155
151
149
147
124
82
215
243
249
246
246
246
246
246
246
246
246
246
246
246
246
252
244
179
142
146
148
144
149
152
164
238
251
254
252
249
248
247
248
254
247
103
74
68
138
138
151
215
252
249
246
246
246
246
246
246
249
241
217
97
227
249
224
151
130
86
184
242
252
246
246
246
246
246
246
246
246
246
246
251
251
203
135
79
130
170
244
255
254
247
231
152
143
143
153
219
251
249
246
246
248
253
241
246
241
255
251
184
150
140
144
193
248
252
250
246
97
74
77
224
173
151
146
148
142
153
225
252
249
246
246
246
246
246
249
245
241
231
238
243
249
246
246
248
252
229
171
205
240
241
225
156
140
137
68
80
105
249
251
246
246
246
246
246
246
248
249
251
249
248
246
252
244
180
143
145
148
144
146
203
245
246
250
247
246
246
246
246
246
249
242
224
94
143
148
144
151
215
252
249
246
246
246
246
246
246
248
253
241
246
244
255
219
144
63
69
99
239
255
247
246
246
246
246
246
246
246
246
246
253
218
147
67
71
79
161
237
253
252
231
93
131
140
150
204
247
249
247
246
248
253
249
225
101
225
254
251
176
141
139
145
194
248
252
249
241
217
101
228
240
170
144
147
148
144
148
198
243
251
246
246
246
246
246
250
249
195
149
166
236
252
246
246
246
249
241
241
243
252
255
245
169
147
82
68
75
220
244
249
246
246
246
246
246
248
253
241
246
241
253
248
252
245
180
142
146
146
146
154
223
255
251
247
246
246
246
246
246
246
248
253
249
233
154
148
143
151
217
254
250
246
246
246
246
246
246
246
248
249
251
249
254
242
97
71
64
143
224
246
248
246
246
246
246
246
246
246
246
246
252
242
96
71
68
134
155
193
251
233
80
71
75
145
195
248
250
248
246
246
249
241
225
79
70
79
232
238
184
142
141
144
190
247
252
247
253
244
249
241
186
149
143
146
147
144
144
160
233
251
246
246
246
246
246
253
248
190
132
151
231
252
246
246
246
248
249
250
249
248
249
248
223
147
131
76
144
230
255
248
246
246
246
246
246
253
249
223
97
217
241
249
252
245
180
141
145
145
145
200
245
250
247
246
246
246
246
246
246
246
246
248
254
236
160
140
143
145
212
247
250
246
246
246
246
246
246
246
246
246
246
246
252
246
196
85
129
154
178
250
249
246
246
246
246
246
246
246
246
246
250
247
226
91
131
144
166
241
247
102
71
64
135
176
247
250
250
246
246
246
251
246
101
70
43
70
106
249
191
151
140
144
192
248
252
246
249
253
253
193
146
144
155
154
155
143
149
164
237
252
246
246
246
246
248
252
246
188
135
157
234
252
246
246
246
246
246
246
246
246
247
253
236
166
144
136
151
228
253
247
246
246
246
246
246
241
223
71
74
97
246
250
252
245
179
141
146
142
146
204
252
251
246
246
246
246
246
246
246
246
246
246
252
240
162
146
143
145
158
231
252
246
246
246
246
246
246
246
246
246
246
246
251
254
203
148
136
159
228
245
248
246
246
246
246
246
246
246
246
246
248
255
248
194
141
146
159
208
209
144
75
136
169
247
249
249
246
246
246
246
249
241
225
79
70
79
228
245
240
167
139
149
200
250
253
247
250
249
204
147
143
142
161
200
149
142
152
225
247
250
246
246
246
246
249
247
203
148
139
158
234
252
246
246
246
246
246
246
246
246
246
252
249
214
149
139
156
227
253
247
246
246
246
246
246
246
97
74
71
223
241
249
252
243
177
141
145
144
145
203
251
250
246
246
246
246
246
246
246
246
246
246
249
247
222
150
142
138
152
224
252
247
246
246
246
246
246
246
246
246
246
246
250
252
206
149
136
162
234
253
247
246
246
246
246
246
246
246
246
246
248
249
243
188
143
145
148
149
156
150
140
151
234
250
250
247
246
246
246
246
248
253
249
225
101
225
249
255
243
173
139
143
189
244
249
249
249
220
154
144
141
152
155
156
153
141
150
224
249
250
246
246
246
249
252
221
153
142
136
158
232
252
246
246
246
246
246
246
246
246
246
250
247
214
148
137
154
226
253
247
246
246
246
246
246
241
217
97
223
249
253
248
251
249
182
148
144
141
152
210
252
251
246
246
246
246
246
246
246
246
246
246
248
254
227
157
142
140
153
226
253
247
246
246
246
246
246
246
246
246
246
246
250
246
199
140
141
164
239
252
246
246
246
246
246
246
246
246
246
246
248
253
211
156
146
145
144
143
146
144
145
167
242
252
247
246
246
246
246
246
246
248
253
241
246
241
253
254
239
166
140
142
154
210
252
254
237
178
146
141
148
164
214
154
141
141
151
167
245
249
246
246
246
249
249
212
146
139
144
163
238
252
246
246
246
246
246
246
246
246
247
252
231
159
147
138
156
226
253
247
246
246
246
246
246
253
241
246
241
253
248
246
248
249
236
162
142
144
145
201
246
250
246
246
246
246
246
246
246
246
246
246
247
253
225
155
141
142
154
225
253
247
246
246
246
246
246
246
246
246
246
249
252
224
160
138
145
220
247
249
246
246
246
246
246
246
246
246
246
246
248
249
241
183
142
145
147
147
145
145
153
227
247
249
246
246
246
246
246
246
246
246
248
249
251
249
248
253
239
164
140
140
148
204
252
252
225
154
144
141
150
230
237
167
147
140
150
223
249
249
246
246
247
252
241
180
144
144
156
230
247
249
246
246
246
246
246
246
246
246
247
251
223
152
140
141
156
226
253
247
246
246
246
246
246
248
249
251
249
248
246
246
247
254
242
174
143
144
144
152
219
252
249
246
246
246
246
246
246
246
246
246
247
252
225
155
142
141
154
225
253
247
246
246
246
246
246
246
246
246
246
249
252
217
149
139
160
233
253
247
246
246
246
246
246
246
246
246
246
246
246
253
248
196
145
143
149
147
146
151
219
250
250
247
246
246
246
246
246
246
246
246
246
246
246
246
246
253
239
169
141
141
151
209
255
248
187
148
144
136
149
226
254
214
146
139
150
224
248
250
246
246
249
248
224
150
138
145
213
250
252
247
246
246
246
246
246
246
246
246
248
254
226
154
142
139
151
224
252
247
246
246
246
246
246
246
246
246
246
246
246
246
246
253
240
172
142
146
141
149
213
251
249
246
246
246
246
246
246
246
246
246
247
252
227
157
141
141
155
226
253
247
246
246
246
246
246
246
246
246
247
252
249
213
142
142
212
247
250
246
246
246
246
246
246
246
246
246
246
246
246
250
253
200
153
146
147
143
140
198
247
251
247
246
246
246
246
246
246
246
246
246
246
246
246
246
246
253
241
172
141
140
145
206
251
236
157
141
148
148
153
232
255
221
153
141
147
153
238
251
246
247
252
241
167
146
136
149
215
252
249
246
246
246
246
246
246
246
246
246
249
250
225
156
138
141
153
229
252
247
246
246
246
246
246
246
246
246
246
246
246
246
246
253
238
168
140
144
147
173
230
251
249
246
246
246
246
246
246
246
246
246
247
252
226
157
141
139
155
226
253
247
246
246
246
246
246
246
246
246
249
247
228
152
140
148
217
252
249
246
246
246
246
246
246
246
246
246
246
246
246
249
248
236
168
141
148
150
158
216
252
250
246
246
246
246
246
246
246
246
246
246
246
246
246
246
246
253
240
175
141
143
154
217
253
177
148
141
147
195
241
247
248
210
145
141
137
155
230
252
247
250
249
231
154
139
142
149
219
252
249
246
246
246
246
246
246
246
246
246
251
243
188
147
144
143
212
248
249
246
246
246
246
246
246
246
246
246
246
246
246
246
246
250
244
173
147
140
148
207
250
252
246
246
246
246
246
246
246
246
246
246
247
253
226
155
141
141
155
225
253
247
246
246
246
246
246
246
246
247
252
242
165
142
138
157
223
252
249
246
246
246
246
246
246
246
246
246
246
246
247
252
254
203
156
144
143
174
237
247
247
247
246
246
246
246
246
246
246
246
246
246
246
246
246
246
246
252
239
170
141
139
185
242
237
165
137
140
164
225
254
254
239
166
150
143
149
170
241
252
249
249
243
168
147
140
141
197
243
250
246
246
246
246
246
246
246
246
247
248
255
240
168
138
142
201
245
251
248
246
246
246
246
246
246
246
246
246
246
246
246
246
246
249
248
230
155
139
144
201
247
250
246
246
246
246
248
251
253
253
251
248
247
252
225
153
140
141
155
226
253
247
246
246
246
246
246
246
247
249
250
231
154
137
141
198
245
250
246
246
246
246
246
246
246
246
246
246
246
248
249
248
240
182
144
143
143
178
244
253
250
246
246
246
246
246
246
246
246
246
246
246
246
246
246
246
246
250
246
186
149
143
159
215
197
151
141
149
194
249
249
249
245
211
149
137
154
223
252
254
250
246
177
145
141
141
150
208
253
250
246
246
246
246
246
246
246
246
249
248
247
227
157
135
148
208
252
250
246
246
246
246
246
246
246
246
246
246
246
246
246
246
246
247
253
239
169
140
145
158
222
252
249
246
246
246
251
240
228
228
240
251
246
252
232
160
146
138
154
225
253
247
246
246
246
246
246
246
248
248
241
167
146
139
152
210
252
250
246
246
246
246
246
246
246
246
246
246
248
251
250
223
158
148
145
144
143
150
196
251
249
246
246
246
246
246
246
246
246
246
246
246
246
246
246
246
246
249
249
231
156
136
147
194
176
141
137
174
240
251
249
249
254
222
154
127
88
210
248
252
245
187
144
143
144
147
190
246
249
248
246
246
246
246
246
248
249
253
251
243
187
152
150
146
169
225
250
249
246
246
246
246
246
246
246
246
246
246
246
246
246
246
246
246
252
236
165
142
139
151
215
251
249
246
246
246
253
228
91
95
238
255
254
254
249
212
146
136
156
228
254
248
246
246
246
247
249
252
255
254
186
147
140
145
190
247
249
247
246
246
246
246
246
246
246
246
246
248
254
247
229
151
145
146
150
155
143
143
190
247
252
246
246
246
246
246
246
246
246
246
246
246
246
246
246
246
246
247
254
235
160
137
152
156
155
144
147
185
251
252
246
249
253
214
142
62
79
102
251
255
207
149
141
142
138
172
239
251
250
246
246
246
246
246
246
249
240
243
244
193
151
143
142
174
238
249
247
247
246
246
246
246
246
246
246
246
246
246
246
246
246
246
246
246
252
234
163
140
140
150
216
252
249
246
246
246
253
228
93
79
205
215
228
248
255
228
159
140
151
223
247
249
246
247
249
252
246
240
237
232
173
138
138
172
240
251
249
246
246
246
246
246
246
246
246
246
248
253
249
226
92
134
135
152
203
173
140
144
194
248
252
246
246
246
246
246
246
246
246
246
246
246
246
246
246
246
246
246
252
233
159
139
147
148
147
141
164
236
250
248
246
250
254
220
92
63
75
212
251
251
198
141
140
151
153
186
248
252
246
246
246
247
248
250
253
255
237
172
199
185
132
128
132
177
244
254
247
246
246
246
246
246
246
246
246
246
246
246
246
246
246
246
246
246
252
236
163
143
140
153
216
252
249
246
246
246
251
240
234
221
116
114
110
219
220
188
130
132
148
174
250
255
255
255
254
251
227
160
161
159
153
141
144
183
249
252
246
246
246
246
246
246
246
246
246
246
250
245
228
81
73
78
141
161
214
178
139
143
191
248
252
246
246
246
246
246
246
246
246
246
246
246
246
246
246
246
246
247
253
237
163
142
149
148
144
141
171
240
254
247
246
250
248
210
134
73
149
233
255
221
151
147
142
159
226
250
254
255
255
255
255
255
255
252
243
232
199
137
131
137
83
92
143
188
249
252
246
246
246
246
246
246
246
246
246
246
246
246
246
246
246
246
246
246
253
238
183
144
142
154
218
254
250
246
246
246
248
251
255
243
228
212
217
112
118
108
99
89
134
144
209
224
220
223
220
159
143
144
145
149
149
155
178
254
255
255
255
255
255
255
255
255
254
251
248
250
252
244
95
72
66
133
144
210
240
172
137
142
189
245
250
246
246
246
246
246
246
246
246
246
246
246
246
246
246
246
246
248
251
233
159
143
151
146
150
152
191
244
251
250
254
255
241
164
150
146
163
245
250
173
150
151
148
173
248
254
231
211
212
213
216
218
200
200
171
103
98
94
85
90
139
167
218
243
238
255
248
246
246
246
246
246
246
246
246
246
246
246
246
246
246
246
246
246
253
240
177
146
142
145
212
247
250
246
246
246
246
246
248
251
254
255
246
232
211
189
126
127
74
95
102
116
102
106
98
93
84
132
131
129
124
129
201
215
216
212
212
212
212
212
212
210
228
244
255
255
255
192
138
83
141
159
207
255
254
180
145
152
186
247
255
255
255
255
255
255
255
255
255
255
255
255
255
255
255
255
255
255
255
205
159
151
154
150
161
230
255
255
255
244
229
216
191
122
125
129
138
206
207
141
127
130
123
134
204
223
110
114
117
119
115
107
99
94
89
129
127
128
120
136
211
252
228
104
220
242
249
246
246
246
246
246
246
246
246
246
246
246
246
246
246
246
246
246
251
232
161
141
145
145
157
230
252
246
246
246
246
246
246
246
246
248
251
255
242
168
144
77
66
77
183
135
123
125
127
130
131
85
92
97
101
110
113
119
116
116
116
116
116
116
116
114
110
218
218
223
186
136
126
126
117
141
209
222
213
149
124
127
165
214
215
212
212
212
212
212
212
212
212
212
212
212
212
212
212
212
212
216
209
144
130
130
132
127
135
200
221
214
214
217
111
117
111
101
91
85
101
105
108
94
87
94
96
108
110
112
217
213
215
211
192
126
124
127
136
143
149
157
158
169
219
234
75
75
97
246
251
246
246
246
246
246
246
246
246
246
246
246
246
246
246
246
246
246
252
239
163
146
145
139
152
224
252
247
246
246
246
246
246
246
246
246
247
250
228
162
76
76
69
124
153
166
153
155
152
149
143
145
159
202
223
218
215
213
212
212
212
212
212
212
212
213
217
112
110
106
94
90
93
100
106
110
115
124
109
100
85
91
106
116
121
116
115
116
116
116
116
116
116
116
116
116
116
116
116
116
115
117
113
106
94
91
89
91
102
112
118
116
114
110
217
217
221
195
136
124
141
193
146
127
128
136
195
222
215
230
245
255
255
250
171
152
150
153
150
152
159
184
234
244
240
98
74
71
223
241
249
246
246
246
246
246
246
246
246
246
246
246
246
246
246
246
246
246
249
248
222
150
142
141
158
230
255
250
248
246
246
246
246
246
246
246
247
252
234
162
136
85
130
119
140
150
147
146
149
159
167
206
248
254
255
255
255
255
255
255
255
255
255
255
255
255
246
234
194
131
124
125
134
202
224
218
214
216
218
162
134
125
163
211
215
214
212
212
212
212
212
212
212
212
212
212
212
212
212
212
212
213
218
214
166
131
126
132
191
219
215
212
210
228
244
255
255
224
156
146
166
219
171
148
150
179
241
255
255
254
251
248
251
236
168
149
149
147
145
159
230
253
251
255
245
219
97
223
249
253
248
246
246
246
246
246
246
246
246
246
246
246
246
246
246
246
246
246
248
254
228
156
141
143
167
222
252
243
253
248
246
246
246
246
246
246
246
250
248
215
145
147
140
123
139
148
150
158
185
231
241
245
249
249
247
246
246
246
246
246
246
246
246
246
246
248
251
255
232
157
138
145
165
242
255
255
255
255
254
236
155
149
162
219
255
255
255
255
255
255
255
255
255
255
255
255
255
255
255
255
255
255
255
249
190
146
147
169
234
255
255
255
255
254
251
252
241
182
149
142
157
153
151
141
148
205
250
249
246
246
246
246
249
245
241
202
142
139
144
158
231
251
252
252
254
242
246
241
253
248
246
246
246
246
246
246
246
246
246
246
246
246
246
246
246
246
246
246
247
253
224
154
141
145
156
201
103
218
241
249
246
246
246
246
246
246
246
250
253
219
153
146
145
119
137
144
142
196
246
255
255
252
249
247
246
246
246
246
246
246
246
246
246
246
246
246
247
252
230
163
152
157
217
246
249
246
246
252
243
165
145
138
140
196
249
251
253
241
246
241
253
248
246
246
246
246
246
246
246
246
246
246
250
240
169
145
142
197
245
249
246
246
246
246
247
251
236
185
142
146
150
145
141
144
189
247
250
247
246
246
246
246
247
251
254
221
152
145
140
144
150
183
237
243
248
252
250
249
248
246
246
246
246
246
246
246
246
246
246
246
246
246
246
246
246
246
246
246
247
253
225
154
142
143
139
66
80
97
246
251
246
246
246
246
246
246
246
249
252
216
150
142
144
151
153
153
144
150
216
241
244
247
251
248
247
246
246
246
246
246
246
246
246
246
246
246
246
248
241
238
230
239
244
249
248
246
248
254
246
171
147
138
144
201
251
255
249
223
97
217
241
249
246
246
246
246
246
246
246
246
246
246
249
244
241
206
166
218
251
250
246
246
246
246
247
252
226
155
142
148
150
146
148
179
247
250
250
246
246
246
246
246
246
247
248
242
238
187
157
151
148
144
151
207
252
250
246
246
246
246
246
246
246
246
246
246
246
246
246
246
246
246
246
246
246
246
246
246
247
252
223
152
141
148
81
71
79
224
242
249
246
246
246
246
246
246
246
249
252
216
152
141
144
160
230
220
153
150
153
156
171
236
246
248
249
246
246
246
246
246
246
246
246
246
246
246
246
247
249
252
252
252
249
248
246
248
253
245
247
226
164
139
148
205
254
246
223
71
74
97
246
251
246
246
246
246
246
246
246
246
246
246
247
249
251
244
242
241
248
247
246
246
246
246
247
252
228
156
142
145
147
140
161
235
252
249
246
246
246
246
246
246
246
246
248
252
250
244
240
222
153
133
137
196
248
253
249
247
246
246
246
246
246
246
246
246
246
246
246
246
246
246
246
246
246
246
246
246
246
252
231
157
146
144
131
91
222
251
253
248
246
246
246
246
246
246
246
249
252
216
152
141
142
164
239
254
239
178
134
133
143
151
201
245
250
248
246
246
246
246
246
246
246
246
246
246
246
246
246
246
246
246
246
246
248
253
249
224
107
206
160
140
150
206
254
251
96
74
71
223
241
249
246
246
246
246
246
246
246
246
246
246
246
246
248
249
250
249
248
246
246
246
246
246
246
250
246
211
144
145
145
147
166
247
252
247
246
246
246
246
246
246
246
246
246
246
248
250
255
243
164
142
139
150
212
246
247
250
247
246
246
246
246
246
246
246
246
246
246
246
246
246
246
246
246
246
246
246
246
250
247
212
146
146
138
164
234
255
248
246
246
246
246
246
246
246
246
249
252
216
152
142
141
161
235
255
253
204
160
150
145
138
143
204
251
253
249
247
246
246
246
246
246
246
246
246
246
246
246
246
246
246
246
246
249
241
223
71
81
87
161
138
147
205
253
246
216
97
223
249
253
248
246
246
246
246
246
246
246
246
246
246
246
246
246
246
246
246
246
246
246
246
246
246
246
250
254
218
151
141
142
152
227
247
249
246
246
246
246
246
246
246
246
246
246
246
246
246
249
246
228
155
143
146
146
166
234
245
248
246
246
246
246
246
246
246
246
246
246
246
246
246
246
246
246
246
246
246
246
250
252
214
145
135
138
163
236
254
246
246
246
246
246
246
246
246
246
249
252
216
152
142
141
161
234
254
246
241
238
230
159
144
142
151
210
243
243
250
246
246
246
246
246
246
246
246
246
246
246
246
246
246
246
246
251
246
97
74
78
211
155
137
148
203
252
255
241
246
241
253
248
246
246
246
246
246
246
246
246
246
246
246
246
246
246
246
246
246
246
246
246
246
246
246
246
249
252
216
151
137
147
173
243
253
247
246
246
246
246
246
246
246
246
246
246
246
246
246
247
250
244
243
198
146
135
146
173
249
249
246
246
246
246
246
246
246
246
246
246
249
251
249
248
246
246
246
246
246
246
249
251
220
164
151
141
156
230
253
246
246
246
246
246
246
246
246
246
249
252
215
150
141
141
161
233
252
248
250
254
251
223
145
136
148
151
162
237
251
246
246
246
246
246
246
246
246
246
246
246
246
246
246
246
246
249
241
217
97
231
235
166
131
140
199
250
251
249
251
249
248
248
249
251
249
248
246
246
246
246
246
246
246
246
246
246
246
246
246
246
246
246
246
246
246
246
249
251
214
148
134
148
222
248
249
246
246
246
246
246
246
246
246
246
246
246
246
246
246
246
248
250
253
249
189
136
145
224
246
248
246
246
246
246
246
246
246
246
246
246
240
246
241
253
248
246
246
246
246
246
246
247
242
240
235
176
165
237
252
246
246
246
246
246
246
246
246
246
249
252
216
149
139
142
161
233
252
246
246
248
252
233
163
144
141
127
154
228
251
246
246
246
246
246
246
246
246
246
246
246
246
246
246
246
246
248
253
241
246
246
247
175
152
157
208
251
249
246
246
246
248
253
241
246
241
253
248
246
246
246
246
246
246
246
246
246
246
246
246
246
246
246
246
246
246
246
249
252
221
154
141
160
233
253
247
246
246
246
246
246
246
246
246
246
246
246
246
246
246
246
246
246
250
250
243
173
164
239
253
247
246
246
246
246
246
246
246
246
246
246
217
97
217
241
249
246
246
246
246
246
246
248
249
252
250
241
238
241
249
246
246
246
246
246
246
246
246
246
249
251
212
145
133
134
156
231
252
246
246
246
248
244
242
199
155
153
177
239
251
246
246
246
246
246
246
246
246
246
246
246
246
246
246
246
246
246
248
249
251
252
245
239
230
235
241
247
247
246
246
248
253
249
223
97
217
241
249
246
246
246
246
246
246
246
246
246
246
246
246
246
246
246
246
246
246
246
246
250
243
193
138
207
247
250
246
246
246
246
246
246
246
246
246
246
246
246
246
246
246
246
246
246
246
249
247
238
239
242
249
246
246
246
246
246
246
246
246
246
246
246
72
74
97
246
251
246
246
246
246
246
246
246
246
247
249
250
250
249
247
246
246
246
246
246
246
246
246
246
249
251
220
160
154
154
169
237
252
246
246
246
247
249
251
244
237
232
240
244
249
246
246
246
246
246
246
246
246
246
246
246
246
246
246
246
246
246
246
246
246
247
249
251
252
252
250
248
246
246
246
249
241
223
71
74
97
246
251
246
246
246
246
246
246
246
246
246
246
246
246
246
246
246
246
246
246
246
246
250
252
206
177
228
252
249
246
246
246
246
246
246
246
246
246
246
246
246
246
246
246
246
246
246
246
247
249
250
250
249
247
246
246
246
246
246
246
246
246
246
246
75
72
71
223
241
249
246
246
246
246
246
246
246
246
246
246
246
246
246
246
246
246
246
246
246
246
246
246
246
246
247
241
237
232
233
238
243
249
246
246
246
246
246
248
250
252
252
251
249
247
246
246
246
246
246
246
246
246
246
246
246
246
246
246
246
246
246
246
246
246
246
246
246
246
246
246
246
246
246
246
251
246
97
74
71
223
241
249
246
246
246
246
246
246
246
246
246
246
246
246
246
246
246
246
246
246
246
248
250
251
243
242
242
248
246
246
246
246
246
246
246
246
246
246
246
246
246
246
246
246
246
246
246
246
246
246
246
246
246
246
246
246
246
246
246
246
246
246
246
246
246
98
223
249
253
248
246
246
246
246
246
246
246
246
246
246
246
246
246
246
246
246
246
246
246
246
246
248
249
251
250
251
252
253
253
251
249
247
246
246
246
246
246
246
246
246
246
246
246
246
246
246
246
246
246
246
246
246
246
246
246
246
246
246
246
246
246
246
246
246
246
246
246
246
246
246
246
246
246
246
249
241
217
97
223
249
253
248
246
246
246
246
246
246
246
246
246
246
246
246
246
246
246
246
246
246
248
253
242
247
244
255
250
247
246
246
246
246
246
246
246
246
246
246
246
246
246
246
246
246
246
246
246
246
246
246
246
246
246
246
246
246
246
246
246
246
246
246
246
246
246
240
241
253
248
246
246
246
246
246
246
246
246
246
246
246
246
246
246
246
246
246
246
246
246
246
248
253
241
246
241
253
248
246
246
246
246
246
246
246
246
246
246
246
246
246
246
246
246
246
246
246
246
246
246
246
246
246
246
246
246
246
246
246
246
246
246
246
246
246
246
246
246
246
246
246
246
246
246
246
248
253
241
246
241
253
248
246
246
246
246
246
246
246
246
246
246
246
246
246
246
246
246
246
246
248
253
249
223
97
217
241
249
246
246
246
246
246
246
246
246
246
246
246
246
246
246
246
246
246
246
246
246
246
246
246
246
246
246
246
246
246
246
246
246
246
246
246
246
246
246
249
249
248
246
246
246
246
246
246
246
246
246
246
246
246
246
246
246
246
246
246
246
246
246
246
248
247
228
115
228
247
248
246
246
246
246
246
246
246
246
246
246
246
246
246
246
246
246
246
246
246
246
246
246
246
246
246
246
246
246
246
246
246
246
246
246
246
246
246
246
246
246
246
246
246
246
246
246
246
246
248
249
251
249
248
246
246
246
246
246
246
246
246
246
246
246
246
246
246
246
246
246
246
246
248
247
235
89
79
95
240
249
246
246
246
246
246
246
246
246
246
246
246
246
246
246
246
246
246
246
246
246
246
246
246
246
246
246
246
246
246
246
246
246
246
246
246
246
246
246
246
246
246
246
246
246
246
246
246
246
246
246
246
246
246
246
246
246
246
246
246
246
246
246
246
246
246
75
75
75
246
246
246
246
246
246
246
246
246
246
246
246
246
246
246
246
246
246
246
246
246
246
246
246
246
246
246
246
246
246
246
246
246
246
246
246
246
246
246
246
246
246
246
246
246
246
246
246
246
246
246
246
246
246
246
246
246
246
246
246
246
246
246
246
246
246
246
246
246
246
246
246
246
246
246
246
75
75
75
246
246
246
246
246
246
246
246
246
246
246
246
246
246
246
246
246
246
246
246
246
246
246
246
246
246
246
246
246
246
246
246
246
246
246
246
246
246
246
246
