253
253
253
253
253
253
253
253
253
253
253
253
253
253
96
96
96
253
253
253
253
253
253
253
253
253
253
253
253
253
253
253
253
253
253
253
253
253
253
253
253
253
253
253
253
253
253
253
253
253
253
253
253
253
253
253
253
253
253
253
253
253
96
253
253
253
253
253
253
253
253
253
253
253
253
253
253
253
253
253
253
253
253
253
253
253
253
253
253
253
253
253
96
96
96
253
253
253
253
253
253
253
253
253
253
253
253
253
253
253
253
253
253
253
253
253
253
253
253
253
253
253
253
253
253
253
253
253
253
253
253
253
253
253
253
253
253
253
253
253
253
253
253
253
253
253
253
253
253
253
253
253
253
253
253
253
253
253
253
253
253
254
248
114
99
108
243
254
254
253
253
253
253
253
253
253
253
253
253
253
253
253
253
254
254
254
230
111
223
248
254
253
253
253
253
253
253
253
253
253
253
253
253
253
253
253
253
253
254
248
226
93
93
117
248
254
253
253
253
253
253
253
253
253
253
253
253
253
253
253
253
253
253
253
253
253
253
253
253
254
248
114
99
108
243
254
254
253
253
253
253
253
253
253
253
253
253
253
253
253
253
253
253
253
253
253
254
254
255
255
255
255
251
253
250
254
254
253
253
253
253
253
253
253
253
253
253
253
253
253
253
253
253
253
253
253
253
253
253
253
253
253
253
253
253
253
253
253
253
253
253
254
250
226
116
232
254
254
254
253
253
253
253
253
253
253
253
253
253
253
253
253
253
254
250
232
91
94
116
253
254
253
253
253
253
253
253
253
253
253
253
253
253
253
253
253
253
253
254
253
116
94
91
232
250
254
253
253
253
253
253
253
253
253
253
253
253
253
253
253
253
253
253
253
253
253
253
253
253
254
252
231
119
234
254
254
254
253
253
253
253
253
253
253
253
253
253
253
253
253
253
253
253
253
253
254
251
245
238
238
248
249
233
116
226
250
254
253
253
253
253
253
253
253
253
253
253
253
253
253
253
253
253
253
253
253
253
253
253
253
253
253
253
253
253
253
253
253
253
253
253
254
254
250
253
250
254
254
253
253
253
253
253
253
253
253
253
253
253
253
253
253
253
254
253
116
94
91
234
252
254
254
254
253
253
253
253
253
253
253
253
253
253
253
253
253
253
253
254
250
226
116
232
254
254
254
253
253
253
253
253
253
253
253
253
253
253
253
253
253
253
253
253
253
253
253
253
253
254
255
254
248
248
254
255
254
253
253
253
253
253
253
253
253
253
253
253
253
253
253
253
253
253
253
253
254
251
178
146
148
149
201
96
95
116
253
254
253
253
253
253
253
253
253
253
253
253
253
253
253
253
253
253
253
253
253
253
253
253
253
253
253
253
253
253
253
253
253
253
253
253
253
254
254
254
254
254
253
253
253
253
253
253
253
253
253
253
253
253
253
253
253
253
254
250
226
116
234
255
254
254
250
254
254
253
253
253
253
253
253
253
253
253
253
253
253
253
253
254
254
250
253
250
254
254
253
253
253
253
253
253
253
253
253
253
253
253
253
253
253
253
253
253
253
253
253
253
254
254
254
234
119
231
252
254
253
254
254
254
254
253
253
253
253
253
253
253
253
253
253
253
253
253
253
254
255
240
157
122
121
135
97
103
96
234
250
254
253
253
253
253
253
253
253
253
253
253
253
253
253
253
253
253
253
253
253
253
253
253
253
253
253
253
253
253
253
253
253
253
253
253
253
253
253
253
253
253
253
253
253
253
253
253
253
253
253
253
253
253
253
253
253
253
254
254
250
254
254
255
234
116
226
250
254
253
253
253
253
253
253
253
253
253
253
254
254
254
254
254
254
254
254
254
254
253
253
253
253
253
253
253
253
253
253
253
253
253
253
253
253
253
253
253
253
253
253
253
254
250
232
92
96
120
255
255
255
254
254
254
254
254
254
253
253
253
253
253
253
253
253
253
253
253
254
253
248
183
136
134
132
145
183
122
229
255
255
254
253
253
253
253
253
253
253
253
253
253
253
253
253
253
253
253
253
253
253
253
253
253
253
253
253
253
253
253
253
253
253
253
253
253
253
253
253
253
253
253
253
253
253
253
254
254
255
255
255
254
254
254
253
253
253
253
253
254
254
254
252
234
91
94
116
253
254
253
253
253
253
253
253
253
254
254
254
255
250
245
245
253
254
253
253
253
253
253
253
253
253
253
253
253
253
253
253
253
253
253
253
253
253
253
253
253
253
253
253
253
254
253
116
95
92
228
237
240
243
239
197
203
237
247
250
254
253
253
253
253
253
253
253
253
253
253
254
255
211
143
131
136
135
148
184
120
222
254
254
253
253
253
253
253
253
253
253
253
253
253
253
253
253
253
253
253
253
253
253
253
253
253
253
253
253
253
253
253
253
253
253
253
253
253
253
253
253
253
253
253
253
253
254
254
254
248
239
239
239
245
252
254
253
253
253
253
253
253
253
254
253
116
94
91
232
250
254
253
253
253
253
253
253
254
253
246
241
239
211
148
211
254
254
253
253
253
253
253
253
253
253
253
253
253
253
253
253
253
253
253
253
253
253
253
253
253
253
253
253
253
254
250
227
121
239
224
173
157
154
146
143
142
145
180
253
255
254
253
253
253
253
253
253
253
253
253
255
250
195
128
129
137
133
132
89
105
120
254
254
253
253
253
253
253
253
253
253
253
253
253
253
253
253
253
253
253
253
253
253
253
253
253
253
253
253
253
253
253
253
253
253
253
253
253
253
253
253
253
253
253
254
255
254
254
240
163
147
149
147
161
240
254
254
253
253
253
253
253
253
254
250
226
116
232
254
254
254
253
253
253
253
253
253
254
252
198
146
147
134
138
203
254
254
253
253
253
253
253
253
253
253
253
253
253
253
253
253
253
253
253
253
253
253
253
253
253
253
253
253
253
254
254
253
253
242
203
132
126
129
129
131
130
124
152
234
253
254
254
253
253
253
253
253
253
253
254
254
224
136
140
141
147
134
94
90
99
233
250
254
253
253
253
253
253
253
253
253
253
253
253
253
253
253
253
253
253
253
253
253
253
253
253
253
253
253
253
253
253
253
253
253
253
253
253
253
253
253
253
253
254
252
248
237
196
140
134
128
128
127
137
170
253
255
255
255
255
255
255
255
255
255
255
255
255
255
255
255
255
255
255
255
255
255
255
255
193
131
128
129
139
214
255
255
255
255
255
255
255
255
255
255
255
255
255
255
255
255
255
255
255
255
255
255
255
255
255
255
255
255
255
255
255
255
252
168
145
141
138
141
141
142
141
140
143
146
211
254
255
255
255
255
255
255
255
255
255
241
146
140
147
214
155
134
131
119
251
255
255
255
255
255
255
255
255
255
255
255
255
255
255
255
254
254
253
253
253
253
253
253
253
253
253
253
253
253
253
253
253
253
253
253
253
253
253
253
253
253
254
254
254
242
158
143
138
130
130
136
134
130
123
128
166
225
225
221
221
221
221
221
221
223
225
226
225
223
221
221
222
224
226
228
228
225
228
223
171
123
126
125
125
186
228
229
225
223
221
221
221
221
221
221
221
221
221
221
221
221
221
221
221
222
224
227
230
231
232
232
232
232
230
228
230
227
155
125
120
124
125
124
122
121
122
124
123
120
127
198
226
223
221
221
221
221
222
228
226
147
123
121
188
158
135
125
118
188
223
230
223
221
221
221
221
221
221
221
221
221
221
221
219
232
243
254
253
253
253
253
253
253
253
253
253
253
253
253
253
253
253
253
253
253
253
253
253
254
254
254
254
254
244
163
130
125
138
140
142
136
134
106
100
102
115
127
135
132
132
132
132
132
132
132
132
132
132
132
132
132
132
134
127
119
119
127
139
134
120
106
103
99
107
125
128
134
128
139
134
132
132
132
132
132
132
132
132
132
132
132
132
132
133
137
137
129
122
116
119
119
119
118
118
128
133
123
107
97
104
106
105
106
112
123
113
106
99
93
107
117
134
133
132
132
132
132
135
135
121
108
94
111
114
116
101
101
116
129
137
134
132
132
132
132
132
132
132
132
132
132
132
132
127
139
248
254
253
253
253
253
253
253
253
253
253
253
253
253
253
253
253
253
253
253
253
253
254
251
246
237
226
217
190
140
129
126
137
196
163
137
133
133
121
122
161
223
229
222
221
221
221
221
221
221
221
221
221
221
221
221
224
224
191
115
118
200
230
219
166
120
126
128
137
194
206
86
195
216
225
221
221
221
221
221
221
221
221
221
221
221
222
224
228
223
215
162
114
116
119
120
118
118
115
153
214
163
120
119
131
189
177
161
227
237
230
169
133
125
125
198
229
225
222
221
221
224
224
214
148
116
122
139
194
157
119
123
179
226
227
222
221
221
221
221
221
221
221
221
221
221
221
221
219
232
243
254
253
253
253
253
253
253
253
253
253
253
253
253
253
253
253
253
253
253
253
253
254
248
182
140
141
185
176
132
130
138
155
218
182
182
202
144
135
133
178
254
255
255
255
255
255
255
255
255
255
255
255
255
255
255
255
255
226
139
144
237
255
227
151
139
136
138
187
234
107
109
129
255
255
255
255
255
255
255
255
255
255
255
255
255
255
255
254
240
165
149
144
139
143
141
142
141
140
151
202
187
136
136
188
253
251
252
253
255
254
253
220
139
134
221
255
255
255
255
255
255
255
210
146
131
138
203
248
178
131
138
204
255
255
255
255
255
255
255
255
255
255
255
255
255
255
255
255
255
254
254
253
253
253
253
253
253
253
253
253
253
253
253
253
253
253
253
253
253
253
253
254
250
174
128
127
137
137
131
135
177
246
246
245
246
249
194
138
129
138
199
254
254
253
253
253
253
253
253
253
253
253
253
253
253
254
255
216
139
149
239
255
205
133
127
131
142
195
116
101
91
232
250
254
254
251
245
239
240
242
250
254
254
246
236
247
246
188
142
134
129
131
130
128
129
130
133
133
138
141
139
129
161
241
255
255
254
254
254
254
255
230
145
125
151
239
254
253
253
254
254
248
186
124
129
168
255
249
172
123
132
196
253
254
253
253
253
253
253
253
253
253
253
253
253
253
253
253
253
253
253
253
253
253
253
253
253
253
253
253
253
253
254
254
254
254
253
253
253
253
253
254
254
236
150
127
131
137
139
172
248
255
255
255
255
255
243
164
122
128
191
252
254
253
253
253
253
253
253
253
253
253
253
253
253
254
253
210
127
196
248
255
217
144
134
130
140
189
225
123
236
255
255
255
254
227
154
149
153
152
185
248
245
171
143
151
202
168
128
125
134
141
151
152
151
146
140
130
132
134
130
137
175
254
254
253
253
253
253
254
254
223
142
116
144
229
254
253
254
254
254
215
138
134
153
245
255
249
169
123
132
196
253
254
253
253
253
253
253
253
253
253
253
253
253
253
253
253
253
253
253
253
253
253
253
253
253
253
253
253
253
253
248
253
250
254
254
253
253
253
253
253
255
251
163
135
126
141
216
253
254
254
253
253
253
254
253
182
130
130
195
254
254
253
253
253
253
253
253
254
254
254
254
254
253
254
240
154
130
145
233
255
241
181
128
130
138
202
249
255
246
251
239
244
230
146
130
126
126
130
136
153
217
161
130
131
143
143
134
135
144
211
242
241
242
238
174
139
138
133
130
150
235
254
254
254
254
254
254
254
254
230
146
125
147
235
255
254
254
254
229
140
126
135
227
254
255
246
167
124
132
195
253
254
253
253
253
253
253
253
253
253
253
253
253
253
253
253
253
253
253
253
253
253
253
253
253
253
253
253
253
253
226
116
226
250
254
253
253
253
253
253
254
253
237
149
132
137
223
254
254
253
253
253
253
254
253
245
156
131
185
247
254
253
253
253
253
253
254
254
250
253
250
254
254
254
233
146
123
145
236
255
217
145
133
130
137
198
255
255
235
150
148
153
145
138
132
136
137
136
131
136
142
208
142
133
134
129
135
171
244
254
255
255
255
254
252
227
146
137
127
156
243
255
254
254
250
253
250
254
254
249
205
127
136
228
254
254
253
240
147
131
129
153
239
255
255
247
170
124
132
195
253
254
253
253
253
253
253
253
253
253
253
253
253
253
253
253
253
253
253
253
253
253
253
253
253
253
253
253
253
253
93
94
116
253
254
253
253
253
253
253
253
254
254
217
134
129
158
246
255
253
253
253
253
253
254
254
227
136
137
217
255
254
253
253
253
253
254
254
233
119
233
254
255
255
236
141
87
193
245
255
207
135
127
137
146
195
248
236
147
129
120
121
121
124
127
130
135
135
138
134
142
139
145
137
133
137
160
249
254
254
254
253
253
254
255
254
213
136
122
155
239
255
254
254
232
116
226
250
254
255
211
134
128
163
249
255
253
169
133
125
133
209
251
254
254
241
163
125
133
195
253
254
253
253
253
253
253
253
253
253
253
253
253
253
253
253
253
253
253
253
253
253
253
253
253
253
253
253
253
96
93
91
232
250
254
253
253
253
253
253
253
254
255
221
142
121
143
230
254
254
253
253
253
253
254
255
229
135
128
209
254
254
253
253
253
254
253
239
99
95
107
241
254
254
226
96
91
124
254
255
208
138
128
134
167
194
150
142
136
130
140
150
151
151
153
148
143
135
136
136
136
133
134
135
132
145
233
254
254
253
253
253
253
253
254
255
215
139
119
156
241
255
250
232
91
94
116
253
254
254
207
135
117
155
244
255
240
158
125
128
145
222
255
254
254
187
138
125
132
194
252
254
253
253
253
253
253
253
253
253
253
253
253
253
253
253
253
253
253
253
253
253
253
253
253
253
253
253
253
253
117
232
254
254
254
253
253
253
253
253
253
254
254
219
143
124
137
171
250
254
253
253
253
253
253
254
235
140
136
212
255
254
253
253
254
255
250
116
86
81
126
136
207
240
117
91
90
199
252
255
211
138
129
139
144
140
132
122
128
135
196
241
243
240
244
232
157
128
131
135
137
136
125
138
131
152
241
255
254
253
253
253
253
253
254
254
221
146
125
145
235
254
254
116
94
91
232
250
254
254
217
144
124
160
247
255
182
132
128
132
195
250
254
254
248
181
129
126
141
201
254
254
253
253
253
253
253
253
253
253
253
253
253
253
253
253
253
253
253
253
253
253
253
253
253
253
253
253
253
253
248
250
254
254
253
253
253
253
253
253
253
254
255
227
152
131
126
163
242
254
253
253
253
253
253
254
251
204
130
202
251
254
253
254
253
252
204
125
94
138
142
139
140
141
140
89
133
212
255
254
205
133
132
136
133
129
134
141
152
204
251
255
255
255
255
253
188
151
147
138
133
135
135
135
130
145
232
254
254
253
253
253
253
253
253
254
248
193
127
132
171
253
254
226
116
232
254
254
254
254
247
186
123
152
244
210
141
125
132
177
250
254
254
254
250
183
128
124
173
243
254
254
253
253
253
253
253
253
253
253
253
253
253
253
253
253
253
253
253
253
253
253
253
253
253
253
253
253
253
253
254
254
254
253
253
253
253
253
253
253
253
254
254
247
196
129
123
165
247
255
253
253
253
253
253
254
255
213
136
141
234
254
254
254
244
160
138
134
141
226
217
133
121
132
136
130
132
207
255
234
148
133
135
134
135
139
151
222
245
252
254
254
253
253
254
249
247
244
213
145
137
138
132
124
134
136
169
249
254
253
253
253
253
253
253
254
254
199
133
122
167
247
255
250
253
250
254
254
253
254
254
193
130
136
175
196
133
131
163
248
254
254
253
254
250
183
127
127
181
250
255
253
253
253
253
253
253
253
253
253
253
253
253
253
253
253
253
253
253
253
253
253
253
253
253
253
253
253
253
253
253
253
253
253
253
253
253
253
253
253
253
253
254
255
210
141
125
156
241
254
254
253
253
253
253
254
255
212
128
134
226
255
254
245
160
125
125
135
216
255
236
159
146
144
135
131
149
217
255
225
142
126
135
132
136
183
247
254
255
254
254
254
254
253
254
254
255
255
247
188
129
135
135
134
132
128
162
244
255
253
253
253
253
253
253
254
254
198
134
123
161
240
254
254
254
254
254
253
253
254
251
188
129
130
143
142
134
144
235
254
254
253
253
254
250
183
127
126
178
248
254
253
253
253
253
253
253
253
253
253
253
253
253
253
253
253
253
253
253
253
253
253
253
253
253
253
253
253
253
253
253
253
253
253
253
253
253
253
253
253
253
253
254
254
244
178
125
137
189
254
254
253
253
253
253
254
254
213
130
136
229
255
255
188
133
133
142
204
251
254
251
253
235
163
94
124
186
249
255
226
143
127
132
133
170
250
254
254
254
250
253
250
254
254
253
253
254
254
218
142
132
133
140
143
143
132
153
238
254
254
253
253
253
253
253
254
254
217
150
127
136
187
253
254
253
253
253
253
253
254
254
195
140
129
132
130
124
148
237
255
253
253
253
254
250
183
128
126
178
248
254
253
253
253
253
253
253
253
253
253
253
253
253
253
253
253
253
253
253
253
253
253
253
253
253
253
253
253
253
253
253
253
253
253
253
253
253
253
253
253
253
253
253
255
252
185
127
125
177
248
254
253
253
253
253
254
255
221
141
142
229
255
247
178
120
146
233
254
254
254
254
254
236
104
86
102
192
255
255
226
143
126
139
159
248
254
254
254
254
232
116
226
250
254
253
253
254
254
213
139
131
132
139
182
182
133
133
181
253
254
253
253
253
253
253
253
254
246
176
124
127
181
248
254
253
253
253
253
253
254
254
243
166
124
104
126
144
178
249
255
255
255
255
255
254
187
130
126
178
248
255
253
253
253
253
253
253
253
253
253
253
253
253
253
253
253
253
253
253
253
253
253
253
253
253
253
253
253
253
253
253
253
254
254
254
254
254
253
253
253
253
253
253
254
249
184
127
126
181
251
255
253
253
253
253
254
254
247
184
133
222
255
218
141
131
168
254
255
254
253
254
254
123
100
83
127
190
254
255
225
144
123
136
227
252
254
254
250
232
91
94
116
253
254
253
253
254
254
248
189
132
129
140
190
190
135
124
178
249
255
253
253
253
253
253
253
255
250
181
128
128
185
251
255
253
253
253
253
253
253
255
249
171
101
96
115
191
234
238
243
241
241
239
247
246
188
131
128
181
254
255
254
254
254
253
253
253
253
253
253
253
253
253
253
253
253
253
253
253
253
253
253
253
253
253
253
253
253
253
253
253
254
254
250
253
250
254
254
253
253
253
253
253
254
254
194
136
125
173
244
254
254
253
253
253
253
254
254
191
130
156
252
213
129
136
231
254
254
253
253
254
252
228
105
116
130
192
254
255
229
146
125
138
173
251
254
254
253
116
94
91
232
250
254
253
253
253
254
254
205
142
127
137
192
203
146
124
169
243
254
254
253
253
253
253
253
254
248
177
126
125
178
245
254
254
253
253
253
253
253
254
254
177
111
96
124
151
160
157
153
151
151
148
152
192
184
127
96
164
236
244
239
245
251
254
253
253
253
253
253
253
253
253
253
253
253
253
253
253
253
253
253
253
253
253
253
253
253
253
253
254
255
254
232
116
226
250
254
253
253
253
253
253
254
254
241
162
124
139
202
254
254
253
253
253
253
254
255
200
131
153
235
209
123
145
238
255
254
253
253
253
255
247
173
123
141
206
253
255
220
152
128
129
156
241
254
254
250
226
116
232
254
254
254
253
253
253
254
254
196
133
125
133
193
240
170
125
138
201
254
254
253
253
253
253
253
254
254
185
137
126
140
206
254
254
253
253
253
253
253
254
254
231
119
94
115
132
131
128
127
128
128
128
133
136
135
95
93
107
148
154
149
186
250
254
253
253
253
253
253
253
253
253
253
253
253
253
253
253
253
253
253
253
253
253
253
253
253
253
253
254
254
234
91
94
116
253
254
253
253
253
253
253
253
255
248
170
124
130
195
254
254
253
253
253
253
254
254
238
161
154
217
158
124
145
234
255
253
253
253
253
255
251
172
126
171
245
237
127
202
144
129
127
154
240
254
254
254
250
253
250
254
254
253
253
253
253
254
254
195
130
90
125
194
245
177
125
131
195
254
254
253
253
253
253
253
254
254
240
158
123
132
199
253
254
253
253
253
253
253
254
254
174
108
95
103
121
132
129
128
128
128
129
129
128
94
92
92
128
129
129
121
167
244
255
254
253
253
253
254
254
254
254
254
253
253
253
253
253
253
253
253
253
253
253
253
253
253
253
96
242
248
119
94
91
232
250
254
253
253
253
253
253
254
255
248
168
124
128
192
247
254
253
253
253
253
254
254
204
138
149
210
153
125
147
236
255
254
253
253
254
254
244
162
135
179
234
101
96
97
143
132
135
163
248
254
253
254
254
254
254
254
253
253
253
253
253
255
246
184
91
87
100
193
243
177
125
127
189
247
254
254
253
253
253
253
253
255
244
164
122
134
204
254
254
253
253
253
253
253
254
252
173
111
98
109
133
153
154
151
152
152
152
155
151
139
101
128
134
136
133
123
105
228
252
254
253
253
254
254
250
253
250
254
254
253
253
253
253
253
253
253
253
253
253
253
253
253
253
96
135
248
231
116
232
254
254
254
253
253
253
253
254
254
254
251
166
141
130
147
221
255
254
254
254
254
254
254
206
139
134
169
202
131
138
232
254
254
253
253
254
250
188
128
155
238
120
103
87
136
132
133
145
231
254
254
253
253
253
253
253
253
253
253
253
253
253
255
251
122
95
87
127
189
250
186
137
128
142
216
254
254
253
253
253
253
253
254
250
168
132
128
195
249
254
253
253
253
253
253
254
254
235
148
118
130
198
243
244
241
241
240
243
243
234
172
130
139
153
147
132
82
95
121
254
254
253
254
254
254
232
116
226
250
254
253
253
253
253
253
253
253
253
253
253
253
253
253
253
96
238
254
252
253
250
254
254
253
253
253
253
254
254
254
235
119
208
144
124
136
213
255
252
253
250
254
254
254
244
169
126
173
211
148
128
157
248
254
255
255
255
217
142
122
160
240
237
125
216
153
133
133
145
231
254
254
253
253
253
253
253
253
253
253
253
253
254
254
240
179
95
124
134
192
253
246
150
121
138
212
254
254
253
253
253
253
253
254
254
234
142
126
145
224
254
254
253
253
253
253
253
254
252
167
132
138
214
255
255
255
255
255
255
255
214
147
129
157
239
244
109
93
96
233
250
254
253
254
250
232
91
94
116
253
254
253
253
253
253
253
253
253
253
253
253
253
253
253
253
253
254
255
254
254
254
254
253
253
253
253
253
254
250
232
92
105
104
155
125
138
220
255
236
116
226
251
254
255
253
179
125
161
235
196
137
139
168
238
251
250
249
196
132
122
160
249
254
255
233
161
130
132
135
167
248
254
253
253
253
253
253
253
253
253
253
253
254
255
220
143
134
133
132
182
255
248
160
123
137
211
253
254
253
253
253
253
253
253
255
240
155
119
139
216
254
254
253
253
253
253
253
254
254
230
135
133
210
255
254
253
253
253
254
253
199
132
121
166
254
255
233
119
233
254
254
254
253
254
253
116
94
91
232
250
254
253
253
253
253
253
253
253
253
253
253
253
253
253
253
253
254
254
253
253
253
253
253
253
253
253
253
254
253
116
94
98
226
157
130
140
212
238
96
94
117
254
253
255
244
185
127
137
190
254
233
143
131
141
162
220
163
141
135
125
156
243
255
255
241
155
129
132
135
167
248
254
253
253
253
253
253
253
253
253
253
253
254
254
212
139
130
137
132
141
218
243
162
122
132
169
240
254
253
253
253
253
253
253
254
235
150
118
142
220
255
254
253
253
253
253
253
254
255
236
145
124
203
250
254
253
253
253
254
254
203
134
121
164
245
255
250
253
250
254
254
253
253
254
250
226
116
232
254
254
254
253
253
253
253
253
253
253
253
253
253
253
253
253
253
253
253
253
253
253
253
253
253
253
253
253
253
254
250
226
116
236
254
232
135
131
209
113
98
93
240
251
236
122
219
172
126
125
185
255
254
174
132
123
128
132
137
131
129
131
168
249
254
255
238
153
128
131
142
229
254
254
253
253
253
253
253
253
253
253
253
253
254
253
210
136
132
137
128
132
207
248
161
134
125
146
230
255
254
253
253
253
253
253
254
244
155
128
132
213
252
254
253
253
253
253
253
253
255
233
146
124
145
229
254
254
253
253
254
254
201
133
121
162
244
255
254
254
254
254
253
253
253
254
254
250
253
250
254
254
253
253
253
253
253
253
253
253
253
253
253
253
253
253
253
253
253
253
253
253
253
253
253
253
253
253
253
254
254
250
253
252
255
232
144
128
145
209
121
236
251
240
93
98
116
189
138
127
182
253
254
248
211
149
141
137
132
132
136
146
236
253
254
255
238
152
128
130
152
234
255
254
253
253
253
253
253
253
253
253
253
254
254
233
144
136
135
136
133
143
215
255
227
140
124
140
224
254
254
253
253
253
253
253
254
253
220
134
127
152
239
254
253
253
253
253
253
253
254
230
145
114
137
220
254
254
253
253
254
254
201
133
121
162
244
255
253
253
253
253
253
253
253
253
254
254
254
254
254
253
253
253
253
253
253
253
253
253
253
253
253
253
253
253
253
253
253
253
253
253
253
253
253
253
253
253
253
253
254
254
254
254
255
226
142
118
153
226
255
254
254
117
94
93
236
236
154
122
179
249
255
254
252
248
237
161
136
125
131
213
253
254
253
255
238
152
129
129
147
231
255
253
253
253
253
253
253
253
253
253
254
254
246
158
134
132
138
133
128
180
246
255
231
146
124
135
166
248
254
253
253
253
253
253
254
255
226
144
119
146
231
254
253
253
253
253
253
253
254
239
155
129
145
224
254
254
253
253
254
254
201
134
121
162
244
255
253
253
253
253
253
253
253
253
253
253
253
253
253
253
253
253
253
253
253
253
253
253
253
253
253
253
253
253
253
253
253
253
253
253
253
253
253
253
253
253
253
253
253
253
253
253
254
234
149
126
138
228
254
255
251
226
116
233
255
251
157
129
187
254
254
254
254
255
254
242
145
127
139
224
255
254
253
255
238
154
127
126
147
230
254
253
253
253
253
253
253
253
253
254
254
247
168
136
132
137
135
132
137
190
254
255
235
147
126
119
149
237
254
253
253
253
253
253
254
254
220
137
110
141
228
254
253
253
253
253
253
253
254
246
210
175
182
229
254
253
253
253
254
255
205
136
122
162
244
255
253
253
253
253
253
253
253
253
253
253
253
253
253
253
253
253
253
253
253
253
253
253
253
253
253
253
253
253
253
253
253
253
253
253
253
253
253
253
253
253
253
253
253
253
253
253
254
249
203
123
123
154
245
254
254
250
253
250
255
249
156
157
235
254
254
253
253
253
254
254
225
142
200
248
254
253
253
255
238
152
126
136
154
240
254
253
253
253
253
253
253
253
254
254
252
183
135
132
136
138
135
138
172
247
254
254
251
210
137
133
161
245
254
253
253
253
253
253
253
254
228
152
138
156
237
254
253
253
253
253
253
253
254
254
224
194
245
253
253
253
253
253
254
249
199
129
122
159
242
255
253
253
253
253
253
253
253
253
253
253
253
253
253
253
253
253
253
253
253
253
253
253
253
253
253
253
253
253
253
253
253
253
253
253
253
253
253
253
253
253
253
253
253
253
253
253
254
254
220
150
139
169
244
254
254
254
254
254
254
252
232
181
247
254
253
253
253
253
254
254
249
246
248
254
254
253
253
255
238
152
126
131
211
253
255
255
255
255
254
254
254
255
254
250
201
140
131
136
140
135
132
151
242
255
254
254
254
247
196
201
244
251
254
253
253
253
253
253
253
254
248
242
234
243
248
254
253
253
253
253
253
253
253
252
248
249
252
254
253
253
253
254
255
225
146
128
134
166
250
254
253
253
253
253
253
253
253
253
253
253
253
253
253
253
253
253
253
253
253
253
253
253
253
253
253
253
253
253
253
253
253
253
253
253
253
253
253
253
253
253
253
253
253
253
253
253
253
253
248
241
235
246
248
254
253
253
253
253
253
254
250
251
248
254
253
253
253
253
253
254
254
254
254
254
253
253
253
255
238
154
126
139
153
232
244
240
239
239
250
254
253
245
228
153
140
136
134
139
140
130
91
155
240
255
253
253
254
253
253
253
254
254
253
253
253
253
253
253
253
254
254
254
254
254
254
254
253
253
253
253
253
253
253
254
254
254
254
253
253
253
253
254
254
217
139
121
145
232
254
254
253
253
253
253
253
253
253
253
253
253
253
253
253
253
253
253
253
253
253
253
253
253
253
253
253
253
253
253
253
253
253
253
253
253
253
253
253
253
253
253
253
253
253
253
253
253
253
254
254
254
255
254
254
254
253
253
253
253
253
253
254
254
254
253
253
253
253
253
253
253
253
253
253
253
253
253
253
255
239
155
127
133
138
146
153
151
151
147
170
237
198
149
141
136
129
133
134
133
127
87
90
117
247
255
253
253
253
254
254
254
254
253
253
253
253
253
253
253
253
253
253
253
253
253
253
253
253
253
253
254
254
254
254
254
253
253
253
253
253
253
253
254
254
219
144
120
153
240
255
254
253
253
253
253
253
253
253
253
253
253
253
253
253
253
253
253
253
253
253
253
253
253
253
253
253
253
253
253
253
253
253
253
253
253
253
253
253
253
253
253
253
253
253
253
253
253
253
253
253
253
253
253
253
253
253
253
253
253
253
253
253
253
253
253
253
253
253
253
253
253
253
253
253
253
253
253
253
255
240
153
122
96
121
120
120
118
117
116
128
131
131
121
119
122
131
134
136
139
98
100
99
236
251
254
253
253
253
253
253
253
253
253
253
253
253
253
253
253
253
253
253
253
253
253
253
253
253
253
254
254
250
253
250
254
254
253
253
253
253
253
253
254
254
218
141
120
151
236
255
253
253
253
253
253
253
253
253
253
253
253
253
253
253
253
253
253
253
253
254
254
254
254
254
253
253
253
253
253
253
253
253
253
253
253
253
253
253
253
253
253
253
253
253
253
253
253
253
253
253
253
253
253
253
253
253
253
253
253
253
253
254
254
254
254
254
253
253
253
253
253
253
253
253
253
253
253
253
254
235
143
81
95
108
154
152
151
152
151
148
145
147
149
151
148
149
204
172
172
221
124
233
254
254
254
253
253
253
253
253
253
253
253
253
253
253
253
253
253
253
253
253
253
253
253
253
253
253
254
254
254
232
116
226
250
254
253
253
253
253
253
253
254
254
215
134
111
144
233
254
253
253
253
253
253
253
253
253
253
253
253
253
253
253
253
253
253
253
254
254
250
253
250
254
254
253
253
253
253
253
253
253
253
253
253
253
253
253
253
253
253
253
253
253
253
253
253
253
253
253
253
253
253
253
253
253
253
253
253
253
254
254
250
253
250
254
254
253
253
253
253
253
253
253
253
253
253
253
254
247
113
91
102
233
242
241
240
240
240
240
240
240
240
240
237
245
247
249
253
246
254
250
254
254
253
253
253
253
253
253
253
253
253
253
253
253
253
253
253
253
253
253
253
253
253
253
253
253
254
250
232
91
94
116
253
254
253
253
253
253
253
253
254
254
225
153
139
160
240
254
253
253
253
253
253
253
253
253
253
253
253
253
253
253
253
253
253
254
254
254
232
116
226
250
254
253
253
253
253
253
253
253
253
253
253
253
253
253
253
253
253
253
253
253
253
253
253
253
253
253
253
253
253
253
253
253
253
253
253
254
254
254
232
116
226
250
254
253
253
253
253
253
253
253
253
253
253
253
254
251
230
118
234
254
255
255
255
255
255
255
255
255
255
255
255
255
254
254
254
254
254
254
254
253
253
253
253
253
253
253
253
253
253
253
253
253
253
253
253
253
253
253
253
253
253
253
253
253
254
253
116
94
91
232
250
254
253
253
253
253
253
253
253
254
248
243
233
245
249
254
253
253
253
253
253
253
253
253
253
253
253
253
253
253
253
253
253
254
250
232
91
94
116
253
254
253
253
253
253
253
253
253
253
253
253
253
253
253
253
253
253
253
253
253
253
253
253
253
253
253
253
253
253
253
253
253
253
253
253
254
250
232
91
94
116
253
254
253
253
253
253
253
253
253
253
253
253
253
254
254
250
253
250
254
254
253
253
253
253
253
253
253
253
253
253
253
253
253
253
253
253
253
253
253
253
253
253
253
253
253
253
253
253
253
253
253
253
253
253
253
253
253
253
253
253
253
253
253
254
250
226
116
232
254
254
254
253
253
253
253
253
253
253
254
254
254
254
254
254
254
253
253
253
253
253
253
253
253
253
253
253
253
253
253
253
253
253
254
253
116
94
91
232
250
254
253
253
253
253
253
253
253
253
253
253
253
253
253
253
253
253
253
253
253
253
253
253
253
253
253
253
253
253
253
253
253
253
253
253
254
248
117
93
93
226
248
254
253
253
253
253
253
253
253
253
253
253
253
253
254
254
254
254
254
253
253
253
253
253
253
253
253
253
253
253
253
253
253
253
253
253
253
253
253
253
253
253
253
253
253
253
253
253
253
253
253
253
253
253
253
253
253
253
253
253
253
253
253
254
254
250
253
250
254
254
253
253
253
253
253
253
253
253
253
253
253
253
253
253
253
253
253
253
253
253
253
253
253
253
253
253
253
253
253
253
253
253
254
248
223
111
230
254
254
254
253
253
253
253
253
253
253
253
253
253
253
253
253
253
253
253
253
253
253
253
253
253
253
253
253
253
253
253
253
253
253
253
253
253
253
253
253
96
253
253
253
253
253
253
253
253
253
253
253
253
253
253
253
253
253
253
253
253
253
253
253
253
253
253
253
253
253
253
253
253
253
253
253
253
253
253
253
253
253
253
253
253
253
253
253
253
253
253
253
253
253
253
253
253
253
253
253
253
253
253
253
253
253
253
253
253
253
253
253
253
253
253
253
253
253
253
253
253
253
253
253
253
253
253
253
253
253
253
253
253
253
253
253
253
253
253
253
253
253
253
253
253
253
253
253
253
253
253
253
253
253
253
253
253
253
