248
248
248
248
248
248
248
248
248
248
248
248
248
248
248
248
248
248
248
248
248
248
248
248
248
248
248
248
248
248
248
248
248
248
248
248
248
248
248
248
248
248
248
248
248
248
248
248
248
248
248
248
248
248
248
248
248
248
248
248
248
248
248
248
248
248
248
248
248
248
248
248
248
248
248
248
248
248
248
248
248
248
248
248
248
248
248
248
248
248
248
248
248
248
248
248
248
248
248
248
248
248
248
248
248
248
248
248
248
248
248
248
248
248
248
248
248
248
248
248
248
248
248
248
248
248
248
248
248
248
248
248
248
248
248
248
248
248
248
248
248
248
248
248
248
248
248
248
248
248
248
248
248
248
248
248
248
248
248
248
248
248
248
248
248
248
248
248
248
248
248
248
248
248
248
248
248
248
248
248
248
248
248
248
248
248
248
248
248
248
248
248
248
248
248
248
248
248
248
248
248
248
248
248
248
248
248
248
248
248
248
248
248
248
248
248
248
248
248
248
248
248
248
248
248
248
248
248
248
248
248
248
248
248
248
248
248
248
248
248
248
248
248
248
248
248
248
248
248
248
248
248
248
248
248
248
248
248
248
248
248
248
248
248
248
248
248
248
248
248
248
249
254
249
221
91
215
241
250
248
248
248
248
248
248
248
248
248
248
248
248
248
248
248
248
248
248
248
248
248
248
248
248
248
248
248
248
248
248
248
248
248
248
249
250
251
250
249
248
248
248
248
248
248
248
248
248
248
248
248
248
248
248
248
248
248
248
248
248
248
248
248
248
248
248
248
248
248
248
248
248
248
248
248
248
248
248
248
248
248
248
248
248
248
248
248
248
248
248
248
248
248
248
248
248
248
248
248
248
248
248
248
248
248
248
248
248
248
248
248
248
248
248
248
248
248
248
248
248
248
248
248
248
248
248
248
248
248
248
248
248
248
248
248
248
248
248
248
248
248
248
250
243
224
70
73
96
248
251
248
248
248
248
248
248
248
248
248
248
248
248
248
248
248
248
248
248
248
248
248
248
248
248
248
248
248
248
248
248
248
248
248
249
254
243
248
243
254
249
248
248
248
248
248
248
248
248
248
248
248
248
248
248
248
248
248
248
248
248
248
248
248
248
248
248
248
248
248
248
248
248
248
248
248
248
248
248
248
248
248
248
248
248
248
248
248
248
248
248
248
248
248
248
248
248
248
248
248
248
248
248
248
248
248
248
248
248
248
248
248
248
248
248
248
248
248
248
248
248
248
248
248
248
248
248
248
248
248
248
248
248
248
248
248
248
248
248
248
248
248
248
251
248
96
73
70
224
243
250
248
248
248
248
248
248
248
248
248
248
248
248
248
248
248
248
248
248
248
248
248
248
248
248
248
248
248
248
248
248
248
248
249
254
250
224
96
218
243
250
248
248
248
248
248
248
248
248
248
248
248
248
248
248
248
248
248
248
248
248
248
248
248
248
248
248
248
248
248
248
248
248
248
248
248
248
248
248
248
248
248
248
248
248
248
248
248
248
248
248
248
249
250
251
250
249
248
248
248
248
248
248
248
248
248
248
248
248
248
248
248
248
248
249
250
252
254
254
252
250
249
248
248
248
248
248
248
248
248
248
248
248
248
248
248
248
248
248
248
249
249
250
252
244
218
96
224
250
254
249
248
248
248
248
248
248
248
248
248
248
248
248
248
248
248
248
248
248
248
248
248
248
248
248
248
248
248
248
248
248
248
248
250
243
224
70
73
96
248
251
248
248
248
248
248
248
248
248
248
248
248
248
248
248
248
248
248
248
248
248
248
248
248
248
248
248
248
248
248
248
248
248
248
248
248
248
248
248
248
248
248
248
248
248
248
248
248
248
248
248
249
254
243
248
243
254
249
248
248
248
248
248
248
248
248
248
248
248
248
248
248
248
249
251
246
242
235
234
240
243
250
248
248
248
248
248
248
248
248
248
248
248
248
248
248
248
248
248
248
250
242
247
248
255
250
254
249
255
251
249
248
248
248
248
248
248
248
248
248
248
248
248
248
248
248
248
248
248
248
248
248
248
248
248
248
248
248
248
248
248
248
248
253
250
101
78
73
227
246
252
249
248
248
248
248
248
248
248
248
248
248
248
248
248
248
248
248
248
248
248
248
248
248
248
248
248
248
248
248
248
248
248
248
248
248
248
249
251
254
254
254
252
250
249
248
248
248
248
248
249
254
250
224
96
218
243
250
248
248
248
248
248
248
248
248
248
248
248
248
248
248
248
250
246
236
161
158
155
170
240
252
248
249
250
251
250
249
248
248
248
248
248
248
248
248
248
248
249
250
255
242
172
228
241
240
242
239
246
251
255
253
250
248
248
248
248
248
248
248
248
248
248
248
248
248
248
248
248
248
248
248
248
248
248
248
249
249
250
249
249
248
251
255
245
212
91
229
253
255
250
255
252
250
248
248
248
248
248
248
248
248
248
248
248
248
248
248
248
248
248
248
248
248
248
248
248
248
248
248
248
248
248
248
248
249
250
254
245
240
233
236
244
250
255
252
250
249
248
248
250
243
224
70
73
96
248
251
248
248
248
248
248
248
248
248
248
248
248
248
248
248
248
252
240
159
141
140
134
156
234
254
249
254
243
248
243
254
249
248
248
248
248
248
248
248
249
250
253
249
248
221
156
149
163
161
159
163
179
234
236
240
243
250
248
248
248
248
248
248
248
248
248
248
248
248
248
248
248
248
248
248
248
248
248
248
250
244
248
247
253
253
249
243
238
152
162
231
241
172
230
238
242
247
251
249
248
248
248
248
248
248
248
248
248
248
248
248
248
248
248
248
248
248
248
248
248
248
248
248
248
248
248
248
250
253
248
246
231
152
156
165
165
233
236
243
250
255
253
251
253
248
96
73
70
224
243
250
248
248
248
248
248
248
248
248
248
248
248
248
248
248
248
253
234
155
139
148
143
163
238
255
255
250
224
96
218
243
250
248
248
248
248
248
248
249
251
247
245
231
169
154
151
141
143
141
141
142
150
157
160
168
243
254
249
248
248
248
248
248
248
248
248
248
248
248
248
248
249
250
250
248
248
248
248
248
251
239
187
227
245
254
247
162
85
136
146
159
156
155
153
159
171
238
249
250
248
248
248
248
248
248
248
248
248
248
248
248
248
248
248
248
248
248
248
248
248
248
248
248
248
248
248
250
246
244
232
168
153
148
138
141
150
155
161
165
232
238
235
241
249
245
218
96
224
250
254
249
248
248
248
248
248
248
248
248
248
248
248
248
248
248
248
251
244
178
151
147
145
154
233
251
246
224
70
73
96
248
251
248
248
248
248
248
249
251
248
237
165
153
150
143
147
148
149
151
150
149
148
145
138
147
231
250
251
248
248
248
248
248
248
248
248
248
248
248
248
249
254
243
241
248
248
248
248
249
254
236
168
147
181
242
227
73
62
80
145
146
144
144
144
140
145
179
246
253
249
248
248
248
248
248
248
248
248
248
248
248
248
248
248
248
248
248
248
248
248
248
248
248
248
248
249
253
244
183
157
149
143
149
150
150
148
145
141
149
153
163
156
182
243
255
243
248
243
254
249
248
248
248
248
248
248
248
248
248
248
248
248
248
248
248
248
250
251
234
157
144
148
149
166
251
254
97
73
70
224
243
250
248
248
248
248
248
251
250
240
152
145
144
147
150
148
149
145
146
149
149
150
152
147
147
148
236
246
249
248
248
248
248
248
248
248
248
248
248
249
254
250
224
98
248
248
248
248
250
249
231
150
135
158
226
100
75
68
139
145
148
146
149
150
148
143
154
233
250
251
249
248
248
248
248
248
248
248
248
248
248
248
248
248
248
248
248
248
248
248
248
248
248
248
248
251
250
233
152
141
149
149
150
150
148
149
149
148
147
145
141
136
159
236
254
250
251
250
249
248
248
248
248
248
248
248
248
248
248
248
248
248
248
248
248
248
249
255
235
155
139
149
143
151
233
243
220
96
224
250
254
249
248
248
248
248
250
247
238
157
148
145
150
151
148
141
148
157
158
151
142
147
150
148
141
152
176
250
251
248
248
248
248
248
248
248
248
248
248
250
243
224
70
71
74
248
248
248
251
241
161
146
144
157
151
141
77
137
148
159
153
152
141
143
145
144
150
163
240
249
250
248
248
249
250
251
250
249
248
248
248
248
248
248
249
251
254
255
255
253
250
249
248
248
251
249
240
157
150
146
150
148
146
142
142
146
149
150
147
151
150
141
162
235
254
248
248
248
248
248
248
248
248
248
248
248
248
248
248
248
248
248
248
248
248
248
248
253
241
156
148
148
149
148
166
251
248
248
243
254
249
248
248
248
248
248
253
241
166
146
146
150
150
146
152
152
166
235
236
171
155
150
144
149
146
146
227
242
251
248
248
248
248
248
248
248
248
248
248
251
248
96
73
71
248
248
248
248
251
241
163
147
145
149
150
145
145
150
168
187
233
180
162
166
156
149
140
146
177
243
251
248
249
254
243
248
243
254
249
248
248
248
248
248
251
244
237
232
233
246
247
251
249
250
248
240
159
148
144
149
146
145
150
157
163
177
193
162
149
141
140
138
160
238
253
248
248
248
248
248
248
248
248
248
248
248
248
248
248
248
248
248
248
248
248
248
248
250
248
231
153
145
149
140
157
236
255
251
250
249
248
248
248
248
248
248
254
233
158
141
149
149
147
151
163
234
245
250
251
246
233
162
149
147
147
152
171
248
254
249
248
248
248
248
248
248
248
248
248
250
243
218
96
218
248
248
248
248
250
250
232
154
143
149
149
149
155
165
236
250
246
245
237
239
236
160
151
139
161
239
254
250
254
250
224
96
218
243
250
248
248
248
248
249
255
243
149
89
145
160
238
246
251
253
245
175
148
145
149
146
150
154
180
234
239
241
244
236
167
159
160
154
202
244
251
248
248
248
248
248
248
248
248
248
248
248
248
248
248
248
248
248
248
248
248
248
248
249
255
239
163
142
150
143
163
239
255
249
248
248
248
248
249
250
252
253
255
240
157
142
150
148
140
155
235
253
254
251
251
254
250
243
166
152
146
142
154
231
248
250
248
248
248
248
248
248
248
248
248
249
254
243
248
241
248
248
248
248
249
255
238
155
141
148
146
152
170
242
250
253
251
252
253
255
253
236
155
140
155
232
249
253
243
224
70
73
96
248
251
248
248
248
248
250
245
216
68
60
74
142
165
242
254
250
233
156
144
147
147
148
158
234
248
251
255
253
254
249
242
235
235
237
243
248
249
248
248
248
248
248
248
248
248
248
248
248
248
248
248
248
248
248
248
248
248
248
249
250
255
241
163
142
151
144
155
232
249
250
248
248
248
248
250
244
241
231
250
234
169
141
144
150
153
186
244
253
249
248
248
249
251
251
233
153
141
146
149
166
245
254
249
248
248
248
248
248
248
248
248
248
249
250
251
250
248
248
248
248
248
253
245
174
150
148
146
162
236
253
251
249
248
248
248
249
255
237
159
138
148
165
243
255
248
96
73
70
224
243
250
248
248
248
248
251
250
103
79
66
139
137
159
235
255
244
178
147
146
147
151
160
241
250
253
250
249
248
249
250
252
254
254
253
251
249
248
248
248
248
248
248
248
248
248
248
248
248
248
248
248
248
248
248
248
248
249
250
254
248
249
227
157
143
150
147
148
164
244
252
248
248
248
248
252
240
167
153
173
227
163
140
150
159
234
244
246
250
248
248
248
248
248
254
246
166
149
146
143
152
231
248
250
248
248
248
248
248
248
248
248
248
248
248
248
248
248
248
248
248
248
251
242
227
149
148
144
169
240
255
248
248
248
248
248
248
252
241
158
147
139
161
237
255
244
219
98
229
255
255
255
252
250
249
248
250
245
218
88
134
152
145
161
237
255
235
157
141
147
143
152
233
251
251
249
248
248
248
248
248
248
248
248
248
248
248
248
248
248
248
248
248
248
248
248
248
248
248
248
248
248
248
248
248
250
253
255
249
246
231
167
154
154
148
150
150
140
160
237
254
249
248
248
248
254
234
155
132
152
165
153
138
151
233
251
253
250
249
248
248
248
248
248
250
248
231
154
144
146
148
165
243
252
248
248
248
248
248
248
248
248
248
248
248
248
248
248
248
248
248
248
251
251
174
157
145
143
160
237
254
248
248
248
248
248
248
250
249
232
154
138
155
232
252
255
249
251
241
246
237
234
243
249
254
250
250
255
240
174
143
152
142
160
236
255
236
159
141
148
149
168
246
253
249
248
248
248
248
248
248
248
248
248
248
248
248
248
248
248
248
248
248
248
248
248
248
248
248
248
248
248
248
248
250
243
240
236
233
165
151
148
140
147
145
149
148
145
157
234
251
250
248
248
248
254
236
162
141
151
151
147
148
168
246
254
249
248
248
248
248
248
248
248
249
254
246
169
149
147
138
158
234
254
248
248
248
248
248
248
248
248
248
248
248
248
248
248
248
248
248
248
249
248
230
153
144
141
160
236
254
248
248
248
248
248
248
249
255
240
164
140
149
166
246
251
245
238
190
164
160
159
167
231
246
249
255
255
246
184
148
149
139
157
237
255
239
163
143
144
155
232
250
250
248
248
248
248
248
248
248
248
248
248
248
248
248
248
248
248
248
248
248
248
248
248
248
248
248
248
248
248
249
250
255
245
171
158
151
143
134
153
151
164
151
160
148
147
149
178
244
251
248
248
248
254
234
158
139
151
150
144
156
235
251
251
248
248
248
248
248
248
248
248
248
250
249
232
155
144
143
164
242
255
250
249
248
248
248
248
248
248
248
248
248
248
248
248
248
248
248
248
249
255
238
162
143
143
161
236
254
248
248
248
248
248
248
249
255
235
151
137
143
160
242
250
174
156
151
143
142
142
150
153
168
234
239
241
231
160
146
146
149
172
246
253
232
153
144
141
160
238
255
249
248
248
249
250
251
250
249
248
248
248
248
248
248
248
248
248
248
248
248
248
248
248
248
248
248
248
248
249
251
246
245
223
154
134
147
155
168
168
209
93
198
153
148
149
142
159
236
253
248
248
248
252
242
162
146
144
149
146
157
235
251
251
248
248
248
248
248
248
248
248
248
248
255
236
159
140
142
157
223
244
242
250
248
248
248
248
248
248
248
248
248
248
248
248
248
248
248
248
248
254
237
162
141
141
161
236
254
248
248
248
248
248
249
254
253
223
89
129
140
167
240
240
150
139
145
148
150
145
144
140
153
154
163
163
156
156
147
144
156
233
254
246
165
147
144
149
169
243
252
248
248
249
254
243
248
243
254
249
248
248
248
248
248
248
248
248
248
248
248
248
248
248
248
248
248
248
248
249
247
235
161
153
153
140
156
231
234
220
71
89
90
167
147
147
143
162
239
255
249
248
248
250
246
239
156
150
148
147
151
173
246
253
249
248
248
248
248
248
248
248
248
248
253
241
161
144
143
151
149
155
239
251
248
248
248
248
248
248
248
248
248
248
248
248
248
248
248
248
248
253
235
160
141
140
159
236
254
248
248
248
248
248
250
243
225
76
70
77
142
163
229
168
151
144
146
159
157
143
78
132
141
140
134
137
141
148
149
143
164
240
255
235
160
139
141
153
231
249
250
248
249
254
250
224
96
218
243
250
248
248
248
248
248
248
248
248
248
248
248
248
248
248
248
248
248
248
248
250
252
181
153
138
144
147
173
252
255
102
76
76
221
167
153
146
143
154
232
249
250
248
248
249
251
250
234
154
145
148
144
157
232
251
252
251
251
251
251
250
249
248
248
248
250
247
239
159
149
142
144
172
241
252
248
248
248
248
248
248
248
248
248
248
248
248
248
248
248
248
248
253
246
175
150
141
164
239
255
249
248
248
248
248
251
248
96
77
74
151
146
153
151
155
143
152
160
174
208
69
70
91
177
167
166
155
151
145
148
142
162
237
255
237
162
139
149
167
246
254
248
248
250
243
224
70
73
96
248
251
248
248
248
248
248
248
248
248
248
248
248
248
248
248
248
248
248
248
248
253
245
228
147
142
151
172
240
249
245
218
96
227
251
241
158
144
148
148
163
242
252
248
248
248
249
253
246
180
148
145
146
152
180
253
249
250
250
250
249
243
254
249
248
248
249
251
251
235
155
143
151
232
247
254
249
248
248
248
248
248
248
248
248
248
248
248
248
248
248
248
248
252
244
230
149
141
154
233
250
250
248
248
248
248
250
243
218
98
224
236
156
113
143
152
144
158
233
250
98
81
77
226
239
239
239
237
163
153
147
141
161
237
255
237
162
136
156
233
250
253
251
250
253
248
96
73
70
224
243
250
248
248
248
248
248
248
248
248
248
248
248
248
248
248
248
248
248
248
250
248
240
163
150
150
174
244
250
252
255
243
248
244
255
241
163
142
148
141
156
234
254
248
248
248
248
250
249
240
169
150
145
144
164
234
227
106
221
219
100
218
243
250
248
248
248
249
255
239
164
141
153
162
240
247
250
248
248
248
248
248
248
248
248
248
248
248
248
248
248
248
248
253
243
167
150
145
148
165
243
252
248
248
248
248
249
254
243
249
251
250
155
105
139
150
143
164
244
254
220
97
225
252
255
254
255
250
232
150
146
143
163
239
255
239
163
137
165
241
255
244
248
243
255
245
218
96
224
250
254
249
248
248
248
248
248
248
248
248
248
248
248
248
248
248
248
248
248
248
252
243
169
147
141
161
238
254
251
249
249
250
251
250
253
245
185
152
147
141
161
236
254
248
248
248
248
249
251
250
242
165
148
144
153
162
78
71
73
70
78
96
248
251
248
248
248
248
254
236
161
139
144
146
160
241
252
248
248
248
248
248
248
248
248
248
248
248
248
248
248
248
248
253
232
151
137
147
140
160
236
254
249
248
248
248
248
249
250
251
255
244
158
104
109
148
142
158
236
255
243
248
243
254
249
248
253
245
181
152
144
152
191
248
252
233
157
136
162
245
255
224
96
218
245
255
243
248
243
254
249
248
248
248
248
248
248
248
248
248
248
248
248
248
248
248
248
248
248
248
253
233
158
139
143
157
233
251
250
248
248
248
248
248
250
251
235
160
144
141
161
236
254
248
248
248
248
248
249
251
249
242
161
151
147
77
77
79
75
69
73
224
243
250
248
248
248
248
253
235
158
142
148
140
161
237
255
249
248
248
248
248
248
248
248
248
248
248
248
248
248
248
248
253
241
156
147
148
143
156
231
249
249
248
248
248
248
248
248
248
254
242
169
101
107
144
143
147
233
255
250
251
250
249
248
248
253
234
154
140
141
157
236
255
245
165
149
139
166
230
233
70
73
96
248
253
250
251
250
249
248
248
248
248
248
248
248
248
248
248
248
248
248
248
248
248
248
248
248
248
252
243
164
149
142
156
182
251
250
248
248
248
248
248
248
255
238
163
143
141
161
236
254
248
248
248
248
248
248
248
251
251
232
154
139
133
87
216
218
107
226
250
254
249
248
248
248
248
251
244
179
150
148
146
153
233
249
250
248
248
248
248
248
248
248
248
248
248
248
248
248
248
248
250
248
232
155
145
145
158
182
251
250
248
248
248
248
248
248
248
254
242
158
103
103
142
148
167
241
253
248
248
248
248
248
248
252
243
168
147
137
160
237
255
234
158
139
140
161
235
105
73
70
224
243
250
248
248
248
248
248
248
248
248
248
248
248
248
248
248
248
248
248
248
248
248
248
248
248
248
250
249
232
155
137
157
234
251
250
248
248
248
248
248
248
253
236
156
142
141
161
236
254
248
248
248
248
248
248
248
249
254
246
166
152
142
156
186
247
254
244
254
249
248
248
248
248
248
250
251
234
159
144
148
147
166
243
252
248
248
248
248
248
248
248
248
248
248
248
248
248
248
248
249
255
239
165
143
142
156
231
249
249
248
248
248
248
248
248
248
254
241
157
103
101
105
156
238
251
251
248
248
248
248
248
248
250
250
233
155
136
163
239
255
236
160
143
139
161
230
226
96
224
250
254
249
248
248
248
248
248
248
248
248
248
248
248
248
248
248
248
248
248
248
248
248
248
248
248
248
249
255
239
163
137
155
235
251
250
248
248
248
248
248
248
252
244
177
149
139
163
239
255
249
248
248
248
248
248
248
248
250
248
231
153
143
147
165
237
254
252
249
248
248
248
248
248
248
249
255
238
164
142
146
135
152
231
253
248
248
248
248
248
248
248
248
248
248
248
248
248
248
248
248
255
239
165
143
144
166
241
255
249
248
248
248
248
248
248
248
254
239
160
103
98
106
150
239
251
251
248
248
248
248
248
248
249
255
239
163
138
156
235
255
241
164
144
141
161
243
251
248
243
254
249
248
248
248
248
248
248
248
248
248
248
248
248
248
248
248
248
248
248
248
248
248
248
248
248
248
248
254
235
158
136
148
172
243
252
248
248
248
248
248
248
250
252
232
151
137
154
233
250
250
248
248
248
248
248
248
248
249
254
246
167
148
145
151
179
245
251
248
248
248
248
248
248
248
248
253
235
159
137
151
150
171
241
252
248
248
248
248
248
248
248
248
248
248
248
248
248
248
248
249
248
231
154
143
144
155
233
249
250
248
248
248
248
248
248
249
255
245
153
107
103
106
143
169
247
254
249
248
248
248
248
248
248
255
239
164
139
145
172
243
237
157
146
143
159
239
255
252
250
249
248
248
248
248
248
248
248
248
248
248
248
248
248
248
248
248
248
248
248
248
248
248
248
248
248
248
248
252
243
165
147
140
167
239
255
249
248
248
248
248
248
249
255
238
154
140
148
166
243
252
248
248
248
248
248
248
248
248
250
248
229
151
141
142
165
239
254
248
248
248
248
248
248
248
248
253
246
195
161
170
228
247
243
250
248
248
248
248
248
248
248
249
249
248
248
248
248
248
248
250
250
175
156
145
147
149
167
242
252
248
248
248
248
248
248
250
243
217
116
97
101
109
110
154
241
255
255
255
251
249
248
248
250
250
233
158
140
147
167
238
170
148
147
144
157
236
253
250
248
248
248
248
248
248
248
248
248
248
248
248
248
248
248
248
248
248
248
248
248
248
248
248
248
248
248
248
248
250
249
232
155
141
156
232
248
250
248
248
248
248
248
248
254
233
167
138
138
158
234
254
248
248
248
248
248
248
248
248
249
254
246
166
149
141
155
233
249
251
251
255
255
255
255
255
255
255
245
225
188
165
232
255
250
249
248
248
249
250
251
250
250
254
249
248
248
248
248
248
248
249
248
230
153
144
149
140
160
235
254
248
248
248
248
248
248
251
245
120
96
84
97
93
98
130
141
220
221
235
249
255
255
255
255
254
181
157
149
163
249
246
172
149
156
154
150
181
246
255
249
248
248
248
248
248
248
248
248
248
248
248
248
248
248
248
248
248
248
248
248
248
248
248
248
248
248
248
248
249
255
238
161
139
147
157
244
254
249
248
248
248
248
248
254
244
158
152
140
161
236
255
251
255
255
255
255
255
255
255
255
255
255
245
163
149
156
175
253
255
246
229
211
212
212
212
212
215
220
116
108
122
238
253
248
248
248
249
254
243
248
245
255
251
236
74
248
248
248
248
248
248
255
240
163
143
150
143
164
241
255
249
248
248
248
248
248
250
238
232
208
137
75
74
80
79
94
97
102
104
220
225
221
221
226
213
142
128
128
142
217
215
139
127
136
139
129
92
227
255
255
255
255
255
255
255
255
255
255
255
255
255
255
255
255
255
255
255
255
255
255
255
255
255
255
255
255
255
255
255
255
255
177
157
147
158
239
255
255
255
255
255
255
255
255
250
237
154
147
170
248
255
246
229
211
212
212
212
212
212
215
219
230
221
150
131
128
142
211
225
221
111
113
114
114
114
114
113
110
219
212
226
238
251
248
248
249
254
250
224
96
221
237
228
88
74
248
248
248
248
248
248
253
236
172
139
149
145
154
231
246
251
248
248
248
248
248
249
251
255
251
169
154
143
108
126
127
125
124
136
94
104
103
104
105
99
95
89
87
100
110
120
104
94
84
84
68
71
84
217
223
216
214
214
215
218
219
219
216
214
212
212
212
212
212
212
212
212
212
212
212
212
212
212
212
212
212
212
212
212
216
211
202
130
127
135
146
219
221
215
214
215
217
220
226
224
153
141
128
142
212
222
219
110
113
114
114
114
114
116
123
113
106
80
84
79
88
95
95
108
104
221
215
212
212
212
212
211
229
246
255
255
251
249
248
248
250
243
224
70
73
101
248
101
78
74
248
248
248
248
248
248
252
245
165
149
147
147
145
151
241
253
248
248
248
248
248
248
248
250
244
242
241
237
197
165
160
154
146
138
128
117
118
119
121
124
130
132
127
137
207
226
210
140
127
72
71
67
85
92
113
117
124
125
117
111
99
107
110
117
114
114
114
114
114
114
114
114
114
114
114
114
114
114
114
114
114
114
114
114
115
119
116
105
93
86
94
97
112
116
124
128
114
109
102
105
91
87
86
96
104
111
112
218
215
212
212
212
212
216
207
186
55
57
82
145
139
129
127
123
221
252
255
255
255
255
255
255
255
251
249
248
248
248
248
248
251
248
96
73
70
228
237
221
95
248
248
248
248
248
248
248
251
249
234
155
145
147
145
162
240
252
248
248
248
248
248
248
248
249
250
252
255
253
246
242
232
165
161
165
166
167
166
167
170
163
156
145
151
175
253
255
253
181
153
139
88
133
137
129
134
198
204
204
198
136
120
132
205
219
212
212
212
212
212
212
212
212
212
212
212
212
212
212
212
212
212
212
212
212
212
214
221
206
136
123
129
128
139
200
210
207
188
64
115
128
122
67
120
122
136
202
234
246
255
255
255
255
255
255
255
113
86
81
236
235
165
152
149
174
242
255
249
248
248
248
248
248
248
248
248
248
248
248
248
248
250
243
218
96
224
251
255
245
241
248
248
248
248
248
248
248
251
250
234
157
144
144
156
233
251
250
248
248
248
248
248
248
248
248
248
248
248
250
251
254
249
243
235
236
236
236
236
236
238
233
166
155
163
237
248
252
249
234
157
141
151
150
158
154
164
171
180
180
159
166
147
171
248
255
255
255
255
255
255
255
255
255
255
255
255
255
255
255
255
255
255
255
255
255
255
255
255
249
169
158
159
152
164
179
186
169
92
88
87
144
79
74
82
151
174
251
255
253
255
243
248
245
255
248
243
212
104
227
255
249
164
145
143
163
239
255
248
248
248
248
248
248
248
248
248
248
248
248
248
248
249
254
243
248
243
254
250
250
250
248
248
248
248
248
248
248
251
242
163
148
147
143
163
239
255
249
248
248
248
248
248
248
248
248
248
248
248
248
248
249
250
252
254
254
254
254
254
254
255
250
243
232
242
246
251
249
254
242
173
146
150
152
151
148
147
144
142
142
143
146
141
162
238
254
248
248
248
248
248
248
248
248
248
248
248
248
248
248
248
248
248
248
248
248
248
248
251
241
243
222
154
139
146
148
145
77
68
71
136
75
74
76
147
163
238
246
251
254
250
224
98
226
246
229
104
212
243
246
255
239
174
142
144
158
236
252
250
248
248
248
248
248
248
248
248
248
248
248
248
248
248
249
250
251
250
249
248
248
248
248
248
248
248
248
248
248
251
243
175
148
144
138
156
234
254
248
248
248
248
248
248
248
248
248
248
248
248
248
248
248
248
248
248
248
249
250
251
250
250
250
252
253
252
250
249
248
251
245
190
146
138
147
148
150
150
150
150
148
147
146
136
156
233
254
248
248
248
248
248
248
248
248
248
248
248
248
248
248
248
248
248
248
248
248
248
248
249
251
255
246
168
145
143
142
139
129
75
132
146
145
102
222
239
246
248
251
251
243
224
70
76
91
224
74
74
101
254
255
255
239
159
143
145
151
194
245
251
248
248
248
248
248
248
248
248
248
248
248
248
248
248
248
248
248
248
248
248
248
248
248
248
248
248
248
248
249
252
254
234
151
144
149
170
240
252
248
248
248
248
248
248
248
248
248
248
248
248
248
248
248
248
248
248
249
254
243
248
243
254
249
248
248
248
248
248
248
249
251
238
158
149
153
146
148
146
146
143
150
147
157
147
164
240
252
248
248
248
248
248
248
248
248
248
248
248
248
248
248
248
248
248
248
248
248
248
248
248
248
250
246
239
191
160
161
164
160
161
157
172
230
247
248
255
253
250
249
251
248
96
73
74
224
91
76
71
233
237
250
248
249
173
147
145
143
161
238
253
248
248
248
248
248
248
248
248
248
248
248
248
248
248
248
248
248
248
248
248
248
248
248
248
248
248
248
249
254
244
253
238
174
161
230
243
243
250
248
248
248
248
248
248
248
248
248
248
248
248
248
248
248
248
248
249
254
250
224
96
218
243
250
248
248
248
248
248
248
248
251
243
245
223
152
136
150
144
157
150
170
227
174
226
243
243
250
248
248
248
248
248
248
248
248
248
248
248
248
248
248
248
248
248
248
248
248
248
248
248
248
249
251
250
244
238
235
236
237
238
236
244
249
255
251
249
248
248
248
250
243
218
96
228
246
226
100
233
253
233
98
220
245
233
149
137
135
154
232
253
248
248
248
248
248
248
248
248
248
248
248
248
248
248
248
248
248
248
248
248
248
248
248
248
248
248
249
254
250
224
99
213
233
243
248
254
250
249
248
248
248
248
248
248
248
248
248
248
248
248
249
250
251
250
249
250
243
224
70
73
96
248
251
248
248
248
248
248
248
248
249
251
255
244
172
155
166
226
172
228
248
241
251
248
254
250
249
248
248
248
248
248
248
248
248
248
248
248
248
248
248
248
248
248
248
248
248
248
248
248
248
248
248
250
251
253
254
254
254
254
254
252
250
249
248
248
248
248
248
249
254
243
248
245
255
245
250
237
233
71
73
97
254
249
154
148
147
168
240
252
248
248
248
248
248
248
248
248
248
248
248
248
248
248
248
248
248
248
248
248
248
248
248
248
248
248
250
243
224
70
74
99
251
255
250
249
248
248
248
248
248
248
248
248
248
248
248
248
248
249
254
243
248
243
254
253
248
96
73
70
224
243
250
248
248
248
248
248
248
248
248
248
250
244
240
231
245
241
250
246
254
251
251
249
249
248
248
248
248
248
248
248
248
248
248
248
248
248
248
248
248
248
248
248
248
248
248
248
248
248
248
248
248
248
248
248
248
248
248
248
248
248
248
248
248
248
248
248
248
248
249
250
251
250
250
250
255
250
98
73
70
224
246
248
233
165
227
243
244
250
248
248
248
248
248
248
248
248
248
248
248
248
248
248
248
248
248
248
248
248
248
248
248
248
248
248
251
248
96
73
70
224
243
250
248
248
248
248
248
248
248
248
248
248
248
248
248
248
249
254
250
224
96
218
243
253
243
218
96
224
250
254
249
248
248
248
248
248
248
248
248
249
251
254
255
254
253
251
251
250
249
248
248
248
248
248
248
248
248
248
248
248
248
248
248
248
248
248
248
248
248
248
248
248
248
248
248
248
248
248
248
248
248
248
248
248
248
248
248
248
248
248
248
248
248
248
248
248
248
248
248
248
248
248
248
248
250
243
218
96
224
250
255
253
245
248
246
254
250
249
248
248
248
248
248
248
248
248
248
248
248
248
248
248
248
248
248
248
248
248
248
248
248
248
248
248
250
243
218
96
224
250
254
249
248
248
248
248
248
248
248
248
248
248
248
248
248
248
250
243
224
70
73
96
248
253
254
243
248
243
254
249
248
248
248
248
248
248
248
248
249
254
243
248
243
254
249
248
248
248
248
248
248
248
248
249
250
251
250
249
248
248
248
248
248
248
248
248
248
248
248
248
248
248
248
248
248
248
248
249
250
251
250
249
248
248
248
248
248
248
248
248
248
248
248
248
248
248
248
248
248
248
248
248
248
248
249
254
243
248
243
254
249
249
250
250
250
249
248
248
248
248
248
248
248
248
248
248
248
248
248
248
248
248
248
248
248
248
248
248
248
248
248
248
248
248
249
254
243
248
243
254
249
248
248
248
248
248
248
248
248
248
248
248
248
248
248
248
251
248
96
73
70
224
243
250
249
250
251
250
249
248
248
248
248
248
248
248
248
249
254
250
224
96
218
243
250
248
248
248
248
248
248
248
249
254
243
248
243
254
249
248
248
248
248
248
248
248
248
248
248
248
248
248
248
248
248
248
249
254
243
248
243
254
249
248
248
248
248
248
248
248
248
248
248
248
248
248
248
248
248
248
248
248
248
248
248
249
250
251
250
249
248
248
248
248
248
248
248
248
248
248
248
248
248
248
248
248
248
248
248
248
248
248
248
248
248
248
248
248
248
248
248
248
248
248
248
249
250
251
250
249
248
248
248
248
248
248
248
248
248
248
248
248
248
248
248
248
250
241
215
91
221
249
254
249
248
248
248
248
248
248
248
248
248
248
248
248
248
249
249
236
88
78
95
241
250
248
248
248
248
248
248
248
249
249
229
114
229
249
249
248
248
248
248
248
248
248
248
248
248
248
248
248
248
248
248
248
249
249
229
114
229
249
249
248
248
248
248
248
248
248
248
248
248
248
248
248
248
248
248
248
248
248
248
248
248
248
248
248
248
248
248
248
248
248
248
248
248
248
248
248
248
248
248
248
248
248
248
248
248
248
248
248
248
248
248
248
248
248
248
248
248
248
248
248
248
248
248
248
248
248
248
248
248
248
248
248
248
248
248
248
248
248
248
248
248
248
248
248
248
248
248
248
248
248
248
248
248
248
248
248
248
248
248
248
248
248
248
248
248
74
74
74
248
248
248
248
248
248
248
248
248
248
248
248
74
74
74
248
248
248
248
248
248
248
248
248
248
248
248
248
248
248
248
248
248
248
248
248
74
74
74
248
248
248
248
248
248
248
248
248
248
248
248
248
248
248
248
248
248
248
248
248
248
248
248
248
248
248
248
248
248
248
248
248
248
248
248
248
248
248
248
248
248
248
248
248
248
248
248
248
248
248
248
248
248
248
248
248
248
248
248
