247
247
247
247
247
247
247
247
247
247
247
247
247
247
247
247
247
247
247
247
247
247
247
247
247
247
247
247
247
247
247
247
247
247
247
247
247
247
247
247
247
247
247
247
247
247
247
247
247
247
247
247
247
247
247
247
247
247
247
247
247
247
247
247
247
247
247
247
247
247
247
247
247
247
247
247
247
247
247
247
247
247
247
247
247
247
247
247
247
247
247
247
247
247
247
247
247
247
247
247
247
247
247
247
247
247
247
247
247
247
247
247
247
247
247
247
247
247
247
247
247
247
247
247
247
247
247
247
247
247
247
247
247
247
247
247
247
247
247
247
247
247
247
247
247
247
247
247
247
247
247
247
247
247
247
247
247
247
247
247
247
247
247
247
247
247
247
247
247
249
253
248
220
90
214
240
250
247
247
247
247
247
247
247
247
247
247
247
247
247
247
247
247
247
247
247
247
247
247
247
247
247
247
247
247
247
247
247
247
247
247
247
247
247
247
247
247
247
247
247
247
247
247
247
247
247
249
253
241
247
241
253
249
247
247
247
247
247
247
247
247
247
247
247
248
250
251
252
250
248
247
247
247
247
247
247
247
247
247
247
247
247
247
247
247
247
247
247
247
247
247
247
247
247
247
247
247
247
247
247
247
247
247
247
247
247
247
247
247
247
247
247
247
247
247
247
247
247
247
247
247
247
247
247
247
247
247
247
247
247
247
247
247
247
247
247
247
247
247
250
241
223
68
72
95
247
252
247
247
247
247
247
247
247
247
247
247
247
249
250
252
250
249
247
247
247
247
247
247
247
247
247
247
247
247
247
247
247
247
247
247
247
247
247
247
247
247
247
247
247
247
247
247
247
247
249
253
250
223
95
217
241
250
247
247
247
247
247
247
248
249
251
252
252
254
249
239
238
241
250
247
247
247
247
247
247
247
247
247
247
247
247
247
247
247
247
247
247
247
247
247
247
247
247
247
247
247
247
247
247
247
247
247
247
247
247
247
247
247
247
247
247
247
247
247
247
247
247
247
247
247
247
247
247
247
247
247
247
247
247
247
247
247
247
247
247
247
247
247
252
247
95
72
68
223
241
250
247
247
247
247
247
247
247
247
247
247
249
253
241
247
241
253
249
247
247
247
247
247
247
247
247
247
247
247
247
247
247
247
247
247
247
247
247
247
247
247
247
247
247
247
247
247
247
247
250
241
223
68
72
95
247
252
247
247
247
247
248
249
253
247
251
240
244
236
232
159
151
236
253
247
247
247
247
247
247
247
247
247
247
247
247
247
247
247
247
247
247
247
247
247
247
247
247
247
247
247
247
247
247
247
247
247
247
247
247
247
247
247
247
247
247
247
247
247
247
247
247
247
247
247
247
247
247
247
247
247
247
247
247
247
247
247
247
247
247
247
247
247
250
241
217
95
223
250
253
249
247
247
247
247
247
247
247
247
247
249
253
250
223
95
218
245
253
250
249
247
247
247
247
247
247
247
247
247
247
247
247
247
247
247
247
247
247
247
247
247
247
247
247
247
247
247
247
247
252
247
95
72
68
223
241
250
247
247
247
247
249
244
242
227
170
225
163
158
154
142
141
233
253
247
247
247
247
247
247
247
247
247
247
247
247
247
247
247
247
247
247
247
247
247
247
247
247
247
247
247
247
247
247
247
247
247
247
247
247
247
247
247
247
247
247
247
247
247
247
247
247
247
247
247
247
247
247
247
247
247
247
247
247
247
247
247
247
247
247
247
247
247
249
253
241
247
241
253
249
247
247
247
247
247
247
247
247
247
247
250
241
223
68
73
103
242
252
241
253
249
247
247
247
247
247
247
247
247
247
247
247
247
247
247
247
247
247
247
247
247
247
247
247
247
247
247
247
247
250
241
217
95
223
250
253
249
247
248
250
252
255
245
176
144
155
146
148
134
141
146
196
243
251
247
247
247
247
247
247
247
247
247
247
247
247
247
247
247
247
247
247
247
247
247
247
247
247
247
247
247
247
247
247
247
247
247
247
247
247
247
247
247
247
247
247
247
247
247
247
247
247
247
247
247
247
247
247
247
247
247
247
247
247
247
247
247
247
247
247
247
247
247
247
249
250
252
250
249
247
247
247
247
247
247
247
247
247
247
247
252
247
95
73
77
227
219
98
217
241
250
247
247
247
247
247
247
247
247
247
247
247
247
247
247
247
247
247
247
247
247
247
247
247
247
247
247
247
247
249
253
241
247
241
253
249
248
250
253
248
242
239
226
152
138
145
142
142
138
138
155
237
251
249
247
247
247
247
247
247
247
247
247
247
247
247
247
247
247
247
247
247
247
247
247
247
247
247
247
247
247
247
247
247
247
247
247
247
247
247
247
247
247
247
247
247
247
247
247
247
247
247
247
247
247
247
247
247
247
247
247
248
249
250
249
248
247
247
247
247
247
247
247
247
247
247
247
247
247
247
247
249
250
252
250
249
247
247
247
247
250
241
217
98
219
227
77
73
95
247
252
247
247
247
247
247
247
247
247
247
247
247
247
248
249
249
249
248
247
247
247
247
247
247
247
247
247
247
247
247
249
250
252
250
249
247
250
244
242
229
163
160
157
151
143
143
149
156
156
150
202
244
252
248
247
247
247
247
247
247
247
247
247
247
247
247
247
249
250
252
250
249
247
247
247
247
247
247
247
247
247
247
247
247
247
247
247
247
247
247
247
247
247
247
247
247
247
247
247
247
247
247
247
247
247
247
247
247
247
247
247
250
242
247
246
253
250
249
250
252
250
249
247
247
247
247
247
247
247
247
249
253
241
247
241
253
249
247
247
247
249
253
241
252
242
103
73
68
223
241
250
247
247
247
247
247
247
247
247
247
248
250
252
254
247
248
247
254
253
252
250
248
247
247
247
247
247
247
247
247
247
247
247
247
247
247
252
238
169
149
147
137
137
148
155
161
167
232
237
235
242
248
249
247
247
247
247
247
247
247
247
248
249
252
253
253
254
255
245
249
245
255
253
253
252
250
248
247
247
247
247
247
247
247
247
247
247
247
247
247
247
247
247
247
247
247
247
247
247
247
247
247
247
247
247
247
247
247
247
247
247
252
236
172
222
241
244
254
241
247
241
253
249
247
247
247
247
247
247
249
253
250
223
95
217
241
250
247
247
247
247
249
250
253
245
218
95
223
250
253
249
247
247
247
247
247
247
247
247
247
249
242
239
235
230
167
230
238
232
238
242
250
247
247
247
247
247
247
247
247
247
247
247
247
247
247
253
232
152
136
144
153
156
170
231
237
242
249
254
253
252
249
248
247
247
247
247
247
247
247
247
249
243
239
233
236
239
239
219
101
216
237
238
233
241
247
253
249
248
247
247
247
247
247
247
247
247
247
247
247
247
247
247
247
247
247
247
247
247
247
247
247
247
247
247
247
247
247
247
247
247
253
230
164
141
169
250
254
224
95
217
241
250
247
247
247
247
247
247
252
245
230
76
79
98
248
252
247
247
247
247
247
247
249
253
241
247
241
254
251
252
252
250
248
247
247
247
247
248
250
254
244
169
158
153
153
152
165
155
163
241
254
248
247
247
247
247
247
247
247
247
247
247
247
247
247
253
235
160
141
143
159
226
249
249
254
252
250
248
247
247
247
247
247
247
247
247
247
247
247
247
252
237
167
154
162
159
152
74
78
85
163
164
161
163
230
244
246
251
248
247
247
247
247
247
247
247
247
247
247
247
247
247
247
247
247
247
247
247
247
247
247
247
247
247
247
247
247
247
247
248
254
237
162
132
152
224
229
76
78
100
250
252
247
247
247
247
247
249
255
242
98
53
65
210
245
250
247
247
247
247
247
247
247
249
250
252
251
252
245
238
239
248
254
252
249
248
248
252
247
246
223
152
137
143
143
142
142
135
150
228
249
249
248
247
247
247
247
247
247
247
247
247
247
247
247
252
238
170
145
142
165
243
255
251
248
247
247
247
247
247
247
247
247
247
247
247
247
247
247
247
252
239
159
140
140
142
76
66
65
134
142
145
140
148
155
174
240
249
251
248
247
247
247
247
247
247
247
247
247
247
247
247
247
247
247
247
247
247
247
247
247
247
247
247
247
247
247
247
247
250
249
232
154
142
154
159
91
70
64
218
243
254
249
248
247
247
247
250
245
210
65
53
98
242
255
249
247
247
247
247
247
247
247
247
247
247
249
250
240
165
151
231
237
239
244
252
253
250
238
166
154
154
147
150
148
150
150
147
150
159
222
246
250
247
247
247
247
247
247
247
247
247
247
247
247
251
246
200
154
141
153
230
248
250
247
247
247
247
247
247
247
247
247
247
247
247
247
247
247
247
249
249
232
154
147
148
135
82
135
147
147
145
146
146
142
149
175
241
247
249
247
247
247
247
247
247
247
247
247
247
247
247
247
247
247
247
247
247
247
247
247
247
247
247
247
247
247
247
248
253
244
166
149
147
148
143
132
79
141
168
238
247
246
252
248
247
247
252
248
98
79
76
230
245
252
247
247
247
247
247
247
247
247
247
247
247
251
244
195
142
145
153
157
166
241
248
242
231
158
145
140
140
140
150
162
153
143
145
144
145
171
244
253
248
247
247
247
247
247
247
247
247
247
247
247
249
253
235
160
142
147
157
241
252
247
247
247
247
247
247
247
247
247
247
247
247
247
247
247
247
248
254
236
158
135
146
138
144
150
162
163
158
152
148
146
147
148
180
242
252
247
247
247
247
247
247
247
247
247
247
247
247
247
247
247
247
247
247
247
247
247
247
247
247
247
247
247
247
249
248
230
152
140
148
146
149
143
147
142
154
153
165
235
246
250
247
247
250
241
217
95
223
250
253
249
247
247
248
249
250
249
248
247
247
247
248
253
240
158
144
145
144
133
146
235
246
169
150
151
141
151
156
156
182
232
179
156
154
146
144
153
232
247
250
247
247
247
247
247
247
247
247
247
247
247
248
253
237
161
142
138
155
232
253
247
247
247
247
247
247
247
247
247
247
247
247
247
247
247
247
247
252
240
170
156
157
163
167
199
236
239
236
177
152
147
148
139
163
236
252
247
247
247
247
247
247
247
247
247
247
247
247
247
247
247
247
247
247
247
247
247
247
247
247
247
247
247
247
252
243
167
148
144
156
154
164
153
153
143
145
142
144
164
244
253
248
247
249
253
241
247
243
255
253
253
253
253
254
246
248
244
252
248
248
247
250
248
231
155
143
149
146
147
161
250
241
159
136
144
151
161
233
238
244
245
248
226
159
143
146
147
159
242
252
247
247
247
247
247
247
247
247
247
247
247
247
253
238
163
143
141
161
237
254
248
247
247
247
247
247
247
247
247
247
247
247
247
247
247
247
247
249
244
240
233
236
234
238
246
253
254
254
235
156
141
150
141
162
236
253
247
247
247
247
247
247
247
247
247
247
247
247
247
247
247
247
247
247
247
247
247
247
247
247
247
247
247
248
254
236
160
139
143
161
223
210
229
170
159
152
146
140
153
230
248
250
247
247
249
250
253
251
245
237
236
236
236
238
228
164
230
248
250
251
248
251
240
165
147
147
149
139
137
230
251
237
157
143
145
157
235
252
254
252
252
254
248
171
151
146
140
159
234
253
247
247
247
247
247
247
247
247
247
247
247
247
253
236
173
141
144
157
233
249
251
250
252
253
253
253
253
253
252
250
248
247
247
247
247
247
247
248
249
253
254
255
255
253
251
248
248
253
244
168
148
146
141
161
236
253
247
247
247
247
247
247
247
247
247
247
247
247
247
247
247
247
247
247
247
247
247
247
247
247
247
247
247
250
248
232
153
142
153
171
244
255
245
246
234
170
150
141
147
165
242
252
247
247
247
248
252
245
204
162
164
163
161
164
153
154
154
199
241
249
253
253
242
162
148
147
147
146
155
246
252
183
149
144
155
189
251
253
248
247
247
252
247
231
150
147
144
161
237
253
248
247
247
247
247
247
247
247
247
247
247
247
254
235
148
141
147
149
170
247
255
248
242
234
236
235
236
234
242
247
253
250
248
247
247
247
247
247
249
253
241
247
241
253
249
247
247
251
250
235
157
144
143
163
236
253
247
247
247
247
247
247
247
247
247
247
247
247
247
247
247
247
247
247
247
247
247
247
247
247
247
247
247
252
241
165
147
143
158
233
249
252
251
253
252
242
160
150
136
159
235
253
248
247
248
251
250
235
154
142
140
141
139
141
143
146
147
150
162
231
244
251
250
231
151
145
143
148
229
253
239
159
143
150
156
234
244
254
249
248
251
254
252
203
153
146
145
154
215
248
250
247
247
247
247
247
247
247
247
247
247
247
253
233
154
138
150
145
151
226
243
231
162
161
164
160
162
160
164
231
244
246
251
248
247
247
247
249
253
250
223
95
218
245
253
250
249
250
251
234
158
145
142
164
236
253
247
247
247
247
247
247
247
247
247
247
247
247
247
247
247
247
247
247
247
247
247
247
247
247
247
247
247
253
234
158
140
142
164
238
254
248
247
248
251
251
234
155
137
157
232
251
248
247
249
247
239
158
149
144
142
150
148
151
142
145
144
142
148
153
168
242
250
206
154
143
147
167
245
255
236
160
144
151
148
93
223
242
252
247
243
240
230
160
146
148
145
142
159
237
252
247
247
247
247
247
247
247
247
247
247
247
252
243
173
154
146
147
154
163
169
155
148
140
142
142
140
140
149
155
167
238
249
252
248
247
247
250
241
223
68
73
103
242
252
241
253
253
243
170
150
148
142
162
235
253
247
247
247
247
247
247
247
247
247
247
247
247
247
247
247
247
247
247
247
247
247
247
247
247
247
247
248
254
239
165
143
141
161
235
253
247
247
247
248
254
240
165
136
158
202
252
248
248
253
245
173
148
143
153
154
170
229
169
152
157
150
152
143
142
146
162
230
169
146
140
149
229
249
254
236
165
138
137
63
73
100
252
255
248
205
163
155
152
143
142
148
149
168
238
252
247
247
247
247
247
247
247
247
247
247
247
249
250
237
158
135
83
137
145
144
145
147
149
150
149
150
148
147
142
145
154
238
245
250
247
247
252
247
95
73
77
227
219
98
217
241
254
234
162
141
149
140
159
236
253
247
247
247
247
247
247
247
247
247
247
247
247
247
247
247
247
247
247
247
247
247
247
247
247
247
247
250
249
233
156
144
142
160
235
253
247
247
247
248
253
235
161
137
157
232
251
249
249
249
230
152
142
139
153
223
249
243
246
228
180
228
167
149
144
142
153
152
154
144
147
164
244
253
254
236
164
142
80
73
80
222
234
241
229
159
143
141
144
150
152
168
229
242
242
249
247
247
247
247
247
247
247
247
247
247
247
248
254
237
153
63
73
83
150
153
150
150
149
148
148
146
144
144
147
147
147
161
242
252
247
247
250
241
217
98
219
227
77
73
95
248
255
238
161
142
148
140
158
233
253
247
247
247
247
247
247
247
247
247
247
247
247
247
247
247
247
247
247
247
247
247
247
247
247
247
249
254
249
172
151
145
149
169
240
252
247
247
247
251
246
200
154
138
164
236
253
251
245
221
159
149
148
149
164
244
255
252
253
246
251
245
242
169
150
145
144
146
146
141
151
231
248
250
253
236
164
141
134
92
233
251
187
160
157
153
144
141
147
157
231
245
247
253
249
248
247
247
247
247
247
247
247
247
247
247
247
247
254
235
92
63
70
139
147
149
145
144
157
151
165
157
175
160
159
147
140
155
237
254
250
252
252
254
241
252
242
103
73
68
224
246
253
234
156
143
147
149
167
242
252
247
247
247
247
247
247
247
249
250
252
250
249
247
247
247
247
247
247
247
247
247
247
247
247
247
250
241
216
136
140
153
163
226
254
253
249
247
248
253
239
171
148
140
161
235
253
252
240
163
144
142
154
208
243
242
250
247
248
249
250
252
248
241
200
159
153
147
146
147
169
245
253
248
253
236
163
147
143
161
233
237
155
138
144
143
150
152
163
239
251
253
250
248
247
249
250
252
250
249
247
247
247
247
247
247
247
247
252
239
155
79
134
149
146
151
159
171
168
208
87
206
238
235
159
135
76
151
239
255
242
247
241
254
252
253
245
218
95
223
252
253
240
161
152
147
153
166
250
255
255
254
252
252
252
250
249
249
253
241
247
241
253
249
247
247
247
247
247
247
247
247
247
247
247
247
252
248
114
94
131
132
138
206
235
247
255
255
255
255
243
164
150
146
165
237
254
254
237
161
140
141
158
237
254
250
248
247
247
247
247
248
250
250
250
231
159
144
143
155
232
249
249
247
253
234
158
142
147
155
162
161
153
145
143
147
156
232
243
246
252
248
247
247
249
253
241
247
241
253
249
247
249
250
252
250
249
247
250
251
234
153
139
152
158
173
236
232
219
70
82
103
255
241
151
62
66
89
240
253
226
95
217
241
250
250
255
252
255
254
255
253
172
155
152
155
146
190
211
217
209
225
243
245
247
241
254
254
250
223
95
217
241
250
247
247
247
247
247
247
247
247
247
247
247
247
252
235
216
132
85
81
96
102
114
217
214
212
213
215
173
136
128
124
151
238
255
255
242
161
148
158
178
254
255
255
255
255
255
255
255
255
254
252
255
239
165
142
142
162
238
254
248
247
252
242
164
148
147
146
145
142
142
150
152
163
238
250
253
250
248
247
247
249
253
250
223
95
217
241
250
249
253
241
247
241
253
249
248
252
248
223
163
172
232
245
252
254
105
85
83
238
255
255
110
80
74
148
166
229
83
84
109
255
255
255
247
232
215
216
221
208
140
127
132
128
141
103
116
115
110
129
244
228
95
217
245
245
223
68
72
95
247
252
247
247
247
247
247
247
247
247
247
247
247
247
253
246
174
148
138
135
131
213
221
108
112
114
116
117
105
97
85
90
98
219
224
219
145
133
125
130
201
212
215
212
212
212
212
212
212
210
229
245
255
248
165
149
148
171
247
255
255
255
255
255
245
164
152
155
165
162
167
171
247
255
255
255
255
255
255
255
255
255
253
235
79
84
109
255
255
255
253
227
100
227
253
255
255
255
255
255
253
254
255
255
255
255
215
77
187
215
224
211
189
66
120
133
139
72
56
52
185
207
215
214
217
108
113
118
116
104
94
88
88
89
98
216
217
212
212
218
212
72
72
95
252
252
95
72
68
223
241
250
247
247
247
247
247
247
247
247
247
247
247
248
254
236
160
143
150
162
240
254
247
229
210
212
215
212
205
133
124
143
217
113
108
94
92
83
93
105
115
118
115
114
114
114
114
114
114
112
108
218
222
209
140
129
129
137
207
218
212
212
213
219
208
137
127
131
140
196
135
201
216
219
215
213
212
212
212
212
212
217
209
75
51
51
185
207
215
218
212
76
60
72
209
217
212
214
218
225
228
226
219
214
214
222
212
108
107
122
117
124
106
99
84
93
83
84
81
104
112
122
116
112
108
218
218
214
203
132
127
128
134
156
233
250
255
255
255
254
100
73
68
223
245
245
217
95
223
250
253
249
247
247
247
247
247
247
247
247
247
247
247
250
249
232
156
144
145
168
242
255
252
254
255
255
255
253
179
158
146
171
236
229
133
124
131
128
143
210
220
213
212
212
212
212
212
212
212
214
217
111
112
102
93
88
84
96
104
118
114
114
114
117
113
102
92
87
97
100
114
114
119
115
114
114
114
114
114
114
114
117
104
96
83
103
112
122
116
121
89
82
62
97
103
117
116
122
112
102
82
95
103
117
114
113
112
222
217
214
212
216
217
163
137
132
132
146
216
227
217
214
212
210
229
248
255
252
171
160
152
156
168
247
253
252
249
247
250
241
217
95
223
250
254
254
241
247
241
253
249
247
247
247
247
247
247
247
247
247
247
247
247
252
242
164
148
145
145
178
239
253
247
247
247
247
253
234
155
140
140
162
248
252
175
150
155
150
174
249
255
255
255
255
255
255
255
255
255
255
246
236
207
139
127
130
132
140
212
216
212
212
212
213
219
207
139
125
128
142
210
219
214
212
212
212
212
212
212
212
212
214
219
219
223
219
219
214
212
218
205
102
212
227
217
214
215
207
185
51
51
75
209
217
212
210
229
245
255
255
255
255
255
246
166
149
147
170
247
255
255
255
255
255
254
255
246
166
148
145
148
159
239
249
251
248
247
247
249
253
241
247
241
253
249
249
250
252
250
249
247
247
247
247
247
247
247
247
247
247
247
247
247
253
233
157
140
145
152
187
246
251
247
247
247
248
253
237
161
143
140
159
242
244
167
143
150
141
164
235
253
247
247
247
247
247
247
247
247
249
253
254
242
164
150
158
167
248
254
255
255
255
255
255
255
253
174
156
150
164
229
255
255
255
255
255
255
255
255
255
255
255
255
254
228
254
255
255
255
255
247
250
247
255
255
255
255
255
109
84
79
235
253
255
255
255
254
252
249
247
247
249
250
233
157
141
150
170
243
252
247
247
247
248
249
249
230
152
140
143
154
216
249
252
248
247
247
247
247
249
250
252
250
249
247
247
247
247
247
247
247
247
247
247
247
247
247
247
247
247
247
247
247
254
238
163
144
144
154
233
248
249
247
247
247
250
247
215
154
143
149
165
251
241
161
144
151
144
160
238
253
247
247
247
247
247
247
247
247
247
252
243
166
150
142
156
234
252
252
248
247
247
247
247
249
248
230
151
139
147
159
239
249
252
248
247
247
247
247
247
248
252
250
230
167
229
247
250
247
249
250
252
250
249
247
247
250
241
217
95
223
250
253
249
247
247
247
247
247
247
247
249
250
183
157
139
155
233
250
250
247
247
248
252
247
224
161
150
141
147
166
243
252
251
252
253
253
252
250
248
247
247
247
247
247
247
247
247
247
247
247
247
247
247
247
247
247
247
247
247
247
247
247
248
232
155
142
142
162
237
254
247
247
247
247
252
239
161
146
143
155
232
254
239
161
140
150
145
183
237
253
247
247
247
247
247
247
247
247
248
254
237
161
140
141
163
243
255
254
252
249
247
247
247
248
253
244
162
144
142
149
160
239
249
252
248
247
248
249
251
253
249
239
153
152
171
242
252
247
247
247
247
247
247
247
247
249
253
241
247
241
253
249
247
247
247
247
247
247
247
247
249
250
234
157
136
161
237
254
248
248
250
253
252
238
156
146
143
150
161
240
249
254
249
244
235
232
239
242
250
247
247
247
247
247
247
247
247
247
247
247
247
247
247
247
247
247
247
247
247
247
247
247
242
167
149
142
146
172
242
252
247
247
247
247
253
234
160
138
140
159
237
255
237
161
143
151
146
169
240
253
247
247
247
247
247
247
247
247
249
249
233
155
142
145
167
236
240
233
245
253
249
247
247
247
250
246
238
158
150
143
149
159
240
252
254
254
255
245
250
242
242
153
147
137
162
238
254
248
247
247
247
247
247
247
247
247
249
250
252
250
249
247
247
247
247
247
247
247
247
247
250
251
234
156
138
164
237
253
247
250
242
242
231
160
147
144
141
155
237
255
252
245
231
179
162
154
165
239
252
247
247
247
247
247
247
247
247
247
247
247
247
247
247
247
247
247
247
247
247
247
247
247
232
157
137
144
151
234
247
249
247
247
247
247
253
235
161
141
150
167
244
255
241
161
143
148
145
163
236
253
247
247
247
247
247
247
247
248
253
246
173
151
145
158
201
228
94
87
222
241
250
247
247
247
248
252
251
232
152
140
144
147
159
233
238
238
241
230
164
227
161
148
144
145
156
232
249
250
247
247
247
247
247
247
247
247
247
247
247
247
247
247
247
247
247
247
247
247
247
248
253
245
169
148
137
172
234
253
247
252
239
173
150
150
142
157
162
177
238
245
233
169
156
151
143
133
157
233
253
247
247
247
247
247
247
247
247
247
247
247
247
247
247
247
247
247
247
247
247
247
247
247
242
165
139
145
197
247
252
248
247
247
247
247
253
235
161
139
147
227
243
255
242
169
77
136
140
164
239
254
248
247
247
247
247
247
247
250
248
231
152
145
145
148
212
86
54
63
98
247
252
247
247
247
247
248
253
243
163
146
145
145
150
155
162
164
184
155
158
149
153
146
149
146
144
161
239
251
247
247
247
247
247
247
247
247
247
247
247
247
247
247
247
247
247
247
247
247
248
251
250
233
154
140
149
160
243
252
248
254
236
161
139
147
147
155
221
229
165
166
156
151
143
144
144
136
155
232
253
247
247
247
247
247
247
247
247
247
247
247
247
247
247
247
247
247
247
247
247
247
247
247
246
235
159
163
239
250
248
247
247
247
247
247
253
232
155
132
141
160
244
250
221
75
69
83
145
157
234
252
252
248
247
247
247
247
247
252
242
167
147
147
143
156
86
72
53
79
225
241
250
247
247
247
247
247
250
246
237
158
148
143
146
143
142
144
144
146
147
147
149
148
144
149
149
159
238
251
247
247
247
247
247
247
247
247
247
247
247
247
247
247
247
247
247
247
247
248
251
249
242
165
150
140
150
229
247
251
249
251
233
159
146
153
147
154
168
164
153
143
143
141
139
147
154
158
170
240
252
247
247
247
247
247
247
247
247
247
247
247
247
247
247
247
247
247
247
247
247
247
247
247
252
246
238
238
245
251
248
247
247
247
247
247
252
239
168
154
149
166
242
252
98
72
61
137
144
152
158
238
250
253
252
250
248
248
249
255
238
159
141
147
151
156
216
93
90
230
250
253
249
247
247
247
247
247
248
252
249
239
156
146
143
147
148
149
148
148
150
148
148
145
149
159
214
239
243
249
247
247
247
247
247
247
247
247
247
247
247
247
247
247
247
247
247
247
247
249
246
237
161
148
142
148
171
246
253
251
246
225
155
153
144
154
150
147
143
142
140
137
147
153
158
164
232
235
240
244
250
247
247
247
247
247
247
247
247
247
247
247
247
247
247
247
247
247
247
247
247
247
247
247
248
250
252
252
250
248
247
247
247
247
247
247
250
243
239
233
233
239
247
245
220
98
148
158
150
144
141
156
217
235
243
248
254
254
249
248
226
156
143
145
157
238
245
237
233
245
253
249
247
247
247
247
247
247
247
248
252
249
238
161
151
147
146
149
147
145
142
142
142
146
155
238
249
252
250
248
247
247
247
247
247
247
247
247
247
247
247
247
247
247
247
247
247
247
248
253
245
168
145
142
141
153
231
248
249
252
242
164
133
76
131
140
144
138
148
155
163
157
164
232
236
242
249
254
252
250
248
247
247
247
247
247
247
247
247
247
247
247
247
247
247
247
247
247
247
247
247
247
247
247
247
247
247
247
247
247
247
247
247
247
247
247
248
249
252
253
253
252
251
254
245
239
216
151
144
147
147
149
156
157
168
233
240
238
233
172
156
153
145
149
167
247
255
254
253
252
249
247
247
247
247
247
247
247
247
247
248
252
248
241
199
157
146
140
149
155
162
164
167
166
238
249
252
248
247
247
247
247
247
247
247
247
247
247
247
247
247
247
247
247
247
247
247
248
252
251
232
152
140
153
156
185
244
252
248
253
230
146
55
73
88
164
163
157
164
232
238
234
242
249
254
252
250
248
247
247
247
247
247
247
247
247
247
247
247
247
247
247
247
247
249
250
252
250
249
247
247
247
247
247
247
247
247
247
247
247
247
247
247
247
247
247
247
247
247
247
247
247
247
249
253
253
188
159
146
143
147
148
145
143
150
156
164
166
155
150
143
145
142
153
230
248
249
247
247
247
247
247
247
247
247
247
247
247
247
247
247
248
250
250
248
234
163
154
171
232
238
237
235
243
246
251
248
247
247
247
247
247
247
247
247
247
247
247
247
247
247
247
247
247
247
248
249
252
250
240
159
150
141
157
227
246
245
249
247
253
241
94
70
78
224
236
237
234
242
249
254
253
252
250
248
247
247
247
247
247
247
247
247
247
247
247
247
247
247
247
247
247
247
249
253
241
247
241
253
249
247
247
247
247
247
247
247
247
247
247
247
247
247
247
247
247
247
247
247
247
247
247
247
247
249
243
240
229
165
151
150
141
145
147
147
144
140
140
140
143
149
148
149
169
246
253
248
247
247
247
247
247
247
247
247
247
247
247
247
247
247
247
248
248
252
246
240
232
242
249
254
253
253
252
250
248
247
247
247
247
247
247
247
247
247
247
247
247
247
247
247
247
247
247
248
251
247
246
235
158
147
140
141
166
242
254
249
248
247
251
243
219
97
225
252
255
253
253
252
250
248
247
247
247
247
247
247
247
247
247
247
247
247
247
247
247
247
247
247
247
247
247
249
253
250
223
95
217
241
250
247
247
247
247
247
247
247
247
247
247
247
247
247
247
247
247
247
247
247
247
247
247
247
247
248
249
253
248
244
230
162
162
156
149
139
140
148
157
162
152
148
145
156
232
249
249
247
247
247
247
247
247
247
247
247
247
247
247
247
247
247
247
247
247
248
250
252
252
252
249
248
247
247
247
247
247
247
247
247
247
247
247
247
247
247
247
247
247
247
247
247
247
247
248
251
248
241
182
158
150
143
152
155
205
243
251
247
247
247
249
253
243
250
247
255
250
247
247
247
247
247
247
247
247
247
247
247
247
247
247
247
247
247
247
247
249
250
252
250
249
247
247
250
241
223
68
72
95
247
252
247
247
247
247
247
247
247
247
247
247
247
247
247
247
249
250
252
250
249
247
247
247
247
247
247
247
248
250
253
247
242
236
232
164
159
158
166
237
227
151
137
136
158
235
254
248
247
247
247
247
247
247
247
247
247
247
247
247
247
247
247
247
247
247
247
247
247
247
247
247
247
247
247
247
247
247
247
247
247
247
247
247
247
247
247
247
247
247
247
247
247
247
247
250
245
237
162
151
145
146
142
153
228
247
247
248
247
247
247
247
250
255
247
250
243
253
249
247
247
249
250
252
250
249
247
247
247
247
247
247
247
247
247
247
249
253
241
247
241
253
249
247
252
247
95
72
68
223
241
250
247
247
247
247
247
247
247
249
250
252
250
249
247
249
253
241
247
241
253
249
247
247
247
247
247
247
247
247
248
250
252
254
249
242
233
233
241
253
246
166
156
156
169
240
252
247
247
247
247
247
247
247
247
247
247
247
247
247
247
247
247
247
247
247
247
247
247
247
247
247
247
247
247
247
247
247
247
247
247
247
247
247
247
247
247
247
247
247
247
247
247
247
247
252
240
155
144
142
143
140
143
164
245
253
248
248
247
247
247
249
253
250
223
95
217
241
250
247
249
253
241
247
241
253
249
247
247
247
247
247
247
247
247
249
253
250
223
95
217
241
250
247
250
241
217
95
223
250
253
249
247
247
247
247
247
247
249
253
241
247
241
253
250
253
250
223
95
217
241
250
247
247
247
247
247
247
247
247
247
247
247
248
250
252
253
253
252
252
243
239
232
232
239
243
250
247
247
247
247
247
247
247
247
247
247
247
247
247
247
247
247
247
247
247
247
247
247
247
247
247
247
247
247
247
247
247
247
247
247
247
247
247
247
247
247
247
247
247
247
247
247
247
247
253
232
155
131
149
155
160
162
235
245
249
247
247
247
247
247
250
241
223
68
72
95
247
252
249
253
250
223
95
217
241
250
247
247
247
247
247
247
247
247
250
241
223
68
72
95
247
252
247
249
253
241
247
241
253
249
247
247
247
247
247
247
249
253
250
223
95
217
241
253
241
223
68
72
95
247
252
247
247
247
247
247
247
247
247
247
247
247
247
247
247
247
247
247
248
250
252
253
253
252
249
248
247
247
247
247
247
247
247
247
247
247
247
247
247
247
247
247
247
247
247
247
247
247
247
247
247
247
247
247
247
247
247
247
247
247
247
247
247
247
247
247
247
247
247
247
247
247
247
247
252
242
164
146
156
234
237
241
246
252
248
247
247
247
247
247
252
247
95
72
68
223
241
250
250
241
223
68
72
95
247
252
247
247
247
247
247
247
247
247
252
247
95
72
68
223
241
250
247
247
249
250
252
250
249
247
247
247
247
247
247
247
250
241
223
68
72
95
247
254
247
95
72
68
223
241
250
247
247
247
247
247
247
247
247
247
247
247
247
247
247
247
247
247
247
247
247
247
247
247
247
247
247
247
247
247
247
247
247
247
247
247
247
247
247
247
247
247
247
247
247
247
247
247
247
247
247
247
247
247
247
247
247
247
247
247
247
247
247
247
247
247
247
247
247
247
247
247
247
247
249
246
234
165
236
252
254
252
249
248
247
247
247
247
247
247
250
241
217
95
223
250
253
249
252
247
95
72
68
223
241
250
247
247
247
247
247
247
247
247
250
241
217
95
223
250
253
249
247
247
247
247
247
247
247
247
247
247
247
247
247
247
250
240
97
70
70
217
240
253
240
214
90
220
248
253
249
247
247
247
247
247
247
247
247
247
247
247
247
247
247
247
247
247
247
247
247
247
247
247
247
247
247
247
247
247
247
247
247
247
247
247
247
247
247
247
247
247
247
247
247
247
247
247
247
247
247
247
247
247
247
247
247
247
247
247
247
247
247
247
247
247
247
247
247
247
247
247
247
247
248
251
245
247
245
252
248
247
247
247
247
247
247
247
247
247
249
253
241
247
241
253
249
247
250
240
214
90
220
248
253
249
247
247
247
247
247
247
247
247
249
253
241
247
241
253
249
247
247
247
247
247
247
247
247
247
247
247
247
247
247
247
247
247
247
73
247
247
247
247
247
247
247
247
247
247
247
247
247
247
247
247
247
247
247
247
247
247
247
247
247
247
247
247
247
247
247
247
247
247
247
247
247
247
247
247
247
247
247
247
247
247
247
247
247
247
247
247
247
247
247
247
247
247
247
247
247
247
247
247
247
247
247
247
247
247
247
247
247
247
247
247
247
247
247
247
247
247
247
247
247
247
247
247
247
247
247
247
247
247
247
247
247
247
247
247
247
247
247
247
247
247
247
247
247
247
247
247
247
247
247
247
247
247
247
247
247
247
247
247
247
247
247
247
247
247
247
247
247
247
247
247
247
247
247
247
247
247
247
247
