246
246
246
246
246
246
246
246
246
246
246
246
246
246
246
246
246
246
246
246
246
246
246
246
246
246
246
246
246
246
246
246
246
246
246
246
246
246
246
246
246
246
246
246
246
246
246
246
246
246
246
246
246
244
167
134
137
136
130
198
254
168
133
137
243
246
246
246
246
246
246
246
246
246
246
246
246
246
246
246
246
246
246
246
246
246
246
246
246
246
246
246
246
246
246
246
246
246
246
246
246
246
246
246
246
246
246
246
246
246
246
246
246
246
246
246
246
246
246
246
246
246
246
246
246
246
246
246
246
246
246
246
246
246
246
246
246
246
246
246
246
246
246
246
246
246
246
246
246
246
246
246
246
246
246
246
246
246
246
246
246
246
246
246
246
246
246
246
246
246
246
246
246
246
246
246
246
246
246
246
246
246
246
246
246
246
246
246
246
246
246
246
246
246
246
246
246
246
246
246
246
246
248
249
222
141
129
135
137
139
139
137
134
136
139
140
140
139
138
183
240
248
254
253
250
248
246
246
246
246
246
246
246
246
246
246
246
246
246
246
246
246
246
246
246
246
246
246
246
246
246
246
246
246
246
246
246
246
246
246
246
246
246
246
246
246
246
246
246
246
246
246
246
246
246
246
246
246
246
246
246
246
246
246
246
246
246
246
246
246
246
246
246
246
246
246
246
246
246
246
246
246
246
246
246
246
247
249
252
254
254
252
249
247
246
246
246
246
246
246
246
246
246
246
246
246
246
246
246
246
246
246
246
246
246
246
246
246
246
246
246
246
246
246
246
246
246
246
246
246
246
246
248
254
236
152
135
135
134
133
131
132
133
133
130
128
127
125
128
136
145
207
236
240
245
252
248
246
246
246
246
246
246
246
246
246
246
246
246
246
246
246
246
246
246
246
246
246
246
246
246
246
246
246
246
246
246
246
246
246
246
246
246
246
246
246
246
246
246
246
246
246
246
246
246
246
246
246
246
246
246
246
246
246
246
246
246
246
246
246
246
246
246
246
246
246
246
246
246
246
246
246
246
246
246
246
249
245
239
232
231
241
245
251
247
246
246
246
246
246
246
246
246
246
246
246
246
246
246
246
246
246
246
246
246
246
246
246
246
246
246
246
246
246
246
246
246
246
246
246
246
246
248
254
243
212
129
134
137
137
136
135
131
128
128
130
133
136
135
130
132
140
145
147
229
248
252
248
246
246
246
246
246
246
246
246
246
246
246
246
246
246
246
246
246
246
246
246
246
246
246
246
246
246
246
246
246
246
246
246
246
246
246
246
247
249
249
249
248
246
246
246
246
246
246
246
246
246
246
246
246
246
246
246
246
246
246
246
246
246
246
246
246
246
246
246
246
246
246
246
246
246
246
246
246
246
253
246
175
142
142
158
237
248
249
246
246
246
246
246
246
246
246
246
246
246
246
246
246
246
246
246
246
246
246
246
246
246
246
246
246
246
246
246
246
246
246
246
246
246
246
246
250
246
230
143
138
135
136
136
132
138
144
151
149
140
135
129
132
134
135
130
126
130
141
236
248
251
247
246
246
246
246
246
246
246
246
246
246
246
246
246
246
246
246
246
246
246
246
246
246
246
246
246
246
246
246
246
246
246
246
246
246
247
251
244
247
246
254
252
249
247
246
246
246
246
246
246
246
246
246
246
246
246
246
246
246
246
246
246
246
246
246
246
246
246
246
246
246
246
246
246
246
246
246
246
254
241
160
120
121
130
170
247
253
246
246
246
246
246
246
246
246
246
246
246
246
246
246
246
246
246
246
246
246
246
246
247
249
251
251
250
248
246
246
246
246
246
246
246
246
246
253
238
153
135
132
134
135
133
125
133
209
239
238
221
152
139
132
126
129
132
135
130
133
150
241
249
250
247
246
246
246
246
246
246
246
246
246
246
246
246
246
246
246
246
246
246
246
246
246
246
246
246
246
246
246
246
246
246
246
248
250
254
253
240
165
220
236
243
249
253
249
247
246
246
246
246
246
246
246
246
246
246
246
246
246
246
246
246
246
246
246
246
246
246
246
246
246
246
246
246
246
246
246
246
254
246
168
129
131
129
164
247
255
254
253
251
249
246
246
246
246
246
246
246
246
246
246
246
246
246
248
250
253
254
254
254
253
242
239
243
251
248
246
246
246
246
246
246
246
246
252
232
157
130
135
134
138
139
139
158
232
255
255
248
244
210
156
151
145
139
133
132
131
134
163
242
248
248
246
246
246
246
246
246
246
246
246
246
246
246
246
246
246
246
246
246
246
246
246
246
246
246
246
246
246
246
246
246
248
253
243
246
236
167
138
140
147
164
236
246
249
252
249
247
246
246
246
246
246
246
246
246
246
246
246
246
246
246
246
246
246
246
246
246
246
246
246
246
246
246
246
246
246
249
252
241
161
130
133
131
158
233
241
232
237
243
250
249
246
246
246
246
246
246
246
246
246
246
248
250
253
247
240
232
234
236
238
177
142
224
250
254
249
247
246
246
246
246
246
246
253
233
159
128
135
132
134
189
201
224
243
249
248
250
252
247
239
235
239
174
137
131
133
130
136
181
249
252
246
246
246
246
246
246
246
246
246
246
246
246
246
246
246
246
246
246
246
246
246
246
246
246
246
246
248
249
251
251
254
250
229
119
157
136
129
129
129
134
138
180
239
246
249
250
246
246
246
246
246
246
246
246
246
246
246
246
246
246
246
246
246
246
246
246
246
246
246
246
246
246
246
246
248
254
250
180
135
134
135
136
148
148
156
150
145
207
248
252
248
246
246
246
246
246
246
246
246
246
250
243
242
216
150
145
150
152
146
135
130
142
225
245
246
251
247
246
246
246
246
246
253
230
145
126
136
130
136
197
252
253
249
248
246
246
248
250
253
254
254
249
168
136
133
133
130
169
246
254
246
246
246
246
246
246
246
246
246
246
246
246
246
246
246
246
246
246
246
246
246
246
246
246
246
248
253
242
246
245
250
228
93
91
90
133
133
135
131
125
122
131
136
196
245
248
247
246
246
246
246
246
246
246
246
246
246
246
246
246
246
246
246
246
246
246
246
246
246
246
246
246
246
248
253
252
231
104
123
134
136
136
135
130
129
126
128
133
213
248
252
248
246
246
246
246
246
246
246
247
254
240
165
136
132
124
127
128
129
132
131
136
141
167
240
249
251
247
246
246
246
246
253
238
157
133
133
131
134
197
252
252
248
250
251
249
248
246
246
247
250
252
236
153
127
132
129
164
241
252
248
246
246
246
246
246
246
246
246
246
246
246
247
249
252
254
254
254
254
254
252
249
247
246
248
253
250
227
114
225
243
116
99
92
158
132
132
133
139
146
150
133
123
131
205
253
250
246
246
246
246
246
246
246
246
246
246
246
246
246
246
246
246
246
246
246
246
246
246
246
246
246
246
249
242
228
100
93
95
134
136
134
133
134
134
136
133
133
136
222
251
254
250
248
246
246
246
246
247
251
251
229
141
125
133
134
132
129
130
132
135
133
130
134
161
244
250
250
247
246
246
246
250
249
222
138
131
130
135
197
251
253
253
242
246
242
253
248
246
246
247
254
249
167
137
132
134
142
190
252
251
246
246
246
246
246
246
246
246
246
248
251
254
250
243
233
234
234
233
233
242
248
250
246
249
242
227
89
92
116
243
224
121
224
174
136
129
139
163
237
240
206
134
136
201
247
250
246
246
246
246
246
246
246
246
246
248
249
251
249
248
246
246
246
246
246
246
246
246
246
246
246
246
251
246
116
95
83
128
133
135
143
143
138
127
127
129
127
132
143
221
246
248
254
249
247
246
247
251
248
242
154
138
131
130
131
138
148
147
138
128
127
131
130
134
168
247
250
250
247
246
246
248
254
229
150
129
128
135
197
252
255
249
227
114
221
242
249
246
246
246
249
249
233
149
128
131
129
180
248
252
247
246
246
246
246
246
246
246
249
249
244
240
234
166
146
149
148
147
142
181
245
251
249
251
246
114
92
89
228
250
245
254
242
184
131
126
146
234
252
255
247
236
185
205
250
249
246
246
246
246
246
246
246
246
248
253
242
246
242
253
248
246
246
246
246
246
246
246
246
246
246
246
249
243
226
115
156
137
134
132
157
222
179
146
150
147
140
128
134
139
159
229
242
244
249
246
248
249
243
155
132
131
134
141
143
186
240
239
180
148
144
141
132
132
134
176
244
248
248
246
246
248
254
228
149
127
128
134
198
254
247
226
89
92
114
246
251
246
246
246
247
254
243
161
125
95
124
172
244
252
248
246
246
246
246
246
246
249
252
247
201
152
141
135
123
120
118
117
119
128
185
246
249
250
242
221
114
227
250
254
250
254
249
176
128
123
152
234
254
249
252
249
245
243
245
248
246
246
246
246
246
246
246
248
253
250
227
114
221
242
249
246
246
246
246
246
246
246
246
246
246
246
248
254
244
236
158
133
133
131
165
240
249
233
236
239
177
133
126
125
134
137
177
248
254
247
253
252
182
136
129
132
130
160
233
248
254
254
244
239
224
148
129
133
129
135
190
251
251
246
246
249
251
224
142
127
133
149
211
254
250
114
92
89
227
242
249
246
246
246
246
254
234
157
84
91
95
150
209
250
249
246
246
246
246
246
247
249
247
196
133
126
124
123
133
140
153
151
140
131
136
204
254
253
253
243
248
245
254
252
249
254
246
176
126
131
155
241
253
246
247
248
249
249
248
247
246
246
246
246
246
246
246
249
242
227
89
92
114
246
251
246
246
246
246
246
246
246
246
246
246
246
246
250
254
204
151
134
131
129
160
241
254
253
254
254
247
174
136
135
128
123
154
238
252
253
251
240
162
129
131
130
136
177
253
254
249
249
252
254
248
162
133
132
130
129
182
247
252
246
246
251
241
178
136
131
127
178
240
252
246
221
114
227
250
253
248
246
246
246
246
253
243
118
94
88
125
131
187
249
252
246
246
246
246
246
249
254
209
138
126
135
143
149
156
227
238
238
200
127
122
192
247
253
250
250
253
243
239
240
249
255
248
175
124
136
225
247
250
246
246
246
246
246
246
246
246
246
246
246
246
246
246
251
246
114
92
89
227
242
249
246
246
246
246
246
246
246
246
246
246
246
246
251
246
234
161
127
132
140
175
247
252
246
247
250
247
243
221
153
138
130
136
173
248
255
254
186
137
129
130
134
158
241
248
249
246
246
246
249
245
236
146
138
128
131
185
248
252
246
246
253
232
147
130
134
133
140
204
254
254
242
246
242
253
248
246
246
246
246
246
251
249
223
107
127
131
132
184
248
252
246
246
246
246
246
251
251
202
134
121
135
204
237
243
249
254
255
224
144
132
136
208
247
249
248
252
224
145
168
238
253
250
180
122
146
232
254
248
246
246
246
246
246
246
246
246
246
246
246
246
246
246
249
242
221
114
227
250
253
248
246
246
246
246
246
246
246
246
246
246
246
246
252
253
189
139
132
131
138
226
243
252
246
246
247
249
253
252
229
144
124
128
133
175
245
246
182
138
127
137
154
241
250
251
247
246
246
246
248
252
252
224
141
126
131
184
248
253
246
246
252
228
151
125
136
128
131
194
250
252
249
251
249
248
246
246
246
246
246
246
251
253
231
145
131
134
131
183
249
253
246
246
246
248
249
254
254
206
136
121
141
216
254
254
249
249
252
244
196
125
124
136
215
251
249
253
215
131
125
140
198
234
171
122
143
229
254
247
246
246
246
246
246
246
246
246
246
246
246
246
246
246
248
253
242
246
242
253
248
246
246
246
246
246
246
246
246
246
246
246
246
246
252
246
177
127
131
133
137
163
247
251
248
249
251
249
249
254
243
167
143
137
130
134
146
210
241
166
122
142
230
252
251
247
246
246
246
246
246
248
254
229
147
123
130
185
248
253
246
246
253
238
156
134
132
130
133
197
251
251
246
246
246
246
246
246
246
246
246
246
252
244
160
135
134
132
131
186
248
252
246
246
248
253
242
250
248
212
138
120
142
215
254
251
246
248
254
237
177
129
124
139
216
252
249
252
224
142
118
125
140
144
142
127
148
235
254
252
249
247
246
246
246
246
246
246
246
246
246
246
246
246
246
248
249
251
249
248
246
246
246
246
246
246
246
246
246
246
246
246
246
246
253
248
182
131
131
130
136
184
245
250
253
242
246
242
253
251
243
243
213
140
127
125
132
207
251
178
125
151
238
254
249
246
246
247
249
252
254
254
255
233
146
124
133
188
251
254
246
246
250
249
220
137
129
130
133
196
251
251
246
246
246
246
246
246
246
246
246
246
253
235
153
126
135
131
132
186
249
252
246
248
253
250
226
117
226
199
139
124
136
210
251
254
250
251
253
216
139
129
134
206
247
250
248
251
237
191
144
136
128
126
131
129
143
220
239
243
249
254
251
250
248
247
246
246
246
246
246
246
246
246
246
246
246
246
246
246
246
246
246
246
246
246
246
246
246
246
246
246
246
246
254
251
185
133
132
130
144
233
252
254
250
227
114
221
242
250
250
255
236
153
135
129
135
198
236
167
124
141
229
252
254
254
254
254
252
244
235
234
240
220
148
128
129
179
243
252
248
246
249
254
228
145
129
130
134
196
251
251
246
246
246
246
246
246
246
246
246
246
254
238
157
128
136
131
132
186
248
252
246
249
242
227
89
97
115
201
137
125
136
143
219
247
250
254
244
192
125
123
191
247
253
248
246
249
247
242
238
202
146
138
133
129
138
140
145
162
236
243
243
248
247
249
246
246
246
246
246
246
246
246
246
246
246
246
246
246
246
246
246
246
246
246
246
246
246
246
246
246
246
248
251
242
176
130
133
127
153
234
254
243
227
89
92
114
246
251
246
251
246
211
133
126
137
154
153
143
130
136
165
242
245
231
233
237
236
178
147
150
151
145
140
135
131
139
201
253
250
246
247
254
225
144
128
131
134
196
251
251
246
246
246
246
246
246
246
246
246
246
254
238
155
127
135
130
128
182
246
252
246
251
246
114
92
93
232
207
145
131
130
136
141
169
230
251
222
146
128
143
213
254
254
248
246
247
249
252
254
248
244
182
139
129
139
133
131
129
141
183
193
193
242
250
248
246
246
246
246
246
246
246
246
246
246
246
246
246
246
246
246
246
246
246
246
246
246
246
246
249
251
253
254
196
137
131
133
137
162
241
254
246
114
92
89
227
242
249
246
249
254
229
149
133
133
133
131
131
132
129
152
213
160
146
150
152
144
137
129
128
122
93
127
134
129
128
189
249
251
246
247
254
226
145
129
130
132
195
251
251
246
246
246
246
246
246
246
246
246
247
254
240
158
128
134
131
137
190
252
251
246
249
242
221
114
227
253
252
191
127
129
133
130
137
141
170
209
137
123
178
229
241
246
253
250
248
246
246
248
253
254
245
172
123
143
216
152
130
126
132
131
140
204
253
249
246
246
246
246
246
246
246
246
246
246
246
246
246
246
246
246
246
246
246
246
246
246
246
246
241
246
249
254
192
130
129
130
144
226
249
252
242
221
114
228
252
254
251
248
248
252
242
203
129
131
141
141
141
132
132
142
137
137
125
126
127
129
132
134
129
89
87
92
126
125
136
200
252
250
246
248
254
230
144
126
128
138
199
251
251
246
246
246
246
246
246
246
246
246
249
249
233
148
131
133
130
170
240
251
248
246
248
253
242
246
242
255
252
198
135
130
130
127
129
129
137
138
141
135
146
148
147
209
245
249
254
250
247
246
246
254
249
175
122
149
232
246
148
143
131
128
124
195
250
250
246
246
246
246
246
246
246
246
246
246
246
246
246
246
246
246
246
246
246
246
246
246
246
246
221
115
225
239
187
130
132
129
149
232
254
249
253
242
248
250
250
248
242
253
249
254
232
161
135
128
137
205
173
139
131
133
133
134
136
136
135
131
129
126
88
93
99
148
148
147
191
244
250
248
246
250
252
225
138
90
125
164
228
253
249
246
246
246
246
246
246
246
246
246
253
246
164
134
131
132
128
176
247
254
246
246
246
248
249
251
249
252
249
201
195
183
152
147
143
133
129
127
127
129
130
127
130
136
158
223
242
245
252
251
249
254
246
173
120
146
240
254
221
100
178
136
148
209
252
249
246
246
246
246
246
246
246
246
246
246
246
246
246
246
246
246
246
246
246
246
246
246
246
246
91
98
119
206
144
132
133
128
150
230
253
246
248
251
254
252
228
114
221
242
250
252
217
141
128
129
141
212
245
161
128
133
132
130
127
125
130
140
150
149
139
116
223
238
235
236
243
249
249
246
246
251
239
171
91
87
98
181
244
251
249
246
246
246
246
246
246
246
246
246
254
238
157
126
133
132
135
181
251
252
246
246
246
246
246
246
246
248
245
245
245
249
242
228
147
130
141
147
152
139
130
126
130
128
135
137
172
251
250
248
242
255
247
177
122
148
229
241
100
100
113
235
238
241
247
248
246
246
246
246
246
246
246
246
246
246
246
246
246
246
246
246
246
246
246
246
246
246
246
94
93
94
223
185
131
131
133
135
167
239
251
246
246
249
242
227
89
92
114
246
252
254
217
141
127
128
133
213
247
168
128
132
142
146
152
146
146
200
239
237
230
241
248
254
254
254
251
249
247
246
246
252
243
116
92
87
127
140
204
253
250
246
246
246
246
246
248
249
251
249
254
242
163
130
133
130
161
239
250
249
246
246
246
246
246
246
246
247
248
252
253
252
247
168
140
127
151
229
243
199
145
143
138
130
128
125
148
230
226
116
221
250
248
176
124
141
225
115
96
91
231
249
254
251
249
246
246
246
246
246
246
246
246
246
246
246
246
246
246
246
246
246
246
246
246
246
246
246
246
246
117
232
214
146
133
134
130
138
221
249
250
246
246
251
246
114
92
89
227
242
252
254
219
142
127
133
143
223
248
165
126
131
159
234
240
231
237
245
254
254
254
254
251
248
246
246
246
246
246
246
246
250
247
214
103
124
129
133
195
250
251
246
246
246
246
248
253
242
246
244
255
241
159
131
132
130
171
247
254
246
246
246
246
246
246
246
246
246
249
252
244
184
137
138
128
134
168
254
255
247
239
235
181
141
136
129
137
149
96
96
113
253
250
176
127
133
151
214
120
227
250
253
248
246
246
246
246
246
246
246
246
246
246
246
246
246
246
246
246
246
246
246
246
246
246
246
246
246
246
246
242
248
217
140
130
134
128
146
225
254
248
246
246
249
242
221
114
227
250
253
252
249
214
136
126
122
181
244
243
164
126
129
161
244
253
255
254
251
249
246
246
246
246
246
246
246
246
246
246
246
246
249
254
228
150
127
132
136
199
253
253
246
246
246
248
253
250
227
114
226
246
202
145
132
133
126
163
242
253
246
246
246
246
246
246
246
246
248
254
254
193
99
121
126
137
157
233
247
246
254
254
253
247
238
160
136
130
90
90
98
227
250
249
176
129
123
155
228
254
242
253
248
246
246
246
246
246
246
246
246
246
246
246
246
246
246
246
246
246
246
246
246
246
246
246
246
246
246
246
246
250
254
247
193
132
135
127
144
226
254
249
246
246
248
253
242
246
242
253
249
252
234
159
132
132
141
153
229
245
162
126
129
140
178
247
251
246
246
246
246
246
246
246
246
246
246
246
246
246
246
246
247
254
227
149
129
133
132
194
250
254
251
248
246
249
242
227
90
99
119
243
168
131
132
130
132
169
248
252
246
246
246
246
246
246
246
246
249
244
228
98
89
96
131
149
232
230
119
222
242
250
249
253
254
237
151
126
120
106
232
253
255
247
175
130
123
153
236
254
249
248
246
246
246
246
246
246
246
246
246
246
246
246
246
246
246
246
246
246
246
246
246
246
246
246
246
246
246
246
246
246
252
254
201
138
130
123
102
211
245
250
246
246
246
248
249
251
249
248
249
250
221
140
124
131
179
236
248
247
168
135
130
127
162
242
253
246
246
246
246
246
246
246
246
246
246
246
246
246
246
246
247
254
225
144
128
134
135
139
201
245
246
252
249
251
246
116
94
94
224
172
136
132
132
133
155
239
248
249
246
246
246
246
246
246
246
246
250
248
119
97
84
125
138
163
222
98
94
114
246
251
246
248
254
243
162
131
124
167
244
255
254
246
175
130
124
152
233
254
246
246
246
246
246
246
246
246
246
246
246
246
246
246
246
246
246
246
246
246
246
246
246
246
246
246
246
246
246
246
246
246
251
250
196
130
121
87
96
119
248
251
246
246
246
246
246
246
246
246
252
242
178
135
125
134
193
254
255
251
234
148
127
128
169
245
255
246
246
246
246
246
246
246
246
246
246
246
246
246
246
246
247
254
226
144
128
136
132
134
137
147
219
247
251
255
254
234
110
181
183
143
132
132
130
140
204
250
252
247
246
246
246
246
246
246
246
246
249
245
227
105
123
129
147
223
116
96
89
227
242
249
246
249
249
233
151
128
129
170
244
254
253
246
176
128
123
151
233
254
246
246
246
246
246
246
246
246
246
246
246
246
246
246
246
246
246
246
248
249
251
249
248
246
246
246
246
246
246
246
246
246
249
253
204
136
89
84
94
214
243
250
246
246
246
246
246
246
246
246
252
231
148
129
128
131
189
250
252
254
240
159
127
130
163
242
252
250
247
246
246
246
246
246
246
246
246
246
246
246
246
246
247
254
227
145
126
136
136
134
128
133
140
176
231
237
244
235
196
133
140
137
133
132
136
157
243
252
248
246
246
246
246
246
246
246
246
246
248
254
248
189
128
126
151
223
230
115
227
250
253
248
247
254
250
170
137
129
128
167
243
253
253
246
175
129
123
151
233
254
246
246
246
246
246
246
246
246
246
246
246
246
246
246
246
246
246
248
253
242
246
242
253
248
246
246
246
246
246
246
246
246
248
249
247
184
126
100
184
242
254
248
246
246
246
246
246
246
246
246
254
229
148
126
129
130
186
249
251
253
236
153
125
132
137
176
248
251
249
246
246
246
246
246
246
246
249
251
253
253
251
248
247
254
226
145
127
135
134
134
133
132
131
138
144
151
153
152
144
136
132
135
132
130
143
232
248
250
246
246
246
246
246
246
246
246
246
246
246
252
250
188
132
123
149
236
252
249
242
254
250
251
254
254
239
155
126
129
135
180
249
251
253
246
174
130
124
151
233
254
246
246
246
246
246
246
246
246
246
246
246
246
246
246
246
246
248
253
250
227
114
221
242
249
246
246
246
246
246
246
246
246
246
249
252
245
177
201
242
250
249
246
246
246
246
246
246
246
246
248
254
234
152
128
133
140
198
253
251
252
242
161
131
129
130
133
183
247
251
249
246
246
246
246
246
249
250
244
233
234
241
248
248
254
227
146
126
139
143
141
138
134
134
131
130
128
128
129
132
134
133
131
134
141
201
245
253
248
246
246
246
246
246
246
246
246
246
246
246
251
252
193
138
126
137
225
254
255
254
254
253
246
240
238
167
135
127
134
157
242
247
248
253
246
174
130
124
150
233
254
246
246
246
246
246
246
246
246
246
246
246
246
246
246
246
246
249
242
227
89
92
114
246
251
246
246
246
246
246
246
246
246
246
246
250
246
246
247
250
250
247
246
246
246
246
246
246
246
246
250
248
226
142
129
128
169
239
249
251
249
246
236
147
135
130
131
134
192
251
253
250
247
246
246
248
249
245
202
141
145
215
252
250
254
225
143
125
132
182
186
140
134
134
137
136
136
136
136
137
131
135
138
158
224
245
248
249
246
246
246
246
246
246
246
246
246
246
246
246
248
250
241
174
126
135
149
229
237
234
235
238
201
152
140
134
122
129
149
240
249
251
246
253
246
175
130
125
151
233
254
246
246
246
246
246
246
246
246
246
246
246
246
246
246
246
246
251
246
114
92
89
227
242
249
246
246
246
246
246
246
246
246
246
246
247
248
250
252
252
250
248
246
246
246
246
246
246
246
246
252
239
153
132
131
140
139
201
251
254
249
252
250
227
139
131
130
131
140
201
247
250
254
254
254
254
255
216
142
118
130
207
254
254
254
227
144
124
136
145
204
187
137
127
127
127
128
132
133
131
130
137
204
245
247
252
249
247
246
246
246
246
246
246
246
246
246
246
246
246
246
254
250
182
130
127
138
143
152
150
150
145
135
121
123
136
144
154
235
249
251
247
246
253
246
176
129
125
151
233
254
246
246
246
246
246
246
246
246
246
246
246
246
246
246
246
246
249
242
221
114
227
250
253
248
246
246
246
246
246
246
246
246
246
246
246
246
251
238
245
245
255
254
254
254
254
251
248
246
246
253
241
154
134
132
132
152
105
221
244
249
248
252
242
177
134
130
131
135
139
165
223
237
234
234
237
237
196
133
121
140
217
248
252
250
232
146
127
129
136
197
246
187
150
148
151
149
140
134
129
136
202
251
254
250
248
246
246
246
246
246
246
246
246
246
246
246
246
246
246
246
254
245
173
121
125
129
129
128
125
121
124
132
141
147
211
235
240
246
252
248
246
246
253
246
175
129
123
151
233
254
246
248
251
254
254
254
251
248
246
246
246
246
246
246
246
246
248
253
242
246
242
253
248
246
246
246
246
246
246
246
246
246
246
246
246
246
253
227
121
202
221
216
216
215
231
245
255
254
254
255
252
229
139
133
133
91
108
129
255
255
254
255
255
240
151
135
131
133
129
137
142
150
149
148
150
151
143
135
123
140
209
231
117
229
220
147
128
129
134
200
252
247
236
236
239
241
215
144
161
220
245
250
249
246
246
246
246
246
246
246
246
246
246
246
246
246
246
246
246
246
251
250
182
144
142
136
126
126
129
135
141
192
240
249
254
255
255
255
255
254
254
254
255
254
184
135
129
157
243
255
254
255
245
231
212
227
236
249
246
246
246
246
246
246
246
246
246
248
249
251
249
248
246
246
246
246
246
246
246
246
246
246
246
246
246
246
253
228
125
113
132
129
131
132
134
231
227
221
219
223
222
144
131
119
88
75
78
193
211
219
216
217
220
216
202
141
149
142
137
137
135
132
130
131
131
133
133
141
148
153
207
102
107
132
235
154
131
133
139
206
255
255
255
254
254
254
255
251
251
255
255
255
254
254
254
254
254
254
254
254
254
254
254
254
254
254
254
254
254
254
255
254
251
248
244
180
158
160
162
193
252
254
250
238
219
218
216
216
216
216
216
216
221
219
157
121
119
138
212
224
217
218
221
125
123
135
241
251
246
246
246
246
246
246
246
246
246
246
246
246
246
246
246
246
246
246
246
246
246
246
246
246
246
246
246
246
251
240
231
216
218
218
224
215
210
97
113
122
137
130
118
103
98
106
111
110
121
129
137
131
129
129
131
133
125
209
157
117
122
127
127
127
128
129
131
129
127
119
166
206
92
76
76
199
197
133
121
123
122
177
223
224
229
215
120
211
226
222
222
220
217
216
216
216
216
216
216
216
216
216
216
216
216
216
216
216
216
216
216
216
218
222
226
229
222
212
203
202
204
214
219
224
223
126
128
129
129
129
129
129
129
129
135
127
115
102
98
108
118
130
132
128
125
221
215
227
236
249
246
246
246
246
246
246
246
246
246
246
246
246
246
246
246
246
246
246
246
246
246
246
246
246
246
246
246
246
248
251
254
254
254
255
254
238
101
87
94
216
222
208
128
118
122
154
229
234
225
221
218
216
216
216
216
219
224
129
126
116
104
96
93
97
99
101
99
92
99
111
133
127
118
103
121
134
128
113
97
100
104
117
133
125
115
84
101
108
136
129
129
129
129
129
129
129
129
129
129
129
129
129
129
129
129
129
129
129
129
129
129
131
137
125
130
127
139
137
137
138
137
135
131
129
125
221
218
216
216
216
216
216
216
216
221
220
156
120
123
120
147
213
221
215
231
245
254
254
251
248
246
246
246
246
246
246
246
246
246
246
246
246
246
246
246
246
246
246
246
246
246
246
246
246
246
246
246
246
246
246
246
246
246
251
246
114
94
94
236
254
255
185
143
133
133
165
246
255
254
254
254
254
254
254
254
255
246
233
222
227
175
137
139
145
133
120
78
85
104
220
227
223
225
227
225
227
203
129
121
122
122
176
226
217
91
82
95
215
222
216
216
216
216
216
216
216
216
216
216
216
216
216
216
216
216
216
216
216
216
216
218
224
218
196
82
189
211
219
216
216
216
216
216
215
231
245
255
254
254
254
254
254
254
254
255
254
182
135
135
135
169
250
255
254
254
251
248
246
246
246
246
246
246
246
246
246
246
246
246
246
246
246
246
246
246
246
246
246
246
246
246
246
246
246
246
246
246
246
246
246
246
246
246
249
242
221
114
227
250
254
249
168
135
130
130
143
181
254
248
246
246
246
246
246
246
248
251
254
254
254
248
238
236
242
235
111
96
101
237
254
255
254
254
254
254
255
239
154
135
132
145
211
255
254
229
118
230
254
255
254
254
254
254
254
254
254
254
254
254
254
254
254
254
254
254
254
254
254
254
254
255
254
240
103
105
127
254
255
254
254
254
254
254
254
254
251
248
246
246
246
246
246
246
246
253
244
170
121
122
119
152
235
254
246
246
246
246
246
246
246
246
246
246
246
246
246
246
246
246
246
246
246
246
246
246
246
246
246
246
246
246
246
246
246
246
246
246
246
246
246
246
246
246
248
253
242
246
242
253
250
250
231
144
119
119
150
232
249
248
246
246
246
246
246
246
246
246
246
247
249
252
254
254
254
251
228
117
228
250
253
248
246
246
246
247
253
234
181
128
129
143
205
253
254
242
246
242
253
248
246
246
246
246
246
246
246
246
246
246
246
246
246
246
246
246
246
246
246
246
246
251
246
114
92
89
227
242
249
246
246
246
246
246
246
246
246
246
246
246
246
246
246
246
246
252
247
182
144
145
143
164
241
252
246
246
246
246
246
246
246
246
246
246
246
246
246
246
246
246
246
246
246
246
246
246
246
246
246
246
246
246
246
246
246
246
246
246
246
246
246
246
246
246
246
248
249
251
249
248
247
253
244
165
143
143
175
248
254
247
246
246
246
246
246
246
246
246
246
246
246
246
246
246
248
253
242
246
242
253
248
246
246
246
246
247
254
231
152
131
129
150
212
253
252
249
251
249
248
246
246
246
246
246
246
246
246
246
246
246
246
246
246
246
246
246
246
246
246
246
246
249
242
221
114
227
250
253
248
246
246
246
246
246
246
246
246
246
246
246
246
246
246
246
246
249
245
240
233
232
230
238
242
249
246
246
246
246
246
246
246
246
246
248
249
251
249
248
246
246
246
246
246
246
246
246
246
246
246
246
246
246
246
246
246
246
246
246
246
246
246
246
246
246
246
246
246
246
246
246
246
249
242
239
229
231
239
243
249
246
246
246
246
246
246
246
246
246
246
246
246
246
246
246
246
248
249
251
249
248
246
246
246
246
246
247
252
222
141
121
127
149
211
251
251
246
246
246
246
246
246
246
246
246
246
246
246
246
246
246
246
246
246
246
246
246
246
246
246
246
246
248
253
242
246
242
253
248
246
246
246
246
246
246
246
246
246
246
246
246
246
246
246
246
246
247
249
252
254
254
254
252
249
247
246
246
246
246
246
246
246
246
248
253
242
246
242
253
248
246
246
246
246
246
246
246
246
246
246
246
246
246
246
246
246
246
246
246
246
246
246
246
248
249
251
249
248
246
246
246
246
248
250
252
254
254
252
249
247
246
246
246
246
246
246
246
246
246
246
246
246
246
246
246
246
246
246
246
246
246
246
246
246
246
246
247
252
231
157
137
132
133
198
252
251
246
246
246
246
246
246
246
246
246
246
246
246
246
246
246
246
246
246
246
246
246
246
246
246
246
246
246
248
249
251
249
248
246
246
246
246
246
246
248
251
253
253
251
248
246
246
246
246
246
246
246
246
246
246
246
246
246
248
249
251
249
248
246
246
246
246
248
253
250
227
114
221
242
249
246
246
246
246
246
246
246
246
246
246
246
246
246
246
246
246
246
246
246
246
246
246
248
253
242
246
242
253
248
246
246
246
246
246
246
246
246
246
246
246
246
246
246
246
246
246
246
246
246
246
246
246
246
246
246
246
246
246
246
246
246
246
246
246
246
246
246
249
243
242
197
122
121
192
249
251
246
246
246
246
246
246
246
246
246
246
246
246
246
246
246
246
246
246
246
246
246
246
246
246
246
246
246
246
246
246
246
246
246
246
246
246
246
248
253
245
235
235
245
253
248
246
246
246
246
246
246
246
246
246
246
246
248
253
242
246
242
253
248
246
246
246
249
242
227
89
92
114
246
251
246
246
246
246
246
246
246
246
246
246
246
246
246
246
246
246
246
246
246
246
246
246
248
248
231
130
231
248
248
246
246
246
246
246
246
246
246
246
246
246
246
246
246
246
246
246
246
246
246
246
246
246
246
246
246
246
246
246
246
246
246
246
246
246
246
246
246
248
251
254
217
139
137
202
249
249
246
246
246
246
246
246
246
246
246
246
246
246
246
246
246
246
246
246
246
246
246
246
246
246
246
246
246
246
246
246
246
246
246
246
246
246
246
248
248
234
118
118
234
248
248
246
246
246
246
246
246
246
246
246
246
246
248
248
231
130
231
248
248
246
246
246
249
241
115
91
91
221
241
249
246
246
246
246
246
246
246
246
246
246
246
246
246
246
246
246
246
246
246
246
246
246
246
246
94
94
94
246
246
246
246
246
246
246
246
246
246
246
246
246
246
246
246
246
246
246
246
246
246
246
246
246
246
246
246
246
246
246
246
246
246
246
246
246
246
246
246
246
246
246
246
246
246
246
246
246
246
246
246
246
246
246
246
246
246
246
246
246
246
246
246
246
246
246
246
246
246
246
246
246
246
246
246
246
246
246
246
246
246
246
246
246
246
246
246
94
94
94
94
246
246
246
246
246
246
246
246
246
246
246
246
246
246
246
94
94
94
246
246
246
246
246
246
246
246
94
246
246
246
246
246
246
246
246
246
246
246
246
246
246
246
246
246
246
