249
249
249
249
249
249
249
249
249
249
249
249
249
249
249
249
249
249
249
249
249
249
249
249
249
249
249
249
249
249
249
249
249
249
249
249
249
249
249
249
249
249
249
249
249
249
249
249
249
249
249
249
250
227
208
238
250
249
249
249
249
249
249
249
249
249
249
249
249
249
249
249
249
249
249
249
249
249
249
249
249
249
249
249
249
249
249
249
249
249
249
249
249
249
249
249
249
249
249
249
249
26
249
249
249
249
249
249
249
249
249
249
249
249
249
249
249
249
249
249
249
249
249
249
249
249
249
249
249
249
249
249
26
26
26
26
249
249
249
249
249
249
249
249
249
249
249
249
249
249
249
249
249
249
249
249
249
249
249
249
249
249
249
249
249
249
249
249
249
249
249
249
249
249
249
249
249
249
249
249
249
249
249
249
249
249
249
249
249
249
249
249
249
249
249
249
249
249
249
249
250
235
209
204
228
249
250
249
249
249
249
249
249
249
249
249
249
249
249
249
249
249
249
249
249
249
249
249
249
249
249
249
249
249
250
253
250
215
50
218
242
220
48
207
240
251
249
251
240
211
22
22
56
240
251
249
249
249
249
249
249
249
249
249
249
249
249
249
249
249
249
249
249
249
249
249
249
249
251
240
211
28
15
18
49
234
250
250
249
249
249
249
249
249
249
249
249
249
249
249
249
249
249
249
249
249
249
249
249
249
249
249
249
249
249
249
249
249
249
249
249
249
249
249
249
249
249
249
249
249
249
249
249
249
249
249
249
249
249
249
249
249
249
249
249
249
249
249
249
250
249
228
202
206
231
250
249
249
249
249
249
249
249
249
249
249
249
249
249
249
249
249
249
249
249
249
249
249
249
249
249
249
249
249
251
243
220
19
28
47
219
26
24
54
249
252
249
252
249
54
24
19
220
243
251
249
249
249
249
249
249
249
249
249
249
249
249
249
249
249
249
249
249
249
249
249
249
249
252
249
54
32
15
58
228
250
253
250
249
249
249
249
249
249
249
249
249
249
249
249
249
249
249
249
249
249
249
249
249
249
249
249
249
249
249
249
249
249
249
249
249
249
249
249
249
249
249
249
249
249
249
249
249
249
249
249
249
249
249
249
249
249
249
249
249
249
249
249
249
250
240
214
204
216
239
250
249
249
249
249
249
249
249
249
249
249
249
249
249
249
249
249
249
250
250
250
250
249
249
249
249
249
249
249
252
249
54
24
26
219
47
28
19
220
243
251
249
251
243
211
54
220
250
253
250
249
249
249
249
249
249
249
249
249
249
249
249
249
249
249
249
249
249
249
249
249
249
249
251
243
211
59
203
242
246
253
250
249
249
249
249
249
249
249
249
249
249
249
249
249
249
249
249
249
249
249
249
249
249
249
249
249
249
249
249
249
249
249
249
249
249
249
249
249
249
249
249
249
249
249
249
249
249
249
249
249
249
249
249
249
249
249
249
249
249
249
249
249
249
250
235
205
202
224
247
250
249
249
249
249
249
249
249
249
249
249
249
249
249
249
249
249
250
248
244
246
249
250
249
249
249
249
250
250
251
243
211
54
224
247
221
56
220
250
253
250
249
250
253
243
249
243
253
250
249
249
249
249
249
249
249
249
249
249
249
249
249
249
249
249
249
249
249
249
249
249
249
249
250
253
243
250
246
254
252
250
249
249
249
249
249
249
249
249
249
249
249
249
249
249
249
249
249
249
249
249
249
249
249
249
249
249
249
249
249
249
249
249
249
249
249
249
249
249
250
250
250
250
250
249
249
249
249
249
249
249
249
249
249
249
249
249
249
249
249
249
249
249
250
250
232
206
202
228
252
253
251
250
249
249
249
249
249
250
251
252
251
250
249
249
249
250
248
231
208
214
236
247
250
249
250
249
249
248
250
253
243
249
244
254
244
249
243
253
250
249
249
249
250
251
252
251
250
249
249
249
249
249
249
249
249
249
249
249
249
249
249
249
249
249
249
249
249
249
249
249
249
249
249
250
251
252
251
250
249
249
249
249
249
249
249
249
249
249
249
249
249
249
249
249
249
249
249
249
249
249
249
249
249
249
249
250
251
252
251
251
250
249
249
249
250
250
250
251
249
247
243
245
248
249
249
249
249
249
249
249
249
249
249
249
249
249
249
249
249
249
249
250
250
241
214
202
221
252
243
250
242
253
250
249
249
249
250
253
243
249
243
253
250
249
249
250
233
209
206
204
210
235
251
250
249
245
224
228
248
251
251
252
251
251
251
252
251
250
249
249
249
249
250
250
250
250
249
249
249
249
249
249
249
249
249
249
249
249
249
249
249
249
249
249
249
249
249
249
249
249
249
249
249
249
249
249
249
249
249
249
249
249
249
249
249
249
249
249
249
249
249
249
249
249
249
249
249
249
249
249
249
249
249
249
250
253
243
250
243
253
249
242
231
245
250
249
249
247
241
212
205
213
235
251
251
250
248
246
248
249
249
249
249
249
249
249
249
249
249
249
250
249
240
215
205
205
218
234
221
55
211
243
251
249
249
250
253
250
220
54
211
243
251
249
249
250
231
207
206
206
207
230
248
245
224
213
205
208
239
249
250
251
250
250
249
249
249
249
249
249
249
250
250
247
245
247
249
249
249
249
249
249
249
249
249
249
249
249
249
249
249
249
249
249
249
249
249
249
249
249
249
249
249
249
249
249
249
249
249
249
249
249
249
249
249
249
249
249
249
249
249
249
249
249
249
249
249
249
249
249
249
249
249
250
253
250
220
56
210
228
218
207
215
231
250
249
230
222
208
202
201
206
221
244
246
243
226
231
250
250
249
249
249
249
249
249
249
249
249
249
250
242
214
206
206
207
201
199
21
25
54
249
252
249
249
251
243
220
19
24
54
249
252
249
250
251
235
209
205
205
209
234
222
208
207
205
203
208
210
217
243
245
246
249
250
249
249
249
249
249
249
248
245
221
210
238
250
249
249
249
249
249
249
249
249
249
249
249
249
249
249
249
249
249
249
249
249
249
249
249
249
249
249
249
249
249
249
249
249
249
249
249
249
249
249
249
249
249
249
249
249
249
249
249
249
249
249
249
249
249
249
249
249
251
243
220
19
26
52
216
207
199
205
221
246
243
213
205
206
204
206
207
209
211
214
209
212
230
245
250
249
249
249
249
249
249
249
249
250
250
250
237
206
205
206
211
208
48
25
22
220
243
251
249
249
252
249
54
24
19
220
243
251
250
249
247
230
207
204
204
214
218
211
203
203
204
206
206
206
208
209
211
220
249
250
250
250
249
249
249
250
239
217
204
204
234
249
250
249
249
249
249
249
249
249
249
249
249
249
249
249
249
249
249
249
249
249
249
249
249
249
249
249
249
249
249
249
249
249
249
249
249
249
249
249
249
249
249
249
249
249
249
249
249
249
249
249
249
249
249
249
249
249
252
249
54
24
22
216
209
204
203
207
222
223
212
209
204
206
208
210
211
209
206
204
204
204
201
229
250
250
249
249
249
249
249
249
250
250
248
239
210
209
206
206
208
199
171
51
219
251
253
250
249
249
251
243
211
54
220
250
253
250
250
244
223
209
207
205
206
207
206
205
206
205
206
205
202
204
205
203
202
205
226
244
248
248
250
249
250
250
231
210
202
204
219
245
250
249
249
249
249
249
249
249
249
249
249
249
249
249
249
249
249
249
249
249
249
249
249
249
249
249
249
249
249
249
249
249
249
249
249
249
249
249
249
249
249
249
249
249
249
249
249
249
249
249
249
249
249
249
249
249
251
243
211
54
223
250
230
206
205
208
207
206
205
205
204
209
217
201
207
203
216
207
206
203
202
228
248
250
249
249
249
249
249
250
247
245
221
208
214
215
213
223
218
215
195
214
234
253
250
249
249
249
250
253
243
249
243
253
250
249
250
239
214
205
204
205
206
207
207
217
224
224
210
203
201
206
203
206
205
206
208
206
215
247
250
249
250
247
226
206
203
205
218
245
250
249
249
249
249
249
249
249
249
249
249
249
249
249
249
249
249
249
249
249
249
249
249
249
249
249
249
249
249
249
249
249
249
249
249
249
249
249
249
249
249
249
249
249
250
250
249
249
249
249
249
249
249
249
249
249
250
253
243
249
246
253
223
205
205
207
204
203
205
208
213
224
220
185
47
176
201
209
205
206
206
214
238
250
249
249
249
249
249
250
244
208
208
208
219
241
235
246
239
214
208
221
244
251
249
249
249
249
249
250
251
252
251
250
249
249
250
240
213
205
205
203
209
221
239
246
248
249
244
203
215
212
204
203
206
206
204
201
208
231
250
250
250
234
212
205
202
207
236
250
250
249
249
249
249
249
249
250
250
250
250
249
249
249
249
249
249
249
249
249
249
249
249
249
249
249
249
249
249
249
249
249
249
249
249
249
249
249
249
249
249
249
249
250
253
250
249
249
249
249
249
249
249
249
249
249
249
250
251
251
252
249
223
205
205
206
206
205
210
225
249
235
199
17
24
52
220
215
204
205
204
208
234
250
249
249
249
249
249
251
242
207
199
213
244
249
250
250
250
231
209
230
249
250
249
249
249
249
249
249
249
249
249
249
249
249
250
239
215
204
204
205
214
239
250
251
250
251
249
247
243
228
211
208
208
208
207
206
209
227
248
250
249
235
212
213
212
206
234
250
250
249
249
249
249
249
250
248
245
245
249
249
249
249
250
251
252
251
250
249
249
249
249
249
249
249
249
249
249
249
249
249
249
249
249
249
249
249
249
249
249
249
249
251
243
226
26
249
249
249
249
249
249
249
249
249
249
249
249
249
250
247
219
203
204
207
211
219
228
249
253
249
55
25
23
221
243
231
204
205
202
205
233
250
249
249
249
249
250
250
242
207
204
219
250
250
250
251
254
225
205
209
249
251
249
249
249
249
249
249
249
249
249
249
249
249
250
241
215
203
204
214
237
249
250
249
249
249
250
250
250
249
245
223
210
207
206
205
210
229
250
250
250
233
212
215
221
209
210
241
250
249
249
249
249
250
248
239
208
221
249
250
249
250
253
243
249
243
253
251
251
252
251
250
249
249
249
249
249
249
249
249
249
249
249
249
249
249
249
249
249
249
249
252
249
78
26
249
249
249
249
249
249
249
249
249
249
249
249
249
251
248
220
204
205
209
222
246
249
249
251
243
211
54
220
251
254
242
216
205
204
208
236
250
249
249
249
249
250
248
222
204
211
244
250
249
250
253
251
204
46
180
232
251
249
249
249
249
249
249
249
249
249
249
249
250
250
240
215
204
206
228
249
251
249
249
249
249
249
249
249
250
250
248
217
208
205
204
219
246
250
250
250
229
209
215
217
205
206
236
250
249
249
249
249
250
243
207
200
216
248
251
250
253
250
220
54
211
244
254
243
249
243
253
250
249
249
249
249
249
249
249
249
249
249
249
249
249
249
249
249
249
249
251
243
226
26
249
249
249
249
249
249
249
249
249
249
249
249
249
250
245
218
204
204
210
242
250
250
249
250
253
243
249
243
253
251
249
228
205
203
230
247
250
249
249
249
249
251
245
212
207
225
251
251
249
251
243
220
23
21
53
247
252
249
249
249
249
249
249
249
249
249
249
249
250
247
231
201
204
213
237
250
250
249
249
249
249
249
249
249
249
250
250
243
210
204
204
218
246
250
250
248
224
207
229
220
200
205
239
250
250
249
249
249
250
243
210
203
215
244
249
251
243
220
20
24
59
253
253
218
56
210
244
251
250
250
249
249
249
249
249
249
249
249
249
249
249
249
249
249
249
249
250
253
250
249
249
249
249
249
249
249
249
249
249
249
249
249
249
250
229
210
206
202
209
242
250
249
249
249
250
251
252
251
250
250
249
230
204
206
233
250
250
249
249
249
249
250
245
219
197
228
243
254
250
252
250
57
23
17
205
243
251
249
249
249
249
249
249
249
249
249
249
249
251
234
195
202
204
215
237
250
249
249
249
249
249
249
249
249
249
249
251
246
223
203
206
215
235
251
250
234
206
207
231
225
203
208
239
250
250
249
249
249
250
249
237
204
204
224
250
252
249
55
26
21
221
233
207
22
26
50
225
247
247
247
250
249
249
249
249
249
249
249
249
249
249
249
249
249
249
249
249
250
250
249
249
249
249
249
249
249
249
249
249
249
249
249
250
249
228
208
205
203
209
242
250
249
249
249
249
249
249
249
249
250
240
218
203
205
231
250
249
249
249
249
250
250
236
212
181
51
211
243
251
251
243
210
49
182
238
254
250
249
249
249
249
249
249
249
249
249
249
249
250
234
204
202
208
217
239
250
249
249
249
249
249
249
249
249
249
250
249
242
207
205
205
220
245
251
248
225
203
208
236
236
212
205
225
246
250
249
249
249
249
251
243
210
204
219
245
252
246
212
53
214
232
219
51
22
19
181
203
213
212
245
249
249
249
249
249
249
249
249
249
249
249
249
249
249
249
249
249
249
249
249
249
249
249
249
249
249
249
249
249
249
249
249
250
249
228
209
205
204
212
241
250
249
249
249
249
249
249
249
249
249
239
216
202
205
232
250
249
249
249
249
250
249
216
180
16
25
56
249
252
250
254
230
208
218
252
250
249
249
249
249
249
249
249
249
249
249
249
250
249
237
207
203
211
229
248
250
249
249
249
249
249
249
249
249
249
250
246
210
206
205
204
220
248
251
236
207
200
226
247
247
218
203
212
244
250
249
249
249
249
250
249
237
207
206
226
250
254
241
225
201
220
201
172
47
182
208
214
203
205
222
248
250
249
249
249
249
249
249
249
249
249
249
249
249
249
249
249
249
249
249
249
249
249
249
249
249
249
249
249
249
249
249
250
248
224
205
204
204
211
242
250
249
249
249
249
249
249
249
249
250
237
215
202
204
231
250
249
249
249
249
250
250
216
45
23
24
220
243
251
250
250
233
211
232
251
250
249
249
249
249
249
249
249
249
249
249
249
250
245
221
204
204
211
231
250
250
249
249
249
249
249
249
249
249
249
251
242
214
204
205
206
222
250
250
229
204
202
231
251
237
213
204
237
248
250
250
249
249
249
250
251
240
208
202
213
235
244
223
213
208
208
212
198
205
201
215
206
205
203
216
247
251
249
249
249
249
249
249
249
249
249
249
249
249
249
249
249
249
249
249
249
249
249
249
249
249
249
249
249
249
249
249
250
248
220
203
204
206
220
244
250
249
249
249
249
249
249
249
250
250
230
204
202
206
230
250
249
249
249
249
250
250
212
172
52
221
252
254
251
250
234
206
222
245
250
250
250
250
250
250
250
249
249
249
249
249
249
250
241
211
202
206
216
237
250
249
249
249
249
249
249
249
249
249
250
250
243
212
204
205
214
244
250
242
215
203
225
248
251
243
208
206
206
249
251
248
250
249
249
249
250
237
207
201
207
224
229
206
203
205
210
224
216
227
229
217
209
206
204
211
244
250
249
249
249
249
249
249
249
249
249
249
249
249
249
249
249
249
249
249
249
249
249
249
249
249
249
249
249
249
249
249
251
248
222
204
203
211
229
249
250
249
249
249
249
249
249
249
250
250
226
200
202
208
234
250
249
249
249
249
250
249
233
200
212
240
254
250
248
232
206
205
225
249
251
249
248
245
244
248
249
250
249
249
249
249
250
249
236
206
204
211
233
248
250
249
249
249
249
249
249
249
249
249
250
248
225
207
204
208
221
251
251
234
206
211
237
251
254
250
199
45
178
229
215
240
249
249
249
249
250
239
207
203
205
208
206
205
204
207
234
247
247
246
248
247
227
208
204
206
218
249
250
249
249
249
249
249
249
249
249
249
249
249
249
249
249
249
249
249
249
249
249
249
249
249
249
249
249
249
249
249
250
244
216
203
204
212
240
250
250
249
249
249
249
249
249
249
250
250
233
212
216
244
253
252
250
249
249
249
250
249
228
210
213
226
231
238
212
205
205
207
232
251
250
248
225
210
212
221
243
248
250
249
249
249
251
244
211
206
206
217
236
250
250
249
249
249
249
249
249
249
249
249
250
246
209
204
207
216
247
250
250
232
205
210
235
252
245
220
23
22
51
205
215
220
249
249
249
249
249
248
237
207
206
204
205
205
207
231
250
250
250
250
250
250
249
218
207
202
213
244
250
249
250
252
254
254
254
254
254
252
250
249
249
249
249
249
249
249
249
249
249
249
249
249
249
249
249
249
249
250
251
220
204
205
204
211
242
250
249
249
249
249
249
249
249
249
250
251
218
179
163
188
228
249
254
254
254
254
254
254
254
227
219
222
227
222
222
220
223
244
254
254
251
226
207
203
203
204
212
242
250
249
249
250
249
237
205
204
205
212
232
249
250
249
249
249
249
249
249
249
249
249
249
240
209
202
214
245
250
251
244
217
205
225
249
253
251
59
27
18
182
196
210
240
250
249
249
249
249
250
249
233
204
206
215
225
250
254
254
254
254
254
254
254
254
254
227
219
232
254
254
254
254
246
225
202
204
200
219
234
251
249
249
249
249
249
249
249
249
249
249
249
249
249
249
249
249
249
249
250
248
228
205
204
204
212
240
250
249
249
249
249
249
249
249
249
250
251
223
73
61
71
71
211
207
204
204
204
204
208
201
172
167
170
167
168
167
166
181
205
206
213
211
225
222
222
223
219
217
252
254
254
254
254
253
225
222
222
223
224
242
254
254
254
254
254
254
254
254
254
254
254
254
228
223
218
233
254
254
254
251
230
226
250
254
254
250
223
64
195
225
229
230
254
255
254
254
254
254
254
255
252
225
223
209
212
203
205
205
204
204
204
204
205
208
203
177
167
175
202
207
204
207
211
72
76
78
72
85
240
252
249
249
249
249
249
249
249
249
249
249
249
249
249
249
249
249
249
249
250
249
226
206
204
205
208
240
250
249
249
249
249
249
249
249
249
250
246
206
180
163
192
212
73
76
78
78
78
78
79
76
73
67
65
64
67
70
73
77
77
73
64
177
174
175
174
173
164
172
201
213
218
220
220
205
171
167
170
176
193
204
206
205
204
204
204
207
209
211
209
207
207
202
183
165
165
174
202
208
207
193
165
175
198
200
184
184
170
174
163
176
167
180
201
206
205
204
204
204
205
205
203
189
167
180
70
77
80
78
78
78
78
78
78
80
75
71
64
72
76
81
78
76
72
211
207
204
200
219
234
251
249
249
249
249
249
249
249
249
249
249
249
249
249
249
249
249
249
249
250
248
221
203
203
203
212
241
250
249
249
249
249
249
249
249
249
250
240
221
212
220
249
248
227
202
204
204
204
204
205
207
206
189
167
168
174
191
211
208
194
174
173
69
59
69
68
82
70
71
84
77
62
38
53
60
73
68
78
64
76
74
90
81
78
78
80
89
71
78
71
90
80
74
70
67
68
73
77
80
76
70
69
73
77
74
67
64
66
72
69
70
72
76
77
78
78
78
78
78
78
79
79
74
66
61
195
207
205
204
204
204
204
204
204
206
205
179
168
171
201
205
205
202
225
246
254
254
254
254
252
250
249
249
249
249
249
249
249
249
249
249
249
249
249
249
249
249
249
249
250
249
223
205
201
205
219
245
250
249
249
249
249
249
249
249
249
250
234
209
203
207
232
252
254
254
254
254
254
254
254
254
254
254
250
219
234
254
254
252
235
226
212
193
145
15
166
201
183
174
191
173
14
14
27
169
176
180
176
156
15
166
198
209
204
207
215
209
173
15
165
201
207
179
169
167
174
204
209
205
196
175
175
169
175
162
179
174
176
173
169
169
198
207
206
205
204
204
204
204
204
205
205
191
165
191
236
255
254
254
254
254
254
254
254
254
254
253
225
222
238
254
254
254
254
252
250
249
249
249
249
249
249
249
249
249
249
249
249
249
249
249
249
249
249
249
249
249
249
249
250
245
220
205
204
205
237
249
250
249
249
249
249
249
249
249
249
250
231
204
201
206
229
250
249
249
249
249
249
249
249
249
250
248
225
208
217
242
226
213
204
208
209
205
31
41
76
254
250
235
252
74
40
32
225
216
227
216
200
35
43
74
254
255
254
255
254
239
39
43
74
254
254
233
224
218
229
254
254
255
252
232
224
200
64
191
227
253
253
243
222
223
240
254
254
254
254
254
254
254
254
254
255
251
222
215
231
250
250
249
249
249
249
249
249
250
250
243
208
205
220
248
250
249
249
249
249
249
249
249
249
249
249
249
249
249
249
249
249
249
249
249
249
249
249
249
249
249
249
250
250
227
207
205
202
206
238
251
250
249
249
249
249
249
249
249
249
250
232
206
202
209
233
250
249
249
249
249
249
249
249
249
250
246
223
207
207
210
210
205
201
211
227
54
25
21
223
242
226
215
234
215
58
214
212
215
213
205
47
23
22
220
243
251
249
252
249
54
24
19
221
243
228
209
203
199
212
244
251
250
239
201
178
19
19
51
245
253
251
231
210
202
217
243
250
249
249
249
249
249
249
249
250
247
228
202
207
233
250
249
249
249
249
249
249
250
247
213
202
210
244
250
249
249
249
249
249
249
249
249
249
249
249
250
251
252
251
250
249
249
249
249
249
249
249
249
249
249
249
250
248
227
205
205
201
204
238
250
249
249
249
249
249
249
249
249
249
250
232
203
200
226
246
250
249
249
249
249
249
249
249
249
250
250
238
207
203
206
206
203
199
225
242
213
55
220
252
253
227
210
248
243
251
238
220
204
210
202
184
54
222
250
253
250
249
251
243
211
54
220
252
252
216
203
205
204
216
248
250
250
248
223
49
26
22
202
243
252
250
246
216
204
213
244
250
249
249
249
249
249
249
249
250
250
233
204
202
229
249
250
249
249
249
249
249
250
245
212
202
213
246
251
249
249
249
249
249
249
249
249
249
249
250
253
243
249
243
253
249
249
249
249
249
249
249
249
249
249
249
250
249
227
206
205
201
206
237
250
249
249
249
249
249
249
249
249
250
250
232
201
202
230
250
250
249
249
249
249
249
249
249
249
249
250
244
213
205
204
207
208
225
252
254
246
249
242
254
249
221
205
218
250
252
246
210
204
208
209
204
244
246
253
250
249
249
250
253
243
249
245
254
246
209
203
204
210
243
250
249
250
250
242
210
57
217
250
252
250
250
248
219
200
234
247
250
249
249
249
249
249
249
249
249
250
231
202
202
229
250
250
249
249
249
249
249
250
245
221
201
214
246
250
249
249
249
249
249
249
249
249
249
250
253
250
220
54
211
243
249
249
249
249
249
249
249
249
249
249
249
250
249
224
207
206
201
201
237
250
249
249
249
249
249
249
249
249
250
249
232
204
203
229
250
250
249
249
249
249
249
249
249
249
249
250
249
240
209
205
221
252
241
249
247
254
252
251
251
247
214
200
218
246
249
215
207
206
206
204
208
252
252
250
249
249
249
249
250
251
252
251
248
213
208
207
205
218
247
251
249
249
250
253
243
249
243
253
250
249
250
247
220
205
212
244
250
249
249
249
249
249
249
249
249
250
233
205
203
227
249
250
249
249
249
249
249
251
247
215
201
212
245
250
249
249
249
249
249
249
249
249
249
252
246
226
24
25
54
249
249
249
249
249
249
249
249
249
249
249
249
250
249
224
205
204
202
215
241
250
249
249
249
249
249
249
249
249
250
243
221
203
204
227
250
250
249
249
249
249
249
249
249
249
249
250
250
244
218
217
252
252
222
55
211
243
251
249
250
246
214
203
219
250
246
214
202
205
208
216
244
248
250
249
249
249
249
249
249
249
250
249
215
204
206
200
201
221
250
250
249
249
249
250
251
252
251
250
249
249
250
250
230
208
210
240
250
249
249
249
249
249
249
249
249
250
248
230
205
214
238
250
249
249
249
249
250
250
243
206
203
217
249
250
249
249
249
249
249
249
249
249
250
254
242
53
18
30
221
243
249
249
249
249
249
249
249
249
249
249
249
250
248
224
204
202
207
222
246
250
249
249
249
249
249
249
249
250
250
235
209
202
202
227
250
250
249
249
249
249
249
249
249
249
249
250
249
238
209
224
241
223
20
24
54
249
252
249
248
230
208
204
238
251
246
212
203
205
210
228
250
250
249
249
249
249
249
249
249
249
250
244
216
203
209
198
165
237
251
249
249
249
249
249
249
249
249
249
249
249
250
249
244
212
209
241
250
249
249
249
249
249
249
249
249
249
250
247
225
206
232
250
249
249
249
250
250
248
212
205
211
246
249
249
249
249
249
249
249
249
249
250
253
252
213
16
16
213
252
253
249
249
249
249
249
249
249
249
249
249
249
249
249
234
214
204
204
234
249
250
249
249
249
249
249
249
249
250
243
220
207
200
205
229
250
250
249
249
249
249
249
249
249
249
249
250
245
213
209
237
250
56
24
19
220
243
251
250
229
213
204
208
242
251
244
210
200
202
211
231
249
250
249
249
249
249
249
249
249
249
250
234
212
205
206
198
203
241
251
249
249
249
249
249
249
249
249
249
249
249
250
250
224
204
210
239
250
249
249
249
249
249
249
249
249
249
250
250
228
207
229
249
250
250
250
249
247
224
203
206
243
250
250
249
249
249
249
249
249
249
249
251
243
221
30
18
53
242
254
250
249
249
249
249
249
249
249
249
249
249
249
250
251
251
250
224
208
240
252
252
251
250
249
249
249
249
249
250
240
215
205
201
205
228
249
250
249
249
249
249
249
249
249
249
249
250
242
218
213
249
244
212
54
220
250
253
251
249
223
203
203
217
245
250
247
216
206
206
212
239
250
249
249
249
249
249
249
249
249
250
248
219
206
206
207
209
244
249
250
249
249
249
249
249
249
249
249
249
249
249
249
249
228
204
206
239
250
249
249
249
249
249
249
249
249
249
250
249
227
204
210
238
251
250
249
232
213
206
203
212
247
251
249
249
249
249
249
249
249
249
249
252
249
54
25
24
226
246
252
249
249
249
249
249
249
249
249
249
249
249
250
253
243
250
244
252
249
252
243
249
243
253
250
249
249
249
249
251
243
220
206
206
210
231
250
249
249
249
249
249
249
249
249
249
249
249
239
206
211
235
254
244
249
243
254
251
250
244
216
204
207
241
250
250
247
247
237
209
216
245
250
249
249
249
249
249
249
249
249
250
245
216
203
205
209
225
249
250
249
249
249
249
249
249
249
249
249
249
249
249
249
250
247
215
210
239
250
249
249
249
249
249
249
249
249
249
249
250
230
207
206
218
240
246
215
205
203
203
210
232
247
250
249
249
249
249
249
249
249
249
249
251
243
211
54
220
250
253
250
249
249
249
249
249
249
249
249
249
249
250
253
250
220
54
212
246
254
251
220
54
211
243
251
249
249
249
251
252
230
206
196
211
224
247
250
249
249
249
249
249
249
249
249
249
250
249
220
204
208
233
250
252
252
251
250
247
232
212
205
206
236
250
250
249
250
251
247
221
224
249
250
249
249
249
249
249
249
249
249
250
233
210
203
208
212
244
250
250
249
249
249
249
249
249
249
249
249
249
249
249
249
250
249
245
225
241
250
249
249
249
249
249
249
249
249
249
249
250
247
224
204
205
216
207
202
203
207
214
242
249
249
249
249
249
249
249
249
249
249
249
249
250
253
243
249
243
253
250
249
249
249
249
249
249
249
249
249
249
249
251
243
220
19
24
54
251
249
220
19
24
54
249
252
249
249
250
254
248
196
48
172
201
233
251
250
249
249
249
249
249
249
249
249
249
249
250
238
205
207
225
246
250
250
250
237
215
207
204
200
200
233
250
249
249
249
250
248
246
246
249
249
249
249
249
249
249
249
249
250
248
225
206
203
208
240
249
250
249
249
249
249
249
249
249
249
249
249
249
249
249
249
249
250
248
249
247
250
249
249
249
249
249
249
249
249
249
249
250
249
225
202
199
203
203
205
208
239
248
249
250
249
249
249
249
249
249
249
249
249
249
249
249
250
251
252
251
250
249
249
249
249
249
249
249
249
249
249
249
249
252
249
54
24
19
220
249
251
54
24
19
220
243
251
249
249
251
242
212
21
19
44
219
250
250
249
249
249
249
249
249
249
249
249
249
249
250
240
209
204
209
214
231
248
231
208
205
203
209
210
208
238
250
249
249
249
249
249
250
250
249
249
249
249
249
249
249
249
249
250
247
218
202
201
210
241
250
249
249
249
249
249
249
249
249
249
249
249
249
249
249
249
249
249
249
249
249
249
249
249
249
249
249
249
249
249
250
251
252
252
232
211
212
213
234
219
239
249
251
250
249
249
249
249
249
249
249
249
249
249
249
249
249
249
249
249
249
249
249
249
249
249
249
249
249
249
249
249
249
249
251
243
211
54
220
250
254
244
211
54
220
250
253
250
249
249
252
249
54
26
19
186
222
251
250
249
249
249
249
249
249
249
249
249
249
249
250
244
211
205
204
206
217
221
208
204
204
206
232
244
245
247
249
249
249
249
249
249
249
249
249
249
249
249
249
249
249
249
249
250
247
217
201
205
213
244
250
249
249
249
249
249
249
249
249
249
249
249
249
249
249
249
249
249
249
249
249
249
249
249
249
249
249
249
249
250
253
243
250
242
252
247
243
247
247
249
248
250
249
249
249
249
249
249
249
249
249
249
249
249
249
249
249
249
249
249
249
249
249
249
249
249
249
249
249
249
249
249
249
249
250
253
243
249
243
253
251
253
243
249
243
253
250
249
249
249
251
243
211
55
216
249
252
249
249
249
249
249
249
249
249
249
249
249
249
249
250
249
238
206
203
205
206
207
205
205
208
233
250
251
250
250
249
249
249
249
249
249
249
249
249
249
249
249
249
249
249
249
249
250
250
221
204
204
236
249
250
249
249
249
249
249
249
249
249
249
249
249
249
249
249
249
249
249
249
249
249
249
249
249
249
249
249
249
250
253
250
220
54
212
244
252
250
250
250
250
249
249
249
249
249
249
249
249
249
249
249
249
249
249
249
249
249
249
249
249
249
249
249
249
249
249
249
249
249
249
249
249
249
249
249
250
251
252
251
250
249
250
251
252
251
250
249
249
249
249
250
253
243
249
243
254
251
249
249
249
249
249
249
249
249
249
249
249
249
249
249
251
243
217
207
205
202
203
203
205
230
250
250
249
249
249
249
249
249
249
249
249
249
249
249
249
249
249
249
249
249
249
249
249
249
246
218
210
242
251
249
249
249
249
249
249
249
249
249
250
251
252
251
250
249
249
249
249
249
249
249
249
249
249
249
249
249
249
251
243
220
19
24
54
249
252
249
249
249
249
249
249
249
249
249
249
249
249
249
249
249
249
249
249
249
249
249
249
249
249
249
249
249
249
249
249
249
249
249
249
249
249
249
249
249
249
249
249
249
249
249
249
249
249
249
249
249
249
249
249
249
250
251
252
251
250
249
249
249
249
249
249
249
249
249
249
249
249
249
249
249
250
248
247
232
204
203
206
204
225
247
250
249
249
249
249
249
249
249
249
249
249
249
249
249
249
249
249
249
249
249
249
249
249
250
249
246
245
247
250
249
249
249
250
251
252
251
250
250
253
243
249
243
253
250
249
249
249
249
249
249
249
249
249
249
249
249
249
252
249
54
24
19
220
243
251
249
249
249
249
249
249
249
249
249
249
250
251
252
251
250
249
249
249
249
249
249
249
249
249
249
249
249
249
249
249
249
249
249
249
249
249
249
249
249
249
249
249
249
249
249
249
249
249
249
249
249
249
249
249
249
249
249
249
249
249
249
249
249
249
249
249
249
249
249
249
249
249
249
249
249
249
250
250
243
225
217
225
244
247
249
249
249
249
249
249
249
249
249
249
249
249
249
249
249
249
249
249
249
249
249
249
249
249
249
250
250
250
250
249
249
249
250
253
243
249
243
254
254
250
220
54
211
243
251
249
249
249
249
249
249
249
249
249
249
249
249
249
251
243
211
54
220
250
253
250
249
249
249
249
249
249
249
249
249
250
253
243
249
243
253
250
249
249
249
249
249
249
249
249
249
249
249
249
249
249
249
249
249
249
249
249
249
249
249
249
249
249
249
249
249
249
249
249
249
249
249
249
249
249
249
249
249
249
249
249
249
249
249
249
249
249
249
249
249
249
249
249
249
249
249
249
249
250
248
247
247
249
250
250
250
249
249
249
249
249
249
249
249
249
249
249
249
249
249
249
249
249
249
249
249
249
249
249
249
249
249
249
249
249
249
250
253
250
220
54
211
246
246
220
19
24
54
249
252
249
249
249
249
249
249
249
249
249
249
249
249
249
250
253
243
249
243
253
250
249
249
249
249
249
249
249
249
249
250
253
250
220
54
211
243
251
249
249
249
249
249
249
249
249
249
249
249
249
249
249
249
249
249
249
249
249
249
249
249
249
249
249
249
249
249
249
249
249
249
249
249
249
249
249
249
249
249
249
249
249
249
249
249
249
249
249
249
249
249
249
249
249
249
249
249
249
249
249
249
250
250
250
249
249
249
249
249
249
249
249
249
249
249
249
249
249
249
249
249
249
249
249
249
249
249
249
249
249
249
249
249
249
249
249
249
250
250
234
43
30
52
244
244
56
22
22
211
240
251
249
249
249
249
249
249
249
249
249
249
249
249
249
249
250
251
252
251
250
249
249
249
249
249
249
249
249
249
249
250
250
234
43
30
52
240
251
249
249
249
249
249
249
249
249
249
249
249
249
249
249
249
249
249
249
249
249
249
249
249
249
249
249
249
249
249
249
249
249
249
249
249
249
249
249
249
249
249
249
249
249
249
249
249
249
249
249
249
249
249
249
249
249
249
249
249
249
249
249
249
249
249
249
249
249
249
249
249
249
249
249
249
249
249
249
249
249
249
249
249
249
249
249
249
249
249
249
249
249
249
249
249
249
249
249
249
249
249
26
26
26
249
249
249
249
26
249
249
249
249
249
249
249
249
249
249
249
249
249
249
249
249
249
249
249
249
249
249
249
249
249
249
249
249
249
249
249
249
249
249
249
26
26
26
249
249
249
249
249
249
249
249
249
249
249
249
249
249
249
249
249
