247
247
247
247
247
48
48
48
247
247
247
247
247
247
247
247
247
247
247
247
247
247
247
247
247
247
247
247
247
247
247
247
247
247
247
247
247
247
247
247
247
247
247
247
247
247
247
247
247
247
247
247
247
247
247
247
247
247
247
247
247
247
247
247
247
247
247
247
247
247
247
247
247
247
247
48
247
247
247
247
247
247
247
247
247
247
247
247
247
247
247
247
247
247
247
247
247
247
48
247
247
247
247
247
247
247
247
247
247
247
247
247
247
247
247
247
247
247
247
247
247
247
247
247
247
247
247
247
247
247
247
247
247
247
247
247
247
247
247
247
48
48
48
48
48
48
247
247
247
247
247
247
250
240
71
52
63
234
249
249
247
247
247
247
247
247
247
247
247
247
247
247
247
247
247
247
247
247
247
247
247
247
247
247
247
247
247
247
247
247
247
247
247
247
247
247
247
247
247
247
247
249
254
241
248
241
254
249
247
247
247
247
247
247
247
247
247
247
247
247
247
250
240
213
44
44
75
240
250
247
247
247
247
247
247
247
247
247
247
247
247
247
247
247
250
240
213
44
44
75
240
250
247
247
247
247
247
247
247
247
247
247
247
247
249
254
249
216
67
209
240
250
247
247
247
247
247
247
247
247
247
247
247
247
247
247
247
247
249
249
230
86
50
54
65
234
249
249
247
247
247
247
250
241
212
73
220
251
254
249
247
247
247
247
247
247
247
247
247
247
247
247
247
247
249
250
251
250
249
247
247
247
247
247
247
247
247
247
247
247
247
247
247
247
247
247
247
247
247
247
249
254
251
220
73
212
241
250
247
247
247
247
247
247
247
247
247
247
247
248
249
253
249
74
46
42
220
241
250
247
247
247
247
247
247
247
247
247
247
247
247
247
247
247
251
248
73
47
44
224
247
255
251
250
249
248
247
247
247
247
247
247
247
247
250
241
220
42
46
73
248
251
247
247
247
247
247
247
247
247
247
247
247
247
247
247
247
247
249
254
246
241
207
82
222
251
254
249
247
247
247
247
249
254
241
248
241
254
249
247
247
247
247
247
247
247
247
247
247
247
247
247
247
249
254
241
248
241
254
249
247
247
247
247
247
247
247
247
247
247
247
247
247
247
247
247
247
247
247
247
250
241
220
42
46
73
248
251
247
247
247
247
247
247
247
247
247
247
248
248
244
249
242
219
77
222
251
254
249
247
247
247
247
247
247
247
247
247
247
247
247
247
247
247
250
241
212
75
218
246
246
239
237
242
245
249
247
247
247
247
247
247
247
247
251
248
73
46
42
220
241
250
247
247
247
247
247
247
247
247
247
247
247
247
247
247
247
247
247
249
251
255
246
249
241
254
249
247
247
247
247
247
247
249
250
251
250
249
247
247
247
247
247
247
247
247
247
247
247
247
247
247
249
254
251
220
73
212
241
250
247
247
247
247
247
247
247
247
247
247
247
247
247
247
247
247
247
247
247
247
251
248
73
46
42
220
241
250
247
247
247
247
247
247
247
247
247
247
249
246
223
194
240
231
241
239
255
249
247
247
247
247
247
247
247
247
247
247
247
247
247
247
247
247
249
254
241
250
238
207
183
184
181
196
245
250
247
247
247
247
247
247
247
247
250
241
212
73
220
251
254
249
247
247
247
247
247
247
247
247
247
247
247
247
247
247
247
247
247
247
247
249
250
251
250
249
247
247
247
247
247
247
247
247
247
247
247
247
247
247
247
247
247
247
247
247
247
247
247
247
247
247
250
241
220
42
46
73
248
251
247
247
247
247
247
249
250
251
250
249
247
247
247
247
247
247
247
247
247
247
250
241
212
73
220
251
254
249
247
247
247
247
247
247
247
247
247
247
251
245
192
173
169
184
196
245
252
247
247
247
247
247
247
247
247
247
247
247
247
247
247
247
247
247
247
249
250
255
242
184
165
169
164
187
241
251
247
247
247
249
250
251
250
249
249
254
241
248
241
254
249
247
247
247
247
247
247
247
247
247
247
247
247
247
247
247
247
247
247
247
247
247
247
247
247
247
247
247
247
247
247
247
247
247
247
247
247
247
247
247
247
247
247
247
247
247
247
247
247
247
247
247
251
248
73
46
42
220
241
250
247
247
247
247
249
254
241
248
241
254
249
247
247
247
247
247
247
247
247
247
249
254
241
248
241
254
249
247
247
247
247
247
247
247
247
247
247
248
251
243
187
167
170
164
181
236
251
247
247
247
247
247
247
247
247
247
247
247
247
247
247
247
247
247
247
247
247
251
240
177
171
174
169
189
242
252
247
247
249
254
241
248
241
254
249
249
250
251
250
249
247
247
247
247
247
247
247
247
247
247
247
247
247
247
247
247
247
247
247
247
247
247
247
247
247
247
247
247
247
247
247
247
247
247
247
247
247
247
247
247
247
247
247
247
247
247
247
247
247
247
247
247
250
241
212
73
220
251
254
249
249
250
251
252
255
251
221
73
212
241
250
247
247
247
247
247
247
247
247
247
247
249
250
251
250
249
247
247
247
247
247
247
247
247
247
247
248
248
247
212
180
175
176
171
184
238
252
247
247
247
247
247
247
247
247
249
250
251
250
249
247
247
247
247
247
247
247
250
244
211
176
173
171
189
242
252
247
249
254
251
220
73
212
241
250
247
247
247
247
248
250
250
250
249
248
247
247
247
247
247
247
247
247
247
247
247
247
247
247
247
247
247
247
247
247
247
247
247
247
247
247
247
247
247
247
247
247
247
247
247
247
247
247
247
248
249
250
251
249
248
247
247
249
254
241
248
241
254
249
248
244
241
237
242
237
220
44
46
73
248
251
247
247
247
247
247
247
247
247
247
247
247
247
247
247
247
247
247
247
247
247
247
247
247
247
247
250
248
219
182
174
175
175
171
186
238
252
247
247
247
247
247
247
247
249
254
241
248
241
254
249
247
247
247
247
247
247
248
250
240
189
174
169
191
242
252
249
253
248
224
44
46
73
248
251
247
247
248
249
248
245
239
244
247
251
249
248
247
247
247
247
247
247
247
247
247
247
247
247
247
247
247
247
247
247
247
247
247
247
247
247
247
247
247
247
247
247
247
247
247
247
248
249
251
253
249
242
239
246
252
251
249
248
249
250
251
250
249
247
249
231
186
178
186
207
70
49
43
220
241
250
247
247
247
247
247
247
247
247
247
247
247
247
247
247
247
247
247
247
247
247
247
247
247
247
247
251
248
203
175
172
175
175
170
184
238
252
247
247
247
247
247
247
249
254
251
220
73
212
241
250
247
247
247
247
247
247
247
252
243
199
171
169
191
245
254
254
248
246
67
55
44
220
241
250
248
249
251
250
245
203
186
188
233
246
247
250
248
247
247
247
247
247
247
247
247
247
247
247
247
247
247
247
247
247
247
247
247
247
247
247
247
247
247
247
247
247
247
247
248
250
251
247
242
240
241
189
169
219
238
240
245
248
247
247
247
247
247
247
250
232
179
166
168
179
192
74
222
251
254
249
247
247
247
247
247
247
247
247
247
247
247
247
247
247
247
247
247
247
247
247
247
247
247
247
249
251
244
191
172
174
173
173
170
185
238
252
247
247
247
247
247
247
250
241
220
42
46
73
248
251
247
247
247
247
247
247
247
252
236
182
168
173
187
244
255
252
225
67
178
67
224
251
254
249
248
246
244
239
193
174
170
175
180
189
238
246
249
247
247
247
247
247
247
247
247
247
247
247
247
247
247
247
247
247
247
247
247
247
247
247
247
247
247
247
247
248
249
249
249
245
241
214
187
184
179
171
169
172
169
192
238
251
248
247
247
247
247
247
250
247
222
173
170
184
200
249
244
255
251
251
250
249
247
247
247
247
247
247
247
247
247
247
247
247
247
247
247
247
247
247
247
247
247
249
249
247
199
173
175
191
184
181
169
184
239
253
248
247
247
247
247
247
251
248
73
46
42
220
241
250
247
247
247
247
247
247
247
251
237
162
170
174
177
202
238
220
46
55
67
246
248
254
249
249
253
251
207
177
175
172
174
174
171
174
191
247
253
249
248
247
247
247
247
247
247
247
247
247
247
247
247
247
247
247
247
247
247
247
247
247
247
247
247
247
248
247
243
248
250
224
179
174
174
171
171
172
174
170
167
170
229
249
250
248
247
247
247
247
250
251
224
170
169
176
213
255
255
255
241
248
241
255
250
250
251
251
249
248
247
247
247
247
247
247
247
247
247
247
247
247
247
247
248
247
246
200
174
166
173
228
239
187
167
180
236
250
249
247
247
247
247
247
250
241
212
73
220
251
254
249
247
247
247
247
247
247
247
250
243
205
175
172
174
179
193
70
49
44
224
248
253
249
249
248
246
237
190
168
171
173
170
170
172
170
182
231
244
244
249
247
247
247
247
247
247
247
247
247
247
247
247
247
247
247
247
247
247
247
247
247
247
247
247
247
248
249
224
202
237
211
169
169
174
176
174
174
175
177
176
175
179
237
249
250
248
247
247
247
248
250
233
186
170
178
198
247
254
255
222
73
213
244
250
243
235
241
245
250
248
247
247
247
247
247
247
247
247
247
247
247
247
247
251
250
207
174
170
171
187
244
249
191
169
174
199
246
250
247
247
247
247
247
249
254
241
248
241
254
249
247
247
247
247
247
247
248
249
251
253
241
183
173
172
172
182
208
77
220
251
254
249
248
247
243
199
174
177
169
173
179
183
187
182
178
177
174
188
243
250
247
247
247
247
247
247
247
247
247
247
247
247
247
247
247
247
247
247
247
247
247
247
247
247
247
249
250
221
179
177
182
176
175
174
172
169
169
170
175
175
171
174
186
237
245
249
247
247
247
247
249
248
216
168
173
167
76
212
214
46
47
71
250
251
203
179
180
233
247
249
247
247
247
247
247
247
247
247
247
247
247
247
247
250
243
199
171
169
176
226
252
245
189
169
171
189
240
251
247
247
247
247
247
247
249
250
251
250
249
247
247
247
247
248
249
250
252
249
245
243
233
180
172
175
170
200
238
252
241
254
249
247
250
250
204
169
166
174
178
181
228
241
243
234
181
169
166
182
241
253
247
247
247
247
247
247
247
247
247
247
247
247
247
247
247
247
247
247
247
247
247
247
247
247
247
249
251
221
172
167
175
174
176
178
181
184
174
196
193
178
170
170
171
180
241
251
247
247
247
247
250
251
224
166
153
39
56
78
75
52
46
217
215
227
190
168
173
188
241
250
247
247
247
247
247
247
247
247
247
247
247
247
249
249
217
181
171
169
184
232
255
245
193
172
171
186
240
251
247
247
247
247
247
247
247
247
247
247
247
247
248
250
251
252
250
245
241
237
189
185
185
178
173
175
171
194
248
255
250
249
247
247
251
248
205
167
169
186
225
245
248
252
255
244
189
170
171
186
239
249
248
247
247
247
247
247
247
247
247
247
247
247
247
247
247
247
247
247
247
247
247
247
247
247
247
249
251
223
175
169
173
173
172
177
215
239
241
243
244
190
173
172
167
188
237
251
248
247
247
247
248
249
238
195
63
40
45
210
206
78
224
252
218
186
184
171
169
179
242
251
247
247
247
247
247
247
247
247
247
247
247
247
251
249
207
174
170
173
194
237
254
243
193
172
167
183
239
251
247
247
247
247
247
247
247
247
247
247
248
251
251
249
241
241
239
199
185
180
174
168
171
174
174
174
173
198
244
251
247
247
247
248
249
245
201
171
178
229
249
251
249
248
252
234
174
163
174
176
198
248
251
247
247
247
247
247
247
247
247
247
247
247
247
247
247
247
247
247
247
247
247
250
250
249
247
249
251
223
175
170
174
175
180
198
235
253
252
252
251
241
186
169
171
179
237
248
249
247
247
247
247
250
251
217
153
54
147
211
252
253
245
254
239
193
171
157
58
161
232
253
247
247
247
247
247
247
247
247
247
247
247
247
249
244
202
171
169
178
226
247
252
245
198
174
173
190
246
251
247
247
247
247
247
247
247
247
247
248
249
251
238
204
180
191
180
175
167
170
171
172
173
174
174
174
173
197
246
251
247
247
247
250
250
214
174
170
218
249
250
248
247
247
251
240
159
173
174
171
187
240
249
248
247
249
250
251
250
249
247
247
247
247
247
247
247
247
247
247
247
247
247
240
241
254
249
249
251
222
173
169
172
178
213
244
248
248
247
247
251
249
200
176
169
173
190
243
251
247
247
247
247
248
251
238
185
169
156
208
254
255
250
222
191
176
159
43
41
71
236
254
247
247
247
247
247
247
247
247
247
247
247
250
252
217
179
170
173
188
234
251
251
248
217
177
173
233
244
250
247
247
247
247
247
247
247
247
248
251
253
228
170
63
147
164
168
172
176
177
170
174
178
179
174
172
171
198
246
252
247
247
247
250
247
208
165
171
222
251
250
247
248
249
252
248
240
190
174
173
177
204
248
250
249
254
241
248
241
254
249
247
247
247
247
247
247
247
247
247
247
247
247
71
212
241
250
248
250
227
179
170
168
179
220
252
251
248
247
247
248
247
244
191
177
168
182
237
251
247
247
247
247
247
249
248
221
174
172
214
250
249
208
176
176
172
63
47
38
165
233
253
247
247
247
247
248
249
250
249
249
247
247
250
245
203
171
170
174
221
247
249
249
251
242
186
174
190
246
251
247
247
247
247
247
247
247
248
249
249
224
171
42
42
61
176
183
184
230
212
184
187
236
203
175
172
172
192
241
249
248
247
247
251
250
210
166
172
221
249
249
248
250
247
244
244
237
187
176
172
169
190
242
252
254
251
220
73
212
241
250
247
247
247
247
247
247
247
247
247
247
247
48
52
73
248
251
247
249
247
221
175
171
174
215
250
251
247
247
247
248
249
250
239
186
166
184
240
253
248
247
247
247
247
250
251
224
177
168
211
253
223
185
172
172
170
155
63
153
185
243
253
248
247
247
248
249
246
241
243
247
249
249
250
219
181
172
172
184
230
250
249
249
249
239
183
165
184
239
251
247
247
247
247
247
247
248
250
250
226
185
62
43
38
154
179
230
246
244
247
239
243
248
238
181
172
174
176
201
249
250
247
247
249
245
204
168
178
227
251
250
247
248
241
191
181
181
177
172
173
175
196
246
253
241
220
42
46
73
248
251
247
247
247
247
247
247
247
247
247
247
247
48
65
226
251
255
251
249
251
247
216
170
168
208
246
250
247
247
247
247
247
252
246
191
168
177
235
248
249
247
247
247
247
249
249
221
174
171
195
231
242
198
171
176
194
188
188
167
184
234
248
249
247
247
249
245
226
177
197
244
248
252
248
210
172
169
173
197
237
250
247
249
246
192
175
168
187
240
251
247
247
247
247
247
248
249
248
229
194
168
149
64
165
180
234
250
251
250
250
251
251
253
239
184
171
174
169
195
243
251
246
249
251
217
175
169
216
250
253
253
248
217
192
176
169
169
168
174
177
201
242
248
252
247
73
46
42
220
241
250
247
247
247
247
247
247
247
247
247
247
247
48
238
237
227
224
246
255
255
255
221
171
168
183
223
250
249
247
247
247
247
249
247
216
177
173
185
245
251
248
247
247
247
248
251
226
181
169
206
219
193
183
171
175
225
242
192
170
175
190
243
251
248
249
254
235
171
166
170
201
248
253
251
212
174
172
181
227
249
249
247
252
242
193
170
170
188
240
251
247
247
247
247
247
249
246
223
183
176
178
173
184
217
250
245
249
248
247
247
247
247
251
232
177
164
174
171
197
246
254
251
253
250
209
166
174
222
249
243
240
220
188
180
182
178
180
179
188
238
246
248
249
251
241
212
73
220
251
254
249
247
247
247
247
247
247
247
247
247
247
247
247
253
249
101
83
212
207
228
247
234
185
176
187
224
249
249
247
247
247
247
248
251
240
185
167
176
235
248
249
247
247
247
247
249
247
214
176
183
186
176
171
172
181
238
253
194
174
168
185
236
251
248
243
243
218
171
164
174
205
249
251
245
208
169
172
217
248
249
248
247
252
239
190
168
169
185
241
253
248
247
247
247
250
251
227
183
172
168
170
185
231
251
252
249
248
247
247
247
247
247
250
237
161
172
173
173
201
255
248
247
245
255
214
170
173
221
212
193
194
191
174
159
139
155
174
237
246
247
251
249
248
249
254
241
248
241
254
249
247
247
247
247
247
247
247
247
247
247
247
247
247
251
236
222
209
88
90
90
216
183
142
141
169
223
255
255
255
255
255
251
249
251
246
192
175
172
188
245
250
247
247
247
247
251
251
219
178
171
175
175
172
174
222
249
245
234
179
167
184
238
253
251
236
177
179
177
174
199
246
250
251
218
177
168
181
225
251
250
247
247
252
245
173
171
169
180
240
252
252
250
249
248
250
247
217
171
174
179
177
217
249
250
248
247
247
247
247
247
247
247
250
245
229
175
171
173
202
244
224
79
227
255
229
184
187
177
164
145
143
147
146
72
73
93
234
252
251
249
248
247
247
247
249
250
251
250
249
247
247
247
247
247
247
247
247
247
247
247
247
247
247
249
251
255
244
225
207
213
89
88
82
73
75
189
214
212
208
205
225
246
255
255
251
225
181
180
194
248
255
249
247
247
247
249
249
215
174
171
178
173
173
199
239
253
253
194
182
167
185
238
254
249
228
173
164
169
190
243
250
251
248
213
170
166
182
225
252
253
251
251
253
249
240
182
171
177
188
239
240
242
246
249
247
226
184
172
169
199
236
244
249
248
247
247
247
247
247
247
247
249
252
255
249
195
181
188
186
189
57
42
53
207
181
143
147
152
72
73
72
75
74
162
203
228
238
251
248
247
247
247
247
247
247
247
247
247
247
247
247
247
247
247
247
247
247
247
247
247
247
247
247
247
247
249
251
255
255
246
229
210
184
147
148
76
86
92
94
93
88
212
209
211
206
138
145
145
155
226
251
255
255
255
255
255
255
236
192
186
186
184
187
233
255
254
248
237
185
167
182
241
251
238
179
176
170
175
201
250
251
250
249
215
171
167
195
233
246
241
238
239
239
245
238
188
172
173
178
182
182
199
245
253
231
187
174
177
184
201
245
255
255
255
255
255
255
255
255
255
255
255
246
231
196
151
144
153
145
46
24
26
58
87
93
82
75
72
151
152
152
156
213
244
255
255
251
249
247
247
247
247
247
247
247
247
247
247
247
247
247
247
247
249
250
251
250
249
247
247
247
247
247
247
247
247
247
247
249
251
255
255
231
186
170
154
147
186
210
211
212
88
92
96
91
80
72
71
78
86
225
224
218
212
209
208
209
208
179
145
147
146
145
184
229
247
255
255
207
180
192
251
253
192
184
185
189
205
255
255
255
255
255
229
182
182
232
255
228
198
199
198
196
195
192
191
185
186
186
181
178
203
255
255
240
190
182
172
154
170
205
208
207
207
207
207
207
207
207
207
207
209
213
91
87
83
73
80
68
63
55
75
212
223
213
178
146
159
176
199
239
254
253
253
250
248
247
247
247
247
247
247
247
247
247
247
247
247
247
247
247
247
249
254
241
248
241
254
249
247
247
247
247
247
247
247
247
247
247
247
247
249
244
211
174
176
189
236
255
255
246
225
205
207
212
211
153
150
152
156
69
59
72
83
98
95
96
93
84
77
76
79
85
89
89
213
214
205
152
140
150
169
203
153
141
144
153
204
208
209
207
211
213
182
143
146
192
216
175
146
144
144
144
144
145
147
151
153
147
145
141
158
206
215
193
155
148
149
74
85
95
98
94
94
94
94
94
94
94
94
94
92
88
216
200
153
146
153
153
155
181
238
251
255
255
222
184
179
179
222
246
252
251
251
251
250
249
247
247
247
247
247
247
247
247
247
247
247
247
247
247
249
254
251
220
73
212
241
250
247
247
247
247
247
247
247
247
247
247
247
247
251
251
212
173
170
173
217
248
250
251
255
255
255
255
255
248
193
181
151
34
21
50
203
212
209
208
183
145
139
139
156
193
213
215
88
95
94
88
79
73
81
80
80
78
82
93
94
97
95
95
95
90
83
75
77
84
85
82
76
75
73
72
71
72
73
75
75
80
83
86
88
94
100
89
82
74
70
150
179
210
210
207
207
207
207
207
207
207
207
207
205
227
248
254
199
187
185
185
185
215
255
255
251
247
208
171
171
176
182
231
252
255
241
248
241
254
249
247
247
247
247
248
249
249
248
248
247
247
247
247
250
241
220
42
46
73
248
251
247
247
247
247
247
247
247
247
247
247
247
247
250
249
212
172
171
175
190
233
251
248
247
247
247
248
253
238
187
169
59
49
55
234
255
255
255
255
238
202
194
193
195
237
255
246
225
209
207
203
153
148
146
148
145
156
207
214
209
208
207
209
210
181
144
145
149
148
147
148
146
152
156
161
159
163
159
154
145
161
210
215
211
210
208
187
145
146
160
176
229
255
255
255
255
255
255
255
255
255
255
255
255
255
253
249
230
176
173
174
171
201
247
251
249
249
213
178
173
168
175
228
255
252
220
73
212
241
250
247
247
247
247
248
244
247
246
249
247
247
247
247
251
248
73
46
42
220
241
250
247
247
247
247
247
247
247
247
247
247
247
247
250
248
212
173
171
173
173
219
247
249
247
247
247
247
251
240
192
179
166
73
223
251
254
249
248
247
243
240
238
236
238
242
249
252
255
255
255
187
183
186
186
184
185
202
255
255
255
255
255
255
255
230
187
184
187
185
184
181
177
183
234
252
251
249
244
190
182
206
254
255
255
255
246
196
186
184
180
183
217
249
250
247
247
247
247
247
247
247
247
247
247
247
248
252
234
178
170
174
170
200
247
251
247
248
247
205
175
169
172
228
244
227
48
52
77
249
251
247
247
247
248
250
230
206
242
249
249
247
247
247
250
241
212
73
220
251
254
249
247
247
247
247
247
247
247
247
247
247
247
247
249
251
216
173
173
173
173
185
230
250
248
247
247
247
249
244
244
243
235
243
243
254
249
247
247
248
249
251
251
251
251
249
248
247
247
251
244
183
169
173
173
177
187
242
247
249
247
247
247
249
249
214
170
164
172
177
186
189
172
188
237
254
255
250
194
178
169
187
241
251
248
250
224
173
170
176
171
175
214
250
251
247
247
247
247
247
247
247
247
247
247
247
247
252
232
177
169
174
171
201
249
251
247
249
249
248
205
174
173
183
229
79
39
44
215
251
251
247
247
247
249
247
219
171
200
246
248
248
247
247
249
254
241
248
241
254
249
247
247
247
247
247
247
247
247
247
247
247
247
247
247
249
244
203
167
172
171
178
225
250
249
247
247
247
248
249
250
252
253
253
251
249
247
247
247
247
247
247
247
247
247
247
247
247
247
249
249
239
183
172
171
180
238
250
249
248
247
247
247
249
249
220
183
179
181
215
243
239
236
239
245
248
252
240
185
168
168
188
242
251
248
250
225
178
168
176
172
172
209
247
250
247
247
247
247
247
247
247
247
247
247
247
247
251
230
179
170
174
171
196
243
250
248
247
249
250
245
197
170
177
177
172
42
51
220
254
255
250
251
251
254
238
185
170
171
205
249
250
247
247
247
249
250
251
250
249
247
247
247
247
247
247
247
247
247
247
247
247
247
247
247
250
252
216
176
173
170
177
225
252
250
247
247
247
247
247
247
247
247
247
247
247
247
247
247
247
247
247
247
247
247
247
247
247
247
248
253
243
188
167
175
191
246
251
248
247
247
247
247
248
247
243
240
236
241
246
251
252
251
251
249
248
251
241
189
169
171
187
242
251
248
249
230
184
178
177
174
172
182
223
250
249
247
247
247
247
247
247
247
247
247
247
247
250
237
183
174
175
173
176
210
251
250
247
247
251
247
201
171
173
179
153
44
43
79
238
251
244
245
239
242
223
175
167
167
200
247
251
247
247
247
247
247
247
247
247
247
247
247
247
247
247
247
247
247
247
247
247
247
247
247
247
249
244
203
170
169
173
220
247
249
247
247
247
247
247
247
247
247
247
247
247
247
247
247
247
247
247
247
247
247
247
247
247
247
247
249
246
191
168
174
234
247
249
247
247
247
247
247
247
248
249
251
251
251
249
248
247
247
247
247
247
249
246
200
176
167
187
242
251
247
248
245
243
215
175
172
172
169
210
251
251
247
247
247
247
247
247
247
247
247
247
247
250
247
227
177
177
174
172
203
246
250
247
247
250
248
214
181
180
175
64
49
43
158
177
195
232
191
187
188
181
178
170
171
203
246
251
247
247
247
247
247
247
247
247
247
247
247
247
247
247
247
247
247
247
247
247
247
247
247
247
251
251
215
180
173
172
177
229
252
252
250
249
247
247
247
247
247
247
247
247
247
247
247
247
247
247
247
247
247
247
247
247
247
247
249
247
241
186
190
242
251
248
247
247
247
247
247
247
247
247
247
247
247
247
247
247
247
247
247
247
249
249
239
181
166
187
240
251
247
248
251
252
222
177
171
172
171
210
248
253
249
248
247
247
247
247
247
247
247
247
247
248
253
240
180
175
171
177
205
246
251
247
247
248
246
246
239
197
168
152
64
159
176
176
178
175
176
169
172
174
175
173
171
204
248
251
247
247
247
247
247
247
247
247
247
247
247
247
247
247
247
247
247
247
247
247
247
247
247
247
248
249
242
199
168
170
176
237
245
248
241
254
249
247
247
247
247
247
247
247
247
247
247
247
247
247
247
247
247
247
247
247
247
247
248
249
247
241
241
244
249
247
247
247
247
247
247
247
247
247
247
247
247
247
247
247
247
247
247
247
248
252
240
187
165
187
240
251
247
247
248
252
228
182
177
176
174
178
215
244
246
249
248
247
247
247
247
247
247
247
247
249
255
240
180
61
150
169
206
246
251
247
247
247
248
252
250
228
198
173
173
171
182
176
175
173
173
173
171
172
171
167
167
202
246
250
247
247
247
247
247
247
247
247
247
247
247
247
247
247
247
247
247
247
247
247
247
247
247
247
247
251
250
201
165
169
226
249
223
73
212
241
250
247
247
247
247
247
247
247
247
247
247
247
247
247
247
247
247
247
247
247
247
247
247
248
249
249
250
250
251
251
250
249
247
247
247
247
247
247
247
247
247
247
247
247
247
247
247
247
247
251
240
184
164
187
241
251
247
247
249
255
240
219
169
182
174
176
179
179
221
248
251
249
248
248
249
250
251
251
249
253
246
215
48
45
60
172
206
246
251
247
247
247
247
248
247
247
244
194
177
171
172
173
174
174
173
180
174
180
179
182
182
210
248
250
247
247
247
247
247
247
247
247
247
247
247
247
247
247
247
247
247
247
247
247
247
247
247
247
247
248
248
243
200
184
222
225
44
46
73
248
251
247
247
247
247
247
247
247
247
247
247
247
247
247
247
247
247
247
247
247
247
247
247
247
247
247
249
254
241
248
241
254
249
247
247
247
247
247
247
247
247
247
247
247
247
247
247
247
247
251
241
186
164
187
241
251
247
249
254
251
225
71
170
170
177
175
171
168
168
220
247
247
251
251
249
243
235
242
249
254
237
70
47
42
156
168
207
246
251
247
247
247
247
247
248
250
249
243
196
182
188
179
173
174
174
193
221
199
237
240
239
243
246
248
247
247
247
247
247
247
247
247
247
247
247
247
247
247
247
247
247
247
247
247
247
247
247
247
247
247
249
249
243
246
243
74
47
42
220
241
250
247
247
247
247
247
247
247
247
247
247
247
247
247
247
247
247
247
247
247
247
247
247
247
247
249
254
251
220
73
212
241
250
247
247
247
247
247
247
247
247
247
247
247
247
247
247
247
247
251
241
187
164
187
242
251
247
250
241
220
44
48
66
191
177
171
173
172
174
182
195
229
223
237
239
197
168
185
239
238
177
153
62
159
175
178
206
246
251
247
247
247
247
247
247
248
249
248
244
238
241
236
184
186
228
202
240
251
248
252
251
249
248
247
247
247
247
247
247
247
247
247
247
247
247
247
247
247
247
247
247
247
247
247
247
247
247
247
247
247
247
249
249
253
244
213
73
220
251
254
249
247
247
247
247
247
247
247
247
247
247
247
247
247
247
247
247
247
247
247
247
247
247
247
247
250
241
220
42
46
73
248
251
247
247
247
247
247
247
247
247
247
247
247
247
247
247
247
247
251
239
181
159
185
240
251
247
251
248
73
47
45
223
219
189
174
172
172
174
172
176
176
184
183
185
175
165
170
181
186
183
168
176
172
178
172
205
248
251
247
247
247
247
247
247
247
248
249
250
251
253
248
242
243
241
249
245
250
248
248
247
247
247
247
247
247
247
247
247
247
247
247
247
247
247
247
247
247
247
247
247
247
247
247
247
247
247
247
247
247
247
247
247
249
254
241
248
241
254
249
247
247
247
247
247
247
247
247
247
247
247
247
247
247
247
247
247
247
247
247
247
247
247
247
247
251
248
73
46
42
220
241
250
247
247
247
247
247
247
247
247
247
247
247
247
247
247
247
247
250
242
191
176
193
244
250
247
250
241
212
73
221
251
254
246
209
179
176
169
167
168
169
169
173
173
173
175
174
172
172
173
176
178
178
173
171
204
248
251
247
247
247
247
247
247
247
247
247
247
247
248
249
250
251
250
249
248
248
247
247
247
247
247
247
247
247
247
247
247
247
247
247
247
247
247
247
247
247
247
247
247
247
247
247
247
247
247
247
247
247
247
247
247
247
249
250
251
250
249
247
247
247
247
247
247
247
247
247
247
249
250
251
250
249
247
247
247
247
247
247
247
247
247
247
247
250
241
212
73
220
251
254
249
247
247
247
247
247
247
247
247
247
247
247
247
247
247
247
247
249
244
241
235
242
245
249
247
249
254
241
248
242
255
251
249
246
242
204
180
181
186
180
177
169
169
170
170
170
168
174
173
182
187
190
173
168
204
248
251
247
247
247
247
247
247
247
247
247
247
247
247
247
247
247
247
247
247
247
247
247
247
247
247
247
247
247
247
247
247
247
247
247
247
247
247
247
247
247
247
247
247
247
247
247
247
247
247
247
247
247
247
247
247
247
247
247
247
247
247
247
247
247
247
247
247
247
247
247
249
254
241
248
241
254
249
247
247
247
247
247
247
247
247
247
247
249
254
241
248
241
254
249
247
247
247
247
247
247
247
247
247
247
247
247
247
247
247
247
247
248
249
250
251
250
249
248
247
247
249
250
251
250
249
247
248
250
250
244
240
237
241
239
194
182
183
183
183
183
181
191
227
197
241
232
182
166
199
246
250
247
247
247
247
247
247
247
247
247
247
247
247
247
247
247
247
247
247
247
247
247
247
247
247
247
247
247
247
247
247
247
247
247
247
247
247
247
247
247
247
247
247
247
247
247
247
247
247
247
247
247
247
247
247
247
247
247
247
247
247
247
247
247
247
247
247
247
247
249
254
251
220
73
212
241
250
247
247
247
247
247
247
247
247
247
247
247
249
250
251
250
249
247
247
247
249
250
251
250
249
247
247
247
247
247
247
247
247
247
247
247
247
247
247
247
247
247
247
247
247
247
247
247
247
247
247
247
249
250
251
251
253
249
244
238
238
239
239
238
238
244
243
250
248
251
225
181
208
248
250
247
247
247
247
247
247
247
247
247
247
247
247
247
247
247
247
247
247
247
247
247
247
247
247
247
247
247
247
247
247
247
247
247
247
247
247
247
247
247
247
247
247
247
247
247
247
247
247
247
247
247
247
247
247
247
247
247
247
247
247
247
247
247
247
247
247
247
247
250
241
220
42
46
73
248
251
247
247
247
247
247
247
247
247
247
247
247
247
247
247
247
247
247
247
249
254
241
248
241
254
249
247
247
247
247
247
247
247
247
247
247
247
247
247
247
247
247
247
247
247
247
247
247
247
247
247
247
247
247
247
247
248
249
250
251
252
252
252
252
251
251
250
249
249
250
243
241
242
246
248
247
247
247
247
247
247
247
247
249
250
251
250
249
247
247
247
247
247
247
247
247
247
247
247
247
247
247
247
247
247
247
247
247
247
247
247
247
247
247
247
247
247
247
247
247
247
247
247
247
247
247
247
247
247
247
247
247
247
247
247
247
247
247
247
247
247
247
247
251
248
73
46
42
220
241
250
247
247
247
247
247
247
247
247
247
247
247
247
247
247
247
247
247
249
254
251
220
73
212
241
250
247
247
247
247
247
247
247
247
247
247
247
247
247
247
247
247
247
247
247
247
247
247
247
247
247
247
247
247
247
247
247
247
247
247
247
247
247
247
247
247
247
247
247
248
249
250
249
248
247
247
247
247
247
247
247
247
249
254
241
248
241
254
249
247
247
247
247
247
247
247
247
247
247
247
247
247
247
247
247
247
247
247
247
247
247
247
247
247
247
247
247
247
247
247
247
247
247
247
247
247
247
247
247
247
247
247
247
247
247
247
247
247
247
247
247
247
247
250
240
209
67
216
249
254
249
247
247
247
247
247
247
247
247
247
247
247
247
247
247
247
247
247
249
249
234
63
52
71
240
250
247
247
247
247
247
247
247
247
247
247
247
247
247
247
247
247
247
247
247
247
247
247
247
247
247
247
247
247
247
247
247
247
247
247
247
247
247
247
247
247
247
247
247
247
247
247
247
247
247
247
247
247
247
247
247
247
249
249
226
94
226
249
249
247
247
247
247
247
247
247
247
247
247
247
247
247
247
247
247
247
247
247
247
247
247
247
247
247
247
247
247
247
247
247
247
247
247
247
247
247
247
247
247
247
247
247
247
247
247
247
247
247
247
247
247
247
247
247
247
247
247
247
247
247
247
247
247
247
247
247
247
247
247
247
247
247
247
247
247
247
247
247
247
247
48
48
48
247
247
247
247
247
247
247
247
247
247
247
247
247
247
247
247
247
247
247
247
247
247
247
247
247
247
247
247
247
247
247
247
247
247
247
247
247
247
247
247
247
247
247
247
247
247
247
247
247
247
247
247
247
247
247
247
247
247
247
247
247
48
48
48
247
247
247
247
247
247
247
247
247
247
247
247
247
247
247
247
247
247
247
247
247
247
247
247
247
247
