247
247
247
247
247
247
247
247
247
247
247
247
247
247
247
247
134
129
130
130
130
130
130
130
130
130
130
121
215
249
247
247
247
247
247
247
247
247
247
247
247
247
247
247
247
247
247
247
247
247
247
247
247
247
247
247
247
247
247
247
247
247
247
247
247
247
247
247
247
247
247
247
247
247
247
247
247
247
247
247
247
247
247
247
247
247
247
247
247
247
247
247
247
247
247
247
247
247
247
247
247
247
249
226
126
130
123
182
251
247
247
247
247
247
247
247
247
247
247
247
247
247
247
247
247
247
247
247
247
247
247
247
247
247
247
247
247
117
247
247
247
247
247
247
247
247
247
247
247
247
247
247
247
247
247
247
247
248
248
249
250
248
237
155
131
132
132
129
130
130
130
129
131
130
130
131
129
125
145
222
253
248
227
129
222
242
249
247
247
247
247
247
247
247
247
247
247
247
247
247
247
247
247
247
247
247
247
247
247
247
247
247
247
247
247
247
247
247
247
247
247
247
247
247
247
247
247
247
247
247
247
247
247
248
249
250
249
248
247
247
247
247
247
247
247
247
247
247
248
249
250
249
249
249
210
127
124
190
244
250
243
250
248
247
247
249
241
246
246
251
249
249
250
243
247
243
250
248
247
247
247
247
247
249
242
224
114
114
134
242
249
247
247
247
247
247
247
247
247
247
247
247
247
247
247
248
250
251
249
248
248
247
169
125
120
122
126
130
130
128
117
124
124
125
128
130
130
121
133
219
250
233
113
116
133
247
250
247
247
247
247
247
247
247
247
247
247
247
247
247
247
247
247
247
247
247
247
247
247
247
247
247
247
247
247
247
247
247
247
247
247
247
247
247
247
247
247
247
247
247
247
247
248
250
243
247
243
250
248
247
247
247
247
247
247
247
247
248
250
243
247
243
251
252
211
127
114
180
223
139
224
243
249
247
247
251
233
161
223
244
248
252
249
229
133
224
243
249
247
247
247
247
247
250
247
133
116
113
229
243
249
247
247
247
247
247
247
247
247
247
247
247
247
247
249
249
243
239
230
182
203
195
142
124
126
127
125
124
121
109
108
120
137
136
128
126
131
124
126
212
246
138
116
113
229
245
250
250
250
250
250
248
248
247
247
247
247
247
247
247
247
247
247
247
247
247
247
247
247
247
247
247
247
247
247
247
247
247
247
247
247
247
247
247
247
247
247
247
247
247
247
248
250
249
229
133
224
243
249
247
247
247
247
247
247
247
248
250
249
229
133
224
245
253
217
135
125
129
113
122
133
247
250
247
247
252
226
145
123
160
241
243
233
113
116
133
247
250
247
247
247
247
247
249
243
224
133
229
249
250
248
247
247
247
247
247
247
247
247
247
247
247
247
247
250
245
202
140
136
137
142
139
130
124
122
128
136
154
123
120
119
171
238
199
132
128
128
127
125
143
223
231
134
229
250
252
244
240
240
244
248
248
250
249
249
248
247
247
247
247
247
247
247
247
247
247
247
247
247
247
247
247
247
247
247
247
247
247
247
247
247
247
247
247
247
247
247
247
247
247
247
249
243
229
113
116
133
247
250
247
247
247
247
247
247
247
249
243
229
113
116
133
247
251
245
200
120
103
110
121
230
243
249
247
247
252
230
139
111
124
168
246
138
116
113
229
243
249
247
247
247
247
247
248
250
243
247
243
250
248
247
247
247
247
247
247
247
247
247
247
247
247
247
248
251
213
135
119
119
124
126
126
123
129
133
148
228
240
224
140
225
249
251
250
187
123
124
130
119
136
226
250
248
243
253
249
219
138
171
197
184
241
248
243
243
248
247
247
247
247
247
247
247
247
247
247
247
247
247
247
247
247
247
247
247
247
247
247
247
247
247
247
247
247
247
247
247
247
247
247
247
250
247
133
116
113
229
243
249
247
247
247
247
247
247
247
250
247
133
116
113
229
245
253
253
211
130
113
132
243
251
250
248
247
247
252
232
143
115
118
159
235
232
132
229
249
250
248
247
247
247
247
247
247
248
249
250
249
248
247
247
247
247
247
247
247
247
247
247
247
247
247
247
250
250
203
127
120
129
129
129
125
126
136
217
245
249
254
246
248
245
251
251
253
194
129
123
129
123
129
216
250
251
249
251
234
155
123
125
122
127
181
193
185
214
251
249
247
247
247
247
247
247
247
247
247
247
247
247
247
247
247
247
247
247
247
247
247
247
247
247
247
247
247
247
247
247
247
247
247
247
249
243
224
133
229
249
250
248
247
247
247
247
247
247
247
249
243
224
133
229
249
253
248
250
200
131
114
180
237
250
250
248
247
247
252
231
142
115
131
169
251
249
247
243
250
248
247
247
247
247
247
247
247
247
247
247
247
247
247
247
247
247
247
247
247
247
247
247
247
247
249
249
249
251
205
130
121
130
130
127
129
134
223
250
252
249
249
249
250
249
248
248
249
211
147
125
128
128
126
144
233
251
248
250
221
133
115
121
109
113
119
130
126
199
242
250
247
247
247
247
247
247
247
247
247
247
247
247
247
247
247
247
247
247
247
247
247
247
247
247
247
247
247
247
247
247
247
247
247
247
248
250
243
247
243
250
248
247
247
247
247
247
247
247
247
248
250
243
247
245
253
249
232
137
191
132
130
131
153
217
249
248
247
247
253
231
143
113
150
236
250
250
250
249
248
247
247
247
247
247
247
247
247
247
247
247
247
247
247
247
247
247
247
247
247
247
247
247
247
247
242
243
251
250
221
148
128
128
130
122
123
206
248
250
248
247
247
247
247
247
247
247
252
245
183
125
126
128
116
131
219
251
248
250
218
140
121
120
110
112
123
123
123
137
220
253
249
247
247
247
247
247
247
247
247
247
247
247
247
247
247
247
247
247
247
247
247
247
247
247
247
247
247
247
247
247
247
247
247
247
247
248
249
250
249
248
247
247
247
247
247
247
247
247
247
247
248
249
250
250
245
229
114
118
127
191
123
111
126
199
251
250
247
247
253
232
141
114
160
243
253
247
247
247
247
247
247
247
247
247
247
247
247
247
247
247
247
247
247
247
247
247
247
247
247
247
247
247
247
247
131
224
245
253
240
190
122
126
125
123
136
221
251
249
247
247
247
247
247
247
247
247
250
250
187
127
125
128
127
142
232
250
248
250
225
168
196
132
112
126
121
124
119
122
203
245
250
247
247
247
247
247
247
247
247
247
247
247
247
247
247
247
247
247
247
247
247
247
247
247
247
247
247
247
247
247
247
247
247
247
247
247
247
247
247
247
247
247
247
247
247
247
247
247
247
247
247
247
247
250
247
133
116
117
238
204
138
118
127
202
250
250
247
247
253
232
142
112
157
240
251
247
247
247
247
247
247
247
247
247
247
247
247
247
247
247
247
247
247
247
247
247
247
247
247
247
247
247
247
117
120
134
249
253
223
149
127
125
129
131
208
246
249
247
247
247
247
247
247
247
247
247
250
248
186
125
124
125
129
214
247
250
247
248
243
248
213
181
202
143
140
136
132
128
139
227
252
248
247
247
247
247
247
247
247
247
247
247
247
247
247
247
247
247
247
247
247
247
247
247
247
247
247
247
247
247
247
247
247
247
247
247
247
247
247
247
247
247
247
247
247
247
247
247
247
247
248
249
250
251
247
225
133
231
251
248
187
113
122
201
251
250
247
248
253
235
144
113
157
240
251
247
247
247
247
247
247
247
248
249
250
249
248
247
247
247
247
247
247
247
247
247
247
247
247
247
247
247
247
117
128
235
241
251
199
134
122
124
125
197
248
251
248
247
247
247
247
247
247
247
247
247
250
249
185
125
125
121
138
221
253
249
247
248
249
250
244
247
248
236
188
188
180
120
121
209
246
249
248
250
251
251
250
249
248
247
247
247
247
247
247
247
247
247
247
247
247
247
247
247
248
249
250
249
248
248
249
250
249
248
247
247
247
247
247
247
247
247
247
247
247
247
247
247
247
248
250
246
237
237
248
246
247
244
253
253
203
127
126
202
252
250
247
249
249
227
135
115
156
240
251
247
247
247
247
247
247
248
250
243
247
243
250
248
247
247
247
247
247
247
247
247
247
247
247
247
247
247
247
117
245
250
239
141
185
129
124
123
131
204
252
250
247
247
247
247
247
247
247
247
247
247
250
248
184
125
124
121
136
218
251
248
247
247
247
248
250
253
253
233
139
222
175
126
121
143
229
251
250
242
237
229
241
247
250
247
247
247
247
247
247
247
247
247
247
247
247
247
247
248
250
243
247
243
251
251
243
247
243
250
248
247
247
247
247
247
247
247
247
247
247
247
247
247
247
249
248
235
143
153
241
251
250
249
248
250
243
175
118
192
246
250
248
250
242
151
124
117
155
239
251
247
247
247
247
247
248
250
249
229
133
224
243
249
247
247
247
247
247
247
247
247
247
247
247
247
247
247
247
247
244
235
117
121
114
132
125
122
129
201
251
250
247
247
247
247
247
247
247
247
247
247
250
248
185
126
125
122
136
218
251
248
247
247
247
247
249
243
229
115
125
132
179
128
113
135
220
251
251
235
150
131
162
239
248
248
247
247
247
247
247
247
247
247
247
247
247
247
248
250
249
229
133
226
249
250
229
133
224
243
249
247
247
247
247
247
247
247
247
247
247
247
247
247
247
250
243
152
114
139
232
251
247
247
247
251
251
187
124
130
215
251
249
251
232
144
115
131
172
248
251
247
247
247
247
247
249
243
229
113
116
133
247
250
247
247
247
247
247
247
247
247
247
247
247
247
247
247
247
247
248
134
118
120
190
130
125
122
128
201
251
250
247
247
247
247
247
247
247
247
247
247
250
249
185
126
125
121
135
218
251
248
247
247
247
247
250
247
133
116
119
228
173
127
115
137
221
251
251
225
134
108
124
171
250
251
247
247
247
247
247
247
247
247
247
247
247
247
249
243
229
113
116
136
243
233
113
116
133
247
250
247
247
247
247
247
247
247
247
247
247
247
247
247
247
253
240
150
110
146
235
251
247
247
247
250
247
184
116
114
189
240
250
252
237
148
116
138
228
245
250
247
247
247
247
247
250
247
133
116
113
229
243
249
247
247
247
247
247
247
247
247
247
247
247
247
247
247
247
247
243
224
136
234
207
136
123
123
128
201
251
250
247
247
247
247
247
247
247
247
247
247
250
249
185
125
125
120
136
219
251
248
247
247
247
247
249
243
224
132
237
249
184
126
115
138
221
251
252
229
142
117
121
155
235
250
248
247
247
247
247
248
249
250
251
252
252
251
252
249
133
116
113
233
243
136
116
113
229
245
250
250
249
248
247
248
249
249
249
248
247
247
247
248
250
251
235
145
114
147
236
251
247
247
247
250
251
194
130
120
138
221
252
253
231
139
117
141
181
253
249
247
247
247
247
247
249
243
224
133
229
249
250
248
247
247
247
247
247
247
247
247
247
247
247
247
247
247
247
247
250
243
250
249
212
132
122
122
129
201
251
250
247
247
247
247
247
247
247
247
247
247
250
248
186
126
124
119
133
216
251
248
247
247
247
247
248
250
243
247
250
252
179
125
116
138
222
251
251
229
139
118
125
132
178
251
251
248
249
250
251
253
250
243
232
233
233
232
245
246
233
135
230
250
249
226
133
229
249
253
245
248
247
253
252
251
247
248
249
251
250
248
248
249
249
243
154
129
116
147
235
251
247
247
247
247
250
241
175
115
119
204
247
246
166
128
114
142
230
248
248
247
247
247
247
247
248
250
243
247
243
250
248
247
247
247
247
247
247
247
247
247
247
247
247
247
247
247
247
247
248
248
251
252
206
130
121
122
129
201
251
250
247
247
247
247
247
247
247
247
247
247
250
248
185
125
122
126
139
227
251
248
247
247
247
247
247
248
249
249
251
248
177
124
114
137
221
251
251
237
156
125
121
119
164
240
251
251
249
242
234
236
232
156
140
143
143
140
162
239
241
247
249
251
251
243
247
245
253
249
230
139
223
236
235
236
207
171
229
238
242
248
251
249
242
157
128
121
127
156
243
250
247
247
247
247
251
248
181
118
127
146
240
249
166
126
124
159
248
251
248
247
247
247
247
247
247
248
249
250
249
248
247
247
247
247
247
247
247
247
247
247
247
247
247
247
247
247
247
247
247
247
250
251
204
129
122
122
128
200
251
250
247
247
247
247
247
247
247
247
247
247
250
248
185
125
117
127
209
247
249
247
247
247
247
247
247
247
247
247
251
247
178
124
114
134
218
251
250
247
231
142
128
123
129
176
247
249
244
176
137
145
138
129
119
120
119
120
128
134
175
246
251
250
248
249
250
250
246
233
121
118
122
146
145
144
134
136
135
141
190
247
252
250
174
130
123
120
137
228
249
249
247
247
247
247
250
251
189
129
114
199
240
254
235
135
135
232
250
249
247
247
247
247
247
247
247
247
247
247
247
247
247
247
247
247
247
247
247
247
247
247
247
247
247
247
247
247
247
247
247
247
250
251
204
130
122
123
129
200
251
250
247
247
247
247
247
247
247
247
247
247
251
251
188
127
116
135
217
252
249
247
247
247
247
247
247
247
247
247
251
247
178
121
121
146
229
251
248
250
249
219
129
119
120
132
199
253
199
132
118
119
120
120
121
120
121
122
123
121
126
169
244
248
248
247
248
250
244
136
112
107
121
120
117
116
118
120
119
120
131
200
252
246
166
121
126
120
147
236
253
248
247
247
247
247
248
250
238
164
119
141
234
254
235
132
144
239
253
248
247
247
247
247
247
247
247
247
247
247
247
247
247
247
247
247
247
247
247
247
247
247
247
247
247
247
247
247
247
247
247
247
250
251
205
131
122
123
129
200
251
250
247
247
247
247
247
247
247
247
247
247
250
242
178
123
115
130
211
250
248
247
247
247
247
247
247
247
247
247
251
248
180
119
125
212
248
250
247
248
250
239
178
132
124
128
194
242
181
123
125
127
134
139
147
149
145
134
129
120
121
128
185
252
251
247
248
251
232
146
109
127
129
126
132
139
136
126
118
120
120
126
209
244
172
125
126
119
140
231
251
247
247
247
247
247
247
251
251
182
124
121
215
242
157
117
144
237
251
247
247
247
247
247
247
247
247
247
247
247
247
247
247
247
247
247
247
247
247
247
247
247
247
247
247
247
247
247
247
247
247
247
250
251
205
130
122
123
129
201
251
250
247
247
247
247
247
247
247
247
247
250
252
199
135
123
124
139
223
251
248
247
247
247
247
247
247
247
247
250
252
244
173
114
134
219
252
249
247
247
248
247
243
200
121
121
184
191
136
127
125
111
137
215
240
234
238
222
145
134
129
117
170
239
250
248
249
250
181
135
125
126
122
128
155
238
213
145
149
142
129
123
133
203
166
127
124
127
147
240
250
247
247
247
247
247
247
248
250
241
161
120
151
230
167
121
145
237
251
247
247
247
247
247
247
247
247
247
247
247
247
247
247
247
247
247
247
247
247
247
247
247
247
247
247
247
247
247
247
247
247
247
250
251
204
129
122
123
128
201
251
250
247
247
247
247
247
247
247
247
248
251
245
183
116
116
126
205
246
249
247
247
247
247
247
247
247
247
248
248
248
186
126
115
128
214
250
248
247
247
247
249
253
224
139
129
133
133
127
122
109
112
137
247
253
252
251
248
244
201
126
118
133
193
251
251
248
236
153
122
124
134
136
159
241
250
248
240
234
239
186
124
127
130
137
129
121
131
222
248
249
247
247
247
247
247
247
248
250
241
166
112
139
221
236
125
145
237
251
247
247
247
247
247
247
247
247
247
247
247
247
247
247
247
247
247
247
247
247
247
247
247
247
247
247
247
247
247
247
247
247
247
250
251
204
128
122
123
129
201
251
250
247
247
247
247
247
247
247
247
250
248
205
123
115
107
130
209
252
250
247
247
247
247
247
247
247
248
251
253
199
129
125
128
158
226
250
248
247
247
247
249
249
235
192
116
124
125
133
114
119
123
233
246
250
247
248
250
253
226
141
120
117
176
241
253
251
175
131
124
121
136
219
247
246
251
250
251
252
253
250
185
128
125
127
125
129
148
241
252
248
247
247
247
247
247
247
248
251
200
143
114
131
215
155
123
147
237
251
247
247
247
247
247
247
247
247
247
247
247
247
247
247
247
247
247
247
247
247
247
247
247
247
247
247
247
247
247
247
247
247
247
250
251
205
129
122
123
128
200
250
250
247
247
247
247
247
247
247
248
251
240
131
111
111
122
136
216
251
248
247
247
247
247
247
247
248
249
247
238
178
117
121
195
242
245
248
247
247
247
247
248
252
225
139
127
121
124
131
184
140
233
248
250
248
247
247
247
249
245
203
123
120
134
202
254
241
157
120
123
128
151
244
253
249
248
247
247
247
249
251
243
173
123
127
123
132
221
248
250
247
247
247
247
247
247
247
248
247
242
169
123
141
139
143
116
147
237
251
247
247
247
247
247
247
247
247
247
247
247
247
247
247
247
247
247
247
247
247
247
247
247
247
247
247
247
247
247
247
247
247
247
250
251
205
130
122
122
128
200
251
249
247
247
247
247
247
247
247
249
251
212
140
109
121
122
196
244
250
247
247
247
247
247
247
247
249
244
206
138
134
120
127
207
251
250
248
247
247
247
247
247
248
244
205
136
136
125
136
200
251
249
250
248
247
247
247
247
249
250
224
149
121
117
188
243
182
131
125
122
134
224
248
250
247
247
247
247
247
247
251
249
180
124
125
119
137
226
253
248
247
247
247
247
247
247
247
247
249
252
239
153
123
200
142
116
148
236
251
247
247
247
247
247
247
247
247
247
247
247
247
247
247
247
247
247
247
247
247
247
247
247
247
247
247
247
247
247
247
247
247
247
250
251
204
130
119
125
143
214
249
248
247
247
247
247
247
247
247
250
245
200
127
123
126
137
212
252
249
247
247
247
247
247
247
249
251
215
134
120
119
120
133
211
251
248
247
247
247
247
247
247
249
249
246
236
180
118
123
201
249
251
248
247
247
247
247
247
247
250
247
200
124
119
142
206
180
126
124
118
140
229
251
248
247
247
247
247
247
247
251
250
180
126
122
127
142
233
250
247
247
247
247
247
247
247
247
247
247
251
246
164
132
133
139
120
148
237
251
247
247
247
247
247
247
247
247
247
247
247
247
247
247
247
247
247
247
247
247
247
247
247
247
247
247
247
247
247
247
247
247
247
250
251
204
130
116
125
190
245
251
247
247
247
247
247
247
247
249
252
220
140
127
122
125
191
244
250
247
247
247
247
247
247
248
250
248
201
124
121
128
130
202
245
249
247
247
247
247
247
247
247
247
248
252
242
178
128
121
142
219
252
249
247
247
247
247
247
247
250
251
204
131
115
128
189
169
127
123
127
146
236
251
247
247
247
247
247
247
248
250
240
171
123
121
130
216
248
250
247
247
247
247
247
247
247
247
247
247
251
250
185
133
121
125
118
146
235
251
247
247
247
247
247
247
247
247
247
247
247
247
247
247
247
247
247
247
247
247
247
247
247
247
247
247
247
247
247
247
247
247
247
250
251
204
131
114
130
197
250
250
247
247
247
247
247
247
248
250
247
203
124
122
121
128
199
253
250
247
247
247
247
247
248
250
249
217
131
126
120
121
187
245
251
248
247
247
247
247
247
247
247
247
247
250
244
194
129
114
125
201
245
250
247
247
247
247
247
247
250
251
203
129
116
138
143
144
131
121
132
220
248
250
247
247
247
247
247
247
250
251
192
134
126
120
138
224
252
249
247
247
247
247
247
247
247
247
247
247
248
250
238
155
123
126
130
153
244
250
247
247
247
247
247
247
247
247
247
247
247
247
247
247
247
247
247
247
247
247
247
247
247
247
247
247
247
247
247
247
247
247
247
250
251
205
130
113
130
197
251
251
248
247
247
247
248
249
251
250
220
133
128
123
122
139
208
250
248
247
247
247
247
248
251
249
222
131
122
123
129
147
211
251
250
247
247
247
247
247
247
247
247
247
247
249
251
202
134
121
122
142
222
250
248
247
247
247
247
247
250
251
203
131
115
131
190
171
127
118
140
227
253
248
247
247
247
247
247
247
250
248
190
130
122
118
133
219
251
248
247
247
247
247
247
247
247
247
247
247
247
253
243
162
123
122
138
231
249
249
247
247
247
247
247
247
247
247
247
247
247
247
247
247
247
247
247
247
247
247
247
247
247
247
247
247
247
247
247
247
247
247
247
250
251
205
130
114
133
189
250
248
250
248
247
248
251
246
244
216
134
126
124
126
132
195
247
250
248
247
247
247
248
250
248
227
133
124
119
128
176
239
243
247
248
247
247
247
247
247
247
247
247
247
247
248
248
246
189
130
117
132
215
251
249
247
247
247
247
247
250
250
201
126
113
137
200
180
128
116
139
226
252
248
247
247
247
247
247
248
249
241
178
123
122
127
140
228
251
247
247
247
247
247
247
247
247
247
247
247
247
252
242
159
121
107
146
237
253
248
247
247
247
247
247
247
247
247
247
247
247
247
247
247
247
247
247
247
247
247
247
247
247
247
247
247
247
247
247
247
247
247
247
250
250
208
133
117
129
176
136
229
246
250
248
249
246
232
150
133
129
124
122
118
176
242
249
248
247
247
248
249
251
250
232
135
125
122
129
176
248
251
250
249
249
250
249
248
247
247
247
247
247
247
247
247
249
251
243
174
115
121
208
247
249
247
247
247
247
247
250
251
209
136
117
131
203
186
135
118
132
221
251
249
247
247
247
247
247
248
251
212
148
128
119
126
209
246
250
247
247
247
247
247
247
247
247
247
247
247
247
252
236
154
106
104
132
233
252
247
247
247
247
247
247
247
247
247
247
247
247
247
247
247
247
247
247
247
247
247
247
247
247
247
247
247
247
247
247
247
247
247
247
250
247
201
125
121
127
110
129
137
249
248
244
248
239
155
124
122
125
126
129
140
201
251
251
247
247
248
250
246
244
227
139
126
117
117
161
239
250
249
248
250
243
247
243
250
248
247
247
247
247
247
247
247
247
251
251
190
131
123
143
228
252
248
247
247
247
247
247
250
244
192
116
125
202
242
165
118
125
157
239
250
247
247
247
247
247
248
248
233
170
118
124
140
226
252
248
247
247
247
247
247
247
247
247
247
247
247
247
250
243
137
116
103
144
233
252
247
247
247
247
247
247
247
247
247
247
247
247
247
247
247
247
247
247
247
247
247
247
247
247
247
247
247
247
247
247
247
247
247
248
249
223
147
126
126
117
110
117
213
183
219
169
166
215
139
122
127
127
131
171
238
242
247
248
247
249
251
250
240
154
134
128
119
129
135
184
249
251
248
250
249
229
133
224
243
249
247
247
247
247
247
247
247
247
249
249
240
167
112
121
211
247
250
247
247
247
247
247
251
253
203
123
121
207
248
171
120
116
142
232
252
249
248
247
247
247
250
252
201
137
122
125
205
247
249
247
247
247
247
247
247
247
247
247
247
247
247
247
249
249
230
124
112
145
234
252
247
247
247
247
247
247
247
247
247
247
247
247
247
247
247
247
247
247
247
247
247
247
247
247
247
247
247
247
247
247
247
247
247
248
251
212
134
120
128
128
116
136
137
147
133
132
133
132
136
125
113
115
158
239
251
250
249
248
250
248
246
235
150
125
120
122
128
157
234
243
244
248
249
243
229
113
116
133
247
250
247
247
247
247
247
247
247
247
247
251
253
185
128
111
144
234
251
248
247
247
247
247
250
244
192
117
123
204
251
175
125
115
133
217
245
244
249
247
247
247
250
241
180
121
116
133
214
252
250
247
247
247
247
247
247
247
247
247
247
247
247
247
248
253
240
156
111
146
234
252
247
247
247
247
247
247
247
247
247
247
247
247
247
247
247
247
247
247
247
247
247
247
247
247
247
247
247
247
247
247
247
247
247
250
251
212
134
121
132
130
129
127
126
124
124
124
124
122
120
107
115
123
182
248
251
247
247
248
248
239
170
142
132
124
122
130
161
243
250
251
249
248
250
247
133
116
113
229
243
249
247
247
247
247
247
247
247
247
247
250
242
223
113
102
120
218
250
251
248
247
247
250
252
212
136
119
126
200
250
246
156
121
125
130
167
246
253
250
249
250
250
202
135
125
116
129
209
251
250
247
247
247
247
247
247
247
247
247
247
247
247
247
247
252
240
155
112
144
234
252
247
247
247
247
247
247
247
247
247
247
247
247
247
247
247
247
247
247
247
247
247
247
247
247
247
247
247
247
247
247
247
247
247
250
251
211
133
121
130
130
130
130
130
130
130
124
125
135
118
119
124
231
243
245
248
247
247
251
251
174
129
122
124
120
125
146
241
250
250
248
247
247
249
243
224
133
229
249
250
248
247
247
247
247
247
247
247
247
247
250
250
141
122
106
129
136
232
246
250
247
247
249
246
197
123
113
125
196
252
251
240
163
131
124
135
223
238
244
250
254
252
198
128
120
126
137
217
251
248
247
247
247
247
247
247
247
247
247
247
247
247
247
247
252
239
154
112
144
234
252
247
247
247
247
247
247
247
247
247
247
247
248
250
251
251
251
250
248
247
247
247
247
247
247
247
247
247
247
247
247
247
247
247
250
251
210
132
122
131
131
130
130
128
124
120
127
136
186
222
140
232
249
251
249
247
247
248
249
236
155
117
122
136
143
163
248
253
254
253
253
253
253
253
255
251
253
251
255
253
251
250
248
247
247
247
247
247
247
247
249
243
230
129
147
122
123
150
238
251
248
249
253
228
155
124
123
135
205
251
251
247
247
222
135
123
135
143
161
233
240
237
187
126
117
122
196
245
250
247
247
247
247
247
247
247
247
247
247
247
247
247
247
247
253
243
157
116
149
242
255
253
253
253
253
253
253
253
253
253
253
253
253
246
233
218
232
242
250
248
247
247
247
247
247
247
247
247
247
247
247
247
247
247
250
251
210
132
121
131
128
126
119
126
132
140
158
228
250
244
248
243
250
248
247
247
247
250
250
179
125
115
115
123
207
228
230
236
232
230
230
230
231
230
230
228
226
223
222
219
233
246
253
253
253
253
253
253
253
253
253
255
254
249
163
129
119
144
237
255
253
250
246
202
131
121
127
193
251
254
253
254
255
252
173
137
131
120
130
139
149
145
138
130
128
143
224
255
254
253
253
253
253
253
253
253
253
253
253
253
253
253
253
253
253
240
149
114
134
215
229
220
220
220
220
220
220
220
220
220
220
220
222
224
144
148
148
242
247
250
248
247
247
247
247
247
247
247
247
247
247
247
247
247
250
251
211
130
122
128
131
137
141
143
210
236
243
248
250
249
250
249
248
247
247
247
247
251
244
169
120
121
125
135
134
141
137
135
134
134
134
134
134
130
134
140
147
147
147
146
143
224
222
220
220
220
220
220
220
220
220
222
229
223
156
121
117
135
219
237
234
215
145
142
129
117
120
176
227
226
221
220
225
217
215
197
121
113
117
114
114
118
121
121
114
176
217
224
223
220
220
220
220
220
220
220
220
220
220
220
220
220
220
225
227
152
126
107
126
136
153
147
147
147
147
147
147
147
147
147
147
148
148
148
233
224
213
124
227
243
249
247
247
247
247
247
247
247
247
247
247
247
247
247
250
251
210
132
122
126
126
188
234
242
246
251
250
249
248
247
247
247
247
247
247
247
247
251
244
171
120
124
127
124
120
118
117
117
117
117
117
117
118
112
114
179
225
224
220
222
224
143
146
147
147
147
147
147
147
147
147
147
149
148
137
124
113
124
128
137
134
125
118
112
113
111
123
137
148
148
147
147
147
150
156
148
141
131
126
126
118
121
113
118
129
143
151
149
147
147
147
147
147
147
147
147
147
147
147
147
147
147
146
152
139
128
110
125
139
222
225
220
220
220
220
220
220
220
220
220
222
227
216
236
238
247
122
120
134
247
250
247
247
247
247
247
247
247
247
247
247
247
247
247
250
251
210
131
122
125
130
200
253
253
250
248
247
247
247
247
247
247
247
247
247
247
247
250
249
176
125
115
130
131
135
124
126
125
126
127
128
127
125
116
125
201
253
254
253
253
246
233
219
220
220
220
220
220
220
220
220
220
221
228
221
146
117
123
120
119
118
118
116
117
125
132
183
227
226
221
220
220
220
220
222
223
229
232
212
178
202
132
117
120
182
228
226
221
220
220
220
220
220
220
220
220
220
220
220
220
220
220
221
229
223
148
116
135
231
253
254
253
253
253
253
253
253
253
253
253
255
253
239
144
228
130
118
113
229
243
249
247
248
249
250
249
248
247
247
247
247
247
247
247
250
251
210
132
122
124
126
195
250
250
247
247
247
247
247
247
247
247
247
247
247
247
247
248
249
240
169
134
148
209
150
122
138
136
135
127
125
131
137
134
143
207
250
250
247
248
250
251
252
253
253
253
253
253
253
253
253
253
253
255
252
169
132
128
128
116
122
131
137
143
174
238
249
251
253
253
253
253
253
253
253
254
254
253
250
250
245
207
120
122
193
254
254
253
253
253
253
253
253
253
253
253
253
253
253
253
253
253
253
255
247
160
117
143
234
252
248
247
247
247
247
247
247
247
247
249
243
229
113
118
129
225
136
229
249
250
248
248
250
243
247
243
250
248
247
247
247
247
247
247
250
251
210
132
122
123
128
195
250
250
247
247
247
247
247
247
247
247
247
247
247
247
247
247
250
248
242
232
245
235
171
212
161
231
218
141
172
200
181
230
237
241
248
248
247
247
247
247
247
247
247
247
247
247
247
247
247
247
247
248
249
231
141
114
106
116
122
160
231
238
243
249
250
249
247
247
247
247
247
248
250
243
247
245
251
250
250
247
195
135
197
250
250
247
247
247
247
247
247
247
247
247
247
247
247
247
248
249
251
246
175
132
114
139
229
251
247
247
247
247
247
247
247
247
247
250
247
134
118
118
238
240
249
243
250
248
248
250
249
229
133
224
243
249
247
247
247
247
247
247
250
251
210
132
122
123
128
195
250
250
247
247
247
247
247
247
247
247
247
247
247
247
247
247
248
249
250
251
252
244
249
236
250
249
248
241
240
244
249
249
251
250
248
247
247
247
247
247
247
247
247
247
247
247
247
247
247
247
247
247
252
246
165
118
118
124
228
245
250
252
250
249
248
247
247
247
247
247
248
250
249
229
133
224
243
249
249
249
241
237
238
248
248
247
247
247
247
247
247
247
247
247
247
247
247
247
248
247
240
178
131
123
125
152
239
251
247
247
247
247
247
247
247
247
247
249
245
230
129
230
247
254
250
249
248
247
249
243
229
113
116
133
247
250
247
247
247
247
247
247
250
251
210
132
122
123
128
195
250
251
249
249
248
247
247
247
247
247
247
247
247
247
247
247
247
247
247
247
248
249
250
250
250
250
250
250
250
250
250
248
248
247
247
247
247
247
247
247
247
247
247
247
247
247
247
247
247
247
247
247
249
243
242
221
138
232
250
251
249
248
247
247
247
247
247
247
247
247
249
243
229
113
116
133
247
250
247
249
250
250
250
249
247
247
247
247
247
247
247
247
247
247
247
247
247
247
250
249
181
129
123
119
130
221
248
250
247
247
247
247
247
247
247
247
247
249
253
246
230
129
230
245
249
247
247
247
250
247
133
116
113
229
243
249
247
247
247
247
247
247
250
251
211
132
122
123
128
196
253
248
247
243
250
248
247
247
247
247
247
247
247
247
247
247
247
247
247
247
247
247
247
247
247
247
247
247
247
247
247
247
247
247
247
247
247
247
247
247
247
247
247
247
247
247
247
247
247
247
247
247
248
249
251
246
248
243
250
248
247
247
247
247
247
247
247
247
247
247
250
247
133
116
113
229
243
249
247
247
247
247
247
247
247
247
247
247
247
247
247
247
247
247
247
247
247
247
251
243
174
121
120
127
146
237
251
248
247
247
247
247
247
247
247
247
247
249
245
232
117
118
134
247
250
247
247
247
249
243
224
133
229
249
250
248
247
247
247
247
247
247
250
251
211
132
122
122
129
201
251
234
133
224
243
249
247
247
247
247
247
247
247
247
247
247
247
247
247
247
247
247
247
247
247
247
247
247
247
247
247
247
247
247
247
247
247
247
247
247
247
247
247
247
247
247
247
247
247
247
247
247
247
247
248
249
250
249
248
247
247
247
247
247
247
247
247
247
247
247
249
243
224
133
229
249
250
248
247
247
247
247
247
247
247
247
247
247
247
247
247
247
247
247
247
247
247
247
251
247
176
125
119
130
218
248
250
247
247
247
247
247
247
247
247
247
247
250
247
133
116
113
229
243
249
247
247
247
248
250
243
247
243
250
248
247
247
247
247
247
247
247
249
250
210
132
125
125
131
197
239
129
120
131
242
249
247
247
247
247
247
247
247
247
247
247
247
247
247
247
247
247
247
247
247
247
247
247
247
247
247
247
247
247
247
247
247
247
247
247
247
247
247
247
247
247
247
247
247
247
247
247
247
247
247
247
247
247
247
247
247
247
247
247
247
247
247
247
247
247
248
250
243
247
243
250
248
247
247
247
247
247
247
247
247
247
247
247
247
247
247
247
247
247
247
247
247
247
250
244
175
126
121
140
226
252
248
247
247
247
247
247
247
247
247
247
247
249
242
222
129
227
248
250
248
247
247
247
247
248
249
250
249
248
247
247
247
247
247
247
247
247
247
250
218
122
130
130
123
199
117
117
117
247
247
247
247
247
247
247
247
247
247
247
247
247
247
247
247
247
247
247
247
247
247
247
247
247
247
247
247
247
247
247
247
247
247
247
247
247
247
247
247
247
247
247
247
247
247
247
247
247
247
247
247
247
247
247
247
247
247
247
247
247
247
247
247
247
247
247
247
247
247
247
247
247
247
247
247
247
247
247
247
247
247
247
247
247
247
247
247
247
247
247
247
247
247
247
247
251
171
125
131
129
234
248
247
247
247
247
247
247
247
247
247
247
247
247
247
247
247
247
247
247
247
247
247
247
247
247
247
247
247
247
247
247
247
247
247
247
