243
243
243
243
243
243
243
243
243
243
243
243
243
243
243
243
243
243
243
243
243
243
243
243
243
243
243
243
243
243
243
243
243
243
243
243
243
243
243
243
243
243
243
243
243
243
243
243
243
243
243
243
243
243
243
243
243
243
243
243
243
243
243
243
243
243
243
243
243
243
243
243
243
243
243
243
243
243
243
243
243
243
243
243
243
243
243
243
243
243
243
243
243
243
243
243
243
243
243
243
243
243
243
243
243
243
243
105
105
105
243
243
243
243
243
243
243
243
243
243
243
243
243
243
243
243
243
243
243
243
243
243
243
243
243
243
243
243
243
243
243
243
243
243
243
243
243
243
243
243
243
243
243
243
243
243
243
243
243
243
243
243
243
243
243
243
243
243
243
243
243
243
243
243
243
243
243
243
243
243
243
243
243
243
243
243
243
243
243
243
243
243
243
243
243
243
243
243
243
243
243
243
243
243
243
243
243
243
243
244
246
247
248
249
250
251
251
251
249
246
244
243
243
243
243
243
243
243
243
243
243
243
243
243
243
243
243
243
243
243
243
243
243
243
243
243
243
243
243
243
243
243
243
243
247
238
122
114
112
235
241
251
245
243
243
243
243
243
243
243
243
243
243
243
243
243
243
243
243
243
243
243
243
243
243
243
243
243
243
243
243
243
243
243
243
243
243
243
243
243
243
243
243
243
243
243
243
243
243
243
243
243
243
243
243
243
244
245
248
250
249
246
244
243
243
243
243
243
243
243
243
243
243
243
243
243
243
243
243
243
243
243
243
243
243
243
243
243
243
243
243
243
243
243
243
243
243
243
243
246
239
242
237
246
236
235
229
230
238
245
248
244
243
243
243
243
243
243
243
243
243
243
243
243
243
243
243
243
243
243
243
243
243
243
243
243
243
243
243
243
243
243
243
243
247
241
226
124
207
124
226
241
247
243
243
243
243
243
243
243
243
243
243
243
243
243
243
243
243
243
243
243
243
243
245
247
247
247
245
243
243
243
243
243
243
243
243
243
243
243
243
243
243
243
243
243
243
243
243
243
243
243
243
243
243
243
245
244
238
232
237
244
248
244
243
243
243
243
243
243
243
243
243
243
243
243
243
243
243
243
243
243
243
243
243
243
243
243
243
243
243
243
243
243
243
243
243
243
244
250
241
174
202
179
190
148
144
139
171
238
246
245
243
243
243
243
243
243
243
243
243
243
243
243
243
243
243
243
243
243
243
243
243
243
243
243
243
243
243
243
243
243
243
243
245
251
236
225
96
110
123
243
247
243
243
243
243
243
243
243
243
245
246
247
247
249
250
250
247
245
243
243
243
245
250
239
243
239
250
245
243
243
243
243
243
243
243
243
243
243
243
243
243
243
243
243
243
243
243
243
243
243
243
243
243
245
250
251
200
149
160
237
249
250
245
244
243
243
243
243
243
243
243
243
243
243
243
243
243
243
243
243
243
243
243
243
243
243
243
243
243
243
243
244
246
248
248
247
247
246
229
152
125
137
128
126
122
119
128
187
250
250
243
243
243
243
243
243
243
243
243
243
243
243
243
243
243
243
243
243
243
243
243
243
243
243
243
243
243
243
243
243
243
243
243
249
246
125
106
102
225
239
247
243
243
243
243
243
243
243
245
250
239
245
243
246
234
234
242
247
245
243
245
250
246
225
122
220
239
247
243
243
243
243
243
243
243
243
243
243
243
243
243
243
243
243
243
243
243
243
243
243
243
245
247
250
245
237
170
122
125
157
235
242
245
246
243
243
243
243
243
243
243
243
243
243
243
243
243
243
243
243
243
243
243
243
243
243
243
243
243
243
244
247
245
237
237
243
253
249
176
129
123
127
127
128
129
127
123
176
241
250
246
243
243
243
243
243
243
243
243
243
243
243
243
243
243
243
243
243
243
243
243
243
243
243
243
243
243
243
243
243
243
243
243
247
239
220
122
225
246
250
245
243
243
243
243
244
246
250
252
249
228
129
222
208
139
146
221
245
248
244
247
239
225
101
103
122
243
247
243
243
243
243
243
243
243
243
243
243
243
243
243
243
243
243
243
243
243
243
243
243
244
248
245
241
207
123
131
129
126
132
134
195
245
249
246
243
243
243
243
243
243
243
243
243
243
243
243
243
243
243
243
243
243
243
243
243
243
243
243
245
249
250
244
171
145
224
249
243
175
123
125
126
132
132
136
126
127
131
199
244
246
243
243
243
243
243
243
243
243
243
243
243
243
243
243
243
243
243
243
243
243
243
243
243
243
243
243
243
243
243
243
243
243
245
250
239
243
239
250
245
243
243
243
243
245
249
243
237
233
229
112
106
112
136
126
124
138
228
244
246
247
243
122
103
101
225
239
247
243
243
243
243
243
243
243
243
243
243
243
243
243
243
243
243
243
243
243
243
245
246
250
248
235
152
105
102
102
130
130
127
124
129
206
246
249
244
243
243
243
243
243
243
243
243
243
243
243
243
243
243
243
243
243
243
243
243
243
243
244
246
240
239
178
127
127
129
182
236
171
123
123
135
145
196
163
128
130
121
137
218
250
245
243
243
243
243
243
243
243
243
243
243
243
243
243
243
243
243
243
243
243
245
247
248
247
245
243
243
243
243
243
243
243
243
245
247
247
247
245
243
243
243
245
247
251
248
234
159
145
115
106
97
123
127
130
126
127
162
240
249
246
239
220
122
225
246
250
245
243
243
243
243
243
243
243
243
243
243
243
243
243
243
243
243
243
243
243
245
250
239
248
241
182
107
95
97
120
124
127
126
126
127
137
222
245
247
243
243
243
243
243
243
243
243
243
243
243
243
243
243
243
243
243
243
243
243
243
243
246
250
224
146
131
128
124
120
134
193
179
136
123
167
236
239
180
209
143
122
132
213
251
246
243
243
243
243
243
243
243
243
243
243
243
243
243
243
243
243
243
243
246
247
239
239
241
250
248
245
243
243
243
243
243
243
243
243
243
243
243
243
243
245
250
241
243
231
157
126
121
122
105
128
133
134
134
131
122
151
234
250
245
250
239
243
239
250
245
243
243
243
243
243
243
243
243
243
243
243
243
243
243
243
243
243
243
243
245
250
246
226
133
220
160
121
102
132
144
156
150
138
132
124
128
162
238
250
244
243
243
243
243
243
243
243
243
243
243
243
243
243
243
243
243
243
243
243
243
244
249
246
208
127
122
131
132
124
129
186
235
175
203
193
248
248
247
241
208
125
124
209
246
248
243
243
243
243
243
243
243
243
243
243
243
243
243
243
243
243
243
243
248
242
205
142
199
242
245
250
250
250
251
250
247
245
243
243
243
243
243
243
245
250
247
229
128
155
132
127
130
128
127
125
128
128
131
131
125
155
237
251
244
245
247
247
247
245
243
243
243
243
243
243
243
243
243
245
245
243
243
243
243
243
243
243
243
243
246
239
226
105
108
111
156
125
129
174
239
235
237
211
136
127
121
142
228
248
245
243
243
243
243
243
243
243
243
243
243
243
243
243
243
243
243
243
243
243
244
248
248
231
142
131
130
131
132
126
127
191
246
251
235
245
241
247
250
251
212
134
121
146
231
251
243
243
243
243
243
243
243
243
243
243
243
243
243
243
243
243
243
245
250
226
140
127
132
147
226
243
239
235
226
236
240
247
243
243
243
243
243
243
247
240
229
108
102
101
129
129
126
130
139
138
142
131
136
129
125
149
233
250
247
243
243
243
243
243
243
243
243
243
243
243
243
243
245
250
245
243
243
243
243
243
243
243
243
243
247
244
127
103
92
125
127
132
163
245
251
251
251
251
204
133
124
133
186
247
250
244
243
243
243
243
243
243
243
243
243
243
243
243
243
243
243
243
243
245
249
250
239
151
129
125
129
131
130
126
138
199
251
251
247
246
245
244
246
250
209
134
113
141
224
250
244
243
243
243
243
243
243
243
243
243
243
243
243
243
243
243
244
249
246
216
130
123
125
130
138
183
195
142
136
160
237
249
243
243
243
243
243
243
248
245
130
108
96
126
129
137
144
158
209
228
172
193
133
124
128
132
166
242
247
245
243
243
243
243
243
243
243
243
243
243
243
243
247
239
229
105
243
243
243
243
243
243
243
243
246
240
226
114
123
129
126
145
232
251
248
244
246
250
243
179
120
121
152
234
246
246
243
243
243
243
245
247
247
247
245
243
243
243
243
243
243
243
246
246
243
237
163
130
124
134
138
141
132
123
169
240
249
245
243
243
243
243
246
250
209
135
116
144
226
251
244
243
243
243
243
243
243
243
243
243
243
243
243
243
243
243
246
244
232
143
128
121
123
121
125
131
132
126
113
146
231
250
243
243
243
243
243
243
250
238
201
104
124
128
124
149
225
241
245
246
250
215
151
128
128
126
134
190
248
248
243
243
243
243
243
243
243
243
243
243
243
243
247
243
136
105
243
243
243
243
243
243
243
243
245
250
247
206
128
125
125
153
236
251
244
243
243
250
251
191
134
122
131
178
250
251
243
243
243
245
250
239
243
239
250
245
243
243
243
243
243
245
248
246
209
142
132
127
123
127
177
160
123
124
173
245
251
243
243
243
243
243
246
250
208
134
114
144
225
251
244
243
243
243
243
243
243
243
243
243
243
243
243
243
243
244
250
245
162
126
129
142
150
140
136
126
129
128
119
150
233
251
243
243
243
243
243
245
251
241
160
131
127
136
140
184
249
250
248
248
251
244
189
127
126
126
124
178
243
248
243
243
243
243
243
243
243
243
243
243
243
243
247
239
229
105
243
243
243
243
243
243
243
243
243
246
251
217
140
127
122
152
234
251
243
243
243
245
247
236
160
117
120
165
237
248
245
243
245
250
246
225
122
220
239
247
243
243
243
243
245
248
247
214
134
126
126
128
134
156
166
149
126
132
184
248
249
243
243
243
243
243
246
250
208
134
115
144
224
251
244
243
243
243
243
243
243
243
243
243
243
243
243
243
243
246
247
230
146
124
168
236
238
220
142
124
128
134
125
157
231
250
243
243
243
243
244
248
247
225
138
123
137
141
218
236
249
248
243
243
248
250
199
136
126
125
133
185
250
248
243
243
243
243
243
243
243
243
243
243
243
243
245
250
245
243
243
243
243
243
243
243
243
243
243
244
249
242
190
125
119
152
234
251
243
243
243
243
251
249
174
129
121
134
194
250
247
243
247
239
225
101
103
122
243
247
243
243
243
243
247
245
226
137
128
126
124
121
153
235
238
163
118
152
233
248
246
243
243
243
243
243
248
251
212
136
115
143
225
250
244
243
243
243
243
243
243
243
243
243
243
243
243
243
243
249
248
176
125
147
236
252
253
245
157
126
124
144
203
184
235
248
243
243
243
243
246
245
236
151
132
128
132
185
125
227
243
246
243
243
245
249
239
170
123
121
161
236
248
245
243
243
243
243
243
243
243
245
247
247
247
245
243
245
245
243
243
243
243
243
243
243
243
243
243
243
249
250
197
130
117
155
237
251
244
243
243
243
246
245
238
153
123
122
185
245
249
243
247
243
122
103
101
225
239
247
243
243
243
244
250
241
156
129
124
134
138
144
185
253
250
166
120
159
240
251
243
243
243
244
246
249
252
250
207
129
117
140
224
250
244
243
243
243
243
243
243
243
243
243
243
243
243
243
243
250
242
169
116
154
238
251
247
246
216
131
128
204
243
246
240
246
243
243
243
243
248
245
173
128
125
126
139
98
110
123
243
247
243
243
243
251
249
181
125
123
169
244
251
243
243
243
243
243
243
243
245
250
239
243
239
250
245
243
243
243
243
243
243
243
243
243
243
243
243
243
246
248
206
139
118
142
229
248
246
245
247
251
251
253
254
235
138
124
188
248
250
243
247
239
221
124
229
248
251
245
243
243
243
247
249
231
146
124
124
130
197
234
242
247
200
135
117
155
235
250
243
243
243
247
244
240
236
219
142
130
130
161
235
250
244
243
243
243
243
243
243
243
243
243
243
243
243
243
243
251
244
172
118
154
240
251
247
252
223
137
171
244
251
248
245
244
243
243
243
244
251
243
168
125
125
129
101
102
105
225
239
247
243
243
245
249
239
172
120
123
172
250
255
252
252
251
251
247
245
245
250
246
225
122
220
239
247
243
243
243
243
243
243
243
243
243
243
243
243
243
245
247
243
185
127
127
169
248
250
247
234
225
213
217
224
210
129
123
195
253
254
252
253
254
251
244
243
250
253
252
252
252
252
251
249
168
133
127
126
139
218
251
251
247
185
122
125
165
245
250
243
243
246
249
242
178
140
137
133
125
133
211
242
250
245
243
243
243
243
243
243
243
243
243
243
243
243
243
243
251
244
172
119
147
235
250
251
249
215
131
178
249
251
243
243
243
243
243
243
245
249
239
165
125
130
143
184
142
239
253
254
253
252
252
254
254
204
139
122
104
151
220
223
215
216
213
225
234
247
247
239
225
101
103
122
243
247
243
243
243
243
243
243
243
243
243
243
243
243
243
244
247
248
244
161
122
151
234
248
250
238
142
132
137
142
129
114
105
175
225
221
215
217
221
230
220
130
213
221
216
216
216
219
225
175
128
123
129
138
204
253
253
254
251
193
129
134
229
250
253
252
252
254
251
192
108
120
125
132
132
136
147
235
251
253
252
252
252
252
252
252
252
252
252
252
252
252
252
252
254
251
180
127
130
172
251
251
242
144
129
187
252
254
252
252
252
252
252
252
252
253
201
138
120
120
163
213
224
221
232
226
225
224
221
222
221
173
119
98
98
115
129
143
136
136
132
142
238
247
247
243
122
103
101
225
239
247
243
243
243
243
243
243
243
243
243
243
243
243
243
243
244
248
249
229
138
125
187
250
251
234
225
213
216
221
207
129
118
118
130
141
138
139
128
123
96
111
116
141
136
136
139
141
132
118
107
104
117
156
216
220
218
221
223
171
119
122
148
220
220
216
215
222
216
112
96
101
125
127
126
121
123
144
222
224
218
216
216
216
216
216
216
216
216
216
216
217
218
220
225
223
160
119
119
125
178
232
155
119
112
162
219
220
215
216
216
216
216
216
221
222
170
108
105
109
125
135
140
129
125
125
124
122
132
144
147
130
109
101
94
112
212
223
216
216
213
225
234
247
247
239
220
122
225
246
250
245
243
243
243
243
243
243
243
243
243
243
243
243
243
243
243
244
250
242
152
122
168
238
249
248
250
251
252
254
246
165
123
120
183
221
217
220
213
103
95
106
216
221
216
217
221
217
172
116
121
121
113
129
140
141
139
140
130
119
104
109
123
134
139
136
136
144
123
111
93
101
101
102
105
106
106
111
118
133
136
140
136
136
136
136
136
136
136
136
138
143
132
139
137
136
118
108
107
108
117
118
114
102
111
126
138
140
136
136
136
136
136
138
139
130
118
125
126
123
120
166
149
115
118
125
116
114
132
200
211
169
120
104
126
172
251
253
252
252
251
251
247
245
245
250
239
243
239
250
245
243
243
243
243
243
243
243
243
243
243
243
243
243
243
243
243
243
247
245
217
128
128
201
251
249
243
243
243
249
238
208
122
134
214
253
254
253
250
227
125
227
250
253
252
253
251
221
142
134
127
131
157
224
220
216
218
221
181
119
113
136
212
225
217
216
215
223
216
110
117
131
142
143
136
128
120
116
116
164
223
223
217
216
216
216
216
216
216
217
222
219
197
97
196
164
119
117
121
122
122
120
118
123
157
225
220
216
216
216
216
216
215
218
220
179
122
125
136
133
139
142
142
136
134
136
136
133
143
152
157
146
134
124
147
233
249
246
243
243
243
243
243
243
243
245
247
247
247
245
243
243
243
243
243
243
243
243
243
243
243
243
243
243
243
243
243
243
245
251
233
142
122
186
242
248
243
243
243
250
245
166
130
138
212
250
248
244
250
239
243
239
250
245
244
251
228
145
125
123
129
149
240
251
253
252
254
253
211
137
121
152
238
255
252
252
252
254
250
195
138
213
237
237
236
182
139
135
128
177
246
251
253
252
252
252
252
252
252
253
251
237
113
122
135
195
144
140
142
133
123
123
127
152
242
252
252
252
252
252
252
252
252
254
253
205
135
125
130
126
125
126
127
130
131
131
133
132
129
125
126
127
131
126
156
237
251
244
243
243
243
243
243
243
243
243
243
243
243
243
243
243
243
243
243
243
243
243
243
243
243
243
243
243
243
243
243
243
243
248
246
206
126
142
221
251
246
243
243
250
238
206
119
130
206
250
248
243
245
247
247
247
245
243
245
251
224
142
121
133
148
237
253
251
246
244
249
244
197
128
116
146
229
251
243
243
243
246
245
237
238
243
251
251
250
246
224
141
125
130
146
219
249
246
243
243
243
243
243
247
243
122
104
105
223
176
127
207
220
152
143
141
148
229
245
248
244
243
243
243
243
243
243
248
249
199
131
122
137
143
145
134
124
120
124
125
125
125
125
128
132
132
132
124
153
234
251
243
243
243
243
243
243
243
243
243
243
243
243
243
243
243
243
243
243
243
243
243
243
243
243
243
243
243
243
243
243
243
243
246
251
211
127
120
204
244
248
243
243
250
234
150
121
129
204
250
248
243
243
243
243
243
243
243
247
246
219
136
124
130
201
231
237
243
250
251
252
231
153
125
127
157
238
250
243
243
243
244
245
247
248
247
245
244
246
250
246
168
131
114
130
206
250
246
243
243
243
243
243
247
239
220
125
234
215
144
132
149
233
240
234
229
236
242
248
245
243
243
243
243
243
243
243
248
249
199
131
120
144
224
240
187
141
144
144
137
138
143
141
131
121
122
122
116
149
233
251
243
243
243
243
243
243
243
243
243
243
243
243
243
243
243
243
243
243
243
243
243
243
243
243
243
243
243
243
243
243
243
243
245
250
218
137
124
150
230
251
243
243
250
234
150
121
130
204
250
248
243
243
243
243
243
243
243
249
238
153
129
127
137
143
146
148
186
235
235
237
207
136
119
134
218
248
249
245
244
243
243
243
243
243
243
243
243
243
247
247
221
137
118
135
210
251
246
243
243
243
243
243
245
250
241
250
242
206
127
119
130
158
245
252
252
250
247
245
243
243
243
243
243
243
243
243
250
250
202
132
118
154
240
254
243
232
230
233
198
186
235
229
160
142
143
144
132
157
231
250
243
243
243
243
243
243
243
243
243
243
243
243
243
243
243
243
243
243
243
243
243
243
243
243
243
243
243
243
243
243
243
243
243
249
243
191
118
140
224
251
245
243
250
239
209
119
129
204
250
248
243
243
243
243
243
243
243
249
230
143
118
126
127
126
125
125
134
141
151
151
150
136
122
145
228
255
247
243
247
243
243
243
243
243
243
243
243
243
245
250
223
140
113
136
211
251
246
243
243
243
243
243
243
245
250
248
223
137
131
129
127
129
169
245
250
248
245
243
243
243
243
243
243
243
243
243
249
243
195
126
121
143
226
248
250
250
251
250
246
246
250
249
238
229
230
232
222
178
236
248
243
243
243
243
243
243
243
243
243
243
243
243
243
243
243
243
243
243
243
243
243
243
243
243
243
243
243
243
243
243
243
243
243
249
250
198
125
129
219
247
247
246
252
241
154
123
128
203
249
248
243
243
243
243
243
243
243
249
237
162
133
129
132
127
132
126
103
120
123
125
127
132
127
137
213
217
184
236
246
245
243
243
243
243
243
243
243
243
244
251
231
149
121
134
213
251
246
243
243
243
243
243
243
244
251
236
147
124
121
124
125
124
131
180
242
244
248
245
243
243
243
243
243
243
243
245
250
220
138
127
124
143
179
250
246
243
243
245
246
246
246
247
250
251
251
251
246
244
239
246
243
243
243
243
243
243
243
243
243
243
243
243
243
243
243
243
243
243
243
243
243
243
243
243
243
243
243
243
243
243
243
243
243
246
251
207
137
124
161
241
252
247
246
217
136
120
143
213
251
245
243
243
243
243
243
243
243
247
244
223
175
186
140
129
131
101
102
105
129
131
131
132
129
136
140
136
135
189
250
248
243
243
243
243
243
243
243
243
243
249
236
201
116
125
204
242
247
243
243
243
243
243
243
247
246
221
135
130
143
149
140
131
127
134
139
219
245
250
245
243
243
243
243
243
243
246
252
215
135
100
120
135
222
243
248
243
243
243
243
243
243
243
243
243
243
244
245
246
245
244
243
243
243
243
243
243
243
243
243
243
243
243
243
243
243
243
243
243
243
243
243
243
243
243
243
243
243
243
243
243
243
243
243
245
249
241
176
116
149
238
251
237
172
138
129
122
182
242
248
243
243
243
243
243
243
243
243
245
246
242
246
237
189
193
111
99
96
131
126
133
126
129
130
129
127
118
121
181
245
249
243
243
243
243
243
243
243
243
243
250
238
150
129
128
148
237
249
243
243
243
243
243
243
249
242
159
124
162
232
240
226
144
129
121
121
112
219
240
247
243
243
243
243
243
243
247
242
223
107
98
102
110
174
246
249
244
243
243
243
243
243
243
243
243
243
243
243
243
243
243
243
243
243
243
243
243
243
243
243
243
243
243
243
243
243
243
243
243
243
243
243
243
243
243
243
243
243
243
243
243
243
243
243
243
251
247
181
121
140
227
206
137
131
125
123
135
196
251
249
243
243
243
243
243
243
243
243
243
245
246
250
244
249
233
163
123
189
148
204
164
138
134
127
126
123
120
129
191
249
248
243
243
243
243
243
243
243
243
243
247
243
204
122
122
204
242
247
243
243
243
243
243
243
250
235
151
117
174
250
254
249
224
136
126
94
106
128
244
247
243
243
243
243
243
243
248
247
129
107
94
98
99
117
232
249
245
243
243
243
243
243
243
243
243
243
243
243
243
243
243
243
243
243
243
243
243
243
243
243
243
243
243
243
243
243
243
243
243
243
243
243
243
243
243
243
243
243
243
243
243
243
243
243
243
248
249
190
133
132
139
139
128
125
126
120
165
236
249
245
243
243
243
243
243
243
243
243
243
243
243
244
245
249
244
235
237
232
245
239
247
210
133
129
139
146
141
175
240
246
245
243
243
243
243
243
243
243
243
243
246
251
213
129
129
214
251
246
243
243
243
243
243
243
251
236
153
117
172
244
251
249
248
213
116
96
105
215
242
247
243
243
243
243
243
243
247
242
209
113
102
103
99
131
185
247
248
243
243
243
243
243
243
243
243
243
243
243
243
243
243
243
243
243
243
243
243
243
243
243
243
243
243
243
243
243
243
243
243
243
243
243
243
243
243
243
243
243
243
243
243
243
243
243
243
245
249
236
158
119
123
127
128
124
130
134
185
247
251
243
243
243
243
243
243
243
243
243
243
243
243
243
243
244
247
249
250
250
250
251
250
216
130
126
200
236
233
238
244
247
243
243
243
243
243
243
243
243
243
243
246
251
213
127
126
209
250
246
243
243
243
243
243
243
251
237
153
117
171
243
251
244
250
245
184
100
138
231
251
245
243
243
243
243
243
243
245
251
245
194
120
102
124
127
178
246
251
243
243
243
243
243
243
243
243
243
243
243
243
243
243
243
243
243
243
243
243
243
243
243
243
243
243
243
243
243
243
243
243
243
243
243
243
243
243
243
243
243
243
243
243
243
243
243
243
243
249
249
172
133
128
129
135
137
152
226
240
242
246
243
243
243
243
243
243
243
243
243
243
243
243
243
243
243
243
243
243
243
243
251
233
149
121
132
211
253
251
248
246
244
243
243
243
243
243
243
243
243
243
245
250
247
206
126
135
217
251
245
243
243
243
243
243
243
251
237
152
118
174
248
253
246
251
250
193
120
138
229
250
244
243
243
243
243
243
243
243
247
251
207
135
126
127
126
169
239
249
245
243
243
243
243
243
243
243
243
243
243
243
243
243
243
243
245
247
247
247
245
243
243
243
243
243
243
243
243
243
243
243
243
243
243
243
243
243
243
243
243
243
243
243
243
243
243
243
243
246
247
228
145
122
124
132
197
242
245
250
246
244
243
243
243
243
243
243
243
243
243
243
243
243
243
243
243
243
243
243
243
244
250
224
143
114
133
205
250
247
243
243
243
243
243
243
243
243
243
243
243
243
247
244
226
136
126
190
243
249
243
243
243
243
243
243
243
251
237
154
116
170
233
247
240
253
250
193
122
139
228
250
244
243
243
243
243
243
243
243
245
247
245
184
132
130
126
136
199
251
251
245
243
243
243
243
243
243
243
243
243
243
243
243
243
245
250
239
243
239
250
245
243
243
243
243
243
243
243
243
243
243
243
243
243
243
243
243
243
243
243
243
243
243
243
243
243
243
243
244
250
243
159
130
127
151
224
252
248
244
243
243
243
243
243
243
243
243
243
243
243
243
243
243
243
243
243
243
243
243
243
245
251
229
146
116
133
206
250
248
243
243
243
243
243
245
247
247
247
245
243
244
250
240
155
121
126
197
251
249
243
243
243
243
243
243
243
250
233
151
117
134
173
130
228
250
250
188
116
137
226
250
244
243
243
243
243
243
243
243
243
246
250
239
163
125
124
127
179
240
248
251
251
250
248
245
243
243
243
243
243
243
243
243
245
250
246
225
122
220
239
247
243
243
243
243
243
243
243
243
243
243
243
243
243
243
243
243
243
243
243
243
243
243
243
243
243
243
243
243
248
249
226
137
117
183
238
250
245
243
243
243
243
243
243
243
243
243
243
243
243
243
243
243
243
243
243
243
243
243
243
247
246
222
138
118
132
205
250
248
243
243
243
243
245
250
239
243
239
250
245
248
249
229
142
119
134
202
250
247
243
243
243
243
243
243
243
249
239
166
128
127
95
104
118
235
209
132
124
147
232
250
243
243
243
243
243
243
243
243
243
243
251
243
167
122
124
131
134
146
218
234
230
235
244
251
251
250
248
246
244
243
243
243
247
239
225
101
103
122
243
247
243
243
243
243
243
243
243
243
243
243
243
243
243
243
243
243
243
243
243
243
243
243
243
243
243
243
243
245
251
248
228
138
128
141
217
251
246
243
243
243
243
243
243
243
243
243
243
243
243
243
243
243
243
243
243
243
243
243
243
250
241
157
130
119
130
204
249
246
243
243
243
245
250
246
225
122
220
241
250
250
245
162
127
119
172
238
248
245
243
243
243
243
243
243
243
246
241
241
212
115
99
96
131
138
138
128
130
216
245
247
243
243
243
245
247
247
247
245
243
243
249
243
185
136
131
126
123
131
136
145
144
149
206
234
230
232
239
245
246
243
243
243
247
243
122
103
101
225
239
247
243
243
243
243
243
243
243
243
243
243
243
243
243
243
243
243
243
243
243
243
243
243
243
243
243
243
245
250
247
230
118
136
120
125
201
243
248
243
243
243
243
243
243
243
243
243
243
243
243
243
243
243
243
243
243
243
243
243
243
250
233
151
120
125
146
217
250
245
243
243
243
247
239
225
101
103
125
247
247
240
172
131
121
133
186
250
250
243
243
243
243
243
243
243
243
244
247
251
248
202
114
124
128
125
125
129
202
246
249
245
243
243
245
250
239
243
239
250
245
243
246
243
240
224
143
132
128
129
126
124
122
129
137
147
145
139
186
242
247
245
243
243
247
239
220
122
225
246
250
245
243
243
243
243
243
243
243
243
243
243
243
243
243
243
243
243
243
243
243
243
243
243
243
243
243
243
247
239
225
104
104
103
128
125
146
229
251
245
243
243
243
243
243
243
243
243
243
243
243
243
243
243
243
243
243
243
243
243
243
251
235
154
120
126
188
244
249
245
243
243
243
247
243
122
104
103
233
242
217
139
132
124
118
155
234
248
246
243
243
243
243
243
243
243
243
243
243
246
251
251
192
129
101
121
127
182
246
249
246
243
243
245
250
246
225
122
220
239
247
243
244
246
251
248
211
127
122
130
132
132
131
129
126
125
123
119
133
205
250
246
243
243
245
250
239
243
239
250
245
243
243
243
243
243
243
243
243
243
243
243
243
243
243
243
243
243
243
243
243
243
243
243
243
243
243
243
247
243
122
104
110
206
140
122
129
214
245
247
243
243
243
243
243
243
243
243
243
243
243
243
243
243
243
243
243
243
243
243
243
251
235
155
117
126
190
249
249
243
243
243
243
247
239
220
127
226
245
224
137
125
122
129
134
182
246
251
244
243
243
243
243
243
243
243
243
243
243
243
249
242
224
100
99
113
175
242
248
246
243
243
243
247
239
225
101
103
122
243
247
243
243
243
246
251
224
147
128
124
123
126
130
131
131
132
132
122
130
198
248
248
243
243
243
245
247
247
247
245
243
243
243
243
243
243
243
243
243
243
243
243
243
243
243
243
243
243
243
243
243
243
243
243
243
245
247
247
249
241
220
122
229
244
200
123
123
154
239
251
244
243
243
243
243
243
243
243
243
243
243
243
243
243
243
243
243
243
243
243
243
251
235
153
118
134
196
250
248
243
243
243
243
245
250
242
246
235
175
136
132
123
129
141
223
243
246
249
245
243
243
243
243
243
243
243
243
243
243
243
248
246
127
110
108
225
241
245
247
244
243
243
245
250
247
124
105
101
225
239
247
243
243
243
244
246
241
237
183
142
144
136
128
119
124
126
129
124
132
199
249
248
243
243
243
243
243
243
243
243
243
243
243
243
243
243
243
243
243
243
243
243
243
243
243
243
243
243
243
243
243
243
243
243
245
250
239
243
241
253
241
243
243
253
210
138
119
136
225
246
247
243
243
243
243
243
243
243
243
243
243
243
243
243
243
243
243
243
243
243
244
251
238
154
116
168
240
248
245
243
243
243
243
243
246
250
247
174
128
125
125
127
142
222
251
247
246
240
250
245
243
243
243
243
243
243
243
243
243
243
246
239
220
121
225
248
251
246
244
243
243
245
250
242
240
216
128
226
246
250
245
243
243
243
243
245
249
248
241
233
233
215
146
142
147
138
132
117
128
198
249
247
243
243
243
243
243
243
243
243
243
243
243
243
243
243
243
243
243
243
243
243
243
243
243
243
243
243
243
243
243
243
243
245
250
246
225
122
220
241
249
247
247
249
240
177
119
126
161
242
249
243
243
243
243
243
243
243
243
243
243
243
243
243
243
243
243
243
243
243
246
249
231
144
120
177
247
251
243
243
243
243
243
243
247
248
200
138
123
125
125
129
200
254
251
227
122
220
239
247
243
243
243
243
243
243
243
243
243
243
245
250
239
243
239
250
245
243
243
243
245
250
246
226
128
216
240
242
250
245
243
243
243
243
243
243
244
246
248
251
251
244
237
229
234
226
150
130
144
208
249
246
243
243
243
243
243
243
243
243
243
243
243
243
243
243
243
243
243
243
243
243
243
243
243
243
243
243
243
243
243
243
243
247
239
225
101
103
122
243
247
243
243
250
251
191
132
118
155
236
250
243
243
243
243
243
243
243
243
243
243
243
243
243
243
243
243
243
243
243
248
244
176
126
118
172
243
250
243
243
243
243
243
243
249
247
189
127
120
132
134
186
246
244
227
101
103
122
243
247
243
243
245
247
247
247
245
243
243
243
243
245
247
247
247
245
243
243
243
243
247
239
225
101
105
124
247
250
245
243
243
243
243
243
243
243
243
243
243
243
245
247
250
251
252
247
240
201
191
238
247
245
243
243
243
243
243
243
243
243
243
243
243
243
243
243
243
243
243
243
243
243
243
243
243
243
243
243
243
243
243
243
243
247
243
122
103
101
225
239
247
243
243
245
248
237
159
111
152
235
250
243
243
243
243
243
243
243
243
243
243
243
243
243
243
243
243
243
243
243
249
245
167
120
122
178
248
249
243
243
243
243
243
243
249
247
187
121
121
149
231
243
250
247
122
103
101
225
239
247
243
245
250
239
243
239
250
245
243
243
243
243
243
243
245
247
247
247
245
243
247
243
122
103
101
225
239
247
243
243
243
243
243
243
243
243
243
243
243
243
243
243
243
243
245
248
248
245
244
244
247
243
243
243
243
243
243
243
243
243
243
243
243
243
243
243
243
243
243
243
243
243
243
243
243
243
243
243
243
243
243
243
243
247
239
220
122
225
246
250
245
243
243
243
251
240
170
126
164
241
249
243
243
243
243
243
243
243
243
243
243
243
243
243
243
243
243
243
243
243
246
245
233
150
158
237
244
246
243
243
243
243
243
243
247
246
203
144
144
231
249
250
248
240
220
122
225
246
250
245
245
250
246
225
122
220
239
247
243
243
243
243
243
245
250
239
243
239
250
245
247
239
220
122
225
246
250
245
243
243
243
243
243
243
243
243
243
243
243
243
243
243
243
243
243
244
245
245
246
245
244
243
243
243
243
243
243
243
243
243
243
243
243
243
243
243
243
243
243
243
243
243
243
243
243
243
243
243
243
243
243
243
243
245
250
239
243
239
250
245
243
243
243
243
249
240
174
207
236
241
246
243
243
243
243
243
243
243
243
243
243
243
243
243
243
243
243
243
243
243
244
248
242
236
236
243
248
244
243
243
243
243
243
243
245
245
239
230
235
242
248
245
245
250
239
243
239
250
245
243
245
245
234
115
107
120
238
247
243
243
243
243
243
245
245
229
136
229
245
245
245
250
239
243
239
250
245
243
243
243
243
243
243
243
243
243
243
243
243
243
243
243
243
243
243
243
243
243
243
243
243
243
243
243
243
243
243
243
243
243
243
243
243
243
243
243
243
243
243
243
243
243
243
243
243
243
243
243
243
243
243
243
243
243
243
243
243
243
243
243
243
243
243
243
243
243
243
243
243
243
243
243
243
243
243
243
243
243
243
243
243
243
243
243
243
243
243
243
243
243
243
243
243
243
243
243
243
243
243
243
243
243
243
243
243
243
243
243
243
243
243
243
243
243
243
243
243
243
243
243
243
243
105
105
105
243
243
243
243
243
243
243
243
243
243
105
105
105
243
243
243
243
243
243
243
243
243
243
243
243
243
243
243
243
243
243
243
243
243
243
243
243
243
243
243
243
243
243
243
243
243
243
243
243
243
243
243
243
243
243
243
243
243
243
243
243
243
243
243
243
243
243
