251
251
251
251
251
251
251
251
251
251
251
251
251
251
251
251
66
251
251
251
251
251
251
251
251
251
251
251
251
251
251
251
251
251
251
251
251
251
251
251
251
251
251
251
251
251
251
251
251
251
66
66
66
251
251
251
251
251
251
251
251
251
251
251
251
251
251
251
251
251
251
251
251
251
251
251
251
251
251
251
251
251
251
251
251
251
251
251
251
251
251
251
251
251
251
251
251
66
251
251
251
251
251
251
251
251
251
251
251
251
251
251
251
251
251
251
251
251
251
251
251
251
251
251
251
251
251
251
251
251
251
251
251
251
251
251
251
251
251
251
251
251
251
251
251
251
251
251
251
251
251
251
253
250
244
239
238
247
244
245
237
241
243
238
220
72
63
86
231
246
250
255
254
252
251
251
251
251
251
251
251
251
251
251
251
251
253
255
252
222
85
215
244
254
251
251
251
251
253
252
231
110
231
252
253
251
251
251
253
251
242
181
155
154
183
250
255
255
248
252
245
255
253
251
251
251
251
251
251
251
251
251
251
251
251
251
251
251
251
251
251
251
251
254
244
219
63
63
92
244
254
251
251
251
251
251
251
251
251
251
251
251
251
251
251
251
251
251
251
251
251
251
253
254
255
254
253
251
251
251
251
251
251
251
251
251
251
251
251
251
251
251
251
251
251
251
251
251
251
251
251
251
255
252
199
160
162
192
230
170
165
171
173
172
83
65
55
148
160
169
208
246
248
253
251
251
251
251
251
251
251
251
251
251
251
251
254
245
226
61
65
90
251
255
251
251
251
251
253
255
245
251
245
255
253
251
251
251
255
253
191
153
147
146
179
244
255
244
222
95
225
252
255
254
252
251
251
251
251
251
251
251
251
251
251
251
251
251
251
251
251
251
251
255
251
90
65
61
226
245
254
253
254
255
254
253
251
251
251
251
251
251
251
251
251
251
251
251
251
251
251
253
255
245
251
245
255
253
251
251
251
251
253
254
255
254
253
251
251
251
251
251
251
251
251
251
251
251
251
251
251
251
255
249
194
145
145
168
212
157
145
151
153
148
136
74
142
157
155
154
158
173
235
255
253
251
251
251
251
251
251
251
251
251
252
253
255
255
95
68
62
226
245
254
251
251
251
251
251
253
254
255
254
253
251
251
251
251
255
248
190
152
152
154
181
221
176
161
67
67
82
234
246
247
253
251
251
251
251
251
251
251
251
251
251
251
251
251
251
251
251
251
251
254
245
219
90
226
254
255
254
255
245
251
245
255
253
251
251
251
251
251
251
251
251
251
251
251
251
251
253
255
254
226
90
219
245
254
251
251
251
253
255
245
251
245
255
253
251
251
251
251
251
251
251
251
251
251
251
251
251
251
255
252
200
155
152
168
160
160
153
155
156
153
154
156
159
158
157
158
150
154
224
253
255
252
251
251
251
251
251
251
251
251
254
251
250
233
211
86
230
255
255
255
253
251
251
251
251
251
251
251
251
251
251
251
251
251
255
250
191
152
154
156
162
163
159
70
60
56
144
162
195
255
255
252
251
251
251
251
251
251
251
251
251
252
253
254
253
252
251
251
251
253
255
245
251
245
255
254
255
254
226
90
219
245
254
251
251
251
251
251
251
251
251
251
251
251
251
251
254
245
228
67
74
99
255
255
251
251
253
255
254
226
90
219
245
254
251
251
251
251
251
251
251
251
251
251
251
251
251
251
255
252
199
154
154
158
157
157
163
159
159
157
166
229
167
153
151
157
157
157
165
240
252
254
252
251
251
251
251
251
251
252
253
248
198
169
175
244
255
254
252
245
255
253
251
251
251
251
251
251
251
251
251
251
251
251
255
249
189
152
155
156
154
154
153
143
80
147
155
162
229
246
255
255
255
253
251
251
251
251
251
251
251
254
247
251
250
255
253
252
251
251
253
254
255
254
253
254
245
226
61
65
90
251
255
251
251
251
251
251
251
251
251
251
251
251
251
251
255
255
105
65
44
202
235
255
251
251
254
245
226
61
65
90
251
255
251
251
251
251
251
251
251
251
251
251
251
251
251
251
255
252
199
155
152
156
149
150
186
205
176
219
250
249
236
161
160
159
156
153
156
170
246
255
254
252
251
251
251
251
251
254
255
210
157
144
168
252
255
229
90
219
245
254
251
251
251
251
251
251
251
251
251
251
251
251
255
250
191
153
154
156
160
159
167
148
157
152
166
164
165
196
240
244
245
252
252
251
251
251
251
251
252
255
242
187
234
247
249
253
251
251
251
251
251
251
251
255
251
90
65
61
226
245
254
251
251
251
251
251
251
251
251
251
251
251
251
251
255
235
202
44
65
105
255
255
251
251
255
251
90
65
61
226
245
254
251
251
251
251
251
251
251
251
251
251
251
251
251
251
255
252
198
154
152
161
162
162
195
248
252
251
255
255
250
248
215
165
155
154
153
158
185
246
252
253
251
251
251
251
251
255
254
204
154
147
167
229
228
64
65
90
251
255
251
251
251
251
251
251
251
251
251
251
251
251
255
250
193
152
151
157
185
230
172
150
76
142
151
153
152
159
163
166
220
255
254
251
251
251
251
251
254
253
232
162
154
201
252
255
251
251
251
251
251
251
251
254
245
219
90
226
254
255
253
251
251
251
251
251
251
251
251
251
251
251
251
251
255
255
99
74
67
228
245
254
251
251
254
245
219
90
226
254
255
253
251
251
251
251
251
251
251
251
251
251
251
251
251
251
255
254
202
155
150
170
232
243
245
251
255
254
252
253
254
255
255
212
162
156
157
155
157
189
252
255
251
251
251
251
252
254
247
198
152
152
163
181
86
70
61
226
245
254
251
251
251
251
251
251
251
251
251
251
251
251
255
250
194
150
156
175
251
244
220
57
63
84
164
162
154
156
148
149
211
254
255
255
254
253
251
251
255
250
180
149
142
187
247
255
251
251
251
251
251
251
251
253
255
245
251
245
255
253
251
251
252
254
255
255
255
255
255
254
253
251
251
251
254
245
219
90
226
254
255
253
251
251
253
255
245
251
245
255
253
251
251
251
251
251
251
251
251
251
251
251
251
251
251
252
255
248
196
151
151
185
248
255
255
254
252
251
251
251
251
253
255
246
191
150
154
154
152
190
249
255
251
251
251
251
254
255
217
159
156
156
154
169
210
96
226
254
255
253
251
251
251
251
251
251
251
251
251
251
251
251
255
252
195
149
159
236
255
255
96
70
69
229
237
176
158
154
153
153
187
248
249
252
245
255
253
252
255
245
172
145
153
193
252
255
251
251
251
251
251
251
251
251
253
254
255
254
253
251
252
254
255
250
245
245
247
245
241
251
255
255
255
254
254
255
245
251
245
255
253
251
251
251
251
253
254
255
254
253
251
251
251
251
251
251
251
251
251
251
251
251
251
251
251
254
255
218
164
153
151
175
243
255
251
251
251
251
251
251
251
251
255
254
198
158
154
155
152
181
245
254
252
251
251
251
254
253
222
168
151
159
152
183
237
255
245
255
253
251
251
251
251
251
251
251
251
251
251
251
251
252
254
246
185
151
171
246
255
246
219
90
227
255
255
240
165
157
152
158
177
239
233
90
219
245
255
254
255
241
167
153
184
249
252
252
251
251
251
251
251
251
251
251
251
251
251
251
251
251
253
248
248
236
165
181
221
167
162
213
243
241
243
249
254
255
255
255
254
253
251
251
251
251
251
251
251
251
251
251
251
251
251
251
251
251
251
251
251
251
251
251
251
251
251
254
253
209
157
151
151
171
240
255
251
251
251
251
251
251
251
251
253
251
246
189
158
155
154
158
200
254
255
251
251
251
254
255
216
160
159
160
149
174
245
255
254
253
251
251
251
251
251
251
251
251
251
251
251
251
251
254
254
207
154
155
228
253
255
255
245
251
245
255
255
254
233
166
156
152
206
221
67
65
90
251
255
250
246
176
151
163
238
251
255
251
251
251
251
251
251
251
251
251
251
251
251
251
251
251
255
252
197
160
154
155
156
152
146
154
163
165
169
210
249
253
254
251
251
251
251
251
251
251
251
251
251
251
251
251
251
251
251
251
251
251
251
251
251
251
251
251
251
251
251
254
254
213
159
152
153
176
241
255
251
251
251
251
251
251
251
251
252
255
255
228
172
154
151
152
193
249
255
251
251
251
255
255
213
162
166
168
151
172
242
255
251
251
251
251
251
251
251
251
251
251
251
251
251
251
251
255
251
198
145
160
234
255
253
253
254
255
254
253
252
255
249
213
151
158
171
84
70
62
226
245
255
255
199
161
150
161
194
255
255
251
251
251
251
251
251
251
251
251
251
251
251
251
251
252
254
242
179
149
153
152
153
155
157
164
157
154
151
157
193
250
255
254
252
251
251
251
251
251
251
251
251
251
251
251
251
251
251
251
251
251
251
251
251
251
251
251
251
251
251
254
254
217
165
152
152
183
242
255
251
251
251
251
251
251
251
251
251
252
255
247
184
154
152
152
193
251
255
251
251
251
255
254
208
158
204
187
147
170
243
255
251
251
251
251
251
251
251
251
251
251
251
251
251
251
251
255
252
202
146
160
233
255
252
251
251
251
251
251
251
255
245
188
160
149
158
196
97
229
254
255
255
251
239
169
145
161
213
251
254
251
251
251
251
251
251
251
251
251
251
251
251
251
251
255
254
200
160
153
156
157
162
189
215
223
237
173
151
149
158
202
249
252
252
251
251
251
251
251
251
251
251
251
251
251
251
251
251
251
251
251
251
251
251
251
251
251
251
251
251
255
255
227
173
153
152
175
242
255
251
251
251
251
251
251
251
251
251
251
255
248
185
154
153
153
194
250
255
251
251
252
255
236
173
158
216
202
157
167
241
255
252
251
251
251
251
251
251
251
251
251
251
251
251
251
251
255
254
204
148
160
234
255
252
251
251
251
251
251
251
254
252
214
156
149
166
217
252
249
255
254
254
250
192
157
155
177
249
255
252
251
251
251
251
251
251
251
251
251
251
251
251
251
251
255
250
195
153
149
164
187
213
247
252
255
254
210
168
158
149
154
204
254
254
251
251
251
251
251
251
251
251
251
251
251
251
251
251
251
251
251
251
251
251
251
251
251
251
251
251
253
255
250
195
151
149
174
240
255
251
251
251
251
251
251
251
251
251
251
255
245
183
150
152
153
193
250
255
251
251
254
255
223
152
152
216
245
173
158
213
255
255
252
251
251
251
251
251
251
251
251
251
251
251
251
252
255
248
198
146
166
235
255
252
251
251
251
251
251
251
254
255
215
154
147
157
170
244
255
253
254
254
206
159
148
167
243
255
255
252
251
251
251
251
251
251
251
251
251
251
251
251
251
251
255
249
193
149
149
171
241
255
254
255
254
253
253
231
163
145
152
202
252
255
251
251
251
251
251
251
251
251
251
251
251
251
251
251
251
251
251
251
251
251
251
251
251
251
251
66
231
252
255
201
154
147
173
241
255
251
251
251
251
251
251
251
251
251
251
255
251
184
157
151
153
194
251
255
251
251
254
255
222
152
149
219
249
182
148
175
243
252
253
251
251
251
251
251
251
251
251
251
251
251
251
254
255
215
161
145
167
234
255
252
251
251
251
251
251
251
254
255
218
155
153
153
170
240
255
251
255
251
197
151
149
180
240
255
254
254
252
251
251
251
251
251
251
251
251
251
251
251
251
251
255
254
201
158
149
170
243
255
255
252
252
253
255
238
169
146
154
203
253
255
251
251
251
251
251
251
251
251
251
251
251
251
251
251
251
251
251
251
251
251
251
251
251
251
251
66
109
255
255
199
153
147
173
241
255
251
251
251
251
251
251
251
251
251
251
253
254
239
172
150
154
195
250
255
251
251
254
255
223
157
155
224
254
191
155
150
181
253
255
251
251
251
251
251
251
251
251
251
251
251
251
254
254
209
153
143
160
232
255
252
251
251
251
251
251
251
251
255
249
206
151
147
218
243
255
251
255
252
199
155
152
161
169
218
251
255
255
254
253
251
251
251
251
251
251
251
251
251
251
251
252
254
242
180
148
156
181
248
254
254
251
252
255
236
165
145
153
204
253
255
251
251
251
251
251
251
251
251
251
251
251
251
251
251
251
251
251
251
251
251
251
251
251
251
251
66
231
252
255
199
153
147
171
241
255
251
251
251
251
251
251
251
251
251
251
252
255
245
179
149
152
193
250
255
251
251
254
255
222
156
193
251
255
241
167
144
183
247
255
251
251
251
251
251
251
251
251
251
251
251
251
255
255
214
155
149
185
242
255
251
251
251
251
251
251
251
251
255
255
215
155
158
172
246
255
252
255
255
202
156
152
155
155
160
195
243
246
249
254
253
251
251
251
251
251
251
251
251
251
251
251
255
254
193
155
149
153
184
251
255
255
255
255
232
157
147
157
207
254
254
251
251
251
251
251
251
251
251
251
251
251
251
251
251
251
251
251
251
251
251
251
251
251
251
251
251
252
255
254
199
153
146
174
242
255
251
251
251
251
251
251
251
251
251
251
251
255
244
177
151
153
194
250
255
251
251
255
252
215
154
201
255
255
245
175
148
190
251
255
251
251
251
251
251
251
251
251
251
251
251
251
255
250
207
148
156
224
255
254
251
251
251
251
251
251
251
251
255
249
205
148
153
224
252
255
252
250
242
189
149
149
152
154
148
159
160
168
221
250
254
251
251
251
251
251
251
251
251
251
251
251
253
252
247
176
155
147
158
196
248
253
255
249
172
156
148
170
222
254
254
251
251
251
251
251
251
251
251
251
251
251
251
251
251
251
251
251
251
251
251
251
251
251
251
251
251
253
255
252
200
153
147
169
239
255
252
251
251
251
251
251
251
251
251
251
252
255
249
170
144
146
196
250
255
251
251
255
237
163
152
202
253
255
238
166
140
181
244
254
252
251
251
251
251
251
251
251
251
251
251
254
255
224
163
150
165
231
255
254
251
251
251
251
251
251
251
254
255
222
162
149
156
224
252
255
255
226
167
160
165
172
179
168
149
72
132
146
166
235
255
253
251
251
251
251
251
251
251
251
251
251
252
254
254
245
170
154
151
159
167
219
244
180
157
152
150
180
236
255
252
251
251
251
251
251
251
251
251
251
251
251
251
251
251
251
251
251
251
251
251
251
251
251
251
251
251
251
255
252
199
153
149
166
214
255
254
251
251
251
251
251
251
251
251
251
254
255
237
158
79
148
196
250
255
251
252
255
230
158
147
203
253
255
244
157
151
156
199
255
255
255
254
252
251
251
251
251
251
251
251
254
255
218
157
144
174
232
255
253
251
251
251
251
251
251
251
254
255
216
157
148
154
158
235
255
255
217
152
149
213
248
238
213
60
62
76
154
156
223
251
254
251
251
251
251
251
251
251
251
251
251
251
252
255
253
243
169
159
154
159
165
166
162
153
153
158
199
254
255
251
251
251
251
251
251
251
251
251
251
251
251
251
251
251
251
251
251
251
251
251
251
251
251
251
251
251
251
255
252
199
153
149
158
207
248
255
251
251
251
251
251
251
251
251
251
255
248
177
81
142
148
196
250
255
251
253
255
235
160
148
205
253
255
250
230
153
147
195
246
246
243
250
252
251
251
251
251
251
251
251
254
255
220
159
145
168
229
255
253
251
251
251
251
251
251
251
254
255
219
159
147
151
163
236
255
250
214
146
155
222
255
255
97
73
67
187
152
154
172
243
255
252
251
251
251
251
251
251
251
251
251
251
252
254
255
253
229
159
153
156
152
158
157
155
153
185
247
255
253
251
251
251
251
251
251
251
251
251
251
251
251
251
251
251
251
251
251
251
251
251
251
251
251
251
251
251
251
255
252
199
154
151
154
170
247
255
251
251
251
251
251
251
251
251
252
255
229
88
134
153
156
192
250
255
251
254
252
229
155
150
203
253
255
255
245
167
155
193
202
163
189
243
255
252
251
251
251
251
251
251
255
255
223
160
148
171
234
255
253
251
251
251
251
251
251
251
255
255
222
158
150
160
229
254
255
235
165
151
154
220
255
248
219
92
230
217
171
148
156
231
253
254
251
251
251
251
251
251
251
251
251
251
253
249
249
236
175
161
143
75
139
152
159
155
153
185
248
255
254
251
251
251
251
251
251
251
251
251
251
251
251
251
251
251
251
251
251
251
251
251
251
251
251
251
251
251
251
255
252
199
154
150
150
178
242
255
251
251
251
251
251
251
251
251
255
255
182
84
137
157
166
202
255
255
251
255
242
169
151
151
202
252
255
255
254
226
160
159
160
148
152
224
249
254
251
251
251
251
251
251
254
251
218
155
149
181
232
249
254
251
251
251
251
251
251
252
254
252
217
151
151
216
254
255
253
220
149
145
202
248
255
255
251
255
251
255
202
156
154
176
249
255
252
251
251
251
251
251
251
251
251
252
255
251
189
161
155
142
58
66
87
185
163
154
154
159
199
254
255
253
251
251
251
251
251
251
251
251
251
251
251
251
251
251
251
251
251
251
251
251
251
251
251
251
251
251
251
255
252
199
155
150
160
190
251
254
251
251
251
251
251
251
251
251
255
253
184
144
78
134
174
247
255
255
255
255
235
164
144
158
210
255
255
254
255
231
169
151
155
150
158
171
248
254
251
251
251
251
251
252
255
233
167
154
157
157
165
238
255
252
251
251
251
251
252
253
248
229
164
151
158
222
255
255
241
170
152
161
219
255
255
247
254
251
255
255
227
169
145
163
236
252
253
251
251
251
251
251
251
251
251
253
253
240
173
150
154
69
63
71
234
243
181
156
150
153
164
216
253
255
255
255
255
255
255
253
251
251
251
251
251
251
251
251
251
251
251
251
251
251
251
251
251
251
251
251
251
255
252
199
153
149
168
240
255
254
251
251
251
251
251
251
251
252
254
245
187
149
148
80
92
221
220
232
250
255
249
175
148
192
252
255
252
235
188
218
165
151
155
155
158
230
250
254
251
251
251
251
251
252
255
226
159
148
157
149
155
227
254
255
252
251
251
251
252
255
239
164
154
149
159
219
255
253
227
153
144
194
248
255
255
226
90
218
250
253
193
153
151
157
181
250
255
251
251
251
251
251
251
251
251
255
252
193
157
156
159
153
94
234
255
255
246
172
157
154
158
163
225
255
251
232
208
226
239
254
251
251
251
251
251
251
251
251
251
251
251
251
251
251
251
251
251
251
251
251
251
255
252
199
154
149
168
241
255
255
252
251
251
251
251
251
251
255
255
201
158
157
152
143
164
102
111
103
220
224
208
151
151
207
255
255
195
164
167
156
159
153
156
161
228
254
254
252
251
251
251
251
251
252
255
228
162
151
159
155
157
171
244
255
255
253
252
251
254
253
230
160
151
149
156
216
255
247
167
151
157
206
255
250
226
61
65
90
255
255
194
151
149
146
174
243
255
251
251
251
251
251
251
251
251
255
247
184
146
147
180
233
250
249
255
255
255
254
186
169
152
146
141
203
226
106
102
116
244
255
251
251
251
251
251
251
251
251
251
251
251
251
251
251
251
251
251
251
251
251
251
255
252
199
156
151
159
176
249
255
255
254
253
251
251
251
253
255
249
193
151
155
159
158
174
224
219
218
107
106
98
83
138
177
190
146
136
143
153
172
170
166
168
226
255
255
254
251
251
251
251
251
251
253
255
231
163
152
157
156
153
158
171
239
248
252
255
255
255
248
180
159
153
152
160
222
255
242
166
144
186
245
255
253
90
65
61
226
248
255
250
189
156
155
187
250
254
251
251
251
251
251
251
251
251
255
252
191
162
172
216
255
255
255
251
233
216
217
193
132
141
79
83
97
105
225
214
226
239
254
251
251
251
251
251
251
251
251
251
251
251
251
251
251
251
251
251
251
251
251
251
255
252
198
155
153
155
157
182
241
246
250
255
255
255
255
255
255
221
169
156
156
155
158
190
255
255
249
238
206
144
133
84
90
89
85
81
80
135
153
187
134
136
189
241
254
255
255
255
255
255
255
255
255
255
236
165
168
158
159
152
159
159
163
199
251
255
252
251
204
160
153
154
156
209
252
255
237
161
149
194
252
255
246
219
90
226
254
255
255
255
243
165
161
242
255
255
255
255
255
255
255
255
255
255
255
255
180
145
198
216
214
217
215
219
104
108
112
106
104
94
147
132
130
210
253
255
255
255
253
251
251
251
251
251
251
251
251
251
251
251
251
251
251
251
251
251
251
251
251
251
255
252
199
153
154
157
155
161
162
170
214
245
243
238
241
243
216
162
156
155
157
151
174
239
254
254
255
255
252
175
149
145
133
132
131
130
139
89
107
99
91
80
91
99
222
217
213
214
214
214
214
214
218
211
146
139
145
177
85
148
161
164
159
194
214
221
248
194
167
164
162
163
208
255
255
255
189
162
161
205
255
255
255
255
255
255
255
255
255
255
198
169
189
245
238
212
214
214
214
214
214
214
213
216
220
174
141
87
97
110
111
113
108
104
219
216
215
216
222
240
206
156
82
164
247
255
252
251
251
251
251
251
251
251
251
251
251
251
251
251
251
251
251
251
251
251
251
251
251
251
255
252
199
153
152
160
156
156
154
150
161
164
175
167
160
170
163
156
154
157
153
158
187
252
255
252
251
255
246
174
153
153
166
175
178
175
166
223
227
203
146
130
127
193
107
109
109
109
109
109
109
109
112
101
93
74
82
63
61
58
136
134
135
140
142
148
145
142
134
137
134
134
174
219
227
214
149
128
131
166
215
217
215
217
219
217
216
217
222
181
138
132
202
221
107
107
109
109
109
109
109
109
109
112
104
92
79
135
131
149
210
218
216
232
249
255
255
255
255
255
230
65
54
80
233
254
254
251
251
251
251
251
251
251
251
251
251
251
251
251
251
251
251
251
251
251
251
251
251
251
255
254
201
154
152
167
191
176
160
141
74
135
147
150
149
150
155
155
156
157
154
174
241
252
253
251
251
254
250
238
167
162
196
242
243
239
248
255
255
255
218
152
165
218
237
214
213
214
214
214
214
216
223
208
149
135
62
63
67
91
94
101
90
85
79
83
83
84
85
84
81
89
102
109
109
95
90
83
91
102
110
112
109
109
109
109
112
112
104
92
80
91
100
109
221
215
214
214
214
214
214
214
213
216
219
170
144
153
165
171
211
255
255
255
255
253
251
251
255
254
97
70
55
145
174
250
255
251
251
251
251
251
251
251
251
251
251
251
251
251
251
251
251
251
251
251
251
251
251
252
255
247
195
153
150
170
242
224
145
54
59
71
152
159
156
158
156
153
153
159
183
217
251
255
252
251
251
252
255
250
244
240
248
255
255
255
255
254
255
255
221
156
163
230
255
255
255
255
255
255
255
255
255
243
174
154
150
92
222
234
225
227
208
146
139
136
137
135
134
139
145
179
224
217
162
131
133
131
157
215
220
214
214
214
213
215
217
212
174
129
137
148
212
237
250
255
255
255
255
255
255
255
255
255
255
255
188
157
153
154
156
192
250
255
254
254
255
255
255
254
229
85
137
151
178
242
255
251
251
251
251
251
251
251
251
251
251
251
251
251
251
251
251
251
251
251
251
251
251
254
255
212
159
154
151
174
251
255
88
65
66
155
160
159
148
151
155
158
161
186
238
251
251
253
251
251
251
251
252
254
255
255
255
253
252
251
251
251
251
254
248
195
150
217
252
255
253
255
245
251
247
255
252
165
78
139
145
208
253
255
255
255
255
224
161
156
167
164
168
180
248
255
255
255
203
162
162
167
197
255
255
255
255
255
255
255
255
240
176
161
153
226
253
255
255
253
251
251
251
251
251
251
251
252
254
253
248
176
154
149
150
155
207
255
254
255
244
247
243
254
240
189
148
154
176
243
255
251
251
251
251
251
251
251
251
251
251
251
251
251
251
251
251
251
251
251
251
251
251
254
253
206
153
151
153
168
244
252
225
94
221
247
243
179
164
168
197
206
209
247
253
254
253
252
251
251
251
251
251
251
251
251
251
251
251
251
251
251
251
255
255
203
153
163
237
255
255
254
226
90
222
242
225
65
57
73
158
214
255
255
251
254
255
228
177
179
180
220
191
241
254
255
255
251
194
154
151
166
239
252
255
251
251
252
254
252
247
207
151
153
165
165
244
255
251
251
251
251
251
251
251
251
251
251
252
254
254
244
178
158
156
148
161
217
240
199
223
165
173
190
172
166
157
149
171
242
255
251
251
251
251
251
251
251
251
251
251
251
251
251
251
251
251
251
251
251
251
251
251
255
254
208
155
152
154
164
202
255
250
252
248
255
254
247
238
242
246
249
253
253
254
252
251
251
251
251
251
251
251
251
251
251
251
251
251
251
251
251
251
255
252
204
145
157
232
255
248
226
61
65
96
252
100
68
53
138
189
247
254
252
251
252
252
247
244
240
249
246
253
249
254
252
255
250
192
153
153
162
192
254
255
255
255
255
255
238
168
161
153
152
204
243
245
252
251
251
251
251
251
251
251
251
251
251
251
252
254
251
250
228
166
155
153
158
162
166
156
159
152
155
153
153
150
152
177
248
255
251
251
251
251
251
251
251
251
251
251
251
251
251
251
251
251
251
251
251
251
251
251
255
255
209
157
151
155
159
198
250
255
255
254
254
254
255
255
255
255
255
254
252
251
251
251
251
251
251
251
251
251
251
251
251
251
251
251
251
251
251
251
254
255
212
156
153
226
255
254
90
65
61
230
241
227
81
137
151
205
255
255
251
251
251
252
254
255
255
255
255
254
253
252
251
255
248
187
150
150
155
160
190
244
243
241
242
236
168
154
149
150
154
224
255
255
252
251
251
251
251
253
254
255
254
253
251
251
251
252
254
255
253
238
186
159
156
155
146
147
151
154
153
150
155
160
172
239
251
254
251
251
251
251
251
251
251
251
251
251
251
251
251
251
251
251
251
251
251
251
251
251
255
252
207
155
153
156
158
197
248
255
251
251
251
251
251
251
251
251
251
251
251
251
251
251
251
251
251
251
251
251
251
251
251
251
251
251
251
251
251
251
252
254
247
187
150
168
248
253
222
94
231
255
255
252
238
162
162
203
248
255
251
251
251
251
251
251
251
251
251
251
251
251
251
255
251
203
161
158
152
155
160
169
176
168
171
163
158
152
153
156
210
250
253
251
251
251
251
251
253
255
245
251
245
255
253
251
251
251
251
252
255
255
219
209
238
190
166
167
161
164
159
160
158
217
250
251
255
252
251
251
251
251
251
251
251
251
251
251
251
251
251
251
251
251
251
251
251
251
251
251
255
238
185
155
155
157
153
180
249
255
254
253
251
251
251
251
251
251
251
251
251
251
251
251
251
251
251
251
251
251
251
251
251
251
251
251
251
251
251
251
251
255
253
195
146
154
232
255
255
246
246
254
255
255
254
248
215
201
250
255
251
251
251
251
251
251
251
251
251
251
251
251
251
253
250
248
241
174
156
151
154
153
151
151
151
150
150
152
160
206
252
255
253
251
251
251
251
253
255
254
226
90
219
245
254
251
251
251
251
251
252
251
250
253
251
249
241
243
223
190
236
199
214
252
255
254
252
251
251
251
251
251
251
251
251
251
251
251
251
251
251
251
251
251
251
251
251
251
251
251
254
233
179
151
155
157
151
185
238
255
245
255
253
251
253
254
255
254
253
251
251
251
251
251
251
251
251
251
251
251
251
251
251
251
251
251
251
251
251
251
251
255
249
190
142
152
179
255
255
231
94
221
245
255
254
255
250
249
248
252
251
251
251
251
251
251
251
251
251
251
251
251
251
252
253
255
254
243
165
152
148
152
154
152
149
155
161
175
212
251
254
253
251
251
251
251
251
254
245
226
61
65
90
251
255
251
251
251
251
251
251
252
253
254
254
255
255
255
252
254
250
254
251
252
253
251
251
251
251
251
251
251
251
251
251
251
251
251
251
251
251
251
251
251
251
251
251
251
251
251
255
230
170
151
152
157
158
177
220
100
224
249
255
253
255
245
251
245
255
253
251
251
251
251
251
251
251
251
251
251
251
253
254
255
254
253
251
251
251
251
251
255
251
204
163
164
239
244
228
61
65
90
251
255
251
252
253
253
253
252
251
251
251
251
251
251
251
251
251
251
251
251
251
251
251
252
255
253
235
168
167
166
163
162
164
174
236
247
250
254
253
251
251
251
251
251
251
255
251
90
65
61
226
245
254
251
251
251
251
251
251
251
251
251
251
251
251
252
253
254
254
254
253
252
251
251
251
251
251
251
251
251
251
251
251
251
251
251
251
251
251
251
251
251
251
251
251
251
251
251
254
250
212
160
156
153
148
159
67
64
89
246
255
255
254
226
90
219
245
254
251
251
251
251
251
251
251
251
251
251
253
255
245
251
245
255
253
251
251
251
251
252
251
245
239
244
255
254
91
65
61
226
245
254
251
251
251
251
251
251
251
251
251
251
251
251
251
251
251
251
251
251
251
251
251
251
252
254
249
246
245
246
200
215
240
248
252
255
254
253
251
251
251
251
251
251
251
254
245
219
90
226
254
255
253
251
251
251
251
251
251
251
251
251
251
251
251
251
251
251
251
251
251
251
251
251
251
251
251
251
251
251
251
251
251
251
253
254
255
254
253
251
251
251
251
251
251
251
251
251
253
253
249
243
191
169
169
86
65
39
64
214
252
249
226
61
65
90
251
255
251
251
251
251
251
251
251
251
251
253
255
254
226
90
219
245
254
251
251
251
251
252
253
255
255
255
255
246
219
90
226
254
255
253
251
251
251
251
251
251
251
251
251
251
251
251
251
251
251
251
251
251
251
251
251
251
251
252
255
255
254
255
248
255
255
255
254
252
251
251
251
251
251
251
251
251
251
253
255
245
251
245
255
253
251
251
251
251
251
251
251
251
251
251
251
251
251
251
251
251
251
251
251
251
251
251
251
251
251
251
251
251
251
251
251
253
255
245
251
245
255
253
251
251
251
251
251
251
251
251
251
253
255
254
248
243
239
185
66
38
68
99
255
255
90
65
61
226
245
254
251
251
251
251
251
251
251
251
251
254
245
226
61
65
90
251
255
251
251
251
251
251
251
251
251
251
253
255
245
251
245
255
253
251
251
251
251
251
251
251
251
251
251
251
253
254
255
254
253
251
251
251
251
251
251
251
251
253
255
254
227
91
221
247
255
251
251
251
251
251
251
251
251
251
251
251
251
251
253
254
255
254
253
251
251
251
251
251
251
251
251
251
251
251
251
251
251
251
251
251
251
251
251
251
251
251
251
251
251
251
251
251
251
251
253
255
254
226
90
219
245
254
251
251
251
251
251
251
251
251
251
251
252
253
255
255
255
245
87
60
70
228
249
249
219
90
226
254
255
253
251
251
251
251
251
251
251
251
251
255
251
90
65
61
226
245
254
251
251
251
251
251
251
251
251
251
251
253
254
255
254
253
251
251
251
251
251
251
251
251
251
251
251
253
255
245
251
245
255
253
251
251
251
251
251
251
251
254
245
226
61
65
90
251
255
251
251
251
251
251
251
251
251
251
251
251
251
251
251
251
251
251
251
251
251
251
251
251
251
251
251
251
251
251
251
251
251
251
251
251
251
251
251
251
251
251
251
251
251
251
251
251
251
251
254
245
226
61
65
90
251
255
251
251
251
251
251
251
251
251
251
251
251
251
251
252
255
250
225
94
228
254
255
255
245
251
245
255
253
251
251
251
251
251
251
251
251
251
251
254
245
219
90
226
254
255
253
251
251
251
251
251
251
251
251
251
251
251
251
251
251
251
251
251
251
251
251
251
251
251
251
251
253
255
254
226
90
219
245
254
251
251
251
251
251
251
251
255
251
90
65
61
226
245
254
251
251
251
251
251
251
251
251
251
251
251
251
251
251
251
251
251
251
251
251
251
251
251
251
251
251
251
251
251
251
251
251
251
251
251
251
251
251
251
251
251
251
251
251
251
251
251
251
251
255
251
90
65
61
226
245
254
251
251
251
251
251
251
251
251
251
251
251
251
251
251
253
255
245
251
245
255
253
253
254
255
254
253
251
251
251
251
251
251
251
251
251
251
251
253
255
245
251
245
255
253
251
251
251
251
251
251
251
251
251
251
251
251
251
251
251
251
251
251
251
251
251
251
251
251
251
251
254
245
226
61
65
90
251
255
251
251
251
251
251
251
251
254
245
219
90
226
254
255
253
251
251
251
251
251
251
251
251
251
251
251
251
251
251
251
251
251
251
251
251
251
251
251
251
251
251
251
251
251
251
251
251
251
251
251
251
251
251
251
251
251
251
251
251
251
251
251
251
251
254
245
219
90
226
254
255
253
251
251
251
251
251
251
251
251
251
251
251
251
251
251
251
253
254
255
254
253
251
251
251
251
251
251
251
251
251
251
251
251
251
251
251
251
251
251
253
254
255
254
253
251
251
251
251
251
251
251
251
251
251
251
251
251
251
251
251
251
251
251
251
251
251
251
251
251
251
251
254
244
92
63
63
219
244
254
251
251
251
251
251
251
251
253
255
245
251
245
255
253
251
251
251
251
251
251
251
251
251
251
251
251
251
251
251
251
251
251
251
251
251
251
251
251
251
251
251
251
251
251
251
251
251
251
251
251
251
251
251
251
251
251
251
251
251
251
251
251
251
251
253
255
245
251
245
255
253
251
251
251
251
251
251
251
251
251
251
251
251
251
251
251
251
251
251
251
251
251
251
251
251
251
251
251
251
251
251
251
251
251
251
251
251
251
251
251
251
251
251
251
251
251
251
251
251
251
251
251
251
251
251
251
251
251
251
251
251
251
251
251
251
251
251
251
251
251
251
251
251
251
251
66
251
251
251
251
251
251
251
251
251
251
251
251
251
251
251
251
251
251
251
251
251
251
251
251
251
251
251
251
251
251
251
251
251
251
251
251
251
251
251
251
251
251
251
251
251
251
251
251
251
251
251
251
251
251
251
251
251
251
251
251
251
251
251
251
251
251
251
251
251
251
251
251
251
251
251
251
251
251
251
251
251
251
251
