253
253
253
253
253
253
253
253
253
253
253
253
253
253
253
253
253
253
253
253
253
253
253
253
253
253
253
253
112
253
253
253
253
253
253
253
253
253
253
253
253
253
253
253
253
253
253
253
253
253
253
253
253
253
253
253
253
253
253
253
253
253
253
253
254
217
116
199
255
253
253
253
253
253
253
253
253
253
253
253
253
253
253
253
253
253
253
253
253
253
253
253
253
253
253
253
253
253
253
253
253
253
253
253
253
253
253
253
253
253
253
253
253
253
253
253
253
253
253
253
253
253
253
253
253
253
253
253
253
253
253
253
253
253
253
253
253
253
253
253
253
253
253
253
253
253
253
253
253
253
253
253
253
253
253
253
254
254
254
253
253
253
253
253
253
253
253
253
254
254
254
253
253
253
254
247
228
110
110
131
247
254
253
253
253
253
253
253
253
253
253
253
253
253
253
253
253
253
253
253
253
253
253
253
253
253
253
253
253
253
253
254
253
231
138
127
127
190
245
254
253
253
253
253
253
253
253
253
253
253
253
253
253
253
253
253
253
253
253
253
253
253
253
253
253
253
253
253
253
253
253
253
253
253
253
253
253
253
253
253
253
253
253
253
253
253
253
253
253
253
253
253
253
253
253
253
253
253
253
253
253
253
253
253
253
253
253
253
253
253
253
253
253
253
253
253
253
253
253
253
253
253
253
253
253
255
249
252
249
255
253
253
253
253
253
253
253
254
247
245
247
255
255
255
255
254
131
111
109
234
249
254
253
253
253
253
253
253
253
253
253
253
253
253
253
253
253
253
253
253
253
253
253
253
253
253
253
253
253
253
254
254
242
142
126
120
123
138
218
255
254
253
253
253
253
253
253
253
253
253
253
253
253
253
253
253
253
253
253
253
253
253
253
253
253
253
253
253
253
253
253
253
253
253
253
253
253
253
253
253
253
253
253
253
253
253
253
253
254
255
255
255
254
253
253
253
253
253
253
253
253
253
253
253
253
253
253
253
253
253
253
253
253
253
253
253
253
253
253
253
253
253
253
253
255
254
234
130
229
249
254
253
253
253
253
253
254
248
205
132
205
248
249
237
249
248
233
131
234
254
255
253
253
253
253
253
253
253
253
253
253
253
253
253
253
253
253
253
253
253
253
253
253
253
253
253
253
253
253
254
254
246
151
128
125
130
123
124
200
249
254
253
253
253
253
253
253
253
253
253
253
253
253
253
253
253
253
253
253
253
253
253
253
253
253
253
253
253
253
253
253
253
253
253
253
253
253
253
253
253
253
253
253
253
253
253
253
254
247
244
233
238
245
253
253
253
253
253
253
253
253
253
253
253
253
253
253
253
253
253
253
253
253
253
253
253
253
253
253
253
253
253
253
254
249
234
109
111
130
252
254
253
253
253
253
253
255
225
136
120
131
210
168
136
158
249
249
253
249
255
253
253
253
253
253
253
253
253
253
253
253
253
253
253
253
253
253
253
253
253
253
253
253
253
253
253
253
253
255
255
250
163
126
125
130
131
129
125
136
223
255
253
253
253
253
253
253
253
253
253
253
253
253
253
253
253
253
253
253
253
254
255
254
253
253
253
253
253
253
253
253
253
253
253
253
253
253
253
253
253
253
253
253
253
253
253
253
255
237
155
134
142
201
254
254
253
253
253
253
253
253
253
253
253
253
253
253
253
253
253
253
253
253
254
254
254
253
253
253
253
253
253
253
254
252
130
111
109
234
249
254
253
253
253
253
254
250
211
126
118
132
132
131
118
124
172
255
255
254
253
253
253
253
253
253
253
253
253
253
253
253
253
253
253
253
253
253
253
253
253
253
253
253
253
253
253
253
251
245
239
168
128
123
126
125
125
123
124
139
225
255
253
253
253
253
253
253
253
253
253
253
253
253
253
253
253
253
253
253
254
246
246
250
255
255
254
253
253
253
253
253
253
253
253
253
253
253
253
253
253
253
253
253
253
253
253
253
255
233
139
107
120
187
251
255
253
253
253
253
253
253
253
253
253
253
253
253
253
253
253
253
253
255
249
252
249
255
253
253
253
253
253
253
254
249
229
130
234
254
255
253
253
253
253
253
255
235
144
128
127
130
128
129
128
122
160
243
255
255
253
253
253
253
253
253
253
253
253
253
253
253
253
253
253
253
253
253
253
253
253
253
253
253
253
253
253
254
255
220
147
134
127
127
138
147
150
137
122
196
243
254
253
253
253
253
253
253
253
253
253
253
253
253
253
253
253
253
254
255
253
199
137
208
240
247
251
254
253
253
253
253
253
253
253
253
253
253
253
253
253
253
253
253
253
253
253
254
254
230
138
118
128
194
254
255
253
253
253
253
253
253
253
253
253
253
253
253
253
253
253
253
255
254
234
130
229
249
254
253
253
253
253
253
253
255
249
252
249
255
253
253
253
253
253
253
255
225
136
119
129
126
124
122
122
122
129
173
244
250
254
253
253
253
253
253
253
253
253
253
253
253
253
253
253
253
253
253
253
253
253
253
253
253
253
253
253
254
246
229
166
119
126
125
137
226
240
191
126
141
231
255
253
253
253
253
253
253
253
253
253
253
253
253
253
253
253
253
249
246
201
128
127
132
141
154
241
254
254
253
253
253
253
253
253
253
253
253
253
253
253
253
253
253
253
253
253
255
248
163
131
119
125
189
252
255
253
253
253
253
253
253
253
253
253
253
253
253
253
253
253
254
249
234
109
111
130
252
254
253
253
253
253
253
253
253
254
254
254
253
253
253
253
253
253
253
255
228
138
118
129
136
145
146
147
136
132
128
136
206
249
254
254
254
254
253
253
253
254
255
255
255
255
255
255
255
255
255
253
252
249
253
253
253
253
253
254
255
224
147
134
131
124
132
151
198
255
205
122
119
213
252
254
253
253
253
253
253
253
253
253
253
253
253
253
253
254
255
239
152
130
129
124
126
121
126
151
244
253
253
253
253
253
253
253
253
253
253
253
253
253
253
253
253
253
253
253
255
242
151
121
123
132
197
255
254
253
253
253
253
253
253
253
253
253
253
253
253
253
253
253
254
252
130
111
109
234
249
254
253
253
253
253
253
253
253
253
253
253
253
253
253
253
253
253
253
255
231
140
120
134
199
242
241
243
215
131
117
121
136
222
255
251
253
249
255
254
255
254
248
238
239
239
239
239
239
239
240
226
187
249
255
253
253
253
253
254
249
202
121
120
125
128
141
231
251
252
205
130
122
145
237
255
253
253
253
253
253
253
253
253
253
253
253
254
255
253
252
215
131
120
130
131
132
131
126
129
173
254
255
253
253
253
253
253
253
253
253
253
253
253
253
253
253
253
253
253
254
236
142
119
122
171
242
253
253
253
253
253
253
253
253
253
253
253
253
253
253
253
253
253
254
249
229
130
234
254
255
253
253
253
253
254
254
254
253
253
253
253
253
253
253
253
253
253
254
254
224
128
119
185
251
255
255
255
238
144
124
119
127
214
253
238
130
229
250
254
249
236
159
142
145
145
144
141
140
142
144
132
155
235
254
253
253
253
253
255
229
141
124
121
126
134
232
253
255
254
224
154
109
136
227
255
253
253
253
253
253
253
253
253
253
253
253
250
248
234
159
137
134
127
129
127
126
128
127
123
157
239
254
253
253
253
253
253
253
253
253
253
253
253
253
253
253
253
253
255
252
162
130
122
133
189
255
255
253
253
253
253
253
253
253
253
253
253
253
253
253
253
253
253
253
255
249
252
249
255
253
253
253
253
253
247
252
249
255
253
253
253
253
253
253
253
253
253
255
243
149
121
124
190
253
255
253
254
252
219
134
128
128
148
216
115
112
130
255
255
196
137
127
121
120
118
118
126
129
125
118
118
128
173
252
254
253
253
253
255
219
128
115
130
140
224
253
254
254
255
216
147
120
140
230
255
253
253
253
253
253
253
253
253
253
253
255
253
184
134
130
121
124
120
126
138
140
136
127
125
132
182
254
254
253
253
253
253
253
253
253
253
253
253
253
253
253
253
255
250
238
149
120
122
164
242
254
253
253
253
253
253
253
253
253
253
253
253
253
253
253
253
253
253
253
253
254
254
254
253
253
253
253
253
253
228
130
229
249
254
253
253
253
253
253
253
253
253
255
235
143
114
135
199
255
254
253
253
255
252
202
126
119
137
112
119
109
236
253
247
171
120
123
126
123
122
128
192
241
166
130
121
120
167
245
255
253
253
253
255
221
141
129
196
245
252
254
253
253
255
245
181
111
139
230
255
253
253
253
253
253
253
253
253
253
254
255
241
162
118
122
124
132
136
144
204
242
162
133
122
125
177
250
255
253
253
253
253
253
253
254
254
254
253
253
253
253
253
255
249
177
132
123
125
171
250
255
253
253
253
253
253
253
253
253
253
253
253
253
253
253
253
253
253
253
253
253
253
253
253
253
253
253
253
253
110
111
130
252
254
253
253
253
253
253
253
253
254
250
235
138
117
171
243
254
253
253
253
255
255
209
133
116
135
201
140
238
255
255
199
133
127
125
133
138
145
189
253
255
251
157
128
122
172
250
255
253
253
253
254
214
167
227
253
255
254
253
253
255
255
242
126
112
137
229
255
253
253
253
253
253
253
253
253
253
253
248
182
130
125
134
138
171
235
245
253
255
242
146
121
122
168
240
254
253
253
253
253
253
255
249
251
249
255
254
253
253
253
255
249
173
133
122
121
167
245
255
253
254
254
253
253
253
253
253
253
253
253
253
253
253
253
253
253
253
253
253
253
253
253
253
253
253
253
112
110
109
234
249
254
253
253
253
253
253
253
253
254
250
187
127
120
176
251
255
253
255
249
254
253
211
132
114
146
222
255
248
255
224
163
123
121
130
149
236
244
248
253
255
255
238
142
116
164
243
254
253
253
253
253
224
187
248
255
254
254
254
254
249
235
117
106
97
140
233
255
253
253
253
253
253
253
253
253
254
255
200
130
121
119
139
226
253
254
255
254
255
244
154
121
129
142
203
255
253
253
253
253
255
254
237
134
199
247
252
255
253
253
255
252
235
144
121
130
174
255
255
249
252
249
255
253
253
253
253
253
253
253
253
253
253
253
253
253
253
253
253
253
253
253
253
253
253
253
253
131
234
254
255
253
253
253
253
253
253
253
253
255
246
154
119
129
181
254
255
255
254
234
134
232
201
135
114
142
234
255
240
137
184
132
122
130
144
241
254
255
254
253
253
255
246
152
119
134
189
254
254
253
253
253
246
248
248
255
249
252
249
255
253
130
119
107
125
131
224
253
254
253
253
253
253
253
253
253
255
254
193
120
123
132
167
249
255
254
253
253
255
239
151
118
120
163
234
253
254
253
253
255
254
243
119
111
113
147
238
253
254
253
254
251
171
132
121
153
240
255
255
234
130
229
249
254
253
253
253
253
253
253
253
253
253
253
253
253
253
253
253
253
253
253
253
253
253
253
253
249
251
255
254
253
253
253
253
253
253
253
253
254
236
142
115
157
242
255
255
251
235
108
115
132
204
134
113
141
220
242
113
116
110
134
119
137
228
255
255
253
253
253
254
255
237
143
118
129
184
251
254
253
253
253
253
253
255
254
234
130
229
251
251
229
137
224
168
125
149
247
255
253
253
253
253
253
254
249
255
254
200
130
131
218
248
250
254
253
253
253
255
249
157
129
123
138
200
255
255
253
253
253
241
124
109
103
120
126
146
245
254
255
255
204
141
120
119
157
247
255
235
109
111
130
252
254
253
253
253
253
253
253
253
253
253
253
253
253
253
253
253
253
253
253
253
253
253
253
253
255
251
253
249
255
253
253
253
253
253
253
255
250
166
127
120
169
255
255
254
249
136
112
113
237
202
134
113
142
224
137
116
114
188
132
121
138
218
253
253
254
253
254
254
248
158
131
121
150
221
255
254
253
253
253
253
254
249
234
109
111
130
253
255
249
255
246
182
118
135
233
254
253
253
253
254
255
254
229
170
236
186
126
204
255
255
254
253
253
253
253
254
254
232
139
121
121
181
245
254
253
254
232
140
122
109
129
131
127
129
154
240
254
252
193
132
121
131
164
254
255
130
111
109
234
249
254
253
253
253
253
253
253
253
253
253
253
253
253
253
253
253
253
253
253
253
253
253
253
253
253
234
130
229
249
254
253
253
253
253
253
255
245
161
117
121
172
248
242
132
225
225
132
238
255
212
132
113
142
220
236
135
234
203
134
119
135
138
157
244
254
255
253
247
168
129
122
124
169
247
254
253
253
253
253
253
254
252
130
111
109
234
249
254
253
255
251
175
119
127
179
251
254
253
253
250
249
232
142
136
137
131
133
209
255
254
253
253
253
253
253
253
255
238
152
119
124
135
207
255
254
254
229
139
121
125
131
132
131
127
132
135
197
246
185
129
120
144
236
255
252
229
130
234
254
255
253
253
253
253
253
253
253
253
253
253
253
253
253
253
253
253
253
253
253
253
253
253
253
253
232
109
111
130
252
254
253
253
253
253
253
254
240
154
119
134
174
233
114
112
136
249
254
252
255
206
130
113
140
232
254
254
254
216
138
125
127
122
127
157
249
255
255
189
131
123
121
137
197
254
254
253
253
253
253
253
254
249
229
130
234
254
255
253
253
255
249
175
122
116
149
240
255
253
255
247
175
135
130
122
122
123
136
216
255
253
253
253
253
253
253
253
255
244
149
130
119
129
202
255
255
253
251
216
129
125
125
130
131
130
126
125
137
194
179
127
120
153
244
255
255
249
252
249
255
253
253
253
253
253
253
253
253
253
253
253
253
253
253
253
253
253
253
253
253
253
253
253
253
253
126
111
109
234
249
254
253
253
253
253
254
253
177
130
119
154
239
133
114
108
235
251
255
255
255
208
131
112
136
224
255
255
255
248
186
125
127
131
126
129
166
243
238
170
125
125
135
164
254
255
253
253
253
253
253
253
253
255
249
252
249
255
253
253
253
255
249
176
121
127
163
251
255
253
255
240
157
116
124
130
127
125
193
247
254
253
253
253
253
253
253
253
254
252
220
130
118
124
196
249
254
254
255
251
209
138
132
127
126
130
132
128
134
135
137
132
120
150
241
255
253
254
254
254
253
253
253
253
253
253
253
253
253
253
253
253
253
253
253
253
254
254
254
254
254
254
253
253
253
253
226
130
234
254
255
253
253
253
253
253
255
249
170
121
117
160
241
240
133
238
254
255
253
254
250
201
123
122
143
231
255
253
255
253
189
122
119
128
127
129
135
145
144
137
130
128
139
227
246
254
253
253
253
253
253
253
253
253
254
254
254
253
253
253
253
255
247
172
118
127
229
249
254
253
255
251
170
131
127
131
124
131
201
255
255
253
253
253
253
253
253
253
253
255
238
145
126
125
140
222
255
254
253
254
251
242
187
136
130
123
128
130
129
128
130
130
123
151
244
255
253
253
253
253
253
253
253
253
253
253
253
253
253
253
253
253
253
253
253
255
249
253
254
254
253
249
255
253
253
253
247
252
249
255
253
253
253
253
253
253
254
242
165
120
123
159
253
255
249
249
254
255
253
255
224
139
120
126
209
251
254
253
254
254
198
145
137
134
127
129
128
125
122
110
126
131
141
140
188
255
255
254
253
253
253
253
253
253
253
253
253
253
253
253
253
254
253
181
129
127
161
251
255
253
253
254
237
147
123
132
125
129
199
254
254
253
253
253
253
253
253
253
253
254
251
212
129
117
124
202
247
254
253
253
255
254
252
238
163
134
133
128
131
131
132
133
126
146
239
255
255
253
253
253
253
253
253
253
253
253
253
253
253
253
253
253
253
253
255
254
235
136
232
230
132
229
249
254
253
253
254
254
254
253
253
253
253
253
253
254
254
191
133
120
135
199
255
255
238
132
230
249
255
255
217
133
113
135
217
255
254
253
253
252
246
243
240
161
136
129
131
130
112
112
115
131
126
120
161
233
248
247
253
253
253
253
253
253
253
253
253
253
253
253
253
253
255
240
154
115
152
243
255
253
253
255
244
156
123
130
123
132
202
254
254
253
253
253
253
253
253
253
253
254
255
219
137
118
135
149
240
255
253
253
253
253
255
254
251
231
141
128
123
129
132
132
127
133
157
242
253
254
254
253
253
253
253
253
253
253
253
253
253
253
253
253
253
254
249
234
111
107
111
108
115
130
252
254
253
253
253
253
253
253
253
253
253
253
253
255
252
183
125
118
148
242
254
236
109
111
130
253
255
254
213
130
115
135
213
255
254
253
253
253
254
255
254
238
139
125
127
107
102
102
122
126
129
129
137
152
164
214
255
254
253
253
253
253
253
253
253
253
253
253
253
253
255
249
165
117
144
237
254
253
253
255
242
154
123
131
124
136
204
254
254
253
253
253
253
253
253
253
253
254
255
217
134
119
121
201
242
254
253
253
253
253
253
253
255
254
231
144
136
133
128
132
130
127
131
140
192
244
253
255
254
253
253
253
253
253
253
253
253
253
253
253
253
254
252
130
115
108
111
107
111
234
249
254
253
253
253
253
253
253
253
253
253
253
253
254
245
177
123
120
155
247
255
131
111
109
234
252
253
230
138
130
119
133
215
255
254
253
253
253
254
254
250
161
132
126
134
142
130
145
138
134
124
125
128
122
121
196
248
254
253
253
253
253
253
253
253
253
253
253
253
253
255
245
164
119
128
167
251
254
253
255
239
152
121
130
126
131
201
255
255
253
253
253
253
253
253
253
253
254
254
214
131
119
129
148
236
255
253
253
253
253
253
253
253
254
253
247
194
129
127
133
131
129
126
127
132
146
206
241
246
253
253
253
253
253
253
253
253
253
253
253
253
254
249
229
132
230
232
136
235
254
255
253
253
253
253
253
253
253
253
253
253
253
254
255
203
134
126
122
144
241
254
237
132
235
254
255
245
151
126
124
130
130
218
254
255
253
253
254
254
247
165
126
121
128
169
240
242
241
237
163
134
132
126
127
126
140
223
255
253
253
253
253
253
253
253
253
253
253
253
253
255
245
164
120
118
163
242
255
253
255
249
159
130
128
126
125
193
249
255
253
253
253
253
253
253
253
253
253
255
223
136
124
120
128
217
252
254
253
253
253
253
253
253
253
255
255
211
133
123
129
128
129
131
130
124
128
137
156
245
255
253
253
253
253
253
253
253
253
253
253
253
253
255
249
253
254
254
253
249
255
253
253
253
253
253
253
253
253
253
253
253
253
255
249
190
121
108
124
133
156
247
249
255
255
255
255
232
136
123
133
130
182
125
232
250
253
253
254
251
180
128
119
127
156
250
255
255
255
254
251
230
142
131
128
119
132
215
255
254
253
253
253
253
253
253
253
253
253
253
253
255
244
161
118
118
161
244
255
253
254
253
232
139
123
128
127
137
216
252
254
253
253
253
253
253
253
253
253
254
252
209
134
127
125
144
237
254
253
253
253
253
253
253
253
254
249
198
121
128
131
136
128
130
131
131
126
118
206
238
255
252
255
254
253
253
253
253
253
253
253
253
253
253
254
254
254
254
254
254
253
253
253
253
253
253
253
253
253
253
253
253
253
255
223
150
107
109
111
124
131
138
185
242
244
244
239
151
132
123
124
167
107
116
132
253
254
253
255
220
149
117
125
147
244
254
254
253
253
254
255
254
225
134
127
121
135
216
255
254
253
253
253
253
253
253
253
253
253
253
253
255
252
169
127
130
172
253
255
253
253
255
248
155
130
128
123
131
196
249
255
253
253
253
253
253
253
253
253
254
254
239
177
109
116
141
235
254
253
253
253
253
253
253
253
255
221
135
126
140
216
176
162
134
125
131
130
133
147
220
168
232
249
251
253
253
253
253
253
253
253
253
253
253
253
253
253
253
253
253
253
253
253
253
253
253
253
253
253
253
253
253
254
255
207
120
101
119
136
137
125
125
132
141
145
151
141
133
124
126
136
117
118
111
234
249
254
255
255
197
128
124
141
238
253
254
253
253
253
253
253
255
245
177
128
116
132
215
255
254
253
253
253
253
253
253
253
253
253
253
253
253
254
237
143
132
232
250
255
253
253
254
253
225
133
125
126
127
205
249
254
253
253
253
253
253
253
253
253
253
255
221
150
141
141
225
251
254
253
254
254
254
253
253
254
254
212
127
110
196
240
255
234
144
128
126
131
126
134
128
135
131
186
249
254
253
253
253
253
253
253
253
253
253
253
253
253
253
253
253
253
253
253
253
253
253
253
253
253
253
253
253
254
255
209
129
99
135
204
151
124
129
126
124
122
123
125
126
125
130
178
227
138
235
254
255
253
254
246
183
116
125
222
254
254
253
253
253
253
253
253
255
255
216
131
122
143
226
255
253
253
253
253
253
253
253
253
253
253
253
253
253
255
245
154
126
172
255
255
253
253
253
255
230
140
120
127
128
154
236
255
253
253
253
253
253
253
253
253
253
252
243
238
232
244
250
254
254
255
249
252
249
255
253
254
255
218
131
126
148
233
255
254
227
133
127
124
128
129
127
120
125
171
251
254
253
253
253
253
253
253
253
253
253
253
253
253
253
253
253
253
253
253
253
253
253
253
253
253
253
253
253
254
250
204
124
120
148
227
164
129
126
131
132
131
131
130
128
132
168
255
250
253
249
255
253
254
255
210
132
123
152
238
255
253
253
253
253
253
253
253
255
254
212
127
115
195
242
254
253
253
253
253
253
253
253
253
253
253
253
253
253
255
243
152
113
152
237
254
253
253
253
255
236
145
128
128
125
132
218
251
254
253
253
253
253
253
253
253
253
253
254
255
255
255
254
254
255
254
234
130
229
249
254
255
252
210
120
115
193
246
255
254
253
222
146
136
131
130
129
122
151
237
254
253
253
253
253
253
253
253
253
254
254
254
253
253
253
253
253
253
253
253
253
253
253
253
253
253
253
253
253
255
230
143
121
123
194
243
242
140
126
123
129
127
125
123
114
147
241
255
255
255
254
253
253
254
254
201
123
122
214
254
255
253
253
253
253
253
253
255
253
229
138
125
128
154
236
255
253
253
253
253
253
253
253
253
253
253
253
253
253
255
243
154
117
127
175
251
254
253
253
254
252
214
130
124
129
129
145
238
255
253
253
253
253
253
253
253
253
253
253
253
253
253
253
254
249
234
109
111
130
252
254
255
235
142
124
134
212
255
254
253
254
252
242
177
121
120
121
124
164
253
255
253
253
253
253
253
253
254
255
247
247
242
254
253
253
253
253
253
253
253
253
253
253
253
253
253
253
253
254
250
212
123
118
134
218
253
254
232
145
132
124
125
134
146
145
135
227
245
252
255
255
254
253
254
255
204
125
123
214
254
255
253
253
253
253
254
255
255
239
141
128
119
124
200
248
253
253
253
253
253
253
253
253
253
253
253
253
253
253
255
242
154
119
131
178
253
254
253
253
254
255
222
137
123
131
119
138
229
255
253
253
253
253
253
253
253
253
253
253
253
253
253
253
254
252
130
111
109
234
249
255
251
219
125
116
185
246
254
253
253
253
255
255
194
135
132
140
156
240
253
253
253
253
253
254
255
255
251
240
223
146
246
254
253
253
253
253
253
253
253
253
253
253
253
253
253
253
253
255
239
145
125
128
201
251
255
255
251
246
207
150
146
211
241
239
236
142
141
228
225
238
251
255
255
255
211
131
123
140
233
255
255
254
254
254
247
242
236
149
129
123
123
153
227
255
254
253
253
253
253
253
253
253
253
253
253
253
253
253
255
243
154
113
147
232
251
254
253
253
254
255
217
133
121
131
121
144
232
255
253
253
253
253
253
253
253
253
253
253
253
253
253
253
254
249
229
130
234
254
255
255
242
147
122
126
193
255
255
253
253
253
253
253
242
177
208
238
247
253
255
255
255
255
255
251
238
225
228
140
137
238
245
254
253
253
253
253
253
253
253
253
253
253
253
253
253
253
253
251
222
126
115
182
249
255
253
253
253
254
252
243
243
253
255
255
251
240
227
141
142
141
228
226
227
229
189
125
120
131
156
234
252
255
255
250
183
143
137
132
120
122
132
198
252
254
253
253
253
253
253
253
253
253
253
253
253
253
253
253
255
241
151
118
141
190
255
254
253
253
253
255
224
137
124
128
122
143
234
255
253
253
253
253
253
253
253
253
253
253
253
253
253
253
253
255
249
252
249
255
253
255
232
141
112
126
191
254
255
253
253
253
253
254
254
255
255
255
255
255
252
238
223
225
226
228
141
142
141
227
238
247
254
253
253
253
253
253
253
253
253
253
253
253
253
253
253
253
254
242
148
120
122
189
254
255
253
253
253
253
254
255
255
254
253
253
254
255
250
238
225
228
141
144
149
149
135
128
123
125
130
132
163
238
246
189
129
123
124
128
136
138
190
249
254
253
253
253
253
253
253
253
253
253
253
253
253
253
253
253
255
252
168
125
144
232
250
254
253
253
253
254
251
210
131
129
123
134
227
253
254
253
253
253
253
253
253
253
253
253
253
253
253
253
253
253
254
254
254
253
253
255
235
145
115
130
196
255
255
255
255
255
255
255
253
241
226
226
225
226
228
141
144
146
144
141
228
225
238
250
255
254
253
253
253
253
253
253
253
253
253
253
253
253
253
253
253
253
254
241
142
115
129
197
254
254
253
253
253
253
253
253
253
253
253
253
253
253
254
255
255
251
238
225
233
228
186
108
110
114
112
108
115
133
134
122
115
114
116
112
149
236
255
255
255
255
255
255
255
255
255
255
255
255
255
254
253
253
253
253
255
250
230
129
129
181
254
255
253
253
253
253
255
251
192
127
123
129
152
246
255
254
254
254
253
253
253
253
253
253
253
253
254
255
255
255
255
255
255
255
255
255
243
150
120
132
184
237
227
225
225
225
225
226
228
141
144
146
146
144
141
228
226
225
223
238
251
255
255
254
253
253
253
253
253
253
253
253
253
253
253
253
253
253
253
253
253
253
254
251
228
137
176
246
254
253
253
253
253
253
253
253
253
253
253
253
253
253
253
253
253
254
255
255
255
242
122
109
105
120
117
116
113
108
118
128
128
130
130
128
136
231
233
227
225
225
225
225
225
225
225
226
227
227
241
252
255
255
255
255
255
255
169
130
122
177
255
255
255
255
255
255
255
255
206
135
126
123
150
245
255
252
254
252
255
255
255
255
255
255
255
255
251
238
223
225
225
226
227
228
229
235
217
135
114
120
177
141
147
146
146
146
146
144
141
228
226
225
225
223
238
251
255
255
255
255
254
253
253
253
253
253
253
253
253
253
253
253
253
253
253
253
253
253
253
253
253
253
253
254
250
244
244
253
254
253
253
253
253
253
253
253
253
253
253
253
253
253
253
253
253
253
253
254
253
131
115
114
178
146
147
146
141
170
233
238
235
235
235
235
235
144
145
146
146
146
146
146
146
146
147
152
140
143
136
235
227
225
225
225
230
216
135
113
117
159
224
230
225
225
225
225
228
228
179
122
122
122
139
224
246
226
135
220
230
225
225
225
225
225
225
226
228
141
144
146
147
152
140
145
144
151
134
118
111
124
136
235
229
225
225
225
225
223
238
251
255
255
255
255
255
254
253
253
253
253
253
253
253
253
253
253
253
253
253
253
253
253
253
253
253
253
253
253
253
253
253
253
253
253
254
254
254
253
253
253
253
253
253
253
253
253
253
253
253
253
253
253
253
253
253
253
253
254
249
229
131
231
245
244
238
239
240
250
255
255
255
255
255
255
251
238
223
225
225
225
225
225
225
226
231
228
207
107
211
143
151
147
146
146
148
144
132
115
110
129
141
150
146
146
146
146
148
143
128
116
110
114
123
126
135
108
120
124
151
146
146
146
146
146
146
144
141
228
226
226
231
228
205
102
206
214
150
116
125
160
240
253
255
255
255
255
255
255
255
254
253
253
253
253
253
253
253
253
253
253
253
253
253
253
253
253
253
253
253
253
253
253
253
253
253
253
253
253
253
253
253
253
253
253
253
253
253
253
253
253
253
253
253
253
253
253
253
253
253
253
253
253
253
253
253
253
253
253
255
249
253
251
255
255
255
255
255
255
254
253
253
253
253
253
254
255
255
255
255
255
255
255
255
255
255
248
127
122
113
220
220
227
225
225
226
234
222
134
113
159
224
230
225
225
225
225
226
231
188
129
125
124
124
131
100
102
116
225
230
225
225
225
225
225
225
223
238
251
255
255
255
246
121
123
150
251
161
124
132
166
135
236
250
254
253
253
253
253
253
253
253
253
253
253
253
253
253
253
253
253
253
253
253
253
253
253
253
253
253
253
253
253
253
253
253
253
253
253
253
253
253
253
253
253
253
253
253
253
253
253
253
253
253
253
253
253
253
253
253
253
253
253
253
253
253
253
253
253
253
254
254
254
253
253
253
253
253
253
253
253
253
253
253
253
253
253
253
253
253
253
253
253
253
254
252
133
108
87
112
142
255
255
255
255
255
255
247
148
120
182
255
255
255
255
255
255
255
255
252
182
126
129
129
126
145
128
241
255
255
255
255
255
255
255
255
255
255
254
253
254
252
130
111
109
246
239
156
119
125
101
114
132
252
254
253
253
253
253
253
253
253
253
253
253
253
253
253
253
253
253
253
253
253
253
253
253
253
253
253
253
253
253
253
253
253
253
253
253
253
253
253
253
253
253
253
253
253
253
253
253
253
253
253
253
253
253
253
253
253
253
253
253
253
253
253
253
253
253
253
253
253
253
253
253
253
253
253
253
253
253
253
253
253
253
253
253
253
253
253
253
253
253
253
254
249
235
115
108
115
235
249
254
253
253
253
255
238
144
113
166
243
254
253
253
253
253
253
255
251
180
119
114
128
135
168
246
253
255
253
253
253
253
253
253
253
253
253
253
253
254
249
229
130
236
254
237
138
113
100
103
117
235
249
254
253
253
253
253
253
253
253
253
253
253
253
253
253
253
253
253
253
253
253
253
253
253
253
253
253
253
253
253
253
253
253
253
253
253
253
253
253
253
253
253
253
253
253
253
253
253
253
253
253
253
253
253
253
253
253
253
253
253
253
253
253
253
253
253
253
253
253
253
253
253
253
253
253
253
253
253
254
254
254
253
253
253
253
253
253
253
253
253
253
253
255
254
235
133
235
254
255
253
253
253
253
255
238
146
116
133
191
255
254
253
253
253
253
254
252
191
140
139
152
233
250
253
255
253
253
253
253
253
253
253
253
253
253
253
253
253
255
249
252
251
255
173
147
141
135
132
240
254
255
253
253
253
253
253
254
254
254
253
253
253
253
253
253
253
253
253
253
253
253
253
253
253
253
254
254
254
253
253
253
253
253
253
253
253
253
253
253
253
253
253
253
253
253
253
253
253
253
253
253
253
253
253
253
253
253
253
253
253
253
253
253
253
253
253
253
253
253
253
253
253
253
254
254
254
254
255
249
252
249
255
253
253
253
253
253
253
253
253
253
253
253
255
249
252
249
255
253
253
253
253
253
255
238
148
114
123
183
249
255
253
253
253
253
253
252
244
238
235
247
253
255
254
253
253
253
253
253
253
253
253
253
253
253
253
253
253
253
254
254
254
249
240
235
238
236
245
251
255
253
253
253
253
253
255
249
252
249
255
253
253
253
253
253
253
253
253
253
253
253
253
253
253
255
249
252
249
255
253
253
253
253
253
253
253
253
253
253
253
253
253
253
253
253
253
253
253
253
253
253
253
253
253
253
253
253
253
253
253
253
253
253
253
253
253
253
253
253
253
253
253
255
249
252
250
255
254
234
130
229
249
254
253
253
253
253
253
253
253
253
253
253
253
254
254
254
253
253
253
253
253
253
255
236
144
112
123
183
249
255
253
253
253
253
253
253
254
255
255
255
254
253
253
253
253
253
253
253
253
253
253
253
253
253
253
253
253
253
253
253
253
254
255
255
255
255
255
254
253
253
253
253
253
255
254
234
130
229
249
254
253
253
253
253
253
253
253
253
253
253
253
253
255
254
234
130
229
249
254
253
253
253
253
253
253
253
253
253
253
253
253
253
253
253
253
253
253
253
253
253
253
253
253
253
253
253
253
253
253
253
253
253
253
253
253
253
253
253
253
253
255
254
234
130
232
245
237
109
111
130
252
254
253
253
253
253
253
253
253
253
253
253
253
253
253
253
253
253
253
253
253
253
255
244
146
118
124
187
254
254
253
253
253
253
253
253
253
253
253
253
253
253
253
253
253
253
253
253
253
253
253
253
253
253
253
253
253
253
253
253
253
253
253
253
253
253
253
253
253
253
253
253
254
249
234
109
111
130
252
254
253
253
253
253
253
253
253
253
253
253
253
254
249
234
109
111
130
252
254
253
253
253
253
253
253
253
253
253
253
253
253
253
253
253
253
253
253
253
253
253
253
253
253
253
253
253
253
253
253
253
253
253
253
253
253
253
253
253
253
253
253
244
123
115
131
242
133
110
110
228
247
254
253
253
253
253
253
253
253
253
253
253
253
253
253
253
253
253
253
253
253
253
254
250
226
132
167
242
253
253
253
253
253
253
253
253
253
253
253
253
253
253
253
253
253
253
253
253
253
253
253
253
253
253
253
253
253
253
253
253
253
253
253
253
253
253
253
253
253
253
253
253
254
247
131
110
110
228
247
254
253
253
253
253
253
253
253
253
253
253
253
254
247
131
110
110
228
247
254
253
253
253
253
253
253
253
253
253
253
253
253
253
253
253
253
253
253
253
253
253
253
253
253
253
253
253
253
253
253
253
253
253
253
253
253
253
253
253
253
253
253
112
112
112
253
253
253
112
253
253
253
253
253
253
253
253
253
253
253
253
253
253
253
253
253
253
253
253
253
253
253
253
253
253
253
253
253
253
253
253
253
253
253
253
253
253
253
253
253
253
253
253
253
253
253
253
253
253
253
253
253
253
253
253
253
253
253
253
253
253
253
253
253
253
253
253
253
253
253
253
253
253
253
253
253
112
253
253
253
253
253
253
253
253
253
253
253
253
253
253
253
253
253
253
112
253
253
253
253
253
253
253
253
