247
247
247
247
247
247
247
247
247
247
247
247
247
247
247
247
247
247
247
247
247
247
247
247
247
247
247
247
247
247
247
247
247
247
247
247
247
247
247
74
74
74
247
247
247
247
247
247
247
247
247
247
247
247
247
247
247
247
247
247
247
247
247
247
247
247
247
247
247
247
247
247
247
247
247
247
247
247
247
247
247
247
247
247
247
247
247
247
247
247
247
247
247
247
247
247
247
247
247
247
247
247
247
247
247
247
247
247
247
247
247
247
247
247
247
247
247
247
247
247
247
247
247
247
247
247
247
247
247
247
247
247
247
247
247
247
247
247
247
247
247
247
247
247
247
247
247
247
247
247
247
247
247
247
247
247
247
247
247
247
247
247
247
248
250
254
244
248
242
252
248
247
247
247
247
247
247
247
247
247
247
247
247
247
247
247
247
248
248
227
113
227
248
248
247
247
247
247
247
247
247
247
247
247
247
247
247
249
243
237
238
246
250
248
247
247
247
247
247
247
247
247
247
247
247
247
247
247
247
247
247
247
247
247
247
247
247
247
247
247
247
247
247
247
247
247
247
247
247
247
247
247
247
247
247
247
247
247
247
247
247
247
247
247
247
247
247
247
247
247
247
247
247
247
247
247
247
247
247
247
247
247
247
247
247
247
247
247
247
247
247
247
247
247
247
247
247
247
247
247
247
247
247
247
247
247
247
247
247
247
247
247
248
250
250
245
217
100
222
248
253
250
248
248
247
247
247
247
247
247
247
247
247
247
247
247
247
248
252
242
247
242
252
248
247
247
247
247
247
247
247
247
247
247
247
247
248
251
241
167
162
238
250
253
251
249
248
247
247
247
247
247
247
247
247
247
247
247
247
247
247
247
247
247
247
247
247
247
247
247
247
247
247
247
247
247
247
247
247
247
247
247
247
247
247
247
247
247
247
247
247
247
247
247
247
247
247
247
247
247
247
247
247
247
247
247
247
247
247
247
247
247
247
247
247
247
247
247
247
247
247
247
247
247
247
247
247
247
247
247
247
247
247
247
247
247
247
247
247
247
247
247
249
247
234
155
72
73
85
239
242
246
238
249
247
247
247
247
247
247
247
247
247
247
247
247
247
247
248
249
250
249
248
247
247
247
247
247
247
247
247
247
247
247
247
247
248
247
228
146
141
160
233
236
241
246
250
248
247
247
247
247
247
247
247
247
247
247
247
247
247
247
247
247
247
247
247
247
247
247
247
247
247
247
247
247
247
247
247
247
247
247
247
247
247
247
247
247
247
247
247
247
247
247
248
249
250
249
248
247
247
247
247
247
247
247
247
247
247
247
247
247
247
247
247
247
247
247
247
247
247
247
247
247
247
247
247
247
247
247
247
247
247
247
247
247
247
247
247
247
247
247
251
243
164
77
66
63
121
144
224
164
241
255
251
249
248
247
247
247
247
247
247
247
247
247
247
247
247
247
247
247
247
247
247
247
247
247
247
247
247
247
247
247
247
247
250
245
166
150
141
152
154
161
164
235
246
249
247
247
247
247
247
247
247
247
247
247
247
247
247
247
247
247
247
247
247
247
247
247
247
247
247
247
247
247
247
247
247
247
247
247
247
247
247
247
247
247
247
247
247
247
247
248
252
242
247
243
254
251
249
248
247
247
247
247
247
247
247
247
247
247
247
247
247
247
247
247
247
247
247
247
247
247
247
247
247
247
247
247
247
247
247
247
247
247
247
247
247
247
247
247
251
235
157
126
82
138
144
154
143
160
221
237
241
246
250
248
247
247
247
247
247
247
247
247
247
247
247
247
247
247
247
247
247
247
247
247
247
247
247
247
247
247
247
247
249
243
197
147
141
149
145
142
145
168
247
254
251
249
248
247
247
247
247
248
248
249
248
248
247
247
247
247
247
247
247
247
247
247
247
247
247
247
247
247
247
247
247
247
247
247
247
247
247
247
247
247
247
247
247
247
248
252
250
222
97
224
237
250
242
252
248
247
247
247
247
247
247
247
247
247
247
247
247
247
247
247
247
247
247
247
247
247
247
247
247
247
247
247
247
247
247
247
247
247
247
247
247
247
247
248
254
240
167
142
150
148
154
151
146
153
156
155
160
236
245
249
247
247
247
247
247
247
247
247
247
247
247
247
247
247
247
247
247
247
247
247
247
247
247
247
247
247
247
247
248
249
240
155
150
145
149
147
143
155
225
239
241
246
250
248
247
247
248
250
243
247
245
251
249
248
247
247
247
247
247
247
247
247
247
247
247
247
247
247
247
247
247
247
247
247
247
247
247
247
247
247
247
247
247
247
249
242
222
71
81
99
223
100
216
242
249
247
247
247
247
247
247
247
247
247
247
247
247
247
247
247
247
247
247
247
247
247
247
247
247
247
247
247
247
247
247
247
247
247
247
247
247
247
247
249
246
230
153
146
149
146
143
141
142
144
140
138
142
161
241
251
247
247
247
247
247
247
247
247
247
248
249
250
251
252
251
251
249
248
247
247
247
247
247
247
247
247
247
247
247
250
246
237
149
145
141
143
141
150
153
161
165
236
247
250
248
248
250
248
235
165
227
243
246
251
251
250
249
248
247
247
247
247
247
247
247
247
247
247
247
247
247
247
247
247
247
247
247
247
247
247
247
247
247
247
250
247
95
76
63
201
63
76
95
247
250
247
247
247
247
247
247
247
247
247
247
247
247
247
247
247
247
247
247
247
247
247
247
247
247
247
247
247
247
247
247
247
247
247
247
247
247
247
247
251
241
151
146
144
152
157
163
162
166
158
154
147
140
158
234
251
247
247
247
247
247
247
248
249
250
253
248
243
235
236
233
239
243
249
247
247
247
247
247
247
247
247
247
247
247
248
250
247
237
155
153
172
156
146
140
138
142
148
237
246
249
248
247
239
157
151
148
183
238
247
232
241
243
250
249
248
248
247
247
247
247
247
247
247
247
247
247
247
247
247
247
247
247
247
247
247
247
247
247
248
251
248
223
108
228
102
82
71
222
242
249
247
247
247
247
247
247
247
247
247
247
247
247
247
247
247
247
247
247
247
247
247
247
247
247
247
247
247
247
247
247
247
247
247
247
247
247
247
247
252
232
156
136
151
167
235
238
236
241
227
155
144
141
163
236
252
247
247
247
247
247
248
250
246
241
237
232
170
159
162
156
169
244
254
251
249
248
247
247
247
247
247
247
247
247
247
248
250
245
239
234
239
235
160
157
149
149
141
163
241
251
250
244
177
148
143
138
168
229
184
166
172
246
250
249
246
251
249
248
247
247
247
247
247
247
247
247
247
247
247
247
247
247
247
247
247
248
249
250
253
250
249
227
237
231
224
102
223
250
252
248
247
247
247
247
247
247
247
247
247
247
247
247
247
247
247
247
247
247
247
247
247
247
247
247
248
248
247
247
247
247
247
247
247
247
247
247
247
247
253
236
161
135
156
235
252
253
252
255
241
161
141
139
159
236
252
247
247
247
247
248
250
248
238
168
161
156
148
141
142
137
152
225
239
240
246
250
248
247
247
247
247
247
247
247
247
247
248
249
251
252
253
250
236
176
222
160
135
158
234
251
251
235
164
140
148
146
160
218
161
136
153
228
233
173
227
244
246
250
248
247
247
247
247
247
247
247
247
247
247
247
247
247
247
248
249
251
247
243
237
231
165
163
161
174
234
248
247
253
248
247
247
247
247
247
247
247
247
247
247
247
247
247
247
247
247
247
247
247
247
247
247
247
247
248
252
248
247
247
247
247
247
247
247
247
247
247
247
248
253
239
162
132
159
235
253
248
247
250
242
196
155
145
161
238
253
248
247
247
247
248
247
239
160
145
142
144
146
147
148
146
152
158
163
162
239
250
251
249
248
247
247
247
247
247
247
247
247
247
247
247
248
250
244
253
234
168
134
161
236
253
253
238
163
142
149
149
157
153
157
145
154
158
154
154
149
162
236
247
250
248
247
247
247
247
247
247
247
247
247
247
247
247
248
250
246
244
230
167
162
153
147
140
140
146
157
243
250
251
248
247
247
247
247
247
247
247
247
247
247
247
247
247
247
247
247
247
247
247
247
247
247
247
248
252
250
234
74
247
247
247
247
247
247
247
247
247
247
249
248
231
153
142
159
242
251
247
247
248
246
246
228
151
149
232
248
248
247
247
248
251
244
178
147
144
148
149
142
152
151
151
141
143
139
145
160
233
244
247
250
248
247
247
247
247
247
247
247
247
247
247
247
248
249
255
241
162
134
161
236
254
250
234
160
144
149
149
148
146
143
141
140
138
139
141
140
144
151
239
248
249
247
247
247
247
247
247
247
247
247
247
247
247
249
246
237
170
154
149
141
145
147
148
149
146
148
151
236
247
249
247
247
247
247
247
247
247
247
247
247
247
247
247
247
247
247
247
247
247
247
247
247
247
249
242
222
88
74
247
247
247
247
247
247
247
247
247
248
251
244
165
143
149
230
246
249
247
247
247
248
254
240
158
145
181
246
250
247
247
248
248
233
156
143
146
143
149
153
173
237
162
161
153
162
144
151
154
169
236
244
249
247
247
247
247
247
247
247
247
247
247
247
248
250
250
233
155
135
160
235
254
244
190
152
146
150
156
149
158
155
167
164
172
157
153
147
143
147
174
243
249
248
247
247
247
247
247
247
247
248
249
251
251
254
244
169
148
143
146
146
145
143
144
143
143
143
143
169
242
250
247
247
247
247
247
247
247
247
247
247
247
247
247
247
247
247
247
247
247
247
247
247
247
250
247
95
78
74
247
247
247
247
247
247
247
247
247
249
248
230
150
143
170
246
251
248
247
247
247
247
252
236
161
136
186
238
251
247
247
250
244
182
150
144
153
155
165
232
253
245
220
87
196
147
143
145
143
145
158
241
251
247
247
247
247
247
247
247
247
247
247
248
250
249
241
156
147
140
160
238
255
238
165
144
151
153
154
157
84
208
229
240
241
228
154
142
148
146
149
209
245
250
247
247
247
247
248
249
251
253
248
242
231
246
233
167
141
145
143
148
153
164
166
170
157
152
141
164
238
253
248
247
247
247
247
247
247
247
247
247
247
247
247
247
247
247
247
247
247
247
247
247
247
249
242
216
94
247
247
247
247
247
247
247
247
247
248
252
245
168
144
154
232
248
249
247
247
247
247
247
252
236
161
137
168
240
251
247
248
253
239
163
142
143
155
225
246
250
250
228
76
85
94
179
159
155
147
139
163
233
251
247
247
247
247
247
247
247
247
247
248
250
248
239
158
145
149
158
209
243
255
238
167
144
150
145
135
65
79
105
253
255
255
246
168
145
145
148
145
164
239
251
247
247
248
249
251
248
241
237
232
168
152
156
224
175
144
152
156
167
231
239
237
242
228
158
139
153
232
247
249
247
247
247
247
247
247
247
247
247
247
247
247
247
247
247
247
247
247
247
247
247
247
248
252
242
240
247
247
247
247
247
247
247
247
247
249
246
229
151
135
160
237
253
248
247
247
247
247
247
252
236
165
134
169
236
252
247
249
248
232
154
143
151
175
247
253
252
248
95
73
72
221
240
229
157
146
143
162
236
252
247
247
247
247
247
247
247
247
247
249
246
239
159
148
139
152
229
247
248
249
233
159
146
150
157
81
76
73
223
242
249
249
246
237
153
150
146
142
162
237
253
248
247
249
243
242
229
164
160
155
150
138
151
153
159
145
158
226
248
248
253
252
255
239
162
142
148
160
244
252
248
247
247
247
247
247
247
247
247
247
247
247
247
247
247
247
247
247
247
247
247
247
247
248
249
249
247
247
247
247
247
247
247
247
247
251
242
159
145
146
168
242
251
247
247
247
247
247
247
252
236
160
136
164
237
252
247
251
241
165
149
144
156
235
250
250
249
242
216
95
223
251
255
241
163
143
141
160
236
252
247
247
247
247
247
247
247
247
248
251
245
171
148
139
143
163
245
253
253
246
172
152
146
143
149
204
105
223
250
252
248
248
250
248
234
155
147
145
156
232
249
250
249
253
242
172
149
145
134
139
146
145
147
145
151
141
163
239
255
249
248
247
250
243
170
147
140
153
229
248
249
247
247
247
247
247
247
247
247
247
247
247
247
247
247
247
247
247
247
247
247
247
247
247
247
247
247
247
247
247
247
247
247
247
248
253
236
158
132
152
230
248
249
247
247
247
247
247
248
253
238
164
130
156
232
252
247
251
234
160
139
146
157
235
250
250
250
253
243
247
242
252
252
238
166
145
142
162
236
252
247
247
247
247
247
247
247
248
250
249
232
153
142
146
143
236
246
251
248
232
161
144
147
148
159
235
251
242
252
248
247
247
248
251
247
193
153
144
149
168
249
251
250
247
233
149
132
146
156
171
163
146
81
138
148
143
158
234
253
247
247
247
249
248
231
152
141
150
168
244
251
248
247
247
247
247
247
247
247
247
247
247
247
247
247
247
247
247
247
247
247
247
247
247
247
247
247
247
247
247
247
247
247
247
249
249
232
151
143
168
244
251
248
247
247
247
247
247
248
250
234
157
142
151
241
251
248
253
239
162
144
149
152
169
248
250
248
248
254
253
251
249
250
247
206
154
137
162
234
251
247
247
247
247
247
247
248
250
248
241
152
145
147
159
238
246
250
251
242
171
150
147
146
157
237
251
253
249
248
247
247
247
247
248
250
235
158
143
143
155
228
235
187
230
161
155
152
169
235
233
210
68
67
81
149
144
162
235
252
247
247
247
248
253
240
162
142
142
154
230
248
249
247
247
247
247
247
247
247
247
247
247
247
247
247
247
247
247
247
247
247
247
247
247
247
247
247
247
249
250
249
248
247
248
252
245
167
141
150
230
248
249
247
247
247
247
247
247
251
248
178
146
148
234
247
249
249
249
232
155
144
149
143
155
229
234
169
229
237
242
249
253
254
250
234
150
144
159
242
251
247
247
247
247
247
247
249
243
236
159
147
146
159
241
249
250
248
251
235
160
141
150
148
156
236
250
253
248
247
247
247
247
247
247
253
235
161
141
147
154
159
157
157
149
148
153
225
248
251
254
103
85
68
146
145
144
165
238
253
248
247
247
247
251
233
170
138
145
150
170
242
250
247
247
247
247
247
247
247
247
247
247
247
247
247
247
247
247
247
248
250
252
252
250
248
247
247
247
240
247
242
252
248
249
246
229
148
142
167
244
251
249
250
252
252
250
248
248
254
240
159
70
150
237
254
248
251
241
165
149
147
150
147
153
160
156
156
154
160
166
232
238
239
235
163
146
151
231
247
249
247
247
247
247
247
248
252
243
151
145
140
156
232
248
250
248
247
252
236
161
142
154
149
138
90
221
242
249
247
247
247
247
247
247
251
244
168
148
143
141
139
142
144
146
138
161
238
254
251
243
216
103
210
163
148
145
154
231
247
249
247
247
247
251
243
153
151
148
142
162
238
253
248
247
247
247
247
247
247
247
248
249
250
249
248
247
247
248
250
254
243
225
222
235
249
247
247
247
217
99
221
245
250
251
242
159
142
153
231
249
249
249
235
222
225
245
255
255
250
224
76
60
94
236
254
247
251
234
158
141
147
146
144
142
142
143
144
144
142
149
156
162
160
160
151
138
159
237
253
248
247
247
247
247
248
250
249
229
149
136
146
166
244
251
248
247
248
253
239
162
144
147
137
61
72
98
247
250
247
247
247
247
247
247
250
243
228
147
151
153
160
154
148
148
149
166
243
251
248
252
242
252
228
167
143
148
148
158
242
251
247
247
247
249
245
230
157
145
145
154
231
248
249
247
247
247
247
247
247
248
252
242
247
242
253
251
253
255
245
231
214
103
119
240
250
247
247
247
80
67
96
242
255
254
236
159
131
158
236
253
248
250
240
119
103
216
211
236
237
109
76
62
151
231
253
247
252
236
162
139
152
157
170
157
149
140
143
145
149
148
146
142
143
144
149
148
166
242
251
247
247
247
247
248
250
248
240
158
148
147
157
237
246
249
247
247
249
249
230
154
147
150
79
70
77
223
242
249
247
247
247
247
247
247
251
245
172
147
156
237
234
158
144
145
152
232
247
250
247
248
249
253
246
167
148
148
141
158
235
253
248
247
247
248
253
240
164
145
147
147
161
241
251
247
247
247
247
247
248
252
250
224
100
226
253
248
229
211
216
106
106
212
225
235
249
247
247
74
72
45
72
211
248
251
232
154
145
163
243
251
247
249
235
225
212
108
111
117
211
127
57
129
170
255
255
255
255
244
161
145
164
236
241
233
168
159
158
153
144
141
146
147
150
150
146
155
231
249
249
247
247
247
247
249
247
238
162
146
147
159
240
248
250
248
247
247
251
242
163
147
149
146
139
91
228
250
252
248
247
247
247
247
247
247
251
234
160
134
153
241
238
161
139
146
157
205
247
250
247
247
247
249
248
232
153
144
144
157
232
249
249
247
247
247
251
231
159
135
147
139
156
235
253
248
247
248
250
253
255
253
233
78
62
73
210
221
108
110
108
214
231
243
254
250
248
247
247
247
70
45
75
105
253
249
165
146
145
230
244
252
248
248
250
254
243
230
215
219
104
87
91
89
216
211
214
211
227
224
160
160
247
255
255
251
243
235
235
203
163
163
153
148
141
145
141
162
239
253
248
247
247
248
248
253
246
175
147
139
155
233
250
250
248
247
247
247
251
234
158
139
148
158
159
241
246
252
248
247
247
247
247
247
247
248
253
239
163
137
154
174
244
167
147
146
147
169
242
252
248
247
247
248
253
236
157
141
147
151
170
245
251
248
247
247
251
239
157
150
154
143
158
239
255
255
255
255
245
229
214
208
73
65
67
101
107
115
218
211
229
243
254
250
248
247
247
247
247
247
84
67
79
229
245
234
152
141
152
154
238
246
249
247
247
248
251
255
255
237
150
124
143
217
119
114
114
115
112
149
137
145
218
221
232
248
255
255
255
255
251
251
244
168
166
159
143
155
233
251
247
247
247
248
246
246
228
154
141
147
180
245
251
248
247
247
247
248
253
239
163
143
145
155
235
251
251
248
247
247
247
247
247
247
247
249
249
232
154
140
154
233
248
232
152
142
144
163
234
250
251
250
249
248
251
242
158
148
147
143
151
229
248
251
253
255
255
253
254
236
167
149
152
158
217
216
212
213
216
108
115
104
91
94
224
221
215
224
251
255
253
250
248
247
247
247
247
247
247
247
216
99
227
248
246
153
151
146
146
145
154
245
253
249
248
249
251
250
242
163
153
153
183
238
233
209
211
218
211
91
73
75
91
105
111
216
213
211
213
215
217
221
211
223
233
248
181
181
251
255
255
255
255
255
251
202
162
155
153
176
241
247
248
247
247
247
247
249
249
231
155
145
143
161
239
253
248
247
247
247
247
247
247
247
247
250
241
164
151
136
163
240
255
248
172
149
145
150
184
253
250
250
247
255
255
255
244
166
154
154
157
166
254
249
229
209
212
214
222
211
140
126
132
88
100
112
116
112
108
216
214
216
219
245
252
241
109
226
247
250
247
247
247
247
247
247
247
247
247
247
240
247
248
249
160
144
146
148
148
140
155
225
249
249
254
249
245
232
163
148
138
151
232
251
255
255
255
255
237
145
51
62
83
213
222
108
112
113
113
113
113
114
115
114
225
217
205
204
208
214
211
212
214
221
212
142
128
125
147
237
255
255
255
255
255
255
255
255
251
174
157
155
148
173
247
255
255
255
255
255
255
255
255
255
255
255
247
170
145
132
90
226
255
255
246
166
150
151
154
229
216
102
205
217
212
218
208
144
128
132
126
144
207
222
108
112
113
113
116
113
102
91
86
128
137
204
216
209
229
245
255
255
255
250
227
71
73
95
247
250
247
247
247
247
247
247
247
247
247
247
249
251
255
237
159
138
155
153
156
145
157
154
172
231
245
233
167
153
149
141
145
164
243
251
248
247
248
255
241
99
67
77
226
251
250
229
209
211
211
211
211
211
213
216
109
114
118
118
116
114
113
116
109
107
94
94
83
88
97
217
217
212
211
211
211
213
215
223
212
140
128
134
126
131
205
217
211
211
211
211
211
211
211
211
211
217
208
152
128
68
63
78
210
223
208
140
128
132
136
89
68
84
89
120
113
116
113
103
94
90
90
103
108
115
217
213
211
211
212
219
210
138
134
139
166
246
255
255
253
250
248
247
250
247
95
73
69
222
242
249
247
247
247
247
247
247
247
247
247
247
247
249
249
231
153
139
160
227
171
151
145
133
83
144
165
157
149
140
143
148
158
238
245
249
247
247
250
250
232
142
76
141
180
249
254
253
255
255
255
255
255
255
255
245
229
209
211
211
211
211
212
218
206
129
122
128
132
144
220
114
112
113
113
113
115
121
110
111
95
100
88
86
87
99
111
116
113
113
113
113
113
113
113
113
113
119
107
103
74
82
74
101
105
119
113
103
93
89
85
69
65
81
212
217
211
212
218
209
142
126
131
129
206
230
248
255
255
255
255
255
244
162
146
152
171
238
251
247
247
247
247
247
249
242
216
95
222
250
252
248
247
247
247
247
247
247
247
247
247
247
248
251
244
167
150
139
166
237
249
159
137
67
70
78
144
147
148
145
148
159
240
249
250
248
247
248
254
243
169
145
151
140
164
239
253
248
247
247
247
247
247
247
248
250
253
255
255
255
255
255
255
255
246
165
149
159
168
249
241
231
209
211
211
213
219
215
193
62
113
130
133
135
133
216
217
212
211
211
211
211
211
211
211
211
212
219
210
142
120
85
205
221
218
213
219
210
143
130
141
133
91
224
254
255
255
255
255
255
181
147
85
144
182
252
253
248
247
247
247
251
238
160
161
230
241
243
249
247
247
247
247
247
248
252
242
247
242
252
248
247
247
247
247
247
247
247
247
247
247
247
249
248
230
154
141
144
165
241
254
239
90
68
61
135
145
149
146
149
158
240
248
251
250
250
250
253
251
221
87
131
150
149
157
231
248
249
247
247
247
247
247
247
247
247
247
247
247
247
247
248
251
246
192
151
139
155
232
251
253
254
255
255
255
255
254
239
91
83
88
156
153
160
239
255
255
255
255
255
255
255
255
255
255
255
255
255
246
166
141
158
175
255
255
255
255
246
170
146
158
144
158
236
255
248
247
247
251
239
215
67
67
75
162
240
253
248
247
247
247
249
242
237
238
248
251
249
248
247
247
247
247
247
247
248
249
250
249
248
247
247
247
247
247
247
247
247
247
247
247
247
251
244
170
150
143
150
191
245
254
246
223
97
151
153
149
142
151
163
239
248
251
253
242
247
245
250
225
77
70
78
149
149
150
173
248
254
250
249
248
247
247
247
247
247
247
247
247
247
247
250
249
235
155
142
148
167
244
251
248
247
247
247
247
250
247
97
67
57
132
145
146
163
241
253
248
247
247
247
247
247
247
247
247
248
248
241
162
152
139
156
239
241
249
242
255
244
165
149
148
144
170
240
254
248
247
247
251
249
102
74
60
127
144
227
245
248
247
247
247
248
249
250
250
249
248
247
247
247
247
247
247
247
247
247
247
247
247
247
247
247
247
247
247
247
247
247
247
247
247
247
248
230
152
144
142
156
233
250
250
252
244
241
235
233
149
163
202
242
247
251
253
250
222
95
220
242
98
79
64
140
143
150
144
159
227
238
240
244
249
247
247
247
247
247
247
247
247
247
248
248
241
161
148
140
156
232
247
249
247
247
247
247
247
249
242
219
91
135
160
150
143
188
244
250
247
247
247
247
247
247
247
247
248
251
246
193
150
143
146
172
243
231
96
216
245
251
232
157
144
143
154
232
246
249
247
247
249
242
218
94
148
159
165
172
245
249
247
247
247
247
247
247
247
247
247
247
247
247
247
247
247
247
247
247
247
247
247
247
247
247
247
247
247
247
247
247
247
247
247
247
242
164
149
147
144
163
239
252
247
248
250
252
254
247
241
235
246
248
250
250
242
222
69
73
98
242
220
100
216
163
151
146
148
154
159
158
173
239
250
247
248
248
249
248
248
247
247
248
251
247
190
148
140
148
176
245
251
248
247
247
247
247
247
248
252
244
239
233
234
162
162
239
249
248
247
247
247
247
247
247
247
247
248
245
231
155
146
144
153
185
222
74
73
95
248
255
237
163
142
145
142
148
238
250
247
247
248
252
244
242
232
239
232
236
241
248
247
247
247
247
247
247
247
247
247
247
247
247
247
247
247
247
247
247
247
247
247
247
247
247
247
247
247
247
247
247
247
247
247
247
232
155
138
144
149
190
244
250
247
247
247
247
248
249
250
251
250
248
247
250
247
95
73
69
224
250
245
249
241
246
161
150
147
147
144
137
159
239
255
252
253
247
248
244
250
248
247
248
248
235
158
142
147
162
238
246
249
247
247
247
247
247
247
247
248
250
252
254
250
239
238
244
250
248
247
247
247
247
247
247
247
247
250
249
172
153
146
144
162
234
100
75
69
222
242
253
242
163
143
138
138
151
237
250
247
247
247
248
250
252
253
253
251
251
249
248
247
247
247
247
247
247
247
247
247
247
247
247
247
247
247
247
247
247
247
247
247
247
247
247
247
247
247
247
247
247
247
247
247
247
240
162
145
139
155
234
249
248
247
247
247
247
247
247
247
247
247
247
247
249
242
216
95
222
250
253
250
251
252
251
235
156
144
150
152
145
157
227
242
236
239
230
170
234
246
249
248
251
246
180
148
148
162
243
251
252
249
247
247
247
247
247
247
247
247
247
247
248
249
250
250
249
248
247
247
247
247
247
247
247
247
248
251
244
228
148
147
140
164
231
226
96
222
250
252
250
246
236
160
154
159
235
247
251
250
249
248
247
247
247
247
247
247
247
247
247
247
247
247
247
247
247
247
247
247
247
247
247
247
247
247
247
247
247
247
247
247
247
247
247
247
247
247
247
247
247
247
247
247
247
246
238
154
148
176
244
251
247
247
247
247
247
247
247
247
247
247
247
247
248
252
242
247
242
252
248
247
247
248
253
236
162
135
142
144
144
154
158
163
161
163
153
149
161
241
251
249
247
231
153
138
155
240
245
250
243
252
248
247
247
247
247
247
247
247
247
247
247
247
247
247
247
247
247
247
247
247
247
247
247
247
249
245
239
164
154
148
141
161
243
250
247
242
252
248
248
250
245
241
231
241
247
255
243
247
242
252
248
247
247
247
247
247
247
247
247
247
247
247
247
247
247
247
247
247
247
247
247
247
247
247
247
247
247
247
247
247
247
247
247
247
247
247
247
247
247
247
247
247
247
250
249
235
169
234
247
248
247
247
247
247
247
247
247
247
247
247
247
247
247
248
249
250
249
248
247
247
247
247
251
239
163
159
166
161
154
145
146
143
142
144
143
135
157
234
251
251
241
164
145
149
177
248
230
96
216
242
249
247
247
247
247
247
247
247
247
247
247
247
247
247
247
247
247
247
247
247
247
247
247
247
251
241
152
147
148
149
140
158
237
254
250
249
248
247
247
248
249
251
251
251
254
250
222
95
216
242
249
247
247
247
247
247
247
247
247
247
247
247
247
247
247
247
247
247
247
247
247
247
247
247
247
247
247
247
247
247
247
247
247
247
247
247
247
247
247
247
247
247
247
248
250
245
247
244
250
248
247
247
247
247
247
247
247
247
247
247
247
247
247
247
247
247
247
247
247
247
247
247
249
241
239
233
233
219
145
139
142
143
141
142
142
133
154
233
252
253
236
159
134
155
225
225
72
73
95
247
250
247
247
247
247
247
247
247
247
247
247
247
247
247
247
247
247
247
247
247
247
247
247
247
251
229
155
135
147
147
134
152
231
252
247
247
247
247
247
247
247
247
247
249
242
222
69
73
95
247
250
247
247
247
247
247
247
247
247
247
247
247
247
247
247
247
247
247
247
247
247
247
247
247
247
247
247
247
247
247
247
247
247
247
247
247
247
247
247
247
247
247
247
247
248
248
249
248
248
247
247
247
247
247
247
247
247
247
247
247
247
247
247
247
247
247
247
247
247
247
247
247
248
249
251
253
251
182
167
158
162
162
163
163
162
155
166
239
252
248
232
151
143
170
245
103
74
69
222
242
249
247
247
247
247
247
247
247
247
247
247
247
247
247
247
247
247
247
247
247
247
247
247
247
251
244
176
156
150
148
148
167
239
251
247
247
247
247
247
247
247
247
247
250
247
95
73
69
222
242
249
247
247
247
247
247
247
247
247
247
247
247
247
247
247
247
247
247
247
247
247
247
247
247
247
247
247
247
247
247
247
247
247
247
247
247
247
247
247
247
247
247
247
247
247
247
247
247
247
247
247
247
247
247
247
247
247
247
247
247
247
247
247
247
247
247
247
247
247
247
247
247
247
247
247
248
241
237
231
235
234
236
236
236
236
233
239
243
252
240
157
135
145
232
242
218
95
222
250
252
248
247
247
247
247
247
247
247
247
247
247
247
247
247
247
247
247
247
247
247
247
247
247
248
254
238
242
225
179
164
229
241
242
249
247
247
247
247
247
247
247
247
247
249
242
216
95
222
250
252
248
247
247
247
247
247
247
247
247
247
247
247
247
247
247
247
247
247
247
247
247
247
247
247
247
247
247
247
247
247
247
247
247
247
247
247
247
247
247
247
247
247
247
248
248
247
247
247
247
247
247
247
247
247
247
247
247
247
247
247
247
247
247
247
247
247
247
247
247
247
247
247
247
247
247
248
249
250
251
252
252
252
252
252
252
251
251
249
251
238
168
150
170
243
255
243
247
242
252
248
247
247
247
247
247
247
247
247
247
247
247
247
247
247
247
247
247
247
247
247
247
247
248
252
250
225
102
219
236
245
248
252
249
248
247
247
247
247
247
247
247
247
247
248
252
243
250
247
254
249
247
247
247
247
247
247
247
247
247
247
247
247
247
247
247
247
247
247
247
247
247
247
247
247
247
247
247
247
247
247
247
247
247
247
247
247
247
247
247
247
247
247
247
248
252
248
247
247
247
247
247
247
247
247
247
247
247
247
247
247
247
247
247
247
247
247
247
247
247
247
247
247
247
247
247
247
247
247
247
247
247
247
247
247
247
247
247
247
249
244
239
231
239
243
250
249
250
249
248
247
247
247
247
248
249
250
249
248
247
247
247
247
247
247
247
247
247
247
247
247
247
247
249
242
222
69
74
98
250
253
249
248
247
247
247
247
247
247
247
247
247
247
247
247
249
254
247
250
243
252
248
247
247
247
247
247
247
247
247
247
247
247
247
247
247
247
247
247
247
247
247
247
247
247
247
247
247
247
247
247
247
247
247
247
247
247
247
247
247
247
247
247
74
227
242
249
247
247
247
247
247
247
247
247
247
247
247
247
247
247
247
247
247
247
247
247
247
247
247
247
247
247
247
247
247
247
247
247
247
247
247
247
247
247
247
247
247
247
248
249
251
251
251
249
248
247
247
247
247
247
247
247
248
252
242
247
242
252
248
247
247
247
247
247
247
247
247
247
247
247
247
247
250
247
95
73
69
222
242
249
247
247
247
247
247
247
247
247
247
247
247
247
247
248
252
250
222
95
216
242
249
247
247
247
247
247
247
247
247
247
247
247
247
247
247
247
247
247
247
247
247
247
247
247
247
247
247
247
247
248
249
250
249
248
247
247
247
247
247
247
247
247
74
113
247
250
247
247
247
247
247
247
247
247
247
247
247
247
247
247
247
247
247
247
247
247
247
247
247
247
247
247
247
247
247
247
247
247
247
247
247
247
247
247
247
247
247
247
247
247
247
247
247
247
247
247
247
247
247
247
247
248
252
250
222
95
216
242
249
247
247
247
247
247
247
247
247
247
247
247
247
247
249
242
216
95
222
250
252
248
247
247
247
247
247
247
247
247
247
247
247
247
247
249
242
222
69
73
95
247
250
247
247
247
247
247
247
247
247
247
247
247
247
247
247
247
247
247
247
247
247
247
247
247
247
247
247
247
248
252
242
247
242
252
248
247
247
247
247
247
247
247
74
227
242
249
247
247
247
247
247
247
247
247
247
247
247
247
247
247
247
247
247
247
247
247
247
247
247
247
247
247
247
247
247
247
247
247
247
247
247
247
247
247
247
247
247
247
247
247
247
247
247
247
247
247
247
247
247
247
247
249
242
222
69
73
95
247
250
247
247
247
247
247
247
247
247
247
247
247
247
247
248
252
242
247
242
252
248
247
247
247
247
247
247
247
247
247
247
247
247
247
247
250
247
95
73
69
222
242
249
247
247
247
247
247
247
247
247
247
247
247
247
247
247
247
247
247
247
247
247
247
247
247
247
247
247
248
252
250
222
95
216
242
249
247
247
247
247
247
247
247
247
248
252
248
247
247
247
247
247
247
247
247
247
247
247
247
247
247
247
247
247
247
247
247
247
247
247
247
247
247
247
247
247
247
247
247
247
247
247
247
247
247
247
247
247
247
247
247
247
247
247
247
247
247
247
247
247
247
247
249
240
97
71
71
216
240
249
247
247
247
247
247
247
247
247
247
247
247
247
247
247
248
249
250
249
248
247
247
247
247
247
247
247
247
247
247
247
247
247
247
247
249
240
212
90
219
248
252
248
247
247
247
247
247
247
247
247
247
247
247
247
247
247
247
247
247
247
247
247
247
247
247
247
247
247
248
248
234
88
78
94
240
249
247
247
247
247
247
247
247
247
247
247
247
247
247
247
247
247
247
247
247
247
247
247
247
247
247
247
247
247
247
247
247
247
247
247
247
247
247
247
247
247
247
247
247
247
247
247
247
247
247
247
247
247
247
247
247
247
247
247
247
247
247
247
247
247
247
247
247
247
247
74
247
247
247
247
247
247
247
247
247
247
247
247
247
247
247
247
247
247
247
247
247
247
247
247
247
247
247
247
247
247
247
247
247
247
247
247
247
247
247
247
247
247
247
247
247
247
247
247
247
247
247
247
247
247
247
247
247
247
247
247
247
247
247
247
247
247
247
247
247
247
247
247
247
247
74
74
74
247
247
247
247
247
247
247
247
247
247
