244
244
244
244
244
244
244
244
244
244
244
244
244
244
244
244
244
244
244
244
244
244
244
244
244
244
244
244
244
244
244
244
244
244
244
244
244
244
244
34
244
244
244
244
34
34
34
244
244
244
244
244
244
244
244
244
244
244
244
244
244
244
244
244
244
244
244
244
244
244
244
244
244
244
244
244
244
244
244
244
244
244
244
244
244
244
244
244
244
244
244
244
244
244
244
244
244
244
244
244
244
244
244
244
244
244
244
244
244
244
244
244
244
244
244
34
244
244
244
244
244
244
244
244
244
244
244
244
244
244
244
244
244
244
244
244
244
244
244
244
244
244
244
244
244
244
244
244
244
244
244
204
55
204
236
248
246
248
249
248
247
245
246
246
246
245
244
244
244
244
244
244
244
244
244
244
244
244
244
244
244
244
244
244
244
248
236
208
30
30
63
236
249
247
222
83
222
247
246
244
244
244
244
244
244
244
244
244
244
244
244
244
244
244
244
244
244
244
244
244
244
244
244
244
244
244
244
244
244
244
244
244
244
244
244
244
244
244
244
244
244
244
244
244
244
244
244
244
244
244
244
244
244
244
244
244
244
244
244
244
244
248
236
208
30
30
63
236
248
244
244
244
244
244
244
244
244
244
244
244
244
244
244
244
244
244
244
244
244
244
244
244
244
244
244
244
244
244
244
244
244
30
32
61
245
251
252
238
245
240
254
246
246
241
247
245
246
245
244
244
244
244
244
244
244
244
244
244
244
244
244
244
244
244
244
249
245
61
32
30
220
245
252
253
238
245
238
252
246
244
244
244
244
244
244
244
244
244
244
244
244
244
244
244
244
244
244
244
244
244
244
244
244
244
244
244
244
244
244
244
244
244
244
244
244
244
244
244
244
244
244
244
244
244
244
244
244
244
244
244
244
244
244
244
244
244
244
244
244
244
244
249
245
61
32
28
216
238
248
244
244
244
244
244
244
244
244
244
244
244
244
244
244
244
244
244
244
244
244
244
244
244
244
244
244
244
244
244
244
244
34
30
29
217
243
255
249
216
64
208
236
238
203
233
211
240
246
248
246
245
244
244
244
244
244
244
244
244
244
244
244
244
244
244
244
249
240
211
67
229
243
253
242
255
252
251
249
247
244
244
244
244
244
244
244
244
244
244
244
244
244
244
244
244
244
244
244
244
244
244
244
244
244
244
244
244
244
244
244
244
244
244
244
244
244
244
244
244
244
244
244
244
244
244
244
244
244
244
245
246
247
248
247
246
245
244
244
244
244
244
244
248
238
208
61
216
249
252
246
244
244
244
244
244
244
244
244
244
244
244
244
244
244
244
244
244
244
244
244
244
244
244
244
244
244
244
244
244
244
244
244
63
218
243
253
236
220
31
34
55
199
197
195
191
193
195
235
242
242
246
246
248
249
248
246
244
244
245
247
248
249
248
247
246
245
248
251
235
245
237
224
67
207
235
241
242
245
248
246
245
244
244
244
244
244
244
244
244
244
244
244
244
244
244
245
246
247
248
249
249
248
247
246
245
244
244
244
244
244
244
244
244
244
244
244
244
245
246
247
247
246
245
244
244
244
244
244
244
246
243
240
237
242
244
247
245
244
244
244
244
244
246
252
238
245
238
252
246
244
244
244
244
244
244
244
244
244
244
244
244
244
244
244
244
244
244
244
244
244
244
244
244
244
244
244
244
244
244
244
244
244
236
242
247
194
235
64
35
25
165
179
189
188
189
188
191
194
203
242
249
253
238
245
238
252
246
245
244
241
238
239
236
241
242
246
247
241
207
194
181
33
35
55
198
201
199
235
244
246
249
248
247
245
247
248
249
248
246
244
244
244
244
244
245
245
243
241
238
238
238
237
242
245
248
246
245
245
244
244
244
244
244
244
244
244
244
246
242
238
239
243
248
245
244
244
244
244
244
247
240
205
195
197
238
244
246
244
244
244
244
244
244
246
248
249
249
249
249
248
246
244
244
244
244
244
244
244
244
244
244
244
244
244
244
244
244
244
244
244
244
244
244
244
244
244
244
244
244
244
244
244
248
251
235
199
184
198
55
168
192
200
191
190
185
189
190
186
195
239
253
250
217
61
208
238
248
247
241
209
194
196
193
199
240
247
248
236
194
182
49
28
25
163
180
187
190
191
200
237
241
238
240
245
253
238
245
238
252
246
244
244
244
244
246
244
230
198
199
197
197
196
199
235
244
243
247
244
245
244
244
244
244
244
244
244
244
247
240
195
175
233
240
247
244
244
244
244
244
248
238
197
183
186
196
242
247
244
244
244
244
244
244
244
244
246
252
238
245
238
252
246
244
244
244
244
244
244
244
244
244
244
244
244
244
244
244
244
244
244
244
244
244
244
244
244
244
244
244
244
244
244
244
249
238
199
198
196
195
181
197
198
234
198
195
195
190
188
194
202
233
213
30
32
61
245
249
248
238
196
185
185
180
191
234
248
247
241
208
184
161
56
178
199
201
190
191
185
188
194
198
204
212
251
249
216
61
208
238
248
244
244
244
245
246
241
201
189
185
185
186
186
190
193
200
233
226
243
247
245
244
244
244
244
244
244
244
248
237
191
177
160
238
248
244
244
244
244
245
249
240
197
186
185
196
238
248
244
244
244
244
244
244
244
246
252
249
216
61
208
238
248
244
244
244
244
244
244
244
244
244
244
244
244
244
244
244
244
244
244
244
244
244
244
244
244
244
244
244
244
244
244
244
249
238
196
188
194
199
195
198
241
243
243
237
223
196
189
187
196
178
57
38
29
216
238
248
248
239
199
185
193
190
201
237
248
246
246
231
201
180
196
234
249
208
237
205
191
189
184
183
191
233
238
217
28
32
61
245
249
244
244
244
247
242
216
195
190
188
192
190
192
187
186
189
187
198
237
246
247
245
244
244
244
244
244
244
249
239
199
179
197
237
250
245
244
244
244
246
247
236
192
188
185
197
238
248
244
244
244
244
244
244
246
252
249
226
34
34
61
245
249
244
244
244
244
244
244
244
244
244
244
244
244
244
244
244
244
244
244
244
244
244
244
244
244
244
244
244
244
244
244
244
249
239
197
186
189
196
232
244
245
248
248
248
246
232
196
193
186
182
195
62
217
249
252
246
249
239
196
187
205
235
223
241
246
245
248
239
199
187
205
253
244
247
235
253
237
197
189
186
195
244
248
62
32
28
216
238
248
244
244
244
248
239
194
189
189
191
197
235
201
198
200
194
192
189
195
240
244
245
245
244
244
244
244
244
249
239
199
187
198
235
242
247
244
244
244
247
242
206
191
188
189
199
240
247
244
244
244
244
244
246
252
249
226
40
25
34
216
238
249
248
249
248
246
244
244
244
244
244
244
244
244
244
244
244
244
244
244
244
244
244
244
244
246
248
249
248
246
244
244
244
249
239
199
185
189
198
240
250
246
245
244
245
246
246
236
194
188
201
193
243
243
253
246
244
248
239
196
193
239
245
246
243
245
245
250
241
199
186
208
243
221
63
211
243
249
243
235
193
198
246
242
208
61
216
249
252
246
244
244
245
248
239
201
186
189
196
239
245
243
237
241
234
194
184
189
198
233
243
246
244
244
244
244
244
249
239
197
189
188
164
238
249
244
244
244
248
240
197
186
188
192
225
245
246
244
244
244
244
244
248
238
216
34
25
40
226
249
253
253
238
245
238
252
246
244
244
244
244
244
244
244
244
244
244
244
244
244
244
244
244
244
246
252
238
245
238
252
244
244
244
248
237
195
186
194
201
243
248
244
244
244
244
245
249
241
196
186
190
197
241
249
248
244
244
248
240
199
193
240
249
245
245
244
246
243
235
192
189
194
211
33
32
61
245
251
248
245
240
238
244
253
238
245
238
252
246
244
244
244
246
243
228
194
190
188
202
241
250
248
248
250
244
208
191
190
186
201
243
248
245
244
244
244
244
249
239
199
188
182
189
234
250
245
246
248
252
242
204
187
187
196
238
249
245
244
244
244
244
244
249
245
61
34
34
226
249
253
253
249
216
61
208
238
248
244
244
244
244
244
244
244
244
244
244
244
244
244
244
244
244
246
252
249
216
61
208
238
244
244
244
247
241
197
187
188
233
242
247
244
244
244
244
244
247
242
208
191
186
192
203
242
247
244
244
248
238
193
192
237
249
244
244
244
248
241
184
189
191
197
55
37
29
216
238
248
245
246
247
247
246
247
248
249
248
246
244
244
244
244
246
243
199
195
190
189
201
239
249
244
244
246
243
242
237
198
189
190
236
246
246
244
244
244
244
248
236
193
185
188
197
238
248
249
253
238
249
234
210
190
187
197
238
248
244
244
244
244
244
244
248
238
208
61
216
249
252
249
238
216
28
32
61
245
249
244
244
244
244
244
244
244
244
244
244
244
244
244
244
244
244
248
238
216
28
32
61
245
244
244
244
246
245
229
191
188
199
243
248
244
244
244
244
244
245
245
241
198
190
185
201
239
249
245
244
247
242
192
197
237
249
244
244
244
249
235
194
184
193
190
195
62
217
249
252
246
244
244
244
244
244
244
244
244
244
244
244
244
244
244
245
243
235
197
188
188
198
238
249
244
244
245
246
248
248
237
192
188
199
242
246
245
244
244
244
247
240
188
185
189
192
198
242
251
249
216
65
203
199
190
190
201
243
248
244
244
244
244
244
244
246
252
238
245
238
252
246
249
245
61
32
28
216
238
248
244
244
244
244
244
244
244
244
244
244
244
244
244
244
244
244
249
245
61
32
28
216
238
244
244
244
245
248
239
197
182
196
237
248
244
244
244
244
244
244
246
247
236
193
184
194
237
246
246
244
246
246
232
200
236
248
245
244
244
249
239
198
188
191
204
209
243
240
252
246
244
244
244
244
244
244
244
244
244
244
244
244
244
244
244
245
248
245
206
191
186
198
240
249
245
244
244
244
245
249
240
197
184
190
215
242
247
244
244
244
246
242
239
195
190
188
190
208
236
219
29
38
57
199
192
191
235
242
247
244
244
244
244
244
244
244
246
248
249
248
246
244
248
238
208
61
216
249
252
246
244
244
244
244
244
244
244
244
244
244
244
244
244
244
244
244
248
238
208
61
216
249
252
244
244
244
244
249
239
197
182
197
239
249
244
244
244
244
244
244
245
249
239
199
186
190
199
244
248
245
245
249
237
199
225
244
246
244
244
248
238
199
187
190
196
218
250
249
246
244
244
244
244
244
244
244
244
244
244
244
244
244
244
244
244
244
245
245
236
194
184
195
239
248
247
245
244
244
244
249
239
198
185
188
194
239
248
244
244
244
245
247
247
238
193
187
189
208
239
64
36
28
207
186
191
193
208
244
247
244
244
244
244
244
244
244
244
244
244
244
244
244
246
252
238
245
238
252
246
244
244
244
244
244
244
244
244
244
244
244
244
244
244
244
244
244
246
252
238
245
238
252
246
244
244
244
244
249
239
197
179
200
240
249
245
244
244
244
244
244
244
247
242
204
192
185
191
236
245
246
244
249
237
196
192
242
249
247
247
249
241
198
188
188
196
238
247
249
247
246
245
244
244
244
244
244
244
244
244
244
244
244
244
244
244
244
245
249
239
196
185
192
200
241
245
247
245
244
245
249
240
200
188
188
196
237
249
244
244
244
244
245
248
244
203
191
188
198
220
207
64
213
190
200
193
191
206
243
246
244
244
244
244
244
244
244
244
244
244
244
244
244
244
246
248
249
248
246
244
244
244
244
244
244
244
244
244
244
244
244
244
244
244
244
244
244
244
246
248
249
248
246
244
244
244
244
244
248
239
196
183
194
236
246
245
244
244
244
244
244
244
246
245
237
196
186
189
204
243
247
244
248
236
190
190
241
249
242
239
246
246
221
191
188
194
206
239
238
241
245
249
248
247
246
245
244
244
244
244
244
244
244
244
244
244
244
244
247
242
201
190
187
191
201
242
245
247
245
246
246
239
197
190
187
198
239
249
244
244
244
244
244
246
246
236
194
186
193
205
210
248
231
201
184
189
196
237
246
245
244
244
244
244
244
244
244
244
244
244
244
244
244
244
244
244
244
244
244
244
244
244
244
244
244
244
244
244
244
244
244
244
244
244
244
244
244
244
244
244
244
244
244
244
244
244
248
249
251
241
196
184
190
204
243
247
244
244
244
244
244
244
245
249
239
199
186
186
196
240
249
245
248
243
192
194
236
240
199
194
225
244
241
196
188
190
193
195
196
196
237
242
237
240
241
246
244
244
244
244
244
244
244
244
244
244
244
244
246
244
240
198
193
187
192
199
241
246
249
247
242
199
195
189
186
197
238
248
244
244
244
244
244
245
249
240
199
187
188
192
214
251
246
200
186
189
199
241
249
245
244
244
244
244
244
244
244
244
244
244
244
244
244
244
244
244
244
244
244
244
244
244
244
244
244
244
244
244
244
244
244
244
244
244
244
244
244
244
244
244
244
244
244
244
244
244
236
245
241
251
209
189
188
211
241
247
244
244
244
244
244
244
244
249
238
194
187
189
187
236
246
248
249
243
234
194
195
194
187
182
185
247
249
202
190
192
190
189
185
189
194
209
202
191
241
249
246
245
244
244
244
244
244
244
244
244
244
244
245
247
247
236
193
187
189
189
195
241
245
244
208
191
188
190
192
203
241
247
244
244
244
244
244
244
247
243
203
191
189
190
195
243
240
201
187
189
205
240
247
244
244
244
244
244
244
244
244
244
244
244
244
244
244
244
244
244
244
244
244
244
244
244
244
244
244
244
244
244
244
244
244
244
244
244
244
244
244
244
244
244
244
244
244
244
244
244
208
61
209
241
241
193
187
210
242
248
245
244
244
244
244
244
244
249
239
197
186
192
188
184
239
247
243
237
197
192
185
191
193
197
221
237
239
190
192
190
189
191
191
188
190
191
189
194
222
243
244
246
245
244
244
244
244
244
244
244
244
244
244
245
248
243
200
191
190
188
190
197
236
207
191
190
190
194
200
241
244
246
244
244
244
244
244
244
246
245
235
191
186
190
194
193
232
196
185
193
212
244
246
244
244
244
244
244
244
244
244
244
244
244
244
244
244
244
244
244
244
244
244
244
244
244
244
244
244
244
244
244
244
244
244
244
244
244
244
244
244
244
244
244
244
244
244
244
244
244
30
32
62
249
245
196
186
193
228
244
246
244
244
244
244
244
244
248
238
201
185
192
189
173
237
246
203
191
192
187
192
197
238
250
247
219
57
166
189
196
192
189
191
190
190
190
190
193
195
205
241
246
247
245
244
244
244
244
244
244
244
244
244
244
246
246
238
197
188
191
188
192
192
193
190
191
188
194
237
246
247
245
244
244
244
244
244
244
245
248
243
198
190
192
191
193
178
190
188
196
237
247
245
244
244
244
244
244
244
244
244
244
244
244
244
244
244
244
244
244
244
244
244
244
244
244
244
244
244
244
244
244
244
244
244
244
244
244
244
244
244
244
244
244
244
244
244
244
244
34
30
28
216
242
245
196
187
191
199
243
248
245
244
244
244
244
244
247
242
198
189
193
187
203
239
242
193
182
187
185
191
226
251
244
218
31
31
56
238
242
203
203
197
199
193
189
188
187
189
192
200
240
244
246
244
244
244
244
244
244
244
244
244
244
246
249
240
194
189
191
191
190
189
188
191
192
190
195
232
249
247
245
244
244
244
244
244
244
244
246
246
236
193
189
194
196
186
192
184
196
238
249
244
244
244
244
244
244
244
244
244
244
244
244
244
244
244
244
244
244
244
244
244
244
244
244
244
244
244
244
244
244
244
244
244
244
244
244
244
244
244
244
244
244
244
244
244
244
244
244
63
216
249
253
246
223
191
188
195
236
245
246
244
244
244
244
244
246
245
235
193
189
188
196
244
242
194
187
196
192
199
239
253
246
61
33
30
219
244
249
243
239
238
219
223
205
194
192
189
190
191
199
242
247
245
244
244
244
244
244
244
244
244
245
248
245
216
191
187
190
190
196
193
194
192
192
188
193
212
242
245
247
245
244
244
244
244
244
244
245
249
237
193
187
189
198
230
196
189
198
241
248
244
244
244
244
244
244
244
244
244
244
244
244
244
244
244
244
244
244
244
244
244
244
244
244
244
244
244
244
244
244
244
244
244
244
244
244
244
244
244
244
244
244
244
244
244
244
244
244
236
238
252
247
249
239
197
187
192
198
242
247
244
244
244
244
244
245
249
241
198
188
187
196
242
245
201
200
240
233
201
238
253
244
210
61
216
249
253
247
247
248
247
246
242
243
237
199
191
187
188
192
224
243
246
244
244
244
244
244
244
244
244
246
246
238
194
188
190
190
192
206
238
199
190
188
188
191
193
197
241
247
248
246
245
244
244
244
244
244
247
240
196
190
187
197
216
196
191
229
245
247
244
244
244
244
244
246
248
249
248
246
244
244
244
244
244
244
244
244
244
244
244
244
244
244
244
244
244
244
244
244
244
244
244
244
244
244
244
244
244
244
244
244
244
244
244
244
244
244
248
248
246
244
249
239
197
189
186
203
238
248
244
244
244
244
244
244
249
239
204
189
186
207
241
247
239
240
249
242
206
188
243
250
249
247
238
252
246
244
244
244
245
246
247
249
247
241
198
190
188
190
198
242
249
245
244
244
244
244
244
244
245
245
241
197
192
190
190
187
198
244
251
245
201
192
191
189
188
189
196
237
242
244
247
245
244
244
244
244
246
244
240
198
190
192
192
191
192
230
245
247
244
244
244
244
246
252
238
245
238
252
246
244
244
244
244
244
244
244
244
244
244
244
244
244
244
244
244
244
244
244
244
244
244
244
244
244
244
244
244
244
244
244
244
244
244
244
244
244
244
244
244
244
249
238
197
186
189
200
240
248
244
244
244
244
244
245
247
240
200
189
190
202
242
249
247
247
250
250
200
168
55
213
242
252
248
246
244
244
244
244
244
244
244
245
247
246
241
199
192
188
194
235
245
246
244
244
244
244
244
245
248
244
210
190
189
189
193
197
234
239
249
237
251
238
197
189
187
186
190
194
203
239
246
247
245
244
244
244
245
247
248
237
194
188
192
188
191
205
243
247
244
244
244
246
252
249
216
61
208
238
248
244
244
244
244
244
244
244
244
244
244
244
244
244
244
244
244
244
244
244
244
244
244
244
244
244
244
244
244
244
244
244
244
244
244
244
244
244
244
244
244
244
249
238
193
186
188
198
239
248
244
244
244
244
244
246
244
221
192
190
189
208
241
248
244
244
249
236
212
24
33
65
246
250
244
244
244
244
244
244
244
244
244
244
245
247
247
237
195
187
191
199
242
247
244
244
244
244
244
246
245
237
197
190
188
191
203
248
248
216
63
210
243
250
241
205
197
193
188
184
189
196
240
245
247
245
244
244
244
245
249
237
194
185
193
189
183
201
237
248
244
244
244
248
238
216
28
32
61
245
249
244
244
244
244
244
244
244
244
244
244
244
244
244
244
244
244
244
244
244
244
244
244
244
244
244
244
244
244
244
244
244
244
244
244
244
244
244
244
244
244
244
249
236
194
185
187
201
241
251
247
246
245
245
246
249
242
200
187
191
185
197
236
249
244
244
250
247
66
34
25
212
237
249
244
244
244
244
244
244
244
244
244
244
244
245
249
240
198
188
187
196
237
248
244
244
244
244
244
247
242
204
193
189
192
201
246
240
219
29
32
61
245
251
244
242
239
223
193
189
188
190
197
240
244
246
244
244
244
244
248
241
187
189
192
189
189
185
241
248
244
244
244
249
245
61
32
28
216
238
248
244
244
244
244
244
244
244
244
244
244
244
244
244
244
244
244
244
244
244
244
244
244
244
244
244
244
244
244
244
244
244
244
244
244
244
244
244
244
244
244
244
249
234
188
184
188
196
234
240
242
245
249
249
246
245
235
195
187
191
183
173
235
249
244
244
248
239
206
52
165
207
249
249
244
244
244
244
244
244
244
244
244
244
244
244
248
237
195
186
188
198
240
249
245
244
244
244
244
248
241
203
190
188
192
237
251
247
62
32
28
216
238
249
246
247
249
245
228
198
191
189
190
203
243
248
245
244
244
244
246
244
234
193
190
189
191
235
244
246
244
244
244
248
238
208
61
216
249
252
246
244
244
244
244
244
244
244
244
244
244
244
244
244
244
244
244
244
244
244
244
244
244
244
244
244
244
244
244
244
244
244
244
244
244
244
244
244
244
244
244
244
248
240
185
187
188
192
195
196
195
236
241
238
225
213
203
193
188
190
188
195
238
248
244
244
246
253
240
200
181
203
241
249
245
244
244
244
244
244
244
244
244
244
244
244
247
242
203
191
185
192
234
245
245
244
244
244
245
247
241
211
191
190
204
243
253
239
208
61
216
249
252
246
244
244
245
247
246
228
196
189
188
193
236
245
246
244
244
244
245
249
241
199
189
189
203
249
254
251
248
246
244
246
252
238
245
238
252
246
244
244
244
244
244
244
244
244
244
244
244
244
244
244
244
244
244
244
244
244
244
244
244
244
244
244
244
244
244
244
244
244
244
244
244
244
244
244
244
244
244
244
246
243
239
195
193
190
188
184
188
193
201
196
192
193
191
190
188
193
203
238
244
246
244
244
244
247
248
240
196
195
242
248
247
244
244
244
244
244
244
244
244
244
244
244
246
247
238
195
185
196
202
247
246
244
244
244
247
243
221
199
197
184
210
236
255
253
238
245
238
252
246
244
244
244
244
245
249
241
201
188
191
190
198
242
247
244
244
244
244
247
240
208
190
194
190
243
230
250
238
252
246
244
246
248
249
248
246
244
244
244
244
244
244
244
244
244
244
244
244
244
244
244
244
244
244
244
244
244
244
244
244
244
244
244
244
244
244
244
244
244
244
244
244
244
244
244
244
244
244
244
245
248
246
237
193
188
193
190
189
187
190
188
187
190
192
190
187
194
237
247
246
245
244
244
244
245
249
242
204
183
205
239
253
246
244
244
244
244
244
244
244
244
244
244
246
247
238
194
188
189
231
241
247
244
244
244
248
239
194
195
194
170
58
211
241
250
248
249
248
246
244
244
244
244
244
244
248
240
200
187
190
185
195
237
248
244
244
244
244
246
243
216
200
190
171
73
193
71
208
238
248
244
244
244
244
244
244
244
244
244
244
244
244
244
244
244
244
244
244
244
244
244
244
244
244
244
244
244
244
244
244
244
244
244
244
244
244
244
244
244
244
244
244
244
244
244
244
244
244
244
244
246
243
224
191
187
189
192
187
188
188
189
188
190
192
189
189
198
243
248
245
244
244
244
244
244
249
247
200
163
56
209
241
249
244
244
244
244
244
244
244
244
244
244
248
243
201
190
187
191
200
242
247
244
244
244
249
232
189
177
170
29
30
61
241
251
244
244
244
244
244
244
244
244
244
244
248
242
208
191
189
185
197
237
248
244
244
244
244
245
247
240
191
166
30
31
9
42
61
245
249
244
246
248
249
248
246
244
244
244
244
244
244
244
244
244
244
244
244
244
244
244
244
244
244
244
244
244
244
244
244
244
244
244
244
244
244
244
244
244
244
244
244
244
244
244
244
244
244
244
244
246
244
213
206
204
203
209
214
215
215
211
214
207
208
210
211
253
255
255
255
255
255
255
255
255
255
249
196
33
42
75
254
255
255
255
255
255
255
255
255
255
255
255
255
250
209
202
202
206
217
255
255
255
255
255
255
254
197
202
68
46
38
181
249
255
255
255
255
255
255
255
255
255
255
255
255
254
237
207
202
205
217
255
255
255
255
255
255
255
255
255
213
63
59
30
52
52
234
254
255
255
255
245
249
245
255
255
255
255
255
255
255
255
255
255
255
255
255
255
255
255
255
255
255
255
255
255
255
255
255
255
255
255
255
255
255
255
253
249
246
244
244
244
244
244
244
244
244
244
244
245
247
229
208
155
155
165
196
198
196
193
165
191
157
158
198
203
205
203
202
202
202
202
202
202
210
196
38
7
6
129
193
208
202
202
202
202
202
202
203
204
205
207
207
177
162
157
157
157
197
202
204
202
202
202
204
199
198
150
131
21
134
165
209
210
204
203
202
202
202
202
203
204
205
207
208
193
165
160
157
160
198
202
204
202
202
202
202
202
206
203
159
127
31
151
35
175
207
212
206
208
220
203
69
194
210
202
202
202
202
202
202
202
202
202
202
202
202
202
202
202
202
202
202
202
202
202
202
202
202
202
202
202
202
202
202
198
216
230
248
244
244
244
244
244
244
244
244
244
244
245
251
242
89
70
67
76
83
90
89
83
85
80
80
79
83
85
84
83
83
83
83
83
83
83
88
73
59
43
55
73
86
89
84
83
83
83
83
84
83
82
78
78
75
72
69
67
70
76
84
86
84
83
83
83
84
87
82
83
63
70
65
81
75
81
84
89
88
88
88
88
89
84
81
75
76
73
69
67
66
74
79
87
84
83
83
83
83
84
86
82
81
64
83
67
89
77
93
85
87
71
62
21
44
52
91
83
83
83
83
83
83
83
83
83
83
83
83
83
83
83
83
83
83
83
83
83
83
83
83
83
83
83
83
83
83
77
91
237
249
244
244
244
244
244
244
244
244
244
244
244
248
233
213
160
155
158
190
201
204
203
204
205
205
204
204
203
202
202
202
202
202
202
202
202
204
211
210
176
166
163
200
204
207
206
207
207
207
208
203
181
161
155
158
164
160
160
165
205
205
203
202
202
202
202
202
204
203
169
165
162
159
160
154
157
195
198
196
196
196
196
198
194
159
152
154
157
154
158
161
173
201
204
202
202
202
202
202
204
201
189
156
164
208
213
210
206
204
202
208
199
32
19
36
203
210
202
202
202
202
202
202
202
202
202
202
202
202
202
202
202
202
202
202
202
202
202
202
202
202
202
202
202
202
202
202
198
216
230
248
244
244
244
244
244
244
244
244
244
244
244
246
251
250
215
203
204
216
254
255
255
255
255
255
255
255
255
255
255
255
255
255
255
255
255
255
255
253
215
198
204
218
253
255
253
254
254
254
255
251
217
207
212
201
204
196
214
250
255
255
255
255
255
255
255
255
255
255
253
215
206
201
202
203
207
212
216
215
217
219
217
219
212
206
201
197
201
204
216
249
254
255
255
255
255
255
255
255
255
255
217
202
212
253
255
255
255
255
255
255
253
220
67
220
253
255
255
255
255
255
255
255
255
255
255
255
255
255
255
255
255
255
255
255
255
255
255
255
255
255
255
255
255
255
255
255
255
253
249
246
244
244
244
244
244
244
244
244
244
244
244
244
246
245
228
193
183
197
239
249
245
244
244
244
244
244
244
244
244
244
244
244
244
244
244
244
249
232
179
182
191
202
236
206
195
199
198
198
198
195
196
196
193
172
51
162
193
246
248
245
244
244
244
244
244
244
245
247
245
241
207
195
190
188
189
187
186
186
186
185
184
183
184
188
193
195
187
234
244
245
248
246
245
244
244
244
244
246
245
236
193
182
196
238
248
244
244
244
244
246
252
238
245
238
252
246
244
244
244
244
244
244
244
244
244
244
244
244
244
244
244
244
244
244
244
244
244
244
244
244
244
244
244
244
244
244
244
244
244
244
244
244
244
244
244
244
244
244
244
244
244
244
245
248
239
196
183
193
237
246
246
244
244
244
244
244
244
244
244
244
244
244
244
244
244
244
248
237
174
192
235
246
235
199
185
185
188
188
188
188
192
185
167
26
31
57
238
248
246
244
244
244
244
244
244
244
244
245
246
245
244
237
210
197
191
185
185
190
194
198
199
200
194
198
236
237
241
244
248
246
245
244
244
244
244
245
246
249
245
204
190
186
197
240
248
244
244
244
244
244
246
248
249
248
246
244
244
244
244
244
244
244
244
244
244
244
244
244
244
244
244
244
244
244
244
244
244
244
244
244
244
244
244
244
244
244
244
244
244
244
244
244
244
244
244
244
244
244
244
244
244
244
244
248
238
195
184
190
203
244
248
245
244
244
244
244
244
244
244
244
244
244
244
244
244
244
247
239
237
237
246
251
239
198
186
191
191
189
188
185
197
199
56
34
32
219
241
249
245
244
246
248
249
248
246
244
244
244
244
245
248
246
246
241
209
200
197
199
236
240
239
239
238
242
246
249
248
246
245
244
244
244
244
244
244
246
242
242
231
194
185
191
218
244
248
248
249
248
246
244
244
244
244
244
244
244
244
244
244
244
244
244
244
244
244
244
244
244
244
244
244
244
244
244
244
244
244
244
244
244
244
244
244
244
244
244
244
244
244
244
244
244
244
244
244
244
244
244
244
244
244
244
244
247
242
202
189
186
194
236
245
246
244
244
244
244
244
244
244
244
244
244
244
244
244
244
245
246
248
247
246
248
242
200
187
187
192
194
198
196
206
234
209
64
216
249
252
246
244
246
252
238
245
238
252
246
244
244
244
244
244
247
254
239
243
232
248
244
246
249
249
249
248
247
246
245
244
244
244
244
244
244
244
244
244
247
241
202
193
191
189
198
241
248
253
238
245
238
252
246
244
244
244
244
244
244
244
244
244
244
244
244
244
244
244
244
244
244
244
244
244
244
244
244
244
244
244
244
244
244
244
244
244
244
244
244
244
244
244
244
244
244
244
244
244
244
244
244
244
244
244
244
244
246
246
237
193
183
191
199
244
248
245
244
244
244
244
244
244
244
244
244
244
244
244
244
244
244
244
244
244
246
244
238
200
194
201
236
240
238
243
252
241
245
238
252
246
244
246
252
249
216
61
208
238
248
244
244
244
244
246
252
249
217
64
212
242
250
246
245
244
244
244
244
244
244
244
244
244
244
246
248
249
248
246
247
236
197
182
185
192
227
247
254
249
216
61
208
238
248
244
244
244
244
244
244
244
244
244
244
244
244
244
244
244
244
244
244
244
244
244
244
244
244
244
244
244
244
244
244
244
244
244
244
244
244
244
244
244
244
244
244
244
244
244
244
244
244
244
244
244
244
244
245
249
239
197
183
186
192
234
245
246
244
244
244
244
244
244
244
244
244
244
244
244
244
244
244
244
244
244
245
247
244
242
236
242
246
249
248
247
248
249
249
248
246
244
244
248
238
216
28
32
61
245
249
244
244
244
244
248
238
216
28
32
61
245
249
244
244
244
244
244
244
244
244
244
244
244
246
252
238
245
238
252
249
242
205
196
197
205
242
250
239
216
28
32
61
245
249
244
244
244
244
244
244
244
244
244
244
244
244
244
244
244
244
244
244
244
244
244
244
244
244
244
244
244
244
244
244
244
244
244
244
244
244
244
244
244
244
244
244
244
244
244
244
244
244
244
244
244
244
244
244
248
236
194
185
187
190
197
241
247
244
246
248
249
248
246
244
244
244
244
244
244
244
244
244
244
244
244
244
245
246
247
248
247
246
245
244
244
244
244
244
244
244
244
244
249
245
61
32
28
216
238
248
244
244
244
244
249
245
61
32
28
216
238
248
244
244
244
244
244
244
244
244
244
244
246
252
249
216
61
208
238
249
243
240
237
238
240
243
251
245
61
32
28
216
238
248
244
244
244
244
244
244
244
244
244
244
244
244
244
244
244
244
244
244
244
244
244
244
244
244
244
244
244
244
244
244
244
244
244
244
244
244
244
244
244
244
244
244
244
244
244
244
244
244
244
244
244
244
244
244
247
241
202
190
187
181
192
234
248
246
252
238
245
238
252
246
244
244
244
244
244
244
244
244
244
244
244
244
244
244
244
244
244
244
244
244
244
244
244
244
244
244
244
244
248
238
208
61
216
249
252
246
244
244
244
244
248
238
208
61
216
249
252
246
244
244
244
244
244
244
244
244
244
244
248
238
216
28
32
61
245
250
246
247
248
248
247
246
249
238
208
61
216
249
252
246
244
244
244
244
244
244
244
244
244
244
244
244
244
244
244
244
244
244
244
244
244
244
244
244
244
244
244
244
244
244
244
244
244
244
244
244
244
244
244
244
244
244
244
244
244
244
244
244
244
244
244
244
244
244
246
243
242
234
198
193
200
241
249
252
249
216
61
208
238
248
244
244
244
244
244
244
244
244
244
244
244
244
244
244
244
244
244
244
244
244
244
244
244
244
244
244
244
244
246
252
238
245
238
252
246
244
244
244
244
244
246
252
238
245
238
252
246
244
244
244
244
244
244
244
244
244
244
244
249
245
61
32
28
216
238
248
244
244
244
244
244
244
246
252
238
245
238
252
246
244
244
244
244
244
244
244
244
244
244
244
244
244
244
244
244
244
244
244
244
244
244
244
244
244
244
244
244
244
244
244
244
244
244
244
244
244
244
244
244
244
244
244
244
244
244
244
244
244
244
244
244
244
244
244
245
246
248
245
243
235
241
242
248
247
230
50
38
59
236
248
244
244
244
244
244
244
244
244
244
244
244
244
244
244
244
244
244
244
244
244
244
244
244
244
244
244
244
244
244
246
248
249
248
246
244
244
244
244
244
244
244
246
248
249
248
246
244
244
244
244
244
244
244
244
244
244
244
244
248
236
204
55
212
247
252
246
244
244
244
244
244
244
244
246
248
249
248
246
244
244
244
244
244
244
244
244
244
244
244
244
244
244
244
244
244
244
244
244
244
244
244
244
244
244
244
244
244
244
244
244
244
244
244
244
244
244
244
244
244
244
244
244
244
244
244
244
244
244
244
244
244
244
244
244
244
244
244
244
244
244
244
244
244
244
34
34
34
244
244
244
244
244
244
244
244
244
244
244
244
244
244
244
244
244
244
244
244
244
244
244
244
244
244
244
244
244
244
244
244
244
244
244
244
244
244
244
244
244
244
244
244
244
244
244
244
244
244
244
244
244
244
244
244
244
244
244
244
244
244
244
244
244
244
244
244
244
244
244
244
244
244
244
244
244
244
244
244
244
244
244
244
244
244
244
244
244
244
244
244
244
244
244
244
244
244
244
244
244
244
244
244
244
244
244
244
244
244
244
244
244
244
244
244
244
244
244
244
244
244
244
244
244
244
244
