250
250
250
250
250
250
250
250
250
250
250
250
250
250
250
250
250
250
250
250
250
250
250
250
250
250
250
250
250
250
250
250
250
250
250
250
250
250
250
250
250
250
250
250
250
250
250
250
250
250
250
250
250
250
250
250
250
250
250
250
250
250
250
250
250
250
250
250
250
250
250
250
250
250
250
250
250
250
250
250
76
250
250
250
250
250
250
250
250
250
250
250
250
250
250
250
250
250
250
250
250
250
250
250
250
250
250
250
250
250
250
250
250
250
250
250
250
250
250
250
250
250
250
250
250
250
250
250
250
250
250
250
250
250
250
250
250
250
250
250
250
250
250
250
250
250
250
250
250
250
250
250
250
250
250
250
250
250
250
250
250
250
250
250
250
250
250
250
250
250
250
250
250
250
250
250
250
250
250
250
250
250
250
250
250
250
250
250
250
250
250
250
250
250
250
250
250
250
250
250
250
250
250
250
250
250
250
250
250
250
250
250
250
250
250
250
252
255
245
250
245
255
252
250
250
250
253
243
220
72
72
100
243
253
250
250
250
250
250
250
250
250
250
250
250
250
250
250
250
250
250
250
250
250
250
251
254
250
241
240
246
253
250
250
250
250
250
250
250
250
250
250
250
250
250
250
250
250
250
250
252
253
254
253
252
250
250
250
250
250
250
250
250
250
250
250
250
250
250
250
250
250
250
250
250
250
250
250
250
250
250
250
250
250
250
250
250
250
250
250
250
250
250
250
250
250
250
250
250
250
250
250
250
250
250
250
250
250
250
251
253
254
255
255
255
255
254
253
251
250
250
250
250
250
250
250
250
250
250
250
250
250
250
250
250
252
255
253
227
98
220
245
253
250
250
250
254
250
98
74
71
227
245
253
250
250
250
250
250
250
250
250
250
250
250
250
250
250
250
250
250
250
250
250
251
254
252
240
158
167
243
254
250
250
250
250
250
250
250
250
250
250
250
250
250
250
250
250
250
252
255
245
250
245
255
252
250
250
250
250
250
250
250
250
250
250
250
250
250
250
250
250
250
250
250
250
250
250
250
250
250
250
250
250
250
250
250
250
250
250
250
250
250
250
250
250
250
250
250
250
250
250
250
250
250
250
250
250
251
254
250
244
236
239
238
233
239
245
252
250
250
250
250
250
250
250
250
250
250
250
250
250
250
250
250
253
245
227
71
74
98
250
254
250
250
250
253
245
220
98
227
253
255
252
250
250
250
250
250
250
250
250
250
250
250
250
250
250
250
250
250
250
250
250
253
250
240
154
137
155
235
255
250
250
250
250
250
250
250
250
250
250
250
250
250
250
250
250
252
255
253
227
98
220
245
253
250
250
250
250
250
250
250
250
250
250
250
250
250
250
250
250
250
250
250
250
250
250
250
250
250
250
250
250
250
250
250
250
250
250
250
250
250
250
250
250
250
250
250
250
250
250
250
252
253
254
253
253
254
252
241
163
158
160
155
157
169
249
253
250
250
250
250
250
250
250
251
252
253
252
251
250
250
250
250
254
250
98
74
71
227
245
253
250
250
250
252
255
245
250
245
255
252
250
250
250
250
250
250
250
250
250
250
250
250
250
250
250
250
250
250
250
250
251
255
247
165
144
137
163
242
255
253
253
254
253
252
250
250
250
250
250
250
250
250
250
250
250
253
245
227
71
74
98
250
254
250
250
250
250
250
250
250
250
250
250
250
250
250
250
250
250
250
250
250
250
250
250
250
250
250
250
250
250
250
250
250
250
250
250
251
253
254
254
253
252
251
250
250
250
250
250
252
255
245
250
246
255
253
243
158
144
134
141
144
157
232
247
252
250
250
250
250
250
250
251
254
248
251
248
254
251
250
250
250
253
245
220
98
227
253
255
252
250
250
250
250
252
253
254
253
252
252
253
254
253
252
250
250
250
250
250
250
250
250
250
250
250
250
250
250
250
251
254
254
234
152
141
144
155
235
253
255
245
250
245
255
252
250
250
250
250
250
250
250
250
250
250
254
250
98
74
71
227
245
253
250
250
250
250
250
250
250
250
250
250
250
250
250
250
250
250
250
250
250
250
250
250
250
250
250
250
250
250
250
250
250
250
251
253
255
251
247
235
247
250
253
251
250
250
250
252
255
253
227
98
223
244
243
155
147
141
148
157
233
248
249
254
251
250
250
250
250
250
250
253
250
235
163
235
250
253
250
250
250
252
255
245
250
245
255
252
250
250
250
250
250
250
250
250
250
252
255
245
250
245
255
252
250
250
250
250
250
250
250
250
250
250
250
250
250
251
254
252
244
159
150
148
147
147
163
253
255
227
98
220
245
253
250
250
250
250
250
250
250
250
250
250
253
245
220
98
227
253
255
252
250
250
250
250
250
250
250
250
250
250
250
250
250
250
250
250
250
250
250
250
250
250
250
250
250
250
250
250
250
250
251
253
255
251
248
233
165
166
162
238
251
254
251
250
250
253
245
227
71
74
104
243
166
143
140
148
162
243
253
255
253
251
250
250
250
250
250
250
251
255
247
163
144
159
244
254
250
250
250
250
252
253
254
253
252
250
250
250
250
250
250
250
250
250
252
255
253
227
98
220
245
253
250
250
250
250
250
250
250
250
250
250
250
250
250
253
248
240
156
144
142
148
148
138
160
231
235
71
74
98
250
254
250
250
250
250
250
250
250
250
250
250
252
255
245
250
245
255
252
250
250
250
250
250
250
250
250
250
250
250
250
250
250
250
250
250
250
250
250
250
250
250
250
250
250
250
250
250
250
251
254
249
247
232
167
152
149
138
142
142
242
251
254
251
250
254
250
98
74
72
237
234
163
137
151
171
244
252
253
251
250
250
250
250
250
250
250
250
253
251
233
150
128
153
233
255
250
250
250
250
250
250
250
250
250
250
250
250
250
250
250
250
250
250
253
245
227
71
74
98
250
254
250
250
250
250
250
250
250
250
250
250
250
251
252
255
248
163
143
152
154
158
146
141
166
239
106
74
71
227
245
253
250
250
250
250
250
250
250
250
250
250
250
252
253
254
253
252
250
250
250
250
250
250
250
250
250
250
250
250
250
250
250
250
250
250
250
250
250
250
250
250
250
250
250
250
250
250
251
254
252
240
164
152
150
142
146
148
143
147
152
240
249
253
250
253
245
220
98
230
254
244
156
137
157
238
254
253
251
250
250
250
250
250
250
250
250
250
254
245
165
146
144
152
244
254
250
250
250
250
250
250
250
250
250
250
250
250
250
250
250
250
250
250
254
250
98
74
71
227
245
253
250
250
250
250
250
250
250
250
250
250
251
253
251
251
229
149
131
160
218
156
140
139
163
234
229
98
227
253
255
252
250
250
250
250
250
250
250
250
250
250
250
250
250
250
250
250
250
250
250
250
250
250
250
250
250
250
250
250
250
250
250
250
250
250
250
250
250
250
250
250
250
250
250
250
251
253
255
254
243
155
144
139
143
145
146
147
149
146
143
156
244
254
250
252
255
245
250
250
253
173
148
139
162
242
255
251
250
250
250
250
250
250
250
250
250
251
255
239
159
137
152
234
251
253
250
250
250
250
250
250
250
250
250
250
250
250
250
250
250
250
250
250
253
245
220
98
227
253
255
252
250
250
250
250
250
250
250
250
250
250
253
248
242
191
152
154
148
179
240
172
149
138
163
246
253
250
245
255
252
250
250
250
250
250
250
250
250
250
250
250
250
250
250
250
250
250
250
250
250
250
250
250
250
250
250
250
250
250
250
250
250
250
250
250
250
250
250
250
250
250
250
250
251
252
255
251
248
234
159
146
150
150
152
149
150
156
146
148
137
157
235
255
250
250
252
253
254
255
238
160
139
138
159
237
255
250
250
250
250
250
250
250
250
250
250
253
252
234
154
133
161
239
255
251
250
250
250
250
250
250
250
250
250
250
250
250
250
250
250
250
250
250
252
255
245
250
245
255
253
254
255
255
255
254
253
251
250
250
250
251
255
246
167
143
145
157
233
248
247
238
153
136
164
244
255
254
253
252
250
250
250
250
250
250
250
250
250
250
250
250
250
250
250
250
250
250
250
250
250
250
250
250
250
250
250
250
250
250
250
250
250
250
250
250
250
252
253
254
253
252
250
251
254
249
250
235
171
148
144
130
152
222
169
174
225
158
142
148
142
163
241
255
251
250
250
250
250
255
239
162
140
147
162
245
254
250
250
250
250
250
250
250
250
250
251
255
247
167
146
142
152
244
254
250
250
250
250
250
250
250
250
250
250
250
250
250
250
250
250
250
250
250
250
252
253
254
254
255
251
245
237
239
237
245
251
255
253
252
253
255
255
235
149
134
153
238
254
255
255
243
164
136
153
232
249
252
250
250
250
250
250
250
250
250
250
250
250
250
250
250
250
250
250
250
250
250
250
250
250
250
250
250
250
250
250
250
250
250
250
250
250
250
250
250
252
255
245
250
245
255
253
254
250
238
165
174
148
145
156
157
164
241
250
249
245
171
150
149
145
155
235
252
253
250
250
250
250
255
241
172
137
154
234
251
253
250
250
250
250
250
250
250
250
251
254
254
234
151
136
151
233
249
252
250
250
250
250
250
250
250
250
250
250
250
250
250
250
250
250
250
250
250
250
250
250
253
246
244
230
163
158
164
160
165
233
246
247
254
247
245
235
160
144
145
188
250
254
251
255
239
164
139
156
169
253
253
250
250
250
250
250
250
250
250
250
250
250
250
250
250
250
250
250
250
250
250
250
250
250
250
250
250
250
250
250
250
250
250
250
250
250
250
250
252
255
253
227
98
220
245
254
250
239
142
148
146
144
157
231
241
242
248
255
255
254
236
157
145
147
149
167
246
254
250
250
250
250
255
241
170
136
162
241
255
251
250
250
250
250
250
250
250
251
254
251
244
160
145
144
177
248
255
251
250
250
250
250
250
250
250
250
250
250
250
250
250
250
250
250
250
250
250
250
250
251
255
246
170
146
145
140
141
139
148
150
179
247
255
246
172
149
147
145
162
244
252
252
250
255
238
162
137
147
228
243
253
250
250
250
250
250
250
250
250
250
250
250
250
250
250
250
250
250
250
250
250
250
250
250
250
250
252
253
254
253
252
250
250
250
250
250
250
250
253
245
227
71
74
98
250
255
244
162
145
143
146
140
165
244
255
254
253
251
251
255
242
164
142
148
139
159
237
255
250
250
250
250
255
240
166
134
160
239
255
254
255
255
255
254
253
251
250
253
250
241
154
145
149
163
247
253
253
250
250
250
250
250
250
250
250
250
250
250
250
250
250
250
250
250
250
250
250
250
251
254
254
234
150
138
147
146
145
142
140
138
150
238
254
239
151
133
139
156
237
253
253
251
250
255
238
158
139
151
170
248
254
250
250
250
250
250
250
250
250
250
250
250
250
250
250
250
250
250
250
250
250
250
250
250
250
252
255
245
250
245
255
252
250
250
250
250
250
250
255
253
108
86
80
232
246
255
238
160
140
148
144
145
165
245
254
250
250
252
253
255
239
157
138
148
141
163
239
255
250
251
253
254
255
244
163
136
163
246
255
245
236
239
233
241
244
253
251
255
247
165
145
142
153
227
246
252
254
251
250
250
250
250
250
250
250
250
250
250
250
250
250
250
250
250
250
250
250
251
254
252
243
159
151
146
145
151
156
165
155
148
145
162
233
163
147
141
141
180
249
254
251
250
250
255
238
157
138
139
159
236
255
250
250
250
250
250
250
250
250
250
250
250
250
250
250
250
250
250
250
250
250
250
250
250
252
255
253
227
98
220
245
253
250
250
250
250
250
250
255
243
208
67
208
243
255
255
238
164
140
146
151
148
243
251
253
250
252
255
245
254
237
169
147
147
141
163
239
255
253
255
250
244
242
231
158
138
158
234
240
164
159
161
158
158
243
254
253
250
232
151
142
148
156
158
167
243
254
255
253
251
250
250
250
250
250
250
250
250
250
250
250
250
250
250
250
250
250
253
250
240
156
146
145
147
152
165
240
246
236
157
145
151
140
119
135
151
159
240
250
252
250
250
250
255
238
158
140
140
156
237
255
250
250
250
250
250
250
250
250
250
250
250
250
250
250
250
250
250
250
250
250
250
250
250
253
245
227
71
74
98
250
254
250
250
250
250
250
250
246
232
80
86
108
253
255
254
246
169
149
144
149
232
247
255
251
252
255
253
227
102
219
211
154
142
142
165
238
255
246
246
231
161
158
157
154
143
153
160
157
147
140
141
131
163
233
255
255
248
164
148
147
149
147
142
145
158
234
247
250
254
251
250
250
250
250
250
250
250
250
250
250
250
250
250
250
250
250
254
243
164
144
145
149
148
150
235
252
255
254
235
149
139
135
111
147
175
244
250
252
251
250
250
250
255
240
166
140
148
171
245
254
250
250
250
250
250
250
250
250
250
250
250
250
250
250
250
250
250
250
250
250
250
250
250
254
250
98
74
71
227
245
253
250
250
250
250
250
250
250
98
74
71
227
245
253
253
251
233
153
141
150
174
248
254
250
253
245
227
71
75
103
247
171
150
140
164
239
255
243
169
147
148
139
144
148
150
149
146
146
147
148
145
145
159
246
255
251
232
150
141
145
141
143
141
140
144
149
166
241
251
254
251
250
250
250
250
250
250
250
250
250
250
250
250
250
250
250
255
235
150
138
150
154
145
151
168
254
255
255
248
180
154
149
140
169
242
253
252
251
250
250
250
250
255
240
176
136
154
236
252
253
250
250
250
250
250
250
250
250
250
250
250
250
250
250
250
250
250
250
250
250
250
250
250
253
245
220
98
227
253
255
252
250
250
250
250
250
250
245
220
98
227
253
255
252
251
255
248
164
148
138
161
240
255
251
254
250
98
74
71
231
250
241
156
135
159
237
255
233
151
128
142
145
152
147
148
145
147
143
142
142
145
148
238
249
255
248
168
148
143
151
151
154
170
164
152
143
141
156
241
250
253
250
250
250
250
250
250
250
250
250
250
250
250
250
250
250
255
237
158
142
153
150
139
78
143
223
248
248
250
249
230
158
140
168
244
255
251
250
250
250
250
250
255
244
169
140
162
241
255
251
250
250
250
250
250
250
250
250
250
250
250
250
250
250
250
250
250
250
250
250
250
250
250
252
255
245
250
245
255
252
250
250
250
250
250
250
250
255
245
250
245
255
252
250
250
253
251
232
150
136
154
235
251
253
253
245
220
98
227
254
255
240
155
143
165
246
255
242
171
145
158
155
156
137
82
142
154
162
168
167
170
241
252
255
254
234
153
139
150
161
235
242
239
243
237
161
146
143
166
247
255
251
250
250
250
250
250
250
250
250
250
250
250
250
250
250
255
238
163
144
149
141
73
71
87
151
172
246
255
255
244
168
135
162
239
255
250
250
250
250
250
250
254
241
188
136
161
239
255
250
250
250
250
250
250
250
250
250
250
250
250
250
250
250
250
250
250
250
250
250
250
250
250
250
252
253
254
253
252
250
250
250
250
250
250
250
250
252
253
254
253
252
250
250
250
251
255
247
161
145
145
163
245
254
252
255
245
250
245
255
249
173
144
153
235
252
254
247
244
229
180
223
154
68
69
93
230
246
240
239
246
250
255
251
241
158
150
141
155
237
254
255
255
255
255
237
154
135
150
233
251
253
250
250
250
250
250
250
250
250
250
250
250
250
250
250
255
240
164
147
149
83
78
79
141
131
150
233
253
255
239
161
130
161
238
255
250
250
250
250
250
250
255
245
169
140
162
239
255
250
250
250
250
250
250
250
250
250
250
250
250
250
250
250
250
250
250
250
250
250
250
250
250
250
250
250
250
250
250
250
250
250
250
250
250
250
250
250
250
250
250
250
250
250
250
250
253
251
234
152
135
159
239
255
251
252
253
254
253
255
240
171
134
163
241
255
252
253
255
249
255
237
103
68
66
155
242
255
255
255
254
254
255
249
165
144
141
139
161
240
255
251
250
251
255
248
176
146
145
167
248
255
251
250
250
250
250
250
250
250
250
250
250
250
250
251
255
242
169
146
139
64
81
216
169
152
150
161
243
255
243
151
131
161
238
255
250
250
250
250
250
250
255
240
183
134
160
239
255
250
250
250
250
250
250
250
250
250
250
250
250
250
250
250
250
250
250
250
250
250
250
250
250
250
250
250
250
250
250
250
250
250
250
250
250
250
250
250
250
250
250
250
250
250
250
250
251
255
241
161
135
153
236
254
255
253
252
250
251
255
243
167
135
161
240
255
250
250
251
252
255
238
150
76
132
165
242
255
250
250
253
247
247
226
154
139
152
156
188
245
254
250
250
250
253
251
236
155
137
150
233
251
253
250
250
250
250
250
250
250
250
250
250
250
250
252
251
234
150
134
74
72
105
247
246
154
138
147
158
251
239
164
133
165
242
255
251
250
250
250
250
251
255
244
164
137
161
239
255
250
250
250
250
250
250
250
250
250
250
250
250
250
250
250
250
250
250
250
250
250
250
250
250
250
250
250
250
250
250
250
250
250
250
250
250
250
250
250
250
250
252
253
254
253
252
250
250
254
247
181
148
144
167
238
254
245
255
254
255
254
238
156
137
163
238
255
250
250
250
250
255
242
157
141
136
168
237
255
250
251
255
245
174
153
152
141
155
228
249
248
252
250
250
250
251
255
250
195
150
146
162
246
254
250
250
250
250
250
250
250
250
250
250
250
250
253
252
174
153
79
69
79
227
255
253
166
145
139
146
164
228
158
139
154
230
248
252
250
250
250
250
252
250
231
151
135
165
240
255
250
250
250
250
250
250
250
250
250
250
250
250
250
250
250
250
250
250
250
250
250
250
250
250
250
250
250
250
250
250
250
250
250
250
250
250
250
250
250
250
252
255
245
250
245
255
252
250
252
253
236
157
138
157
212
108
226
253
253
248
235
160
151
138
162
238
255
250
250
250
250
255
239
163
141
148
154
245
254
251
254
253
234
151
139
144
149
169
249
255
252
251
250
250
250
250
252
253
241
154
132
162
240
255
250
250
250
250
250
250
250
250
250
250
250
250
252
251
233
151
131
77
148
242
255
251
240
157
145
140
152
151
153
142
155
156
251
253
250
250
250
250
253
253
172
156
137
164
238
255
250
250
250
250
250
250
250
250
250
250
250
250
250
250
250
250
250
250
250
250
250
250
250
250
250
250
250
250
250
250
250
250
250
250
250
250
250
250
250
252
255
253
227
98
220
245
253
250
251
255
241
164
135
146
74
80
92
239
239
163
152
150
143
139
159
237
255
250
250
250
250
255
238
162
135
153
233
250
253
253
250
241
158
151
146
143
153
233
251
253
250
250
250
250
250
250
252
255
244
152
70
150
237
255
250
250
250
250
250
250
250
250
250
250
250
250
251
255
240
164
138
139
160
241
255
254
251
243
160
146
142
146
146
140
148
228
247
252
250
250
250
250
253
244
228
145
138
161
239
255
250
250
250
250
250
250
250
250
250
250
250
250
250
250
250
250
250
250
250
250
250
250
250
250
250
250
250
250
250
250
250
250
250
250
250
250
250
250
250
253
245
227
71
74
98
250
254
250
250
255
238
162
140
82
71
67
137
154
155
148
141
145
143
143
169
245
254
250
250
250
250
255
238
159
133
164
241
255
251
254
244
163
144
144
146
149
171
249
255
251
250
250
250
250
250
250
253
248
221
77
59
96
238
255
250
250
250
250
250
250
250
250
250
250
250
250
250
254
245
166
149
139
166
242
255
252
254
252
241
157
146
142
144
148
161
248
255
251
250
250
250
250
254
247
166
150
140
164
239
255
250
250
250
250
250
250
250
250
250
250
250
250
250
250
250
250
250
250
250
250
250
250
250
250
250
250
250
250
250
250
250
250
250
250
250
250
250
250
250
254
250
98
74
71
227
245
253
250
250
254
247
183
146
134
86
138
148
148
145
146
146
151
154
169
240
249
253
250
250
250
250
255
239
160
133
162
239
255
250
255
237
157
139
147
143
152
233
251
253
252
253
254
253
252
250
250
254
253
107
82
60
152
236
255
250
250
250
250
250
250
250
250
250
250
250
250
250
253
252
234
153
138
154
237
254
254
252
254
252
243
174
155
145
147
231
250
253
250
250
250
250
250
255
235
158
138
140
164
240
255
250
250
250
250
250
250
250
250
250
250
250
250
250
250
250
250
250
250
250
250
250
250
250
250
250
250
250
250
250
250
250
250
250
250
250
250
250
250
250
253
245
220
98
227
253
255
252
250
250
252
253
236
161
141
149
148
153
150
147
143
139
150
210
248
250
253
251
250
250
250
250
255
238
161
131
161
238
255
250
255
236
155
136
144
149
173
250
255
253
255
245
250
245
255
252
251
255
245
217
82
128
163
243
255
250
250
250
250
250
250
250
250
250
250
250
250
250
251
255
242
161
140
149
159
244
251
254
252
253
251
238
226
150
170
246
255
251
250
250
250
250
250
255
238
158
140
143
168
239
255
250
250
250
250
250
250
250
250
250
250
250
250
250
250
250
250
250
250
250
250
250
250
250
250
250
250
250
250
250
250
250
250
250
250
250
250
250
250
250
252
255
245
250
245
255
252
250
250
250
251
255
241
164
143
153
149
147
141
148
154
159
171
245
255
253
251
250
250
250
250
250
255
239
158
131
160
238
255
250
254
242
172
151
149
147
234
250
255
255
253
227
98
220
245
253
253
250
248
158
152
138
166
240
255
250
250
250
250
250
250
250
250
250
250
250
250
250
250
254
246
178
143
137
144
154
241
251
254
252
254
250
170
235
243
246
253
250
250
250
250
250
250
255
238
159
139
143
166
240
255
250
250
250
250
250
250
250
250
250
250
250
250
250
250
250
250
250
250
250
250
250
250
250
250
250
250
250
250
250
250
250
250
250
250
250
250
250
250
250
250
252
253
254
253
253
253
254
253
252
250
255
236
160
140
149
147
151
152
168
235
239
243
247
253
250
250
250
250
250
250
250
255
238
160
132
163
238
255
250
253
247
247
226
152
146
176
246
254
249
228
71
74
98
250
255
255
250
166
148
148
141
161
238
255
250
250
250
250
250
250
250
250
250
250
250
250
250
250
252
251
240
166
154
149
145
154
243
253
254
253
241
245
245
255
253
251
250
250
250
250
250
250
255
238
161
142
144
165
239
255
250
250
250
250
250
250
250
252
253
254
253
252
250
250
250
250
250
250
250
250
250
250
250
250
250
250
250
250
250
250
250
250
250
250
250
250
250
250
250
250
250
250
250
252
255
245
250
245
255
252
254
246
165
149
147
144
158
228
251
252
255
254
253
251
250
250
250
250
250
250
251
255
241
163
135
163
239
255
250
251
253
255
249
163
141
141
158
246
252
103
75
71
228
250
253
253
224
156
140
151
139
155
236
255
250
250
250
250
250
250
250
250
250
250
250
250
250
250
251
253
249
248
225
153
134
145
158
243
252
254
253
253
253
253
254
253
252
250
250
250
252
253
255
241
167
142
142
161
238
255
250
250
250
250
250
250
252
255
245
250
245
255
252
250
250
250
250
250
250
250
250
250
250
250
250
250
250
250
250
250
250
250
250
250
250
250
250
250
250
250
250
250
252
255
253
227
98
220
245
253
252
252
235
155
144
143
165
247
255
253
251
250
250
250
250
250
250
250
250
250
253
253
235
154
135
161
239
255
250
250
250
253
250
238
164
149
151
158
238
224
108
235
255
255
245
168
146
90
135
145
149
163
245
254
250
250
250
250
250
250
250
250
250
250
250
250
250
250
250
251
253
255
247
171
149
147
144
156
243
252
254
253
255
245
250
245
255
252
250
252
255
245
255
233
165
141
140
160
238
255
250
250
250
250
250
252
255
253
227
98
220
245
253
250
250
250
250
250
250
250
250
250
250
250
250
250
250
250
250
250
250
250
250
250
250
250
250
250
250
250
250
250
253
245
227
71
74
98
250
254
251
255
239
163
141
145
153
233
250
252
250
250
250
250
250
250
250
250
250
250
254
243
165
148
141
164
242
255
251
250
250
251
254
250
249
226
150
142
167
231
242
234
250
239
151
135
67
74
86
147
160
237
253
253
250
250
250
250
250
250
250
250
250
250
250
250
250
250
250
250
250
253
245
245
234
160
146
146
156
240
250
255
253
227
98
220
245
253
252
255
253
227
106
208
155
144
140
162
239
255
250
250
250
250
250
253
245
227
71
74
98
250
254
250
250
250
250
250
250
250
250
250
250
250
250
250
250
250
250
250
250
250
250
250
250
250
250
250
250
250
250
250
254
250
98
74
71
227
245
253
250
254
247
168
153
150
154
160
255
255
255
255
255
255
255
255
255
255
255
255
255
249
161
141
143
155
245
255
255
255
255
255
255
255
255
255
179
152
157
164
176
175
173
160
158
86
80
81
142
136
163
249
255
255
255
255
255
255
255
255
255
255
255
255
255
255
255
255
255
255
255
255
255
255
255
251
165
148
152
170
255
255
239
80
86
111
255
255
255
255
239
80
93
98
176
154
148
174
251
255
255
255
255
255
255
255
255
113
89
86
242
255
255
255
255
255
255
255
255
254
252
250
250
250
250
250
250
250
250
250
250
250
250
250
250
250
250
250
250
250
250
250
253
245
220
98
227
253
255
252
250
253
253
229
145
128
124
132
206
222
215
215
215
215
215
215
215
215
215
215
222
211
159
129
84
129
141
216
221
220
218
217
215
215
218
213
203
125
120
122
119
121
124
128
127
119
69
130
138
82
89
210
225
215
215
215
215
215
215
215
215
215
215
215
215
215
215
215
215
215
215
215
215
216
223
210
139
123
122
137
212
217
77
52
52
187
210
218
220
212
77
52
58
184
137
134
128
137
210
222
215
215
215
215
215
218
210
184
63
191
219
223
217
215
215
215
215
212
226
238
253
250
250
250
250
250
250
250
250
250
250
250
250
250
250
250
250
250
250
250
250
250
252
255
245
250
245
255
252
250
250
251
255
238
109
83
89
103
111
125
118
117
117
117
117
117
117
117
117
117
124
106
96
67
75
82
105
121
114
117
111
125
118
117
118
122
115
110
102
105
107
97
89
92
93
101
87
88
74
61
79
97
124
117
117
117
117
117
117
117
117
117
117
117
117
117
117
117
117
117
117
117
117
117
120
112
111
91
94
98
119
109
97
84
104
115
125
118
120
106
97
84
110
107
109
89
87
100
108
122
117
117
117
117
117
118
125
111
117
111
125
118
117
117
117
117
117
111
122
243
254
250
250
250
250
250
250
250
250
250
250
250
250
250
250
250
250
250
250
250
250
250
250
252
253
254
253
252
250
250
250
250
255
231
148
122
130
135
207
215
218
215
215
215
215
215
215
215
215
215
223
207
77
62
70
143
225
227
192
63
184
210
218
215
215
216
218
221
223
224
227
219
149
153
213
164
215
89
61
61
85
217
222
215
215
215
215
215
215
215
215
215
215
215
215
215
215
215
215
215
215
215
215
215
216
218
224
215
139
213
223
221
225
227
225
220
217
215
217
220
225
227
232
215
142
128
130
141
210
222
215
215
215
215
215
215
217
218
220
218
217
215
215
215
215
215
215
212
226
238
253
250
250
250
250
250
250
250
250
250
250
250
250
250
250
250
250
250
250
250
250
250
250
250
250
250
250
250
250
250
250
250
254
247
168
151
151
155
174
254
255
255
255
255
255
255
255
255
255
255
255
254
159
86
131
172
247
250
86
89
113
255
255
255
255
255
255
255
255
255
255
255
251
252
249
255
250
237
94
94
235
255
255
255
255
255
255
255
255
255
255
255
255
255
255
255
255
255
255
255
255
255
255
255
255
255
255
253
255
253
255
255
255
255
255
255
255
255
255
255
255
255
255
251
173
148
149
175
251
255
255
255
255
255
255
255
255
255
255
255
255
255
255
255
255
255
255
255
255
254
252
250
250
250
250
250
250
250
250
250
250
250
250
250
250
250
250
250
250
250
250
250
250
250
250
250
250
250
250
250
250
250
253
251
232
147
145
138
157
231
255
250
250
250
250
250
250
250
250
250
253
254
232
154
132
170
239
106
74
71
227
245
253
250
250
250
250
250
250
250
251
253
253
254
254
254
255
249
236
236
248
255
252
250
250
250
250
250
250
250
250
250
250
250
250
250
250
250
250
250
250
250
250
250
250
250
251
252
253
252
251
250
250
250
250
250
250
250
250
250
250
250
255
238
161
141
142
162
239
255
250
250
250
250
250
250
250
250
250
250
250
250
250
250
250
250
250
250
250
250
250
250
250
250
250
250
250
250
250
250
250
250
250
250
250
250
250
250
250
250
250
250
250
250
250
250
250
250
250
250
250
250
251
255
245
168
164
224
171
239
254
250
250
250
250
250
250
250
250
250
251
255
241
160
128
159
230
228
98
227
253
255
252
250
250
250
250
250
250
250
250
250
250
250
250
250
252
254
255
255
254
252
250
250
250
250
250
250
250
250
250
250
250
250
250
250
250
250
250
250
250
250
250
250
250
250
250
250
250
250
250
250
250
250
250
250
250
250
250
250
250
250
255
238
161
142
140
157
236
255
250
250
250
250
250
250
250
250
250
250
250
250
250
250
250
250
250
250
250
250
250
250
250
250
250
250
250
250
250
250
250
250
250
250
250
250
250
250
250
250
250
250
250
250
250
250
250
250
250
250
250
250
250
253
247
240
244
241
251
244
253
250
250
250
250
250
250
250
250
250
250
254
242
169
150
173
251
250
250
245
255
252
250
250
250
250
250
250
250
250
250
250
250
250
250
250
250
250
250
250
250
250
250
250
250
250
250
250
250
250
250
250
250
250
250
250
250
250
250
250
250
250
250
250
250
250
250
250
250
250
250
250
250
250
250
250
250
250
250
250
250
250
255
238
164
138
146
165
245
254
250
250
250
250
250
250
250
250
250
250
250
250
250
250
250
250
250
250
250
250
250
250
250
250
250
250
250
250
250
250
250
250
250
250
250
250
250
250
250
250
250
250
250
250
250
250
250
250
250
250
250
250
250
251
253
254
254
254
253
252
251
250
250
250
250
250
250
250
250
250
250
253
247
242
233
242
249
254
254
253
252
250
250
250
250
250
250
250
250
250
250
250
250
250
250
250
250
250
250
250
250
250
250
250
250
250
252
253
254
253
252
250
250
250
250
250
250
250
250
250
252
253
254
253
252
250
250
250
250
250
250
250
250
250
250
250
250
250
250
250
250
250
255
237
157
130
147
231
251
253
250
250
250
250
250
250
250
250
250
250
250
250
250
250
250
250
250
250
250
250
250
250
250
250
250
250
250
250
250
250
250
250
250
250
250
250
250
250
250
250
250
250
250
250
250
250
250
250
250
250
250
250
250
250
250
250
250
250
250
250
250
250
250
250
250
250
250
250
250
250
250
251
253
254
255
254
253
251
250
250
250
250
250
250
250
250
250
250
250
250
250
250
250
250
250
250
250
250
250
250
250
250
250
250
250
252
255
245
250
245
255
252
250
250
250
250
250
250
250
252
255
245
250
245
255
252
250
250
250
250
250
250
250
250
250
250
250
250
250
250
252
253
255
247
177
152
170
245
255
251
250
250
250
250
250
250
250
250
250
250
250
250
250
250
250
250
250
250
250
250
250
250
250
250
250
250
250
250
250
250
250
250
250
250
250
250
250
250
250
250
250
250
250
250
250
250
250
250
250
250
250
250
250
250
250
250
250
250
250
250
250
250
250
250
250
250
250
250
250
250
250
250
250
250
250
250
250
250
250
250
250
250
250
250
252
253
254
253
252
250
250
250
250
250
250
250
250
250
250
250
250
250
250
250
252
255
253
227
98
220
245
253
250
250
250
250
250
250
252
255
253
227
98
220
245
253
250
250
250
250
250
250
250
250
250
250
250
250
250
252
255
245
252
241
251
235
242
245
253
250
250
250
250
250
250
250
250
250
250
250
250
250
250
250
250
250
250
250
250
250
250
250
250
250
250
250
250
250
250
250
250
250
250
250
250
250
250
250
250
250
250
250
250
250
250
250
250
250
250
250
250
250
250
250
250
250
250
250
250
250
250
250
250
250
250
250
250
250
250
250
250
250
250
250
250
250
250
250
250
250
250
250
250
252
255
245
250
245
255
252
250
250
250
250
250
250
250
250
250
250
250
250
250
250
253
245
227
71
74
98
250
254
250
250
250
250
250
250
253
245
227
71
74
98
250
254
250
250
250
250
250
250
250
250
250
250
250
250
252
255
253
227
99
223
250
255
254
253
251
250
250
250
250
250
250
250
250
250
250
250
250
250
250
250
250
250
250
250
250
250
250
250
250
250
250
250
250
250
250
250
250
250
250
250
250
250
250
250
250
250
250
250
250
250
250
250
250
250
250
250
250
250
250
250
250
250
250
250
250
250
250
250
250
250
250
250
250
250
250
250
250
250
250
250
250
250
250
250
250
250
250
250
250
252
251
232
117
232
251
252
250
250
250
250
250
250
250
250
250
250
250
250
250
250
253
243
100
72
72
220
243
253
250
250
250
250
250
250
253
243
100
72
72
220
243
253
250
250
250
250
250
250
250
250
250
250
250
250
252
251
239
89
79
96
243
253
250
250
250
250
250
250
250
250
250
250
250
250
250
250
250
250
250
250
250
250
250
250
250
250
250
250
250
250
250
250
250
250
250
250
250
250
250
250
250
250
250
250
250
250
250
250
250
250
250
250
250
250
250
250
250
250
250
250
250
250
250
250
250
250
250
250
250
250
250
250
250
250
250
250
250
250
250
250
250
250
250
250
250
250
250
250
250
250
250
76
76
76
250
250
250
250
250
250
250
250
250
250
250
250
250
250
250
250
250
250
250
76
250
250
250
250
250
250
250
250
250
250
250
250
250
76
250
250
250
250
250
250
250
250
250
250
250
250
250
250
250
250
250
250
76
76
76
250
250
250
250
250
250
250
250
250
250
250
250
250
250
250
250
250
250
250
250
250
250
250
250
250
250
250
250
250
250
250
250
250
250
250
250
250
250
250
250
250
250
250
250
