81
81
244
244
244
244
244
244
244
244
244
244
244
244
244
244
244
244
244
244
244
244
244
244
244
244
244
244
244
244
244
244
244
244
244
244
244
244
244
244
244
244
244
244
244
244
244
244
244
244
244
244
244
244
244
244
244
244
244
244
244
244
244
244
244
244
244
244
244
244
244
244
244
247
153
139
165
249
244
244
244
244
244
244
244
244
244
244
244
244
244
244
244
244
244
244
244
244
244
244
244
244
244
244
244
244
244
244
244
244
244
244
244
244
244
244
244
244
247
152
142
143
144
142
142
143
144
141
157
248
244
244
244
244
244
244
244
244
244
244
244
244
244
244
244
244
244
244
244
244
81
233
246
246
244
244
244
244
244
244
244
244
244
244
244
244
244
244
244
244
244
244
244
244
244
244
244
244
244
244
244
244
244
244
244
244
244
244
244
244
244
244
244
244
244
244
244
244
244
244
244
244
244
244
244
244
244
244
244
244
244
244
245
246
247
246
246
244
244
244
244
249
241
166
137
134
172
239
249
244
244
244
244
244
244
244
244
244
244
244
244
244
244
244
244
244
244
244
244
244
244
244
244
244
244
244
244
244
244
244
244
244
244
244
244
244
246
245
232
156
138
139
140
141
142
144
143
140
147
197
245
248
244
244
244
244
244
244
246
252
246
219
96
212
238
247
244
244
244
244
244
246
252
246
244
244
244
244
244
244
244
244
244
244
244
244
244
244
244
244
244
244
244
244
244
244
244
244
244
244
244
244
244
244
244
244
244
244
244
244
244
244
244
244
244
244
244
244
244
244
244
244
244
244
244
244
244
244
244
244
244
244
248
243
242
240
244
245
244
244
244
252
239
168
129
139
170
246
249
244
244
244
244
244
244
244
244
244
244
244
244
244
244
244
244
244
244
244
244
244
244
244
244
244
244
244
244
244
244
244
244
244
244
244
244
244
249
243
169
135
139
144
152
142
142
138
142
139
138
177
244
249
244
244
244
244
244
244
247
239
222
76
80
101
245
249
244
244
244
244
244
246
246
244
244
244
244
246
247
250
251
250
248
247
245
244
244
244
244
244
244
244
244
244
244
244
244
244
244
244
244
244
244
244
244
244
244
244
244
244
244
244
244
244
244
244
244
244
244
244
244
244
244
244
244
244
244
244
244
244
244
247
249
239
190
213
249
248
244
244
244
251
242
169
131
156
232
246
247
244
244
244
244
244
244
244
244
244
244
244
244
244
244
244
244
244
244
244
244
244
244
244
244
244
244
244
244
244
244
244
244
244
244
244
244
244
249
241
176
145
168
209
182
192
147
146
141
137
133
172
241
251
244
244
244
244
244
244
249
245
101
80
76
222
239
247
244
244
244
244
244
244
244
244
244
244
244
246
240
233
234
238
244
244
247
246
244
244
244
244
244
244
244
244
244
244
244
244
244
244
244
244
244
244
244
244
244
244
244
244
244
244
244
244
244
244
244
244
244
244
244
244
244
244
244
244
244
244
244
244
244
248
245
189
136
204
243
248
244
244
244
252
242
172
130
163
240
252
245
244
244
244
244
244
244
244
244
244
244
244
244
244
244
244
244
244
244
244
244
244
244
244
244
244
244
244
244
244
244
244
244
244
244
244
244
244
246
242
237
230
239
242
222
205
241
181
148
137
141
178
246
249
244
244
244
244
244
244
247
239
216
101
222
247
252
246
244
244
244
244
244
244
244
244
244
244
245
249
226
157
148
196
186
219
248
253
252
252
251
248
246
244
244
244
244
244
244
244
244
244
244
244
244
244
244
244
244
244
244
244
244
244
244
244
244
244
244
244
244
244
244
244
244
244
244
244
244
244
244
244
246
250
210
141
132
159
229
250
245
244
245
251
239
168
129
161
236
252
244
244
244
244
244
244
244
244
244
244
244
244
244
244
244
244
244
244
244
244
244
244
244
244
244
244
244
244
244
244
244
244
244
244
244
244
244
244
245
247
249
251
251
247
244
245
250
241
163
132
160
234
247
246
244
244
244
244
246
247
251
253
241
245
239
252
246
244
244
244
244
244
244
244
244
244
244
244
245
250
217
141
131
140
144
150
221
235
233
230
235
240
247
246
244
244
244
244
244
244
244
244
244
244
244
244
244
244
244
244
244
244
244
244
244
244
244
244
244
244
244
244
244
244
244
244
244
244
244
244
244
244
248
248
205
140
126
148
220
250
245
244
247
249
214
156
129
160
236
252
246
248
248
247
246
244
244
244
244
244
244
244
244
244
244
244
244
244
244
244
244
244
244
244
244
244
244
244
246
247
249
247
246
244
244
244
244
244
244
244
244
244
244
245
247
249
254
245
168
130
168
242
253
244
244
244
244
246
252
239
245
241
253
251
247
246
244
244
244
244
244
244
244
244
244
244
244
244
246
252
222
150
134
140
137
143
148
156
155
153
151
205
246
248
246
244
244
244
244
244
244
244
244
244
244
244
244
244
244
244
244
244
244
244
244
244
244
244
244
246
248
250
250
247
246
244
244
244
244
244
244
244
248
249
206
143
127
149
221
251
245
244
249
245
191
142
134
165
240
253
248
240
238
242
248
246
244
244
244
244
244
244
244
244
244
244
244
244
244
244
244
244
244
244
244
244
244
246
252
239
245
239
252
246
244
244
244
244
244
244
244
244
244
246
252
239
252
235
176
130
166
239
252
244
244
244
246
252
247
222
101
216
239
247
244
244
244
244
244
244
244
244
244
244
244
244
244
244
247
243
216
142
137
145
143
139
134
134
134
133
135
143
214
247
248
245
244
244
244
244
244
244
244
244
244
244
244
244
244
244
244
244
244
244
244
244
244
244
246
244
238
230
233
240
246
244
244
244
244
244
244
244
248
249
207
144
129
149
219
251
245
243
251
245
182
134
143
201
248
247
238
183
149
220
243
248
244
244
244
244
244
244
244
244
244
244
244
244
244
244
244
246
247
249
247
246
246
252
247
222
101
216
239
247
244
244
244
244
244
244
244
244
246
252
247
222
111
212
161
131
166
239
252
244
244
244
247
239
222
76
80
101
245
249
244
244
244
244
244
244
244
244
244
244
244
244
244
244
248
240
162
145
136
139
135
143
141
145
138
139
139
140
149
225
248
249
245
244
244
244
244
244
244
244
244
244
244
244
244
244
244
244
244
244
244
244
244
244
247
247
202
146
154
226
249
245
244
244
244
244
244
244
248
249
207
143
129
149
222
252
246
243
251
245
179
128
151
235
250
213
147
140
134
146
230
249
244
244
244
244
244
244
244
244
244
244
244
244
244
244
246
252
239
245
239
252
249
239
222
76
80
101
245
249
244
244
244
244
244
244
244
244
247
239
222
80
85
89
146
134
167
239
251
244
244
244
249
245
101
80
76
222
239
247
244
244
244
244
244
244
244
244
244
244
244
244
244
244
247
243
215
140
137
150
152
163
217
165
145
141
136
137
140
156
233
246
248
245
244
244
244
244
244
244
244
244
244
244
244
244
244
244
244
244
244
244
244
244
251
248
193
126
136
216
249
245
244
244
244
244
244
244
248
249
206
142
131
142
217
245
248
243
251
245
178
135
159
239
224
142
136
135
136
155
232
249
244
244
244
244
244
244
244
244
244
244
244
244
244
246
252
247
222
101
216
239
251
245
101
80
76
222
239
247
244
244
244
244
244
244
244
244
249
244
102
81
71
151
133
137
169
240
250
244
244
244
247
239
216
101
222
247
252
246
244
244
244
244
244
244
244
244
244
244
244
244
244
244
246
252
224
148
132
189
235
243
240
245
212
148
145
140
136
141
156
236
244
248
244
244
244
244
244
244
244
244
244
244
244
246
247
250
250
249
246
244
244
244
249
242
189
133
153
229
250
245
244
244
244
244
244
244
246
250
219
159
136
138
158
234
251
243
251
245
176
139
224
232
156
137
138
138
145
218
246
248
244
244
244
244
244
244
244
244
244
244
244
244
244
247
239
222
76
80
101
245
251
239
216
101
222
247
252
246
244
244
244
244
244
244
244
244
247
239
221
103
172
147
139
145
193
245
248
244
244
244
246
252
239
245
239
252
246
244
244
244
244
244
244
244
244
244
244
244
244
244
244
244
245
251
221
143
135
204
253
253
250
252
245
241
196
147
139
137
137
161
242
250
244
244
244
244
244
244
244
244
244
244
246
248
243
234
230
238
244
246
244
246
250
214
145
137
207
246
249
244
244
244
244
244
244
244
244
249
245
193
137
130
150
226
251
244
252
247
177
149
230
233
149
133
143
136
152
223
252
246
244
244
244
244
244
244
244
244
244
244
244
244
244
249
245
101
80
76
222
239
249
252
239
245
239
252
246
244
244
244
244
244
244
244
244
244
246
252
246
242
176
141
141
163
240
247
246
244
244
244
244
246
247
249
247
246
244
244
244
244
244
244
244
244
244
244
244
244
244
244
244
244
245
251
220
143
128
191
243
248
245
245
248
250
248
200
150
138
134
165
239
251
244
244
244
244
244
244
244
244
244
244
248
242
221
147
146
199
248
247
243
248
250
210
138
135
211
251
248
244
244
244
244
244
244
244
244
251
250
197
142
129
153
227
252
246
249
241
167
145
230
233
153
134
144
134
148
219
251
246
244
244
244
244
245
247
250
250
249
246
245
244
244
247
239
216
101
222
247
252
246
246
247
249
247
246
244
244
244
244
244
244
244
244
244
244
246
251
251
204
146
135
145
226
247
248
245
244
244
244
244
244
244
244
244
244
244
244
244
244
244
244
244
244
244
244
244
244
244
244
244
244
246
252
222
147
130
147
211
251
246
244
244
246
251
242
175
137
134
161
235
248
247
244
244
244
244
244
244
244
244
245
251
233
148
131
132
194
248
250
244
248
245
201
135
146
219
250
246
244
244
244
244
244
244
244
243
249
247
195
138
128
154
228
252
248
251
198
136
145
228
229
149
134
143
133
142
218
251
246
244
246
247
249
252
246
238
230
238
243
247
244
244
246
252
239
245
239
252
246
244
244
244
244
244
244
244
244
244
244
244
246
248
250
251
252
252
249
210
144
135
137
165
237
251
245
244
244
244
244
244
244
246
247
249
247
246
244
244
244
244
244
244
244
244
244
244
244
244
244
244
244
247
246
218
145
129
140
204
249
248
244
244
244
252
243
181
138
135
142
174
247
249
244
244
244
244
244
244
244
244
247
246
222
144
131
139
194
243
248
247
251
222
147
134
194
244
248
244
244
244
244
244
244
244
244
244
247
251
203
147
131
151
229
252
250
244
185
134
150
237
239
161
141
141
135
144
220
252
252
249
251
247
240
237
226
159
150
191
251
253
248
246
245
246
247
249
247
246
244
244
244
244
244
244
244
244
244
244
244
248
246
241
236
234
236
237
214
148
138
139
148
223
245
247
244
244
244
244
244
244
246
252
239
245
239
252
246
244
244
244
244
244
244
244
244
244
244
244
244
244
244
249
248
175
149
130
150
210
250
248
244
244
244
248
248
188
147
136
133
172
240
252
248
250
250
247
245
244
244
244
250
241
168
144
141
141
148
212
250
249
250
215
139
134
204
251
249
244
244
244
244
244
244
244
244
244
245
249
241
181
129
151
229
253
250
223
159
135
211
251
243
208
135
138
141
170
237
251
240
233
217
216
183
155
148
139
131
170
234
239
240
242
246
244
244
244
244
244
244
244
244
244
244
244
244
244
244
244
246
248
245
196
153
171
162
157
147
143
133
139
207
246
249
245
244
244
244
244
244
246
252
247
222
101
216
239
247
244
244
244
244
244
244
244
244
244
244
244
244
244
246
252
243
206
87
122
151
215
250
248
244
244
244
247
248
234
161
131
136
176
244
249
235
227
237
245
251
247
245
244
251
233
162
133
143
134
146
206
248
250
251
217
141
135
202
250
248
244
244
244
244
244
244
244
244
244
246
253
253
193
134
151
230
253
252
206
137
141
219
254
236
155
141
138
139
210
243
239
172
150
152
149
143
137
137
140
142
146
153
177
184
227
248
245
244
244
244
244
244
244
244
244
244
244
244
244
244
245
247
244
199
137
136
136
136
135
137
135
135
148
218
252
247
244
244
244
244
244
244
247
239
222
76
80
101
245
249
244
244
244
244
244
244
244
244
244
244
244
244
244
247
240
226
88
82
80
138
204
250
248
244
244
244
244
251
247
176
141
135
175
246
253
192
154
155
224
238
242
245
244
252
237
162
128
89
126
142
208
250
251
252
219
142
138
204
248
248
244
244
244
244
244
244
244
244
246
251
246
241
175
136
146
227
252
246
196
128
142
217
253
228
154
135
140
144
157
221
168
141
135
135
136
139
139
142
142
142
138
139
134
148
222
252
246
244
244
244
244
244
244
244
244
244
244
244
244
244
246
249
215
143
137
139
142
143
142
142
147
151
207
243
247
244
244
244
244
244
244
244
249
245
101
80
76
222
239
247
244
244
244
244
244
244
244
244
244
244
244
244
244
249
244
104
80
70
125
136
205
249
248
244
244
244
244
250
241
226
142
132
175
244
252
231
155
132
150
190
249
246
245
253
235
151
71
78
80
144
211
252
253
248
212
138
147
213
251
247
244
244
244
244
244
244
244
246
251
248
231
101
129
136
142
180
249
222
150
132
144
217
253
230
163
134
141
140
150
149
145
135
135
134
140
142
143
138
137
141
141
142
137
142
215
245
248
244
244
244
244
244
244
244
244
244
244
244
246
247
252
252
212
143
134
143
143
143
141
138
176
238
247
247
246
244
244
244
244
244
244
244
247
239
216
101
222
247
252
246
244
244
244
244
244
244
244
244
244
244
244
244
244
247
240
222
96
131
137
159
218
249
248
244
244
244
244
250
246
168
140
135
175
242
254
241
170
126
152
232
247
247
248
251
231
93
79
82
130
135
206
250
251
229
145
137
185
243
249
244
244
244
244
244
244
244
244
247
239
223
81
74
79
138
137
170
243
218
143
125
147
216
252
228
146
137
143
143
142
139
138
143
151
154
156
209
183
156
151
140
135
140
141
142
154
234
251
244
244
244
244
244
244
244
244
244
244
246
252
239
247
237
211
137
135
141
143
143
141
138
178
245
252
248
244
244
244
244
244
244
244
244
246
252
239
245
239
252
246
244
244
244
244
244
244
244
244
244
244
244
244
244
244
246
252
249
222
144
135
165
222
250
248
244
244
244
244
251
237
172
132
133
175
242
254
246
177
138
155
235
248
250
245
242
160
126
94
192
147
139
146
220
233
159
131
136
195
248
250
244
244
244
244
244
244
244
244
249
244
101
84
78
152
140
137
157
237
213
146
132
155
225
253
226
156
134
143
142
140
138
142
166
234
233
238
240
242
237
221
154
145
145
140
133
153
228
252
245
244
244
244
244
244
244
244
244
246
252
247
222
103
204
166
162
144
140
137
141
141
139
144
194
249
247
244
244
244
244
244
244
244
244
244
246
247
249
247
246
244
244
244
244
244
244
244
244
244
244
244
244
244
244
244
244
248
246
220
145
134
149
214
252
248
244
244
244
244
252
242
169
133
134
173
241
253
240
226
145
138
176
248
253
247
175
138
136
178
211
155
130
144
157
230
167
137
148
207
250
247
244
244
244
244
244
244
244
244
247
239
216
107
221
186
143
137
146
175
211
145
132
204
246
253
226
151
135
141
139
143
150
185
239
249
252
251
250
251
252
246
241
195
142
138
137
151
228
250
247
244
244
244
244
244
244
244
244
247
239
222
76
80
96
236
238
202
153
145
146
139
135
141
192
248
249
244
244
244
244
244
244
244
244
244
244
244
244
244
246
247
249
247
246
244
244
244
244
244
244
244
244
244
244
244
244
250
230
148
138
137
137
206
246
253
246
244
244
245
251
237
165
131
140
181
247
252
252
182
147
130
163
236
252
244
172
129
154
239
215
145
131
134
212
235
221
134
175
241
249
245
244
244
244
244
244
244
244
244
246
252
239
251
240
192
137
134
137
177
206
143
134
207
251
253
223
148
133
139
142
155
223
245
246
248
245
244
244
244
245
250
252
212
148
142
137
143
190
243
248
244
244
244
244
244
244
244
244
249
245
101
80
77
225
246
252
243
238
232
162
145
135
154
212
248
248
244
244
244
244
244
244
244
244
244
244
244
244
246
252
239
245
239
252
246
244
244
244
244
244
244
244
244
244
244
244
249
231
152
142
139
131
95
223
241
247
244
244
249
250
206
154
134
163
237
250
249
245
230
150
130
143
191
253
251
177
128
158
240
238
173
145
145
154
224
159
139
179
245
252
244
244
244
244
244
244
244
244
244
244
246
247
252
252
185
141
137
145
175
205
142
138
209
251
252
231
158
138
136
144
212
248
251
247
245
244
244
244
244
244
246
247
242
195
139
138
136
160
236
251
244
244
244
244
244
244
244
244
247
239
216
101
222
247
252
247
248
252
250
229
149
131
143
195
248
248
244
244
244
244
244
244
244
244
244
244
244
246
252
247
222
101
216
239
247
244
244
244
244
244
244
244
244
244
244
244
248
245
218
141
128
73
87
112
251
251
246
248
249
242
173
138
135
161
235
247
247
252
241
167
135
133
175
243
242
170
134
162
244
249
234
179
132
144
143
141
140
184
248
248
244
244
244
244
244
244
244
244
244
244
244
244
246
247
237
169
134
146
183
147
141
188
242
249
250
245
216
139
135
174
234
252
246
244
244
244
244
244
244
244
244
251
251
203
144
137
135
156
233
251
244
244
244
244
244
244
244
244
246
252
239
245
239
252
246
244
244
245
252
240
157
136
136
190
247
250
243
244
244
244
244
244
244
244
244
244
244
247
239
222
76
80
101
245
249
244
244
244
244
244
244
244
244
244
244
244
246
252
224
150
81
76
78
210
234
248
253
252
249
186
142
139
136
145
179
251
247
247
244
199
145
135
149
203
197
142
142
224
250
253
206
145
140
143
141
136
164
236
248
247
244
244
244
244
244
244
244
244
244
244
244
244
244
252
245
176
135
144
147
140
140
199
251
251
249
247
215
139
131
196
242
248
245
244
244
244
244
244
244
244
243
249
246
195
139
136
134
157
232
251
244
244
244
244
244
244
244
244
244
246
247
249
247
246
244
244
244
244
247
244
221
139
133
191
247
250
243
244
244
244
244
244
244
244
244
244
244
249
245
101
80
76
222
239
247
244
244
244
244
244
244
244
244
244
244
244
245
251
222
147
124
87
141
152
167
228
237
238
196
145
138
138
142
162
238
243
246
246
249
230
151
132
148
191
183
131
152
231
252
249
205
144
136
143
143
137
172
244
252
244
244
244
244
244
244
244
244
244
244
244
244
244
243
252
242
177
137
138
143
136
138
196
248
250
250
231
154
138
137
152
218
252
246
244
244
244
244
244
244
244
244
247
251
198
142
136
140
162
240
250
244
244
244
244
244
244
244
244
244
244
244
244
244
244
244
244
244
244
247
253
231
149
133
191
247
250
243
244
244
244
244
244
244
244
244
244
244
247
239
216
101
222
247
252
246
244
244
244
244
244
244
244
244
244
244
244
246
252
223
155
135
143
138
139
143
148
159
156
149
142
139
136
153
231
248
248
245
244
251
239
159
138
175
187
143
135
162
230
252
248
242
185
136
139
140
138
178
242
251
244
244
244
244
244
244
244
244
244
244
244
244
244
243
252
243
178
137
138
144
135
135
191
246
251
252
225
149
134
134
143
211
249
247
244
244
244
244
244
244
244
244
246
248
241
180
131
145
225
247
247
244
244
244
244
244
244
244
244
244
244
244
244
244
244
244
244
244
244
247
245
220
139
132
189
245
250
243
244
244
244
244
244
244
244
244
246
247
251
253
241
245
239
252
246
244
244
244
244
244
244
244
244
244
244
244
244
249
244
216
143
139
143
141
139
138
137
135
136
139
140
139
141
164
243
251
245
244
244
247
245
219
148
143
148
144
130
149
229
252
252
252
204
150
141
138
137
176
241
250
244
244
244
244
244
244
244
244
244
244
244
244
244
243
251
241
175
135
139
143
140
141
197
250
250
244
220
145
136
136
147
214
249
248
244
244
244
244
244
244
244
244
244
252
250
190
134
152
231
252
245
244
244
244
244
244
244
244
244
244
244
244
244
244
244
244
244
244
245
252
239
161
137
141
195
250
248
244
244
244
244
244
244
244
244
246
252
239
245
241
253
251
247
246
244
244
244
244
244
244
244
244
244
244
244
244
244
249
230
146
139
138
146
151
150
144
134
137
140
139
135
138
148
230
244
247
244
244
244
246
252
227
150
134
141
137
136
153
240
245
245
244
248
179
136
135
142
176
246
249
244
244
244
244
244
244
244
244
244
244
244
244
244
244
249
246
183
144
140
140
137
179
240
249
249
244
171
147
137
138
152
216
249
246
244
244
244
244
244
244
244
244
247
250
242
183
129
151
229
252
244
244
244
244
244
244
244
244
244
244
244
244
244
244
244
244
244
244
247
246
226
146
129
174
240
249
246
244
244
244
244
244
244
244
246
252
247
222
101
216
239
247
244
244
244
244
244
244
244
244
244
244
244
244
244
244
244
249
231
153
138
135
143
203
235
169
153
150
142
140
143
153
225
245
249
245
244
244
244
244
250
234
169
142
138
143
150
231
247
225
101
224
242
186
135
141
165
240
245
246
244
244
244
244
244
244
244
244
244
244
244
244
244
244
246
248
235
161
138
139
140
190
251
252
251
247
220
144
132
139
172
231
249
245
244
244
244
244
244
244
244
244
247
246
198
144
131
152
228
252
244
244
244
244
244
244
244
244
244
244
244
244
244
244
244
244
244
244
249
243
168
137
132
180
245
252
244
244
244
244
244
244
244
244
247
239
222
76
80
101
245
249
244
244
244
244
244
244
244
244
244
244
244
244
244
244
244
248
246
217
143
131
147
214
251
245
234
223
176
154
201
241
243
248
246
244
244
244
244
244
250
249
218
146
134
142
216
245
229
77
79
105
247
197
142
138
225
243
251
245
244
244
244
244
244
244
244
244
244
244
244
244
244
244
245
253
244
171
139
136
136
185
251
246
245
249
235
151
129
140
200
246
249
244
244
244
244
244
244
244
244
247
251
220
158
138
132
153
228
252
244
244
244
244
246
247
249
247
246
244
244
244
244
244
244
244
244
245
252
238
162
131
140
184
248
248
244
244
244
244
244
244
244
244
249
245
101
80
76
222
239
247
244
244
244
244
244
244
244
244
244
244
244
244
244
244
244
246
252
223
151
128
146
209
251
252
251
248
239
236
242
250
248
246
244
244
244
244
244
246
252
246
224
147
142
139
212
243
106
80
76
224
242
245
166
139
159
241
249
244
244
244
244
244
244
244
244
244
244
244
244
244
244
244
247
248
236
162
136
138
142
191
252
227
102
224
220
153
128
144
205
250
249
244
244
244
244
244
244
244
244
248
245
205
142
138
134
153
227
252
244
244
244
246
252
239
245
239
252
246
244
244
244
244
244
244
244
246
247
233
154
128
161
235
247
247
244
244
244
244
244
244
244
244
247
239
216
101
222
247
252
246
244
244
244
244
244
244
244
244
244
244
244
244
244
244
244
245
251
220
149
128
143
207
251
248
245
247
249
250
248
245
244
244
244
244
244
244
246
252
248
227
102
179
134
141
151
225
221
101
222
248
253
248
236
157
162
238
248
244
244
244
244
244
244
244
244
244
244
244
244
244
244
244
249
247
183
144
136
135
173
233
226
78
81
109
226
158
129
146
206
251
249
244
244
244
244
244
244
244
245
250
227
162
138
141
135
154
227
252
244
244
246
252
247
222
101
216
239
247
244
244
244
244
244
244
244
249
246
179
140
139
177
248
251
244
244
244
244
244
244
244
244
244
246
252
239
245
239
252
246
244
244
244
244
244
244
244
244
244
244
244
244
244
244
244
244
245
251
221
150
127
141
204
248
248
244
244
244
244
244
244
244
244
244
244
244
244
249
243
228
88
79
79
135
138
210
248
242
244
239
252
247
248
244
236
236
240
247
244
244
244
244
244
244
244
244
244
244
244
244
244
244
243
251
242
175
136
135
140
184
247
110
80
80
224
217
149
133
139
197
244
248
244
244
244
244
244
244
244
246
250
215
145
137
142
135
154
228
251
244
244
247
239
222
76
80
101
245
249
244
244
244
244
244
244
244
251
242
173
130
154
233
247
246
244
244
244
244
244
244
244
244
244
244
246
247
249
247
246
244
244
244
246
247
249
247
246
244
244
244
244
244
244
244
244
244
246
252
225
153
137
152
220
254
253
253
253
253
253
253
253
253
253
253
253
253
252
253
234
97
60
67
89
147
206
245
251
248
249
247
246
244
245
247
250
251
251
248
246
244
244
244
244
244
244
244
244
244
244
244
244
244
244
252
244
179
137
135
143
195
237
221
101
227
241
171
141
137
138
146
216
249
246
244
244
244
244
244
244
246
251
216
146
134
141
137
157
231
250
244
244
249
245
101
80
76
222
239
247
244
244
244
244
246
249
252
254
247
171
137
171
250
255
253
253
253
253
253
253
253
253
253
252
249
246
244
244
244
244
244
244
246
252
239
245
239
252
246
244
244
244
244
244
244
244
244
247
244
210
131
115
170
212
215
213
210
211
211
211
211
211
211
211
211
211
209
227
250
248
108
85
103
238
251
253
254
254
253
253
253
253
253
253
253
254
245
247
245
254
253
253
253
253
253
253
253
253
253
253
253
253
253
253
254
247
178
142
142
159
208
255
253
253
253
253
171
149
143
145
159
228
255
253
253
253
253
253
253
253
254
255
227
154
140
150
159
206
252
254
253
253
254
252
230
115
236
254
255
254
253
253
253
253
254
246
236
223
168
132
124
149
219
227
216
213
211
211
211
211
211
211
208
222
233
247
244
244
244
244
244
246
252
247
222
101
216
239
247
244
244
244
244
244
244
244
244
248
241
156
97
86
105
116
122
120
118
118
118
118
118
118
118
118
118
118
117
114
220
211
188
71
192
217
223
216
213
211
211
211
211
211
211
213
216
225
211
107
205
217
211
211
211
211
211
211
211
211
211
211
211
211
210
214
218
172
133
126
121
141
207
215
216
216
217
213
196
127
125
125
179
218
220
216
213
215
217
219
220
220
222
225
197
131
121
123
167
206
212
213
211
211
213
219
206
211
206
219
213
211
211
211
211
213
220
212
114
102
106
94
90
94
88
104
109
121
118
118
118
118
118
118
113
125
238
249
244
244
244
244
244
247
239
222
76
80
101
245
249
244
244
244
244
244
244
244
244
247
244
216
137
121
123
181
216
213
210
211
211
211
211
211
211
211
211
211
213
216
115
125
114
119
114
126
120
118
118
118
118
118
118
118
118
121
109
103
70
89
95
125
118
118
118
118
118
118
118
118
118
118
118
118
118
124
118
106
93
89
98
110
120
123
119
118
121
125
112
102
89
98
104
108
115
121
128
119
112
106
107
106
108
109
100
94
92
105
115
122
120
119
118
118
118
120
121
123
121
120
118
118
118
118
120
126
120
95
78
143
122
122
111
61
63
84
208
216
211
211
211
211
211
211
208
222
233
247
244
244
244
244
244
249
245
101
80
76
222
239
247
244
244
244
244
244
244
244
244
245
250
247
209
134
143
215
254
254
253
253
253
253
253
253
253
253
253
253
254
243
227
211
214
217
217
217
214
213
211
211
211
211
211
211
211
216
208
80
68
83
211
217
211
211
211
211
211
211
211
211
211
211
211
210
213
214
211
158
122
124
143
211
218
211
211
211
211
218
199
131
124
129
126
120
125
192
206
179
126
120
121
123
123
123
124
129
156
206
219
214
211
211
211
211
211
211
211
211
211
211
211
211
211
211
215
208
192
67
77
92
155
153
97
87
88
233
252
254
253
253
253
253
253
253
253
252
249
246
244
244
244
244
244
247
239
216
101
222
247
252
246
244
244
244
244
244
244
244
244
244
247
251
218
153
161
220
247
246
244
244
244
244
244
244
244
244
244
244
246
249
252
253
254
255
252
253
252
255
254
253
253
253
253
253
253
254
252
225
106
225
252
254
253
253
253
253
253
253
253
253
253
253
253
253
254
255
216
155
142
139
175
246
254
253
253
253
253
254
232
153
133
140
141
141
151
161
170
161
152
147
149
149
149
149
142
156
214
252
254
253
253
253
253
253
253
253
253
253
253
253
253
253
253
254
255
253
117
85
75
131
148
221
222
108
223
247
252
246
244
244
244
244
244
244
244
244
244
244
244
244
244
244
244
246
252
239
245
239
252
246
244
244
244
244
244
244
244
244
244
244
245
246
239
233
234
241
246
245
244
244
244
244
244
244
244
244
244
244
244
244
244
246
252
247
222
101
216
239
247
244
244
244
244
244
244
246
252
239
245
239
252
246
244
244
244
244
244
244
244
244
245
247
248
249
251
245
192
135
141
155
189
242
249
244
244
244
245
249
230
164
150
156
158
148
140
128
127
129
131
134
135
138
139
138
135
142
196
253
248
244
244
244
244
244
244
244
244
244
245
245
247
249
251
247
246
217
137
79
131
151
207
252
239
252
241
252
246
244
244
244
244
244
244
244
244
244
244
244
244
244
244
244
244
244
246
247
249
247
246
244
244
244
244
244
244
244
244
244
244
244
244
246
248
250
249
247
246
244
244
244
244
244
244
244
244
244
244
244
244
244
244
247
239
222
76
80
101
245
249
244
244
244
244
244
244
244
246
247
249
247
246
244
244
244
244
244
246
247
249
248
250
243
241
241
247
211
145
142
137
212
238
250
248
244
244
244
244
246
240
237
230
232
235
233
169
151
153
153
153
155
157
149
142
140
141
177
239
245
246
244
244
244
244
244
244
244
245
247
251
249
245
242
240
236
175
149
142
140
150
204
225
108
222
245
251
246
244
244
244
244
244
244
244
244
244
244
244
244
244
244
244
244
244
244
244
244
244
244
244
244
244
244
244
244
244
244
244
246
247
249
247
246
244
244
244
244
244
244
244
244
244
244
244
244
246
247
249
247
246
244
244
249
245
101
80
76
222
239
247
244
244
244
244
244
244
244
244
244
244
244
244
244
244
244
244
246
252
239
245
242
252
236
165
195
215
148
143
138
133
98
226
242
248
244
244
244
244
245
247
250
251
252
252
247
241
231
232
232
232
233
235
231
164
167
231
242
245
248
244
244
244
244
244
244
244
244
247
241
238
231
200
187
191
150
144
136
135
136
174
219
81
82
102
244
249
244
244
244
244
244
244
244
244
244
244
244
244
244
244
244
244
244
244
244
244
244
244
244
244
244
244
244
244
244
244
244
246
252
239
245
239
252
246
244
244
244
244
244
244
244
244
244
244
246
252
239
245
239
252
246
244
247
239
216
101
222
247
252
246
244
244
244
244
244
244
244
244
244
244
244
244
244
244
244
246
252
247
222
103
217
223
168
146
149
147
145
136
126
68
79
104
244
249
244
244
244
244
244
244
244
244
244
245
247
250
251
252
252
253
253
253
249
240
239
246
251
246
245
244
244
244
244
244
244
244
244
250
235
165
145
149
148
143
140
136
136
141
150
193
101
84
76
222
239
247
244
244
244
244
244
244
244
244
244
244
244
244
244
244
244
244
244
244
244
244
244
244
244
244
244
244
244
244
244
244
246
252
247
222
101
216
239
247
244
244
244
244
244
244
244
244
244
246
252
247
222
101
216
239
247
244
246
252
239
245
239
252
246
244
244
244
244
244
244
244
244
244
244
244
244
244
244
244
244
247
239
222
76
84
99
185
145
136
142
140
139
143
83
79
82
223
239
247
244
244
244
244
244
244
244
244
244
244
244
244
244
246
252
239
245
240
252
250
248
247
245
244
244
244
244
244
244
244
244
244
244
251
229
150
128
138
139
141
139
146
148
170
235
235
214
103
222
247
252
246
244
244
244
244
244
244
244
244
244
244
244
244
244
244
244
244
244
244
244
244
244
244
244
244
244
244
244
244
244
244
247
239
222
76
80
101
245
249
244
244
244
244
244
244
244
244
244
247
239
222
76
80
101
245
249
244
244
246
247
249
247
246
244
244
244
244
244
244
244
244
244
244
244
244
244
244
244
244
244
249
245
101
79
83
221
174
138
139
143
141
141
149
184
108
224
247
252
246
244
244
244
244
244
244
244
244
244
244
244
244
246
252
247
222
101
216
239
247
244
244
244
244
244
244
244
244
244
244
244
244
244
251
231
156
134
142
140
137
133
147
219
244
248
253
242
245
239
252
246
244
244
244
244
244
244
244
244
244
244
244
244
244
244
244
244
244
244
244
244
244
244
244
244
244
244
244
244
244
244
244
247
238
102
78
78
216
238
247
244
244
244
244
244
244
244
244
244
247
238
102
78
78
216
238
247
244
244
244
244
244
244
244
244
244
244
244
244
244
244
244
244
244
244
244
244
244
244
244
244
247
238
212
96
225
245
188
141
141
143
141
144
202
236
246
240
252
246
244
244
244
244
244
244
244
244
244
244
244
244
244
246
246
233
94
85
100
238
247
244
244
244
244
244
244
244
244
244
244
244
244
244
249
231
156
139
143
143
142
143
178
238
251
247
247
247
249
247
246
244
244
244
244
244
244
244
244
244
244
244
244
244
244
244
244
244
244
244
244
244
244
244
244
244
244
244
244
244
244
244
244
244
244
244
81
244
244
244
244
244
244
244
244
244
244
244
244
244
244
244
244
81
244
244
244
244
244
244
244
244
244
244
244
244
244
244
244
244
244
244
244
244
244
244
244
244
244
244
244
244
244
244
244
244
244
251
176
139
143
144
136
173
251
244
244
244
244
244
244
244
244
244
244
244
244
244
244
244
244
244
244
244
244
81
81
81
244
244
244
244
244
244
244
244
244
244
244
244
244
244
244
244
244
242
144
144
144
140
206
249
244
244
244
244
244
244
244
244
244
244
244
244
244
244
244
244
244
244
244
244
244
244
244
244
244
244
244
244
244
244
244
244
244
244
244
244
244
244
244
