243
243
243
243
243
243
243
243
250
181
130
130
187
178
132
135
130
212
162
245
243
243
243
243
243
243
243
243
243
243
243
243
243
243
243
243
243
243
243
245
228
136
134
142
241
243
243
243
243
243
243
243
243
243
243
243
243
243
243
243
243
243
243
243
243
243
243
243
243
243
243
243
243
243
243
243
243
243
243
243
243
243
243
243
243
243
243
243
243
243
243
243
243
243
243
243
243
243
243
243
243
243
243
243
243
243
243
243
243
243
243
243
243
243
243
243
243
243
243
243
243
243
243
243
248
207
130
139
239
244
243
243
243
243
243
243
243
243
243
243
243
243
243
243
243
243
243
243
243
243
243
243
243
243
243
243
243
248
243
183
133
132
137
137
135
134
137
135
136
171
179
213
242
248
244
243
243
243
243
243
243
243
243
243
243
243
243
243
245
247
227
164
125
151
230
248
243
243
243
243
243
243
243
243
243
243
243
243
243
243
243
243
243
243
243
243
243
243
243
243
243
243
243
243
243
243
243
243
243
243
243
243
243
243
243
243
243
243
243
243
243
243
243
243
243
243
243
243
243
243
243
243
243
243
243
243
243
243
243
243
243
243
243
244
245
248
250
250
248
245
244
243
243
246
247
203
134
129
173
240
249
246
247
246
245
243
243
243
243
243
243
243
243
243
243
243
243
243
243
243
243
243
243
243
243
243
242
250
246
183
128
128
133
133
134
133
134
130
132
133
134
145
231
246
247
245
246
247
246
245
244
245
245
245
244
245
246
247
248
251
218
139
118
150
230
251
243
243
243
243
243
243
243
243
243
243
243
243
243
243
243
243
243
243
243
243
243
243
243
243
243
243
243
243
243
243
243
243
243
243
243
243
243
243
243
243
243
243
243
243
243
243
243
243
243
243
243
243
243
243
243
243
244
245
248
250
252
252
252
252
252
252
251
251
245
238
229
228
236
243
245
243
243
248
251
205
132
119
162
237
252
239
243
239
250
245
243
243
243
243
243
243
243
243
243
243
243
243
243
243
243
243
243
243
243
243
242
249
244
179
128
128
136
135
134
132
132
132
132
132
128
130
163
241
249
252
239
243
239
250
247
238
241
240
247
251
239
243
240
252
224
145
123
150
231
251
243
243
243
243
243
243
243
243
243
243
243
243
243
243
243
243
243
243
243
243
243
243
243
243
243
243
243
243
243
243
243
243
243
243
243
243
243
243
243
243
243
244
245
247
250
252
252
252
252
250
248
245
244
243
244
246
251
248
241
232
229
231
231
230
230
230
228
240
245
194
139
138
186
244
247
243
243
248
243
199
127
129
170
251
252
222
113
217
239
246
243
243
243
243
243
243
243
243
243
243
243
243
243
243
243
243
243
243
243
243
242
248
249
184
136
130
134
132
129
139
141
139
129
130
132
130
133
187
252
250
225
113
217
239
251
236
177
228
251
251
223
113
219
244
241
192
119
150
231
251
243
243
243
243
243
243
243
243
243
245
246
247
246
245
243
243
243
243
243
243
243
243
243
243
243
243
243
243
243
243
243
243
243
243
243
243
243
243
243
243
243
245
243
238
231
229
230
230
229
232
240
248
251
247
248
242
239
235
184
143
147
148
148
148
147
147
142
169
239
185
120
127
182
247
247
243
244
250
224
144
122
141
227
242
226
91
94
113
243
247
243
243
243
243
243
243
243
243
243
243
243
243
243
243
243
243
243
243
243
243
243
245
248
234
159
129
131
138
138
177
233
176
151
140
132
127
129
136
199
225
95
94
113
243
252
233
160
162
233
226
93
94
115
251
234
156
124
149
229
251
243
243
243
243
243
243
243
243
245
250
239
243
239
252
247
247
246
245
243
243
243
243
243
243
243
243
243
243
243
243
243
243
243
243
243
243
244
245
245
245
246
251
252
202
146
145
149
147
147
145
185
232
239
244
251
238
170
142
136
127
125
127
126
127
126
125
122
153
206
158
124
150
231
245
247
243
244
251
226
145
123
149
236
252
115
94
91
222
239
246
243
243
243
243
243
243
243
243
243
243
243
243
243
243
243
243
243
243
243
243
243
244
251
241
168
129
126
137
210
247
245
245
235
201
142
137
128
131
148
107
102
93
222
239
252
237
155
134
190
115
97
91
224
245
221
145
116
150
231
251
243
243
243
243
243
243
243
245
250
246
222
113
219
246
241
243
239
250
246
246
248
247
245
244
243
243
243
243
243
243
243
243
243
243
244
247
252
244
245
246
246
241
231
180
126
122
126
127
125
129
139
142
155
231
241
179
132
126
130
133
136
135
135
135
137
135
133
142
138
126
121
139
190
251
249
243
244
250
238
195
118
146
232
247
219
113
222
246
250
245
243
243
243
243
243
243
243
243
243
243
243
243
243
243
243
243
243
243
243
243
243
243
251
238
163
127
132
156
233
253
248
250
250
244
237
159
133
126
132
192
117
228
246
250
252
238
157
125
179
221
120
222
247
252
227
147
124
151
231
251
243
243
243
243
243
243
243
246
239
222
91
96
120
246
227
113
218
241
252
241
236
236
242
245
243
243
243
243
243
243
243
243
243
245
246
240
236
219
178
236
238
169
144
141
136
134
137
135
135
134
131
124
144
189
203
140
130
133
136
134
135
135
134
132
131
131
133
134
130
116
119
127
177
240
249
245
244
251
229
149
124
147
230
253
239
243
239
250
245
243
243
243
243
243
243
243
243
243
243
243
243
243
243
243
243
243
243
243
243
243
243
243
251
239
164
124
125
196
238
250
244
244
245
249
249
234
147
130
137
147
236
241
252
244
251
237
159
123
185
238
250
241
251
249
237
190
118
151
233
252
244
243
243
243
243
243
243
247
243
113
94
94
219
219
94
96
119
246
247
221
149
190
248
248
243
243
243
243
243
243
243
243
243
247
243
207
145
135
141
185
192
140
124
131
134
136
136
136
135
135
135
130
147
221
184
133
129
134
131
127
128
128
125
136
140
143
135
134
134
118
122
132
137
205
246
247
245
250
220
146
116
150
229
252
246
247
246
245
243
243
243
243
243
243
243
243
243
243
243
243
243
243
243
243
243
243
243
243
243
243
243
243
250
236
160
124
129
147
226
251
244
243
243
244
248
246
217
138
127
135
186
251
250
243
251
238
162
124
137
210
251
250
245
250
234
158
128
138
224
245
245
243
243
243
243
243
243
246
239
217
113
227
246
120
96
93
221
234
182
133
126
173
237
247
243
243
243
243
243
243
243
243
244
250
226
146
127
123
129
169
173
134
131
135
136
135
135
135
135
136
136
133
145
150
144
136
129
134
139
146
149
158
155
160
228
183
128
131
132
139
138
138
127
159
227
250
245
251
222
143
120
149
229
251
243
243
243
243
243
243
243
243
243
243
243
243
243
243
243
243
243
243
243
243
243
243
243
243
243
243
243
243
249
244
166
132
121
141
217
251
245
243
243
243
245
250
244
191
125
121
164
235
248
245
250
237
163
122
126
161
231
249
244
247
242
195
125
135
174
251
246
243
243
243
243
243
243
245
250
239
243
241
246
219
118
233
234
164
131
120
122
148
218
251
243
243
243
243
243
243
243
243
244
249
219
139
123
132
138
143
142
135
130
128
127
124
125
127
130
133
133
135
134
131
132
132
130
136
192
235
233
232
231
243
250
201
138
130
129
143
195
149
123
142
222
252
247
251
221
139
125
172
239
250
243
243
243
243
243
243
243
243
243
243
243
243
243
243
243
243
243
243
243
243
243
243
243
243
243
243
243
243
247
246
225
143
121
143
221
251
245
243
243
243
243
247
252
204
139
125
135
194
250
246
248
243
171
131
122
144
225
252
244
248
251
204
132
131
223
243
250
245
243
243
243
243
243
243
245
246
247
247
252
243
245
237
213
131
127
137
144
192
240
245
243
243
243
243
243
243
243
243
244
250
228
148
131
132
135
135
130
131
137
144
149
144
146
150
144
136
131
134
135
135
135
129
133
179
246
252
252
252
250
250
252
238
167
129
125
148
208
165
132
131
216
246
252
252
222
143
123
208
241
250
243
243
243
243
243
243
243
243
243
243
243
243
243
243
243
243
243
243
243
243
243
243
243
243
243
243
243
243
244
252
231
150
119
144
220
251
245
243
243
243
243
245
247
239
172
123
128
191
248
249
245
245
230
145
125
133
218
248
247
248
249
203
136
134
165
244
244
250
245
243
243
243
243
243
243
243
243
243
248
250
245
173
136
135
140
214
239
240
244
246
243
243
243
243
243
243
243
243
243
249
243
201
132
130
135
134
127
131
163
233
233
230
231
234
228
150
134
132
137
135
131
133
155
238
247
247
243
243
243
244
251
245
174
130
124
144
215
222
136
123
107
223
241
252
220
141
125
154
235
251
243
243
243
243
243
243
243
243
243
243
243
243
243
243
243
243
243
243
243
243
243
243
243
243
243
245
246
247
246
252
229
150
119
144
222
252
246
243
243
243
243
243
248
249
204
139
125
188
245
251
245
248
247
216
135
132
151
238
247
252
249
201
135
126
154
109
222
239
246
243
243
243
243
243
243
243
243
245
246
242
185
130
123
128
197
247
252
247
245
244
243
243
243
243
243
243
243
243
243
247
251
207
137
128
132
137
138
160
237
250
252
252
252
252
250
213
132
128
136
133
134
150
229
246
247
244
243
243
243
245
249
236
167
128
124
143
223
224
139
79
99
121
248
252
220
141
116
147
227
251
243
243
243
243
243
243
243
243
243
243
243
243
243
243
243
243
243
243
243
243
243
243
243
243
245
250
239
243
239
253
231
149
120
139
218
248
247
243
243
243
243
243
244
250
235
155
128
136
213
247
251
245
250
243
187
123
126
168
240
250
251
202
134
126
86
97
116
243
247
243
243
243
243
243
243
243
243
246
251
211
139
126
127
146
211
251
246
243
243
243
243
243
243
243
243
243
243
243
243
246
250
205
137
127
130
131
189
241
245
247
244
243
243
245
251
223
144
131
133
129
132
203
245
249
244
243
243
243
243
246
249
203
144
132
125
141
222
221
108
80
91
215
239
252
221
142
117
149
228
252
243
243
243
243
243
243
243
243
243
243
243
243
243
243
243
243
243
243
243
243
243
243
243
245
250
246
222
113
219
247
229
150
120
133
175
240
248
243
243
243
243
243
243
251
236
162
125
121
104
224
240
246
247
252
200
136
124
134
195
252
251
201
133
87
92
99
223
239
246
243
243
243
243
243
243
243
243
248
243
201
129
124
135
185
243
246
244
243
243
243
243
243
243
243
243
243
243
243
243
246
250
204
136
126
131
142
208
252
248
244
243
243
243
243
249
243
194
131
130
130
142
213
252
246
243
243
243
243
242
248
246
202
140
128
127
141
221
226
138
92
130
178
252
253
220
142
117
149
228
252
243
243
243
243
243
243
243
243
243
243
243
243
243
243
243
243
243
243
243
243
243
243
243
246
239
222
91
94
113
250
239
153
130
125
154
234
250
243
243
243
243
243
243
251
235
158
121
83
95
118
245
247
245
247
239
170
123
122
182
245
252
201
129
124
112
229
246
250
245
243
243
243
243
243
243
243
243
250
228
147
127
134
165
242
247
246
243
243
243
243
243
243
243
243
243
243
243
243
243
247
252
207
138
124
128
173
237
248
245
243
243
243
243
243
249
250
203
138
125
129
183
241
248
243
243
243
243
243
242
248
246
196
135
129
127
141
218
252
195
127
121
164
237
252
222
141
116
147
227
251
243
243
243
243
243
243
243
245
246
247
246
245
243
243
243
243
243
243
243
243
243
243
243
247
243
113
94
91
224
242
248
211
134
120
152
233
251
243
243
243
243
243
243
251
236
157
92
92
102
227
241
246
243
248
250
196
139
126
142
221
252
203
131
139
232
249
251
245
243
243
243
243
243
243
243
243
244
251
221
144
119
144
227
252
248
244
244
245
245
244
243
243
243
243
243
243
243
243
243
248
244
201
131
126
137
187
251
249
243
243
243
243
243
242
248
249
201
138
122
132
190
249
251
243
243
243
243
243
243
246
250
199
140
130
127
139
219
253
199
132
124
142
202
253
225
142
124
152
234
250
243
243
243
243
243
243
245
250
239
243
239
250
245
243
243
243
243
243
243
243
243
243
243
246
239
217
113
222
245
252
253
216
141
118
154
233
252
243
243
243
243
243
243
251
235
157
116
98
202
246
252
245
243
245
248
232
153
120
130
210
249
206
132
141
231
249
247
243
243
243
243
243
243
243
243
243
244
252
227
147
116
103
213
242
248
247
246
246
244
247
246
244
243
243
243
243
243
243
244
251
227
148
129
125
157
234
248
245
243
243
243
243
243
243
246
249
204
139
123
131
187
246
249
242
243
243
243
243
243
245
249
237
167
127
123
136
213
252
202
135
123
125
183
248
228
144
128
212
246
248
243
243
243
243
243
245
250
246
222
113
217
239
246
243
243
243
243
243
243
243
243
243
243
245
250
239
243
239
250
247
250
213
139
119
156
236
252
244
243
243
243
243
243
251
236
160
123
132
168
238
251
243
243
243
250
242
162
132
129
157
239
207
131
126
170
246
249
243
243
243
243
243
243
243
243
244
247
249
220
134
81
99
123
250
253
246
238
197
205
239
243
247
244
243
243
243
243
243
244
250
220
141
124
129
163
239
252
244
243
243
243
243
243
243
246
249
212
150
125
131
186
247
249
242
243
243
243
243
243
243
251
243
175
127
127
144
220
252
244
174
131
126
142
220
231
146
128
210
246
247
243
243
243
243
243
246
239
222
91
94
113
243
247
243
243
243
243
243
243
243
243
243
243
243
245
246
247
246
245
246
250
214
139
120
151
231
248
245
243
243
243
243
243
251
235
159
126
124
143
224
250
243
243
243
247
245
218
136
119
141
229
210
140
121
164
238
250
243
243
243
243
243
243
243
243
244
245
236
155
96
92
100
224
236
242
227
148
139
137
158
238
250
249
245
243
243
243
243
244
251
220
144
125
128
163
237
251
243
243
243
243
243
243
243
246
248
216
152
124
130
188
247
249
242
243
243
243
243
243
242
251
241
172
124
127
190
242
251
249
233
152
118
137
215
231
149
129
164
241
248
243
243
243
243
243
247
243
113
94
91
222
239
246
243
243
243
243
243
243
243
243
243
243
243
243
243
243
243
243
245
250
212
139
121
135
185
247
250
247
246
245
243
243
251
236
159
126
131
149
232
251
243
243
243
244
252
230
147
126
131
167
236
177
123
163
239
251
243
243
243
243
243
243
243
243
244
250
196
141
115
107
206
198
190
185
139
132
125
126
131
166
237
240
245
244
243
243
243
244
251
221
144
124
128
164
238
251
243
243
243
243
243
243
243
247
250
200
138
125
132
188
247
250
242
243
243
243
243
243
242
251
240
172
123
132
197
250
250
250
244
169
129
129
211
222
142
126
207
244
246
243
243
243
243
243
246
239
217
113
222
246
250
245
243
243
243
243
243
243
243
243
243
243
243
243
243
243
243
243
245
251
218
141
126
126
171
247
246
242
239
250
245
243
251
236
159
126
127
202
239
250
243
243
243
243
246
245
207
134
125
146
200
185
128
162
240
251
243
243
243
243
243
243
243
243
244
248
230
153
121
149
202
157
133
128
125
122
127
126
128
133
150
224
252
248
244
243
243
244
252
224
145
125
129
164
238
251
243
243
243
243
243
243
242
248
248
198
133
123
131
187
246
250
242
243
243
243
243
243
243
252
243
174
124
130
194
248
248
245
245
221
137
125
155
208
143
132
215
252
246
243
243
243
243
243
245
250
239
243
239
250
245
243
243
243
243
243
243
243
243
243
243
243
243
243
243
243
243
243
243
248
243
191
125
125
180
243
231
113
217
239
246
243
251
235
162
126
131
156
234
251
244
243
243
243
244
250
244
184
123
134
181
181
129
162
240
251
243
243
243
243
243
243
243
243
244
252
237
160
127
150
145
134
129
137
145
150
150
143
136
122
130
196
238
240
244
243
243
245
252
224
149
124
127
160
235
250
243
243
243
243
243
243
242
248
248
199
134
123
131
186
246
250
242
243
243
243
243
243
245
248
237
168
121
131
194
248
248
244
251
234
152
125
150
202
144
133
213
250
246
243
243
243
243
243
243
245
246
247
246
245
243
243
243
243
243
243
245
245
243
243
243
243
243
243
243
243
243
243
243
249
250
197
130
126
169
222
100
94
113
243
247
243
251
236
161
127
121
143
222
249
244
243
243
243
243
250
247
185
124
126
174
173
127
163
239
251
243
243
243
243
243
243
243
243
245
246
229
150
128
133
130
126
133
194
237
232
235
230
154
131
130
143
178
248
246
243
245
250
249
217
105
118
132
167
243
249
243
243
243
243
243
243
242
248
249
198
134
123
131
187
247
250
242
243
243
243
243
243
246
249
195
137
125
132
193
248
248
242
247
244
206
128
143
199
140
135
214
250
246
243
243
243
243
243
243
243
243
243
243
243
243
243
243
243
243
245
250
244
243
243
243
243
243
243
243
243
243
243
242
248
249
196
133
125
167
103
98
93
222
239
246
243
252
237
161
126
130
148
231
250
243
243
243
243
244
251
251
199
139
136
139
138
130
166
239
251
243
243
243
243
243
243
243
243
246
251
188
143
128
132
137
136
184
245
252
252
252
251
229
144
126
129
216
238
248
243
246
239
224
100
92
90
141
226
246
246
243
243
243
243
243
243
242
248
249
198
134
122
130
186
244
249
242
243
243
243
243
242
249
246
189
130
122
133
193
248
248
242
246
251
210
135
133
142
132
137
214
250
246
243
243
243
243
243
243
243
243
243
243
243
243
243
243
243
245
250
246
233
95
243
243
243
243
243
243
243
243
243
242
248
249
197
132
125
134
171
116
226
246
250
245
245
249
234
155
124
132
205
245
248
243
243
243
245
250
241
243
238
230
147
127
131
128
166
240
251
243
243
243
243
243
243
243
243
246
248
231
152
127
128
141
216
243
244
247
243
244
250
246
203
129
129
168
245
250
243
247
243
115
101
88
127
149
231
251
245
246
247
246
245
243
243
242
248
249
197
131
122
139
194
249
247
243
243
243
243
243
242
249
246
191
133
123
134
194
248
248
242
245
250
215
142
129
133
127
141
216
252
246
243
243
243
243
243
243
243
243
243
243
243
243
243
243
243
246
239
222
107
95
243
243
243
243
243
243
243
243
243
242
248
247
193
131
122
139
186
246
243
250
245
243
248
249
196
141
122
140
212
252
246
243
243
245
250
246
223
116
228
232
159
126
131
129
166
239
251
243
243
243
243
243
243
243
243
246
248
233
153
127
133
154
237
252
245
244
243
243
247
251
209
136
119
160
236
250
243
246
239
220
112
180
127
151
231
252
251
239
243
239
250
245
243
242
248
249
198
132
121
162
235
247
246
243
243
243
243
243
242
249
246
190
132
124
133
194
248
248
242
243
249
242
186
128
131
129
135
209
245
247
243
243
243
243
243
243
243
243
243
243
243
243
243
243
243
247
243
113
99
95
243
243
243
243
243
243
243
243
243
243
246
251
198
137
124
132
192
252
252
244
243
245
247
239
169
128
123
136
208
249
246
243
243
247
241
227
94
96
120
237
156
131
127
128
168
241
251
243
243
243
243
243
243
243
243
247
245
176
133
124
133
207
245
247
243
243
243
243
245
251
222
153
124
162
240
252
244
245
251
246
227
143
130
143
226
252
249
222
113
217
239
246
243
242
248
249
198
134
123
154
216
251
246
243
243
243
243
243
242
249
246
190
132
124
134
195
247
248
242
243
251
248
192
132
130
133
131
150
232
249
243
243
243
243
243
243
243
243
243
243
243
243
243
243
243
246
239
217
112
243
243
243
243
243
243
243
243
243
243
243
245
249
238
171
122
132
193
248
251
244
245
251
252
209
143
127
130
144
215
250
245
243
245
252
239
113
90
99
228
239
222
139
132
124
161
235
248
245
243
243
243
243
245
246
247
250
247
175
134
122
140
215
252
249
245
243
243
243
245
248
238
178
120
154
233
248
245
243
245
252
225
143
123
137
178
239
228
91
94
113
243
247
243
242
248
248
198
133
121
140
200
246
247
243
243
243
243
243
242
249
246
191
133
124
131
191
247
248
242
242
248
247
189
132
130
132
130
149
232
249
243
243
243
243
243
243
243
243
243
243
243
243
243
243
243
245
250
239
237
243
243
243
243
243
243
243
243
243
243
243
243
252
245
178
126
127
188
247
252
251
242
239
233
185
130
125
127
185
241
248
243
245
250
249
219
88
88
219
249
252
246
197
128
124
136
190
249
246
243
243
243
245
250
239
243
241
253
232
149
119
144
206
250
242
250
245
243
243
245
250
214
145
123
131
182
246
248
242
244
251
222
144
124
128
170
237
120
94
91
222
239
246
243
243
249
251
201
135
122
136
193
247
249
242
243
243
243
243
242
249
247
192
130
124
139
201
250
246
243
243
246
249
201
142
128
128
136
212
247
248
243
243
243
243
243
243
243
243
243
243
243
243
243
243
243
243
245
246
246
243
243
243
243
243
243
243
243
243
243
243
242
251
242
176
126
128
144
207
238
246
245
182
146
140
133
127
144
205
251
247
243
246
239
224
99
90
113
239
252
248
252
209
141
123
126
181
244
249
243
243
245
250
246
222
113
217
247
245
163
130
139
191
119
219
239
246
243
243
245
251
214
145
123
132
180
247
248
242
244
251
222
144
125
129
166
234
226
113
222
246
250
245
243
243
249
243
194
130
126
131
187
246
249
242
243
243
243
243
242
250
249
194
126
87
162
233
250
245
243
243
244
246
242
170
135
127
135
212
245
248
243
243
243
243
243
243
243
243
243
243
243
243
243
243
243
243
243
243
243
243
243
243
243
243
243
243
243
243
243
243
242
250
242
173
129
126
137
140
144
186
226
157
123
130
129
126
166
236
249
245
243
247
243
113
96
94
227
241
247
244
249
240
176
123
133
191
251
247
243
243
246
239
222
91
94
113
247
249
221
136
128
87
100
114
243
247
243
243
245
248
238
175
117
152
232
247
245
243
244
251
222
144
125
128
166
245
247
242
239
250
245
243
243
245
250
221
146
132
128
132
187
246
249
242
243
243
243
243
242
251
241
182
90
88
121
245
252
243
243
243
243
247
249
231
150
126
130
146
232
250
243
243
243
243
243
243
243
243
243
243
243
243
243
243
243
243
243
243
243
243
243
243
243
243
243
243
243
243
243
243
243
247
247
183
136
129
133
130
129
139
137
106
127
130
127
132
173
247
249
243
243
246
239
217
113
222
246
250
245
243
251
245
181
122
150
231
245
247
243
243
247
243
113
94
91
222
242
253
225
143
88
93
102
226
239
246
243
244
248
252
216
140
128
164
245
250
244
243
244
251
223
145
123
126
165
238
252
247
246
245
243
243
243
245
250
213
139
127
129
132
187
247
249
242
243
243
243
243
243
252
245
120
93
84
162
233
250
245
243
243
243
244
252
236
156
125
129
146
232
250
243
243
243
243
243
243
243
243
243
243
243
243
243
243
243
243
243
243
243
243
243
243
243
243
243
243
243
243
243
243
243
246
248
231
153
128
135
137
133
125
87
86
89
129
134
158
234
244
246
243
243
245
250
239
243
239
250
246
246
247
251
252
186
133
134
191
251
247
243
243
246
239
217
113
222
246
250
252
231
150
123
99
217
245
252
245
243
245
243
241
192
131
139
229
245
245
243
243
244
252
222
145
122
135
168
244
249
243
243
243
243
243
243
245
251
215
142
127
129
131
187
246
249
242
243
243
243
243
243
251
235
176
93
124
140
201
250
246
243
243
243
243
252
233
156
122
133
210
243
247
243
243
243
243
243
243
243
243
243
243
243
243
243
243
243
243
243
243
243
243
243
243
243
243
243
243
243
243
243
243
243
243
252
237
161
129
136
140
138
102
103
111
153
159
215
253
252
253
252
252
252
252
252
252
252
247
246
250
239
242
243
251
229
144
120
182
245
248
242
243
245
250
239
243
239
250
245
249
236
197
122
132
163
246
251
250
247
251
246
180
133
135
209
249
250
244
243
243
244
252
222
143
119
142
224
246
246
243
243
243
243
243
243
245
251
216
140
128
129
132
188
248
252
251
252
252
252
252
253
254
226
149
136
130
137
200
253
253
252
252
247
245
251
234
155
119
140
216
252
246
243
243
243
243
243
243
243
243
243
243
243
243
243
243
243
243
243
243
243
243
243
243
243
243
243
243
243
243
243
243
243
243
251
235
159
124
126
122
120
109
85
177
203
208
212
218
217
214
213
213
213
213
211
227
241
253
253
250
225
117
229
253
209
147
133
191
253
253
252
252
252
253
253
253
253
253
252
253
250
176
150
135
136
177
244
250
250
247
228
150
132
137
219
252
253
252
252
252
252
254
232
150
124
155
239
254
253
252
252
252
252
252
252
253
254
225
146
130
134
137
197
253
247
227
211
213
213
212
215
217
183
116
113
114
116
170
217
217
209
223
233
246
251
235
157
119
139
213
250
246
243
243
243
243
243
243
243
243
243
243
243
243
243
245
246
247
246
245
243
243
243
243
243
243
243
243
243
243
243
243
243
243
251
236
160
123
107
111
121
116
122
129
140
137
133
131
130
130
130
130
130
130
128
125
217
214
219
214
97
84
95
213
212
135
113
165
220
222
221
223
221
217
214
213
213
213
214
215
210
207
154
116
121
127
138
210
213
157
127
124
122
165
114
210
220
212
213
213
215
222
203
131
113
133
204
221
214
213
213
213
213
213
212
215
220
195
126
121
122
119
166
218
222
125
128
130
130
130
130
132
125
119
114
115
117
124
130
132
125
135
237
247
250
232
157
117
137
213
250
246
243
243
243
243
243
245
246
247
246
245
243
243
245
250
239
243
239
250
245
243
243
243
243
243
243
243
243
243
243
243
243
243
251
233
158
117
129
195
230
225
220
217
214
213
213
213
213
213
213
213
213
213
214
217
125
128
136
107
103
86
114
128
130
113
100
116
136
132
118
103
113
120
133
130
130
130
130
130
135
135
122
109
97
96
102
106
110
107
112
105
103
80
103
109
136
130
130
130
132
129
116
105
95
113
122
134
130
130
130
130
130
130
129
131
134
120
109
98
102
109
122
130
127
217
214
213
213
213
213
214
217
220
221
222
220
217
214
213
210
223
233
246
249
239
156
124
136
213
250
246
243
243
243
243
245
250
239
243
239
250
245
245
250
246
222
113
217
239
246
243
243
243
243
243
243
243
243
243
243
243
243
243
250
241
163
131
133
213
254
253
252
252
252
252
252
252
252
252
252
252
252
252
253
241
227
211
219
208
119
214
225
224
214
141
115
170
216
196
74
74
97
211
217
213
213
213
213
213
213
218
221
152
123
116
115
111
118
169
232
221
101
88
99
214
219
213
213
213
219
209
138
119
120
136
207
221
215
212
213
213
213
213
212
215
220
196
127
119
121
154
217
219
227
241
253
252
252
252
252
252
252
252
252
252
252
252
252
252
252
252
247
245
247
245
217
129
134
213
250
246
243
243
243
245
250
246
222
113
217
239
246
246
239
222
91
94
113
243
247
243
243
243
243
243
243
243
243
243
243
243
243
243
249
249
223
138
125
150
232
250
243
243
243
243
243
243
243
243
243
243
243
243
245
247
252
252
253
243
246
243
253
254
248
167
127
188
250
130
105
100
233
250
253
252
252
252
252
252
252
252
254
239
167
153
150
148
172
245
252
252
225
117
225
250
253
252
252
252
254
244
164
132
131
148
233
253
253
252
252
252
252
252
252
253
254
226
148
129
134
176
251
253
251
247
245
243
243
243
243
243
243
243
243
243
243
243
243
243
243
243
243
243
247
252
227
139
132
213
250
246
243
243
243
246
239
222
91
94
113
243
247
247
243
113
94
91
222
239
246
243
243
243
243
243
243
243
243
243
243
243
243
245
251
250
220
106
114
150
227
250
244
243
243
243
243
243
243
243
243
243
243
243
243
243
243
243
245
246
247
246
245
251
237
159
126
151
214
226
115
222
246
250
245
243
243
243
243
243
243
244
247
243
239
230
231
230
238
242
249
250
239
243
239
250
245
243
243
243
251
235
156
127
129
137
173
244
248
243
243
243
243
243
243
246
252
218
143
124
129
169
240
252
242
245
246
247
246
245
243
243
243
243
243
243
243
243
243
243
243
243
243
243
247
245
218
129
136
216
252
249
245
243
243
247
243
113
94
91
222
239
246
246
239
217
113
222
246
250
245
243
243
243
243
243
243
243
243
243
243
243
243
246
239
225
102
94
90
151
229
250
244
243
243
243
243
243
243
243
243
243
243
243
243
243
243
243
243
243
243
243
244
251
241
162
119
173
242
242
245
239
250
245
243
243
243
243
243
243
243
243
244
246
249
251
252
251
249
246
244
245
246
247
246
245
243
243
243
243
251
235
156
127
130
131
179
239
250
243
243
243
243
243
243
247
246
212
133
121
124
165
237
250
244
250
239
243
239
250
245
243
243
243
243
243
243
243
243
243
243
243
243
244
250
242
159
127
142
208
250
241
250
245
243
246
239
217
113
222
246
250
245
245
250
239
243
239
250
245
243
243
243
243
243
243
243
243
243
243
243
243
243
247
243
117
92
81
118
147
229
252
245
243
243
243
243
243
243
243
243
243
243
243
243
243
243
243
243
243
243
243
247
249
237
156
125
156
226
252
247
246
245
243
243
243
243
243
243
243
243
243
243
243
243
243
243
243
243
243
243
243
243
243
243
243
243
243
243
243
250
232
150
119
121
124
176
238
249
243
243
243
243
243
243
249
233
148
127
133
142
176
242
249
250
246
222
113
217
239
246
243
243
243
243
243
243
243
243
243
243
244
245
248
248
230
153
122
140
191
119
219
239
246
243
245
250
239
243
239
250
245
243
243
245
246
247
246
245
243
243
243
243
243
243
243
243
243
243
243
243
243
243
246
238
223
113
130
132
142
222
246
246
243
243
243
243
243
243
243
243
243
243
243
243
243
243
243
243
243
243
246
248
245
181
129
123
177
239
246
243
243
243
243
243
243
243
243
243
243
243
243
243
243
243
243
243
243
243
243
243
243
243
243
243
243
243
243
243
243
249
237
165
142
145
146
178
242
248
243
243
243
243
243
243
248
233
154
138
197
233
237
241
249
239
222
91
94
113
243
247
243
243
243
243
243
243
243
243
243
244
247
240
249
246
181
138
128
131
86
100
114
243
247
243
243
245
246
247
246
245
243
243
243
243
243
243
243
243
243
243
243
243
243
243
243
243
243
243
243
243
243
243
245
250
244
245
200
136
131
170
243
249
243
243
243
243
243
243
243
243
243
243
243
243
243
243
243
243
243
243
247
246
202
134
126
138
197
252
248
243
243
243
243
243
243
243
243
243
243
243
243
243
243
243
243
243
243
243
243
243
243
243
243
243
243
243
243
243
243
246
240
235
228
230
229
235
241
245
243
243
243
243
243
243
246
240
233
231
242
250
250
245
248
243
113
96
94
227
241
247
243
243
243
243
243
243
243
243
243
246
243
223
177
226
167
129
130
94
89
99
224
239
246
243
243
243
243
243
243
243
243
243
243
243
243
243
243
243
243
243
243
243
243
243
243
243
243
243
243
243
243
243
243
245
251
251
210
132
123
161
235
250
243
243
243
243
243
243
243
243
243
243
243
243
243
243
243
243
243
243
249
228
158
127
125
157
231
246
246
243
243
243
243
243
243
243
243
243
243
243
243
243
243
243
243
243
243
243
243
243
243
243
243
243
243
243
243
243
243
244
246
249
251
252
251
249
246
244
243
243
243
243
243
243
244
246
249
249
247
245
243
243
246
239
219
120
219
246
246
252
245
243
243
243
243
243
243
243
243
249
240
166
138
137
142
133
130
125
109
230
247
250
245
243
243
243
243
243
243
243
243
243
243
243
243
243
243
243
243
243
243
243
243
243
243
243
243
243
243
243
243
243
243
243
250
229
149
129
125
160
237
252
243
243
243
243
243
243
243
243
243
243
243
243
243
243
243
243
243
245
250
218
141
127
130
138
190
249
247
242
243
243
243
243
243
243
243
243
243
243
243
243
243
243
243
243
243
243
243
243
243
243
243
243
243
243
243
243
243
243
243
243
243
243
243
243
243
243
243
243
243
243
243
243
243
243
243
243
243
243
243
243
245
252
246
246
219
120
219
239
246
243
243
243
243
243
243
243
243
250
234
152
120
127
132
132
135
143
220
246
251
245
243
243
243
243
243
243
243
243
243
243
243
243
243
243
243
243
243
243
243
243
243
243
243
243
243
243
243
243
243
243
243
243
248
222
143
127
131
160
236
249
243
243
243
243
243
243
243
243
243
243
243
243
243
243
243
243
243
244
249
218
142
130
132
132
182
244
247
243
243
243
243
243
243
243
243
243
243
243
243
243
243
243
243
243
243
243
243
243
243
243
243
243
243
243
243
243
243
243
243
243
243
243
243
243
243
243
243
243
243
243
243
243
243
243
243
243
243
243
243
243
243
246
247
237
110
100
112
237
246
243
243
243
243
243
243
243
243
248
236
158
132
134
136
132
134
193
245
249
245
243
243
243
243
243
243
243
243
243
243
243
243
243
243
243
243
243
243
243
243
243
243
243
243
243
243
243
243
243
243
243
243
243
244
234
133
136
133
150
246
243
243
243
243
243
243
243
243
243
243
243
243
243
243
243
243
243
243
243
245
227
133
135
131
156
247
243
243
243
243
243
243
243
243
243
243
243
243
243
243
243
243
243
243
243
243
243
243
243
243
243
243
243
243
243
243
243
243
243
243
243
243
243
243
243
243
243
243
243
243
243
243
243
243
243
243
243
243
243
243
243
243
243
243
95
95
95
243
243
243
243
243
243
243
243
243
243
243
243
244
236
135
134
135
134
127
196
249
243
243
243
243
243
243
243
243
243
243
243
243
243
243
243
243
243
243
243
243
243
243
