241
241
241
241
241
241
241
34
34
34
241
241
241
241
241
241
241
241
241
241
241
241
241
241
34
34
34
241
241
241
241
241
241
241
241
241
241
241
241
241
241
241
241
241
241
241
241
241
241
241
241
241
241
241
241
241
241
241
241
241
241
241
241
241
241
241
241
241
241
241
241
241
241
241
241
241
241
241
241
241
241
241
241
241
241
241
241
241
241
241
241
241
241
241
241
241
241
241
241
241
242
232
190
190
190
218
243
241
241
241
241
241
241
241
241
241
241
241
34
241
241
241
241
241
241
241
241
241
241
241
241
241
241
241
241
241
241
241
241
241
241
241
241
241
241
241
241
241
241
241
241
241
241
241
241
243
242
219
83
219
242
243
241
241
241
241
241
241
241
241
241
244
232
58
38
50
229
251
236
240
234
250
243
241
241
241
241
241
241
241
241
241
241
241
241
241
241
241
241
241
241
241
241
241
241
241
241
241
241
241
241
242
239
237
239
222
186
193
193
199
197
196
233
241
243
242
241
241
241
241
241
241
241
241
241
241
241
241
241
241
241
241
241
241
241
241
241
241
241
241
243
231
200
185
191
215
242
241
243
244
246
244
243
241
244
232
204
32
40
63
201
58
200
232
244
241
241
241
241
241
241
241
241
241
241
241
241
241
241
241
241
241
241
241
241
241
241
241
241
241
241
241
241
241
241
243
250
234
240
234
250
243
241
241
241
241
241
241
241
241
241
244
234
204
60
215
252
252
215
60
204
234
244
241
241
241
241
241
241
241
241
241
241
241
241
241
243
244
246
244
243
241
241
241
241
241
241
241
241
241
241
243
231
201
199
216
187
182
187
187
186
187
189
221
239
242
241
241
241
241
241
241
241
241
241
241
241
241
241
241
241
241
241
241
241
241
241
241
241
242
243
228
191
182
198
235
243
243
250
234
240
234
250
243
246
240
60
36
22
185
22
36
60
240
246
241
241
241
241
241
241
241
241
241
241
241
241
241
241
241
241
241
241
241
241
241
241
241
241
241
241
241
241
241
241
241
243
244
246
244
243
241
241
241
241
241
241
241
241
241
241
243
250
234
240
238
244
215
28
32
60
240
246
241
241
241
241
241
241
241
241
241
241
241
241
243
250
234
240
234
250
243
241
241
241
241
241
241
241
241
242
244
225
187
185
190
190
186
188
190
189
188
186
190
228
244
242
241
241
241
241
241
241
241
241
241
241
241
241
241
241
241
241
241
241
241
241
241
241
242
243
225
189
184
204
241
245
250
244
212
60
204
234
244
244
234
204
66
213
63
42
30
212
234
244
241
241
241
241
241
241
241
241
241
241
241
241
241
241
241
241
241
241
241
241
241
241
241
241
241
241
241
241
241
241
241
241
241
241
241
241
241
241
241
241
241
241
241
241
241
241
241
243
245
248
252
244
61
33
28
212
234
244
241
241
241
241
241
241
241
241
241
241
241
243
250
244
212
60
204
234
244
241
241
241
241
241
241
241
241
242
243
224
190
183
188
188
189
188
187
186
187
186
187
224
242
243
241
241
241
241
241
241
241
241
241
241
242
243
243
243
243
242
241
241
241
241
241
241
242
244
228
188
186
229
242
245
234
212
28
32
60
240
246
243
250
234
244
229
215
62
212
244
250
243
241
241
241
241
241
241
241
241
241
241
241
241
241
241
241
241
241
241
241
241
241
241
241
241
241
241
241
241
241
241
241
241
241
241
241
241
241
241
241
241
241
241
241
241
241
241
241
242
241
236
238
231
205
62
213
244
250
243
241
241
241
241
241
241
241
241
241
241
241
244
234
212
28
32
60
240
247
243
243
243
243
242
241
241
241
242
244
228
194
187
187
187
192
202
192
192
190
189
187
193
236
242
242
241
241
241
241
241
241
241
241
241
241
240
238
241
243
245
242
241
241
241
241
241
243
242
225
189
189
234
245
246
240
60
32
28
212
234
244
241
243
244
248
253
236
240
234
250
243
241
241
241
241
241
241
241
241
241
241
241
241
241
241
241
241
241
241
241
241
241
241
241
241
241
241
241
241
241
241
241
241
241
241
241
241
241
241
241
241
241
241
241
241
241
241
241
241
242
242
213
189
213
232
242
236
250
243
241
241
241
241
241
241
241
241
241
241
241
241
246
240
60
32
28
212
236
245
239
235
236
241
243
242
241
241
241
243
238
213
186
186
187
195
231
238
213
221
197
185
185
205
240
243
241
241
241
241
241
241
241
241
241
244
236
190
194
226
247
242
242
241
241
241
242
242
236
194
187
220
241
243
244
234
204
60
212
244
250
243
241
241
241
241
243
244
246
244
243
241
241
241
241
241
241
241
241
241
241
241
241
241
241
241
241
241
241
241
241
241
241
241
241
241
241
241
241
241
241
241
241
241
241
241
241
241
241
241
241
241
241
241
241
241
241
241
241
241
243
240
211
180
185
217
248
245
243
241
241
241
241
241
241
241
241
241
241
241
241
241
244
234
204
60
213
245
252
244
230
191
190
230
240
242
241
241
242
244
229
195
189
187
189
222
245
244
243
241
226
190
185
192
222
243
242
241
241
241
241
241
241
241
243
251
229
168
48
166
214
244
242
241
241
241
242
243
218
191
188
223
245
242
243
250
234
240
234
250
243
241
241
241
241
241
241
241
241
241
241
241
241
241
241
241
241
241
241
241
241
241
241
241
241
241
241
241
241
241
241
241
241
241
241
241
241
241
241
241
241
241
241
241
241
241
241
241
241
241
242
243
243
244
244
243
242
241
241
241
242
245
219
187
182
211
241
244
241
241
241
241
241
241
241
241
241
241
241
241
241
241
243
250
234
241
237
252
243
234
194
180
184
195
242
243
241
241
242
243
222
186
183
187
211
241
243
242
243
243
242
215
188
187
214
242
244
241
241
241
241
241
241
243
250
245
213
36
31
56
216
246
244
241
241
241
242
243
234
192
186
222
244
242
241
243
244
246
244
243
241
241
241
241
241
241
241
241
241
241
241
241
241
241
241
241
241
241
241
241
241
241
241
241
241
241
241
241
241
241
241
241
241
241
241
241
241
241
241
241
241
241
241
241
241
241
241
241
241
241
241
237
235
232
235
238
241
242
241
241
243
245
242
200
185
213
241
244
241
241
241
241
243
244
246
244
243
241
241
241
241
241
241
243
244
247
244
241
218
190
188
184
189
227
242
242
241
241
241
243
229
192
183
187
216
242
244
241
241
242
244
237
199
182
210
243
247
246
244
243
241
241
241
244
236
213
38
31
26
167
206
254
251
244
243
241
242
243
233
191
188
223
244
242
241
241
241
241
241
241
242
243
244
243
243
242
241
241
241
241
241
241
241
241
241
241
241
241
241
241
241
241
241
241
241
241
241
241
241
241
241
241
241
241
241
241
241
241
241
241
241
241
241
241
241
241
241
241
241
241
243
231
199
193
192
213
240
243
241
243
250
239
225
186
195
217
243
244
241
241
241
243
250
234
240
234
250
243
241
241
241
241
241
241
241
244
239
206
186
186
187
185
195
232
244
242
241
241
241
243
241
214
183
190
218
243
242
241
241
241
243
242
204
187
197
239
239
243
234
250
243
241
241
246
240
62
45
36
167
57
199
229
246
234
250
243
243
241
206
184
188
223
244
242
241
241
241
241
241
242
240
237
233
235
240
243
242
241
241
241
241
241
241
241
241
241
241
241
241
241
241
241
241
241
241
241
241
241
241
241
241
241
241
241
241
241
241
241
241
241
241
241
241
241
241
241
241
241
241
241
243
240
215
183
182
198
231
243
243
250
245
216
57
157
183
221
242
244
241
241
243
250
244
212
60
204
234
244
241
241
241
241
241
241
243
243
231
190
187
189
192
187
199
236
244
241
241
241
241
244
243
216
183
196
237
244
242
241
241
241
242
242
235
193
201
226
215
60
204
234
244
241
241
244
234
208
54
185
35
46
63
195
67
205
234
244
243
238
203
181
186
222
244
242
241
241
241
241
242
244
242
208
192
190
221
239
242
242
241
241
241
241
241
241
241
241
241
241
241
241
241
241
241
241
241
241
241
241
241
241
241
241
241
241
241
241
241
241
241
241
241
241
242
242
242
242
241
241
241
241
243
238
214
185
187
192
223
244
245
234
214
32
30
48
186
219
241
244
241
241
244
234
212
28
32
60
240
246
241
241
241
241
241
242
242
240
203
186
191
212
193
186
219
241
243
241
241
241
241
243
242
216
183
200
240
245
241
241
241
241
241
243
243
226
188
195
31
34
60
240
246
241
241
243
250
240
242
55
45
20
147
20
37
61
242
246
243
239
203
182
191
226
244
241
241
241
241
241
241
241
233
199
183
183
189
213
241
243
241
241
241
241
241
241
241
241
241
241
241
241
241
241
241
241
241
241
241
241
241
241
241
241
241
241
241
241
241
241
241
241
242
243
241
242
241
242
242
241
241
242
244
220
175
187
187
189
219
242
248
240
60
33
24
166
180
214
242
244
241
241
246
240
60
32
28
212
234
244
241
241
241
241
242
243
242
214
186
183
196
221
199
188
224
245
242
241
241
241
241
242
244
217
186
196
236
244
242
241
241
241
241
242
244
230
195
49
34
31
213
234
244
241
241
241
243
248
240
210
67
174
58
36
32
212
237
244
243
240
203
183
210
240
244
241
241
241
241
242
244
230
196
190
188
185
184
198
237
243
242
241
241
241
241
241
241
241
241
241
241
241
241
241
241
241
241
241
241
241
241
241
241
241
241
241
241
241
241
241
241
241
241
241
236
206
228
240
242
241
241
242
243
225
191
184
189
188
207
238
248
236
205
62
189
192
193
213
242
244
241
241
244
234
204
60
212
244
250
243
241
241
241
242
244
243
225
188
187
189
220
232
192
207
239
243
241
241
241
241
241
242
244
237
202
188
215
243
242
241
241
241
241
242
243
228
186
155
56
214
246
250
243
241
241
241
241
243
250
236
244
215
172
49
178
240
251
243
243
239
204
186
212
243
244
241
241
241
241
243
242
223
187
185
190
188
185
188
211
240
243
241
241
241
241
241
241
241
241
241
241
241
241
241
241
241
241
241
241
241
241
241
241
241
241
241
241
241
241
241
241
241
243
231
192
188
202
240
243
241
241
242
244
232
198
185
188
186
189
229
244
251
235
243
232
210
187
212
242
244
241
241
243
250
234
240
234
250
243
241
241
243
245
246
244
232
191
185
189
233
243
206
188
210
242
244
241
241
241
241
241
242
244
239
203
186
210
241
244
241
241
241
241
242
243
228
199
176
203
234
251
243
241
241
241
241
241
241
243
245
252
244
196
186
185
223
243
244
244
227
194
184
212
241
244
241
241
241
242
242
236
196
187
186
203
215
188
185
189
220
244
242
241
241
241
241
241
241
241
241
241
241
241
241
241
241
241
241
241
241
241
241
241
241
241
241
241
241
241
241
241
241
243
229
191
185
208
237
243
241
241
241
243
233
201
186
189
187
186
196
238
243
245
250
242
204
185
212
242
244
241
241
241
243
244
246
244
243
241
241
243
249
238
239
205
197
188
182
199
241
242
201
184
211
243
242
241
241
241
241
241
242
243
218
188
184
213
243
244
241
241
241
241
242
243
227
194
187
207
241
245
241
241
241
241
241
241
241
241
241
243
242
220
188
187
208
239
245
243
220
189
186
215
243
242
241
241
241
242
239
204
185
182
194
236
242
209
184
180
216
241
244
242
241
241
241
241
241
241
241
241
241
241
241
241
241
241
241
241
241
241
241
241
241
241
241
241
241
241
241
241
241
243
239
216
186
196
237
244
242
241
241
243
232
200
188
190
189
185
187
213
242
245
243
216
187
186
214
242
244
241
241
241
241
241
241
241
241
241
243
250
245
218
58
155
184
192
186
227
244
221
190
198
236
243
242
241
241
241
241
241
242
243
215
186
183
210
240
243
241
241
241
241
242
243
229
196
183
202
239
244
241
241
241
241
241
241
241
241
241
242
243
222
192
186
195
225
246
244
217
184
197
237
243
242
241
242
243
247
224
195
186
189
226
244
246
232
184
181
189
228
242
243
241
241
241
241
241
241
241
241
241
241
241
241
241
241
241
241
241
241
241
241
241
241
241
241
241
241
241
241
241
242
245
222
189
190
218
243
243
241
242
245
231
198
184
192
194
187
181
204
238
246
241
211
182
184
212
242
244
241
241
241
241
241
241
241
241
241
244
235
214
32
29
47
182
207
235
243
244
221
187
201
238
244
241
241
241
241
241
241
242
242
236
203
182
193
226
244
242
241
241
241
242
243
227
194
181
199
236
243
242
241
241
241
241
241
241
241
241
241
243
240
208
186
187
218
242
244
216
185
202
240
244
241
242
240
237
237
234
200
183
211
240
245
245
237
185
184
184
194
238
243
241
241
241
241
241
241
241
241
241
241
241
241
241
241
241
241
241
241
241
241
241
241
243
244
246
244
241
241
241
241
243
238
205
183
206
240
243
242
243
242
224
186
186
202
219
190
182
192
222
246
243
212
181
183
213
242
244
241
241
241
241
241
241
241
241
241
246
242
63
34
25
164
184
213
244
246
240
212
186
198
241
243
241
241
241
241
241
241
241
243
242
206
182
189
224
244
242
241
241
241
241
245
229
192
185
190
214
243
242
241
241
241
241
241
241
241
241
241
244
241
215
188
185
196
234
245
216
185
198
238
243
241
243
238
203
193
218
202
185
212
245
244
243
240
230
192
184
193
236
245
241
241
241
241
241
241
241
241
241
241
241
241
241
241
241
241
241
241
241
241
241
243
250
234
240
232
241
241
241
241
245
241
210
186
191
223
243
243
243
237
197
186
191
233
241
211
183
184
215
245
246
214
184
183
211
241
243
241
241
241
241
241
241
241
241
241
245
235
203
53
161
191
206
238
243
245
220
177
188
229
240
242
241
241
241
241
241
241
241
243
240
205
182
188
222
243
242
241
241
241
241
243
240
216
184
184
213
241
244
241
241
241
241
241
241
241
241
241
242
243
211
188
182
191
229
244
213
189
211
242
243
241
243
239
198
187
188
187
200
235
243
241
241
244
242
222
185
191
233
242
242
241
241
241
241
241
241
241
241
241
241
241
241
241
241
241
241
241
241
241
243
250
244
212
60
200
241
241
241
241
242
242
214
187
186
204
234
244
243
237
203
183
193
236
248
225
191
182
215
242
245
238
199
184
209
244
243
241
241
241
241
241
241
241
241
242
244
250
209
188
184
205
234
243
245
244
221
186
191
237
245
242
241
241
241
241
241
241
241
244
238
206
181
188
222
243
242
241
241
241
241
244
243
218
185
183
211
242
244
241
241
241
241
241
241
241
241
241
242
242
237
199
184
191
232
247
214
194
230
244
242
241
242
242
230
192
185
183
203
239
246
241
241
243
243
225
191
184
208
244
243
241
241
241
241
241
241
241
241
241
241
241
241
241
241
241
241
241
241
241
244
234
212
28
32
54
241
241
241
241
242
243
235
194
181
192
229
244
243
243
225
184
191
233
248
237
199
183
192
232
247
239
201
193
234
241
243
241
241
241
241
241
241
241
242
243
242
228
196
191
209
242
241
243
243
243
221
188
220
242
243
241
241
241
241
241
241
241
241
243
242
205
185
185
219
243
242
241
241
241
241
243
243
215
182
183
211
241
244
241
241
241
241
241
241
241
241
241
241
243
243
231
189
187
229
240
209
193
232
245
241
241
242
244
232
197
187
182
195
238
245
241
241
243
243
217
183
180
204
237
243
241
241
241
241
241
241
241
241
241
241
241
241
241
241
241
241
241
241
241
246
240
60
32
28
208
241
241
241
241
241
243
240
205
185
188
226
242
244
245
226
188
193
233
246
241
216
188
188
226
246
222
192
190
215
243
242
241
241
241
241
241
241
241
243
241
231
197
188
199
238
245
243
242
244
241
207
191
223
244
242
241
241
241
241
241
241
241
241
242
243
234
188
184
221
243
242
241
241
241
241
243
243
216
184
184
214
243
245
241
241
241
241
241
241
241
241
241
241
242
244
231
193
185
203
223
189
193
233
245
241
241
241
244
234
197
188
184
198
239
246
241
241
243
244
214
182
185
192
221
244
242
241
241
241
241
241
241
241
241
241
241
241
241
241
241
241
241
241
241
244
234
204
60
212
242
241
241
241
241
241
242
243
227
187
184
206
240
245
244
226
188
194
233
246
242
240
218
188
201
239
218
188
184
213
241
244
241
241
241
241
241
241
241
243
239
205
182
183
197
245
246
241
243
237
230
194
191
227
244
241
241
241
241
241
241
241
241
241
242
243
234
192
186
223
243
242
241
241
241
241
243
243
217
186
183
208
237
243
241
241
241
241
241
241
241
241
241
241
241
244
233
196
183
197
221
195
199
233
245
241
241
241
243
241
221
187
183
204
235
243
241
241
241
243
235
207
182
185
214
240
243
241
241
241
241
241
241
241
241
241
241
241
241
241
241
241
241
241
241
243
250
236
246
244
255
241
241
241
241
241
241
245
233
191
184
193
233
244
243
227
189
196
235
246
244
244
222
188
189
215
218
189
182
212
242
244
241
241
241
241
241
241
241
246
242
200
165
50
170
234
249
243
244
239
171
179
212
240
244
241
241
241
241
241
241
241
241
241
242
243
212
189
184
220
241
243
241
241
241
241
243
242
217
186
184
190
221
245
241
241
241
241
241
241
241
241
241
241
241
243
242
224
191
191
209
210
196
234
245
241
241
241
242
243
223
189
184
189
217
246
245
246
244
247
248
211
191
186
192
229
243
241
243
244
246
244
243
241
241
241
241
243
244
246
244
243
241
241
241
243
248
255
242
219
209
241
241
241
241
241
241
243
241
222
186
186
206
243
239
205
173
187
230
255
253
249
224
188
183
203
211
188
185
212
241
244
241
241
241
241
241
241
242
244
229
174
27
29
58
234
246
242
246
238
197
178
213
243
244
241
241
241
241
241
241
241
241
241
242
243
233
193
184
196
232
244
241
241
241
241
243
242
217
186
181
207
237
243
241
241
241
241
241
241
241
241
241
241
241
241
244
241
210
186
192
190
196
232
245
241
241
241
242
245
225
192
183
189
221
251
238
240
236
255
238
233
184
188
191
226
243
243
250
234
240
234
250
243
241
241
243
250
234
240
234
250
244
246
251
255
238
221
203
70
82
241
241
241
241
241
241
242
243
241
210
183
194
228
235
201
173
74
194
202
220
241
246
208
195
195
196
188
189
216
242
244
241
241
241
241
241
241
243
245
209
55
30
27
170
196
221
209
235
235
198
191
221
246
244
240
242
241
241
241
241
241
241
241
241
245
238
200
183
192
229
243
241
241
241
241
244
243
218
187
185
212
243
245
241
241
241
241
241
241
241
241
241
241
241
241
244
243
213
187
187
184
194
232
245
241
241
241
241
243
239
208
182
185
223
244
215
62
215
239
221
59
164
178
194
227
245
250
244
212
60
204
234
244
241
243
250
244
215
66
217
249
255
238
219
199
205
74
74
201
211
241
241
241
241
241
241
241
244
242
212
186
186
221
237
201
171
175
70
81
77
208
203
174
170
187
203
202
201
223
246
245
241
241
241
241
241
241
243
241
197
157
48
166
189
197
190
191
193
195
190
196
228
236
233
240
242
241
241
241
241
241
241
241
241
244
235
201
183
196
232
244
242
241
241
241
244
241
215
183
184
211
241
244
241
241
241
241
241
241
241
241
241
241
241
241
244
242
211
187
186
184
195
234
244
241
241
241
241
243
244
214
188
187
185
200
32
37
54
213
36
32
48
181
193
230
246
236
212
28
32
60
240
248
246
254
247
227
42
26
36
198
206
205
76
78
76
203
221
236
251
241
241
241
241
241
241
241
242
243
212
188
185
216
232
198
186
184
210
208
208
81
77
72
62
159
160
157
154
197
242
255
255
255
255
254
251
246
244
241
220
189
190
182
193
187
186
184
186
187
188
192
197
196
212
239
243
241
241
241
241
241
241
241
241
244
234
194
182
194
231
244
243
242
242
243
243
227
189
184
185
210
240
244
241
241
241
241
241
241
241
241
241
241
241
241
244
241
211
187
184
188
202
237
243
241
241
241
241
242
243
235
196
186
186
49
32
36
213
54
37
32
202
177
220
242
249
247
72
48
46
231
251
255
238
225
193
36
9
12
44
74
83
76
205
199
219
236
253
246
243
241
241
241
241
241
241
241
242
243
236
196
184
199
223
197
187
214
241
255
233
231
202
169
160
66
67
69
67
70
207
203
198
199
199
197
219
238
255
255
255
254
240
219
215
207
194
186
185
189
191
189
185
182
199
237
243
241
241
241
241
241
241
241
241
243
237
196
185
190
208
238
242
245
243
243
234
198
187
185
188
212
243
242
241
241
241
241
241
241
241
241
241
241
241
241
242
243
219
192
184
189
224
242
243
241
241
241
241
241
243
242
201
187
180
160
59
222
244
227
79
232
255
255
254
255
255
232
183
16
171
204
208
203
205
79
68
59
42
62
203
210
199
219
238
255
251
246
243
241
241
241
241
241
241
241
241
241
241
243
241
206
185
189
209
194
195
226
213
64
210
248
255
253
226
176
153
156
158
184
77
82
81
82
82
80
76
205
201
200
203
202
198
194
193
214
208
208
206
206
202
203
202
201
219
254
255
255
255
254
251
246
243
241
241
243
241
225
188
187
191
193
217
239
238
210
215
197
188
186
200
235
243
242
241
241
241
241
241
241
241
241
241
241
241
241
242
243
238
203
183
191
228
250
252
254
255
255
255
255
255
255
249
209
207
198
246
254
255
215
198
195
211
203
201
200
203
215
70
80
77
92
83
80
76
206
206
210
210
231
244
255
254
251
246
243
241
241
241
241
241
241
241
241
241
243
244
246
244
243
242
234
193
190
188
192
188
198
32
34
60
241
247
247
242
208
198
200
207
212
218
199
198
199
199
201
205
76
80
81
82
82
83
85
84
78
205
198
181
156
155
156
152
153
191
199
201
199
199
197
219
238
255
255
255
255
255
245
206
198
201
203
207
209
213
216
206
206
202
203
218
253
255
255
255
255
255
255
255
255
255
255
255
255
255
255
255
255
255
227
202
205
243
242
220
197
199
199
199
199
199
201
201
185
155
161
179
208
212
79
85
85
83
82
82
82
80
78
208
206
202
201
199
197
219
238
255
255
254
251
246
243
241
241
241
241
241
241
241
241
241
241
241
241
243
250
234
240
234
250
245
242
222
188
186
192
192
53
33
29
212
234
244
243
242
226
192
187
195
225
254
255
255
255
255
255
238
219
197
199
199
199
199
199
201
205
80
83
78
69
70
73
75
78
81
84
82
81
82
80
76
205
201
199
199
200
203
191
161
153
156
157
156
156
157
158
157
157
158
155
170
198
202
199
199
199
199
199
199
199
199
199
199
199
199
199
199
200
201
194
154
157
190
208
77
79
82
82
82
82
82
83
84
78
72
65
72
76
77
207
200
199
199
199
199
199
197
219
238
255
255
255
255
254
251
246
243
241
241
241
241
241
241
241
241
241
241
241
241
241
241
241
241
243
250
244
212
60
204
234
245
244
229
197
189
187
186
188
63
215
243
250
243
241
244
242
215
187
189
215
239
243
241
241
241
243
246
251
254
255
255
255
255
255
255
240
223
193
163
155
164
203
204
202
200
199
199
199
199
201
205
76
80
82
81
82
83
78
73
66
69
69
69
68
68
68
69
67
68
71
79
82
82
81
82
82
82
82
82
82
82
82
82
82
82
82
82
82
85
78
71
70
75
78
206
200
199
199
199
199
199
199
202
193
162
154
155
176
221
242
255
255
255
255
255
255
254
251
246
243
241
241
241
241
241
241
241
241
241
241
241
241
241
241
241
241
241
241
241
241
241
241
241
244
234
212
28
32
60
240
248
247
245
215
187
186
203
219
244
237
250
243
241
241
244
243
217
187
183
191
225
244
242
241
241
241
241
241
241
241
241
241
241
241
243
247
251
243
202
201
240
254
255
255
255
255
255
255
255
255
238
219
197
199
199
202
207
196
164
156
166
165
161
155
157
154
159
160
164
187
204
202
199
199
199
199
199
199
199
199
199
199
199
199
199
199
199
199
202
195
158
155
185
222
241
255
255
255
255
255
255
255
255
254
226
198
199
223
250
247
243
241
241
241
241
241
241
241
241
241
241
241
241
241
241
241
241
241
241
241
241
241
241
241
241
241
241
241
241
241
241
241
241
246
240
60
32
28
212
236
253
238
244
213
202
186
192
227
246
246
243
241
241
241
242
244
215
188
180
185
219
243
242
241
241
241
241
241
241
241
241
241
241
241
241
243
238
185
184
195
232
244
242
241
241
241
241
241
241
243
246
251
254
255
255
255
254
244
202
207
211
246
224
214
222
224
211
238
240
254
255
255
255
255
255
255
255
255
255
255
255
255
255
255
255
255
255
255
255
248
209
202
239
253
246
243
241
241
241
241
241
241
242
245
218
189
183
191
225
244
242
241
241
241
241
241
241
241
241
241
241
241
241
241
241
241
241
241
241
241
241
241
241
241
241
241
241
241
241
241
241
241
241
244
234
204
60
212
246
255
245
215
61
201
195
185
188
200
238
243
241
241
241
241
242
242
234
198
183
194
228
243
242
241
241
241
241
241
241
241
241
241
241
241
241
244
235
193
180
215
241
243
241
241
241
241
241
241
241
241
241
241
241
243
250
245
217
58
164
180
195
215
242
239
239
237
239
239
243
242
242
241
241
241
241
241
241
243
244
246
244
243
241
241
241
241
241
241
243
233
191
188
224
243
242
241
241
241
241
241
241
241
241
243
236
202
180
188
221
243
242
241
241
241
241
241
241
241
241
241
241
241
241
241
241
241
241
241
241
241
241
241
241
241
241
241
241
241
241
241
241
241
241
243
250
234
240
234
253
236
212
28
35
60
205
192
185
220
241
243
241
241
241
241
241
243
241
204
198
235
241
241
241
241
241
241
241
241
241
241
241
241
241
241
241
245
238
197
183
218
244
244
241
241
241
241
241
241
241
241
241
241
241
244
234
212
30
31
50
185
193
216
243
244
243
243
243
243
242
241
241
241
241
241
241
241
243
250
234
240
234
250
243
241
241
241
241
241
243
232
193
191
229
243
241
241
241
241
241
241
241
241
241
243
242
206
186
190
223
244
242
241
241
241
241
241
241
241
241
241
241
241
241
241
241
241
241
241
241
241
241
241
241
241
241
241
241
241
241
241
241
241
241
241
243
244
246
244
248
240
60
32
29
214
225
192
184
221
243
242
241
241
241
241
241
242
240
236
237
242
243
242
241
241
241
241
241
241
241
241
241
241
241
241
242
243
236
196
187
218
243
242
241
241
241
241
241
241
241
241
241
241
241
246
240
60
34
31
191
183
189
213
242
245
241
241
241
241
241
241
241
241
241
241
241
243
250
244
212
60
204
234
244
241
241
241
241
241
244
231
191
210
241
244
241
241
241
241
241
241
241
241
241
242
241
234
196
211
240
242
241
241
241
241
241
241
243
244
246
244
243
241
241
241
241
241
241
241
241
241
241
241
241
241
241
241
241
241
241
241
241
241
241
241
241
241
241
241
244
234
204
60
213
247
247
199
189
224
243
242
241
241
241
241
241
241
242
243
243
242
241
241
241
241
241
241
241
241
241
241
241
241
241
241
242
243
216
189
201
237
243
241
241
241
241
241
241
241
241
241
241
241
241
244
234
204
61
215
221
196
184
207
238
243
241
241
241
241
241
241
241
241
241
241
241
244
234
212
28
32
60
240
246
241
241
241
241
242
244
231
191
209
240
243
241
241
241
241
241
241
241
241
241
241
243
240
239
238
242
242
241
241
241
241
241
243
250
234
240
234
250
243
241
241
241
241
241
241
241
241
241
241
241
241
241
241
241
241
241
241
241
241
241
241
241
241
241
241
243
250
234
240
234
251
241
235
233
237
242
241
241
241
241
241
241
241
241
241
241
241
241
241
241
241
241
241
241
241
241
241
241
241
241
241
244
243
209
186
205
241
245
241
241
241
241
241
241
241
241
241
241
241
241
243
250
234
243
237
228
188
182
194
224
244
242
241
241
241
241
241
241
241
241
241
241
246
240
60
32
28
212
234
244
241
241
241
241
242
244
230
192
196
234
243
241
241
241
241
241
241
241
241
241
241
242
242
243
243
242
241
241
241
241
241
243
250
244
212
60
204
234
244
241
241
241
241
241
241
241
241
241
241
241
241
241
241
241
241
241
241
241
241
241
241
241
241
241
241
241
243
244
246
244
243
243
243
243
243
242
241
241
241
241
241
241
241
241
241
241
241
241
241
241
241
241
241
241
241
241
241
241
241
241
241
243
238
205
181
205
240
244
241
241
241
241
241
241
241
241
241
241
241
241
241
243
244
247
247
220
188
184
193
223
242
242
241
241
241
241
241
241
241
241
241
241
244
234
204
60
212
244
250
243
241
241
241
241
243
243
216
187
209
241
243
241
241
241
241
241
241
241
241
241
241
241
241
241
241
241
241
241
241
241
241
244
234
212
28
32
60
240
246
241
241
241
241
241
241
241
241
241
241
241
241
241
241
241
241
241
241
241
241
241
241
241
241
241
241
241
241
241
241
241
241
241
241
241
241
241
241
241
241
241
241
241
241
241
241
241
241
241
241
241
241
241
241
241
241
241
241
241
241
241
242
244
222
188
186
212
242
242
241
241
241
241
241
241
241
241
241
241
241
241
241
241
241
241
243
239
206
180
191
222
243
243
241
241
241
241
241
241
241
241
241
241
243
250
234
240
234
250
243
241
241
241
241
242
243
237
199
184
213
243
244
241
241
241
241
241
241
241
241
241
241
241
241
241
241
241
241
241
241
241
241
246
240
60
32
28
212
234
244
241
241
241
241
241
241
241
241
241
241
241
241
241
241
241
241
241
241
241
241
241
241
241
241
241
241
241
241
241
241
241
241
241
241
241
241
241
241
241
241
241
241
241
241
241
241
241
241
241
241
241
241
241
241
241
241
241
241
241
241
241
243
240
214
184
200
238
242
242
241
241
241
241
241
241
241
241
241
241
241
241
241
241
241
241
245
242
209
183
189
219
243
243
241
241
241
241
241
241
241
241
241
241
243
246
250
250
246
243
241
241
241
241
242
243
245
219
188
186
216
244
242
241
241
241
241
241
241
241
241
241
241
241
241
241
241
241
241
241
241
241
241
244
234
204
60
212
244
250
243
241
241
241
241
241
241
241
241
241
241
241
241
241
241
241
241
241
241
241
241
241
241
241
241
241
241
241
241
241
241
241
241
241
241
241
241
241
241
241
241
241
241
241
241
241
241
241
241
241
241
241
241
241
241
241
241
241
241
241
241
242
245
232
191
189
228
243
243
241
241
241
241
241
241
241
241
241
241
241
241
241
241
241
241
241
244
241
206
183
189
222
243
243
241
241
241
241
241
241
241
241
241
243
250
234
240
234
250
243
241
241
241
242
241
243
240
210
186
200
236
243
241
241
241
241
241
241
241
241
241
241
241
241
241
241
241
241
241
241
241
241
241
243
250
234
240
234
250
243
241
241
241
241
241
241
241
241
241
241
241
241
241
241
241
241
241
241
241
241
241
241
241
241
241
241
241
241
241
241
241
241
241
241
241
241
241
241
241
241
241
241
241
241
241
241
241
241
241
241
241
241
241
241
241
241
241
241
241
241
241
242
242
228
185
190
231
245
242
241
241
241
241
241
241
241
241
241
241
241
241
241
241
241
241
241
244
241
209
183
185
219
244
244
241
241
241
241
241
241
241
241
243
250
244
212
60
204
234
244
241
241
241
244
245
207
193
186
199
212
246
248
244
243
241
241
241
241
241
241
241
241
241
241
241
241
241
241
241
241
241
241
241
241
243
244
246
244
243
241
241
241
241
241
241
241
241
241
241
241
241
241
241
241
241
241
241
241
241
241
241
241
241
241
241
241
241
241
241
241
241
241
241
241
241
241
241
241
241
241
241
241
241
241
241
241
241
241
241
241
241
241
241
241
241
241
241
241
241
241
241
243
239
204
183
190
227
244
241
241
241
241
241
241
241
241
241
241
241
241
241
241
241
241
241
241
244
241
208
183
183
214
239
243
241
241
241
241
241
241
241
241
244
234
212
28
32
60
240
246
241
241
243
251
241
179
47
158
192
246
236
242
234
250
243
241
241
241
241
241
241
241
241
241
241
241
241
241
241
241
241
241
241
241
241
241
241
241
241
241
241
241
241
241
241
241
241
241
241
241
241
241
241
241
241
241
241
241
241
241
241
241
241
241
241
241
241
241
241
241
241
241
241
241
241
241
241
241
241
241
241
241
241
241
241
241
241
241
241
241
241
241
241
241
241
241
241
241
241
241
241
243
235
198
185
188
228
243
241
241
241
241
241
241
241
241
241
241
241
241
241
241
241
241
241
241
243
239
209
187
187
187
228
243
241
241
241
241
241
241
241
241
244
232
62
30
30
204
232
244
241
241
243
244
225
52
35
51
197
242
222
83
219
242
243
241
241
241
241
241
241
241
241
241
241
241
241
241
241
241
241
241
241
241
241
241
241
241
241
241
241
241
241
241
241
241
241
241
241
241
241
241
241
241
241
241
241
241
241
241
241
241
241
241
241
241
241
241
241
241
241
241
241
241
241
241
241
241
241
241
241
241
241
241
241
241
241
241
241
241
241
241
241
241
241
241
241
241
241
241
241
241
241
190
208
243
241
241
241
241
241
241
241
241
241
241
241
241
241
241
241
241
241
241
241
241
241
243
212
228
187
220
243
241
241
241
241
241
241
241
241
241
241
241
241
34
241
241
241
241
241
241
241
241
34
34
34
191
197
241
34
34
34
241
241
241
241
241
241
241
241
241
241
241
241
241
241
241
241
241
241
241
241
241
241
241
241
241
241
241
241
241
241
241
241
241
241
241
241
241
241
241
241
241
241
241
241
241
241
241
241
