248
248
248
248
248
248
248
248
248
248
248
248
248
248
248
248
248
248
248
248
248
248
248
248
248
248
248
248
248
248
248
248
248
248
248
248
248
248
248
248
248
248
248
248
248
248
248
248
248
248
248
248
248
248
248
248
248
248
248
248
248
248
248
248
248
248
248
248
248
248
248
248
248
248
248
248
248
248
248
248
106
106
106
248
248
248
248
248
248
248
248
248
248
248
248
248
248
248
248
248
248
248
248
248
248
248
248
248
248
248
248
248
248
248
248
248
248
248
106
106
106
248
248
248
248
248
248
248
248
248
248
248
248
248
248
248
248
248
248
248
248
248
248
248
248
248
248
248
248
248
248
248
248
248
248
248
248
248
248
248
248
248
248
248
248
248
248
248
248
248
248
248
248
248
248
248
248
248
248
248
248
248
248
248
248
248
248
248
248
248
248
248
248
248
248
248
248
248
248
248
250
251
252
251
250
248
248
248
248
248
248
248
248
248
248
248
248
250
252
245
241
232
233
234
241
248
250
248
250
249
233
138
233
249
250
248
248
248
248
248
248
248
248
248
248
248
248
248
248
248
248
248
248
248
248
248
248
248
248
248
248
248
248
248
248
248
250
249
233
138
233
249
250
248
248
248
248
248
248
248
248
248
248
248
250
252
244
248
244
252
250
248
248
248
248
248
248
248
248
248
248
248
248
248
248
248
248
248
248
249
251
252
253
253
252
251
249
248
248
248
248
248
248
248
248
248
248
248
248
248
248
248
248
248
248
248
248
248
248
248
248
248
248
248
248
248
248
248
248
250
252
244
248
244
252
250
248
248
248
248
248
248
248
248
248
248
248
251
247
227
142
141
139
142
196
250
252
248
250
252
244
248
244
252
250
248
248
248
248
248
248
248
248
248
248
248
248
248
248
248
248
248
248
248
248
248
248
248
248
248
248
248
248
248
248
248
250
252
244
248
244
252
250
248
248
248
248
248
248
248
248
248
248
250
252
251
229
123
224
244
251
248
248
248
248
248
248
248
248
248
248
248
248
248
248
248
248
248
248
251
245
240
231
231
240
244
251
248
248
248
248
248
248
248
248
248
248
248
248
248
248
248
248
248
248
248
248
248
248
248
248
248
248
248
248
248
248
248
250
252
251
229
123
224
244
251
248
248
248
248
248
248
248
248
248
248
248
252
237
145
123
119
116
121
183
248
252
248
248
250
251
252
251
250
248
248
248
248
248
248
248
248
248
248
248
248
248
248
248
248
248
248
248
248
248
248
248
248
248
248
248
248
248
248
248
248
248
250
251
252
251
250
248
248
248
248
248
248
248
248
248
248
248
251
244
229
102
104
123
248
252
248
248
248
248
248
248
248
248
248
248
248
248
248
248
248
248
248
248
252
244
168
139
138
162
242
252
248
248
248
248
248
248
248
248
248
248
248
248
248
248
248
248
248
248
248
248
248
248
248
248
248
248
248
248
248
248
248
251
244
229
102
104
123
248
252
248
248
248
248
248
248
248
248
248
248
249
253
232
144
123
132
127
127
186
249
252
248
248
248
248
248
248
248
248
248
248
248
248
248
248
248
248
248
248
248
248
248
248
248
248
248
248
248
248
248
248
248
248
248
248
248
248
248
248
248
248
248
248
248
248
248
248
248
248
248
248
248
248
248
248
248
248
252
248
123
104
102
229
244
251
248
248
248
248
248
248
248
248
248
248
248
248
248
248
248
248
248
248
253
236
150
112
111
147
235
253
248
248
248
248
248
248
248
248
248
248
248
248
248
248
248
248
248
248
248
248
248
248
248
248
248
248
248
248
248
248
248
252
248
126
110
110
239
252
253
251
249
248
248
248
248
248
248
248
248
251
251
227
138
126
134
126
126
186
249
252
248
248
248
248
250
251
252
251
250
248
248
248
248
248
248
248
248
248
248
248
248
248
248
248
248
248
248
248
248
248
248
248
248
248
248
248
248
248
248
248
248
248
248
248
248
248
248
248
248
248
248
248
248
248
248
248
251
244
224
123
229
251
252
250
248
248
248
248
248
248
248
248
248
248
248
248
248
248
248
248
248
248
253
250
167
132
122
153
238
253
248
248
248
248
248
248
248
248
248
248
248
248
248
248
248
248
248
248
248
248
248
248
248
248
248
248
248
248
248
248
248
251
247
221
116
213
236
240
243
248
252
249
248
248
248
248
248
248
249
253
245
163
133
129
133
127
129
188
253
254
252
251
250
250
252
244
248
244
252
250
248
248
248
248
248
248
248
248
248
248
248
248
248
248
248
248
248
248
248
248
248
248
248
248
248
248
248
248
248
248
248
248
248
248
248
250
251
252
251
250
248
248
248
248
248
248
250
252
244
248
244
252
250
248
248
248
248
248
248
248
248
248
248
248
248
248
248
248
248
248
248
248
252
245
232
139
119
153
238
253
248
248
248
248
248
248
249
251
252
253
252
251
249
248
248
248
248
248
248
250
251
252
251
250
248
248
248
248
248
248
248
249
254
242
171
135
150
144
155
241
252
252
252
250
249
248
248
248
251
250
229
138
125
131
132
128
125
182
250
248
250
243
253
253
251
229
123
224
244
251
248
248
249
250
251
251
252
252
252
251
249
248
248
248
248
248
248
248
248
248
248
248
248
248
248
248
248
248
248
248
248
248
248
248
250
252
244
248
244
252
250
248
248
248
248
248
248
250
251
252
251
250
248
248
248
248
248
248
248
248
248
248
248
248
248
248
248
248
248
248
248
248
252
248
166
131
120
154
241
253
249
248
248
248
248
249
252
247
242
231
240
246
252
249
248
248
248
248
250
252
244
248
244
253
252
252
251
250
248
248
248
248
253
243
163
119
119
120
127
154
245
246
251
250
253
250
248
248
252
244
160
132
127
131
130
129
127
140
198
234
127
223
246
246
229
102
104
123
248
252
248
248
251
246
248
250
250
242
241
250
254
253
253
252
251
248
249
251
252
253
253
252
251
249
248
248
248
248
248
248
248
248
248
250
252
251
229
123
224
244
251
248
248
248
248
248
248
248
248
248
248
248
248
248
248
248
248
248
248
248
248
248
248
248
248
248
248
248
248
248
248
248
252
246
159
128
121
146
235
252
250
248
248
248
248
251
249
239
159
137
151
237
249
251
248
248
248
250
252
251
229
123
225
251
246
248
244
252
250
248
248
248
253
240
159
118
125
126
125
131
163
208
174
233
243
248
250
249
253
239
153
121
129
139
137
138
122
126
174
105
108
123
252
252
123
104
102
229
244
251
250
252
252
243
170
212
235
155
149
231
237
234
235
245
252
253
253
251
243
234
231
239
243
251
248
248
248
248
248
248
248
248
248
251
244
229
102
104
124
251
253
251
250
248
248
248
248
248
248
248
248
248
248
248
248
248
248
248
248
248
248
248
248
248
248
248
248
248
248
248
248
248
250
252
235
147
121
133
172
248
251
248
248
248
248
253
251
167
128
117
124
161
246
252
248
248
248
251
244
229
102
106
130
251
233
123
224
244
251
248
248
248
252
245
174
130
139
130
130
121
132
131
136
134
199
251
252
250
251
234
144
123
124
158
203
138
122
132
105
108
105
229
246
246
224
123
229
251
252
250
249
244
240
169
133
137
139
131
128
137
148
145
142
179
234
243
246
245
172
140
138
156
237
252
248
248
248
248
248
248
248
248
248
252
248
123
104
103
236
240
251
244
252
250
248
248
248
248
248
248
248
248
248
248
248
248
248
248
248
248
248
248
248
248
248
248
248
248
248
248
248
248
249
254
243
157
121
123
161
240
252
248
248
248
250
251
236
154
124
128
122
154
241
253
249
248
248
252
248
123
104
104
225
225
104
104
123
248
252
248
248
248
250
245
243
228
164
217
155
135
130
124
119
122
186
249
252
252
247
159
130
124
135
175
218
144
118
130
171
128
232
251
253
253
245
251
248
253
251
251
251
208
144
132
124
123
120
120
119
116
114
113
118
130
139
146
204
176
129
120
111
136
228
253
248
248
248
248
248
248
248
248
248
251
244
224
124
236
252
236
124
224
244
251
248
248
248
248
248
248
248
248
248
248
248
248
248
248
248
248
248
248
248
248
248
248
248
248
248
248
248
248
248
253
240
154
121
135
175
250
252
248
248
248
252
250
173
131
128
131
126
147
235
252
250
248
248
251
245
226
128
238
252
132
107
102
229
244
251
248
248
248
249
251
253
247
252
241
248
220
140
132
122
127
189
249
252
253
238
152
119
121
147
239
216
139
117
136
186
250
249
252
250
251
253
248
251
245
252
252
251
196
127
100
123
135
142
147
147
146
146
144
134
124
116
127
132
136
131
129
132
154
242
252
248
248
248
248
248
248
248
248
248
250
252
244
251
240
236
103
104
123
248
252
248
248
248
248
248
248
248
248
248
248
248
248
248
248
248
248
248
248
248
248
248
248
248
248
248
248
248
248
248
253
240
155
119
139
230
245
252
248
248
248
253
246
168
125
129
132
128
131
165
247
252
248
248
251
255
240
251
236
253
225
134
235
252
253
250
248
248
248
248
248
249
250
252
252
254
252
215
129
122
135
197
253
252
253
242
159
122
131
165
254
222
137
118
131
195
253
253
249
250
252
251
229
123
224
243
253
245
187
102
102
103
138
216
241
236
234
235
239
210
144
136
131
128
129
131
129
130
221
243
252
248
248
248
248
248
248
248
248
248
248
250
251
253
251
124
104
102
229
244
251
248
248
248
248
248
248
248
248
248
248
248
248
248
248
248
248
248
248
248
248
248
248
248
248
248
248
248
250
252
255
246
158
122
133
166
249
252
248
248
251
252
242
164
127
130
134
129
122
157
240
253
248
250
252
252
232
135
219
169
218
234
236
251
252
248
248
248
248
248
248
248
248
248
248
251
254
223
135
118
178
243
252
249
253
243
172
120
141
240
254
217
136
117
129
194
251
252
248
251
244
229
102
104
123
247
254
246
128
104
102
120
143
230
255
254
253
254
254
251
243
186
129
130
133
119
124
135
164
245
252
248
248
248
248
248
248
248
248
248
248
248
248
251
244
224
123
229
251
252
250
248
248
248
248
248
248
248
248
248
248
248
248
248
248
248
248
248
248
248
248
248
248
248
248
248
248
250
252
242
238
218
144
123
120
156
239
253
248
249
250
247
176
131
128
129
130
130
124
158
242
253
248
251
244
229
102
115
111
158
137
144
168
244
252
248
248
248
248
248
248
248
248
248
249
252
251
212
125
121
183
250
253
249
253
242
155
118
148
241
255
215
136
118
131
196
252
253
248
252
248
123
104
102
229
243
254
245
182
106
125
123
139
222
253
249
248
248
249
253
254
200
132
127
132
118
125
125
155
234
252
248
248
248
248
248
248
248
248
248
248
248
248
250
252
244
248
244
252
250
248
248
248
248
248
248
248
248
248
248
248
248
248
248
248
248
248
248
248
248
248
248
248
248
248
248
250
252
244
236
139
132
148
125
123
158
241
253
247
251
251
193
137
122
136
135
139
127
122
161
243
254
248
252
248
123
107
105
215
141
121
116
152
241
254
249
248
248
248
248
248
248
248
248
251
251
228
139
126
132
191
252
252
252
252
211
139
124
156
247
255
212
132
118
126
188
245
252
248
251
244
224
123
229
251
252
253
251
189
128
125
125
141
226
255
252
249
248
248
252
251
195
128
127
132
132
130
126
159
238
253
249
248
248
248
248
248
248
248
248
248
248
248
248
250
251
252
251
250
248
248
248
248
248
248
248
248
248
248
248
248
248
248
248
248
248
248
248
248
248
248
248
248
248
248
248
251
241
235
132
231
221
141
124
121
159
241
253
248
253
249
182
127
119
140
217
157
135
121
151
236
251
250
251
244
223
129
230
170
140
128
122
142
231
248
249
248
248
248
248
248
248
248
248
251
239
168
122
118
168
241
251
251
250
242
158
123
136
228
251
254
221
139
126
125
136
207
253
252
249
252
244
248
244
252
249
252
252
196
133
127
123
135
212
247
248
252
249
248
252
252
194
129
126
134
134
133
126
148
237
253
253
252
252
252
253
253
253
252
250
248
248
248
248
248
248
248
248
248
248
248
248
248
248
248
248
248
248
248
248
248
248
250
251
252
251
250
248
248
248
248
248
248
248
248
248
252
244
127
227
248
255
180
137
122
158
241
253
249
252
243
177
126
118
142
227
245
143
122
131
171
250
252
249
252
244
254
240
173
126
126
134
143
176
252
250
248
248
248
248
248
248
248
250
253
232
142
118
134
190
253
252
251
248
180
134
117
147
236
254
252
247
202
128
118
129
200
253
253
250
251
251
252
251
250
248
249
250
245
184
130
123
132
139
148
233
249
252
250
253
253
200
133
125
131
131
132
130
139
186
237
236
245
251
249
238
232
240
248
253
252
249
248
250
252
253
253
253
252
250
248
248
248
248
248
248
248
248
248
248
248
250
252
244
248
244
252
250
248
248
248
248
248
248
248
248
251
241
235
132
228
224
214
133
123
163
246
254
252
253
201
140
124
128
145
243
245
152
121
125
170
246
254
248
249
252
253
240
157
125
121
141
221
243
244
249
248
250
251
252
251
250
249
252
252
224
132
125
169
245
249
249
252
244
166
123
119
145
234
253
252
253
210
135
117
133
207
249
252
243
252
250
248
248
248
248
248
251
252
247
175
128
125
123
127
142
239
251
254
251
243
187
131
126
117
124
132
130
133
137
149
144
170
237
201
141
144
151
208
244
250
254
254
255
246
233
215
230
238
251
248
248
248
248
248
248
248
248
248
248
250
252
251
229
123
224
244
251
248
248
248
248
248
248
248
248
250
252
244
236
134
145
132
137
116
144
235
252
255
252
188
107
118
130
214
253
239
148
121
125
159
239
252
250
248
253
251
174
133
126
132
157
250
254
251
249
249
252
244
248
244
253
252
250
236
141
124
152
238
252
251
248
253
246
171
124
118
144
231
253
252
252
208
133
117
137
201
233
128
223
244
251
248
248
248
248
248
248
251
252
251
175
137
129
127
130
161
244
250
208
142
137
130
134
137
137
131
132
130
129
125
123
132
136
132
124
120
131
137
145
216
232
223
222
224
134
133
145
242
252
248
248
248
248
248
248
248
248
248
248
251
244
229
102
104
123
248
252
248
248
248
248
248
248
248
248
248
250
252
242
232
226
215
117
101
114
124
224
232
222
116
100
99
140
229
255
247
153
126
131
137
180
251
252
249
252
237
156
123
123
139
230
251
251
248
250
252
251
229
123
224
247
251
237
143
125
128
169
252
253
248
250
251
240
162
123
128
150
241
252
252
252
205
132
116
130
184
109
110
129
252
253
251
249
248
248
249
250
252
253
248
230
153
129
131
125
148
212
152
133
126
101
118
133
199
170
132
133
137
134
134
132
134
142
137
129
117
120
117
124
125
132
137
143
135
224
218
230
238
251
248
248
248
248
248
248
248
248
248
248
252
248
123
104
102
229
244
251
248
248
248
248
248
248
248
248
248
248
250
252
253
255
242
149
116
121
156
133
150
127
115
97
99
120
196
231
214
131
118
122
117
170
247
255
255
255
186
138
129
127
155
246
255
255
254
255
252
233
103
104
124
253
252
160
127
118
147
235
251
250
248
252
251
179
133
121
133
225
249
252
251
252
215
139
124
134
111
119
109
225
227
242
244
251
248
248
251
251
248
240
181
142
141
134
134
132
141
135
134
122
104
112
113
155
216
180
129
125
126
124
120
117
118
159
213
126
121
114
107
104
100
118
202
217
236
246
254
253
252
250
248
248
248
248
248
248
248
248
248
248
251
244
224
123
229
251
252
250
248
248
248
248
248
248
248
248
248
248
248
248
248
253
236
152
123
131
158
231
228
171
106
119
122
119
134
146
139
126
113
107
107
120
222
227
226
222
158
119
119
115
129
210
226
219
219
222
233
123
118
114
243
253
242
147
124
139
181
255
255
254
254
255
253
179
125
126
155
245
255
255
254
255
255
207
128
128
174
121
219
174
149
164
247
255
254
254
254
251
204
144
131
122
119
119
119
116
117
118
122
104
100
102
158
168
187
158
108
109
109
117
122
127
127
136
142
237
233
175
129
127
125
133
164
252
254
252
250
248
248
248
248
248
248
248
248
248
248
248
248
248
250
252
244
248
244
252
250
248
248
248
248
248
248
248
248
248
248
248
248
248
248
253
237
149
120
128
172
252
226
136
109
126
135
205
229
223
228
213
135
117
120
159
134
148
143
133
119
106
114
118
133
134
142
138
138
139
130
199
96
201
229
235
153
126
116
130
212
221
222
219
219
227
225
161
120
116
163
212
224
220
219
225
228
187
122
128
133
144
131
134
113
129
210
226
219
222
229
188
126
121
121
104
111
117
127
127
128
120
114
106
105
116
129
147
138
125
125
125
120
141
222
235
227
223
236
249
254
252
204
147
127
122
155
234
253
248
248
248
248
248
248
248
248
248
248
248
248
248
248
248
248
250
251
252
251
250
248
248
248
248
248
248
248
248
248
248
248
248
248
248
248
253
236
150
121
127
164
206
136
101
97
110
202
253
255
254
255
239
148
122
132
168
235
230
215
155
117
118
131
209
232
223
220
219
219
222
231
130
137
140
149
129
113
101
109
126
140
143
139
138
140
141
130
118
105
116
128
141
141
139
139
145
146
130
116
107
111
110
105
103
97
114
127
143
140
141
132
119
106
107
105
125
130
213
234
230
234
206
127
119
127
120
174
223
221
151
124
132
126
152
245
255
254
254
253
252
252
254
245
166
126
122
149
236
253
248
248
248
248
248
248
248
248
248
248
248
248
248
248
248
248
248
248
248
248
248
248
248
248
248
248
248
248
248
248
248
248
248
248
248
248
253
236
149
123
131
139
134
111
101
97
128
205
253
252
248
252
233
145
124
127
167
246
255
201
141
131
124
142
231
255
254
254
254
254
255
247
236
224
223
214
139
112
122
138
223
226
220
219
219
225
222
163
117
112
125
204
229
227
228
229
222
217
173
120
124
127
122
126
133
136
143
218
224
224
226
187
121
116
125
145
148
223
252
255
254
255
235
145
127
126
130
150
222
199
143
130
127
132
163
245
252
248
248
248
248
248
254
245
169
125
120
150
237
254
249
248
248
248
248
248
248
248
248
248
248
248
248
248
248
248
248
248
248
248
248
248
248
248
248
248
248
248
248
248
248
248
248
248
248
248
253
236
148
123
131
131
129
126
106
124
138
211
253
251
248
252
244
184
131
125
135
156
208
191
126
122
128
143
231
252
249
248
248
248
250
252
253
255
255
188
136
133
145
241
253
255
254
254
254
255
255
192
129
127
150
244
255
252
246
251
227
159
145
138
133
133
134
143
222
240
245
251
255
255
253
207
130
127
138
202
247
249
252
250
249
251
246
219
140
134
124
127
189
168
128
128
127
141
230
252
251
248
248
248
248
248
253
244
163
124
124
141
230
250
251
248
248
248
248
248
248
248
248
248
248
248
248
248
248
248
248
248
248
248
248
248
248
248
248
248
251
251
250
248
248
248
248
248
248
248
253
238
149
125
132
133
133
131
128
125
191
245
251
249
248
251
252
223
136
119
122
177
243
194
129
129
144
227
249
251
248
248
248
248
248
248
251
252
241
162
117
132
225
252
252
249
248
248
251
253
246
177
120
131
221
252
242
150
143
146
136
130
125
131
131
127
139
216
252
253
253
251
251
252
219
139
126
122
165
229
254
253
249
248
248
250
252
248
245
200
132
135
136
135
131
131
124
149
237
254
249
248
248
248
248
248
253
242
165
124
125
129
153
243
252
248
248
248
248
248
248
248
248
248
248
248
248
248
248
248
248
248
248
248
248
248
248
248
248
248
242
244
252
250
248
248
248
248
248
248
253
238
159
126
131
132
133
131
129
144
212
253
251
248
248
249
253
235
147
127
129
184
242
189
123
121
204
244
252
250
248
248
248
248
248
251
251
248
177
130
117
137
227
254
250
248
248
249
251
246
188
131
125
136
218
242
152
128
119
120
120
120
122
125
127
123
137
218
254
251
248
248
251
252
209
132
118
132
162
230
253
250
248
248
248
248
250
252
253
248
190
124
124
129
130
130
123
146
234
254
248
248
248
248
248
248
253
244
165
125
125
129
154
243
252
248
248
248
248
248
248
248
248
248
248
248
248
248
248
248
248
248
248
248
248
248
248
248
248
248
121
224
244
251
248
248
248
248
248
248
252
236
150
122
131
134
133
128
126
185
246
252
249
248
248
248
252
248
216
130
126
161
166
119
119
130
154
237
252
248
248
248
248
250
252
253
249
185
127
130
130
162
235
252
249
248
248
252
252
200
132
125
126
135
142
143
135
126
127
135
142
148
148
146
140
123
131
212
253
251
248
248
251
252
209
131
119
125
188
242
252
251
248
248
248
248
248
248
252
253
206
140
130
130
120
127
125
148
234
254
248
248
248
248
248
248
254
247
173
127
122
139
231
250
251
248
248
248
248
248
248
248
248
248
248
248
248
248
248
248
248
248
248
248
248
248
248
248
248
106
108
123
248
252
248
248
248
248
248
248
252
244
152
132
131
131
133
125
128
190
251
252
248
248
248
248
250
254
224
140
123
129
105
101
105
134
213
247
250
248
248
248
250
252
247
242
187
131
120
126
204
244
245
250
248
248
248
252
250
195
129
123
132
130
126
124
122
120
127
156
236
238
239
237
179
118
131
215
253
251
248
248
250
252
216
136
124
128
136
209
252
252
250
248
248
248
248
248
249
252
244
182
127
126
119
125
125
148
237
254
249
248
248
248
248
251
253
242
159
125
123
150
238
254
249
248
248
248
248
248
248
248
248
248
248
248
248
248
248
248
248
248
248
248
248
248
248
248
248
106
117
229
244
251
248
248
248
248
248
248
251
250
228
140
126
129
107
121
135
198
252
252
248
248
248
248
249
253
221
138
121
109
105
99
125
203
251
252
249
248
248
249
251
248
209
139
134
125
123
139
226
254
251
249
248
248
248
252
252
196
130
125
132
131
128
133
138
143
157
242
252
254
255
254
192
122
132
218
254
251
248
248
248
251
247
205
130
124
125
131
211
248
251
248
248
248
248
248
248
253
253
192
132
125
120
123
103
136
229
252
251
248
248
248
251
252
247
172
132
127
121
148
234
253
248
248
248
248
248
248
248
248
248
248
248
248
248
248
248
248
248
248
248
248
248
248
248
248
248
106
238
251
252
250
248
248
248
248
248
248
250
254
236
146
121
104
104
114
184
247
251
249
248
248
248
248
249
253
220
137
123
129
110
121
135
211
253
252
248
248
248
252
249
213
131
125
122
126
130
209
247
251
248
248
248
248
248
252
252
196
129
124
133
128
129
142
227
237
242
248
252
248
252
250
187
122
124
211
251
252
250
248
248
250
252
250
199
130
125
122
140
228
255
253
251
249
248
248
248
252
250
192
131
125
116
104
102
106
159
243
252
248
250
252
252
250
187
133
124
122
127
156
242
252
248
248
248
248
248
248
248
248
248
248
248
248
248
248
248
248
248
248
248
248
248
248
248
248
248
248
249
252
250
248
248
248
248
248
248
248
248
253
233
146
100
104
103
169
242
253
251
248
248
248
248
248
249
252
218
136
122
133
133
120
130
205
252
252
248
248
249
253
230
150
126
124
128
130
204
249
251
250
248
248
248
248
248
252
253
197
130
123
126
126
132
228
253
254
252
251
249
248
252
250
191
129
126
136
222
247
251
248
248
248
250
252
249
192
130
120
127
206
237
243
250
254
253
252
252
254
253
196
134
113
106
103
103
129
157
252
255
254
253
248
242
187
135
123
130
134
149
232
247
251
248
248
248
248
248
248
248
248
248
248
248
248
248
248
248
248
248
248
248
248
248
248
248
248
248
248
250
250
248
248
248
248
248
248
248
248
248
253
231
141
117
103
121
176
249
253
248
248
248
248
248
248
249
252
227
140
127
129
129
126
134
211
252
251
248
248
251
248
213
129
122
127
131
196
250
252
250
248
248
248
248
248
249
254
252
191
104
128
137
144
221
249
252
250
248
248
248
248
251
250
193
134
123
127
142
231
252
249
248
248
248
251
252
248
182
125
127
135
144
149
227
237
244
243
251
244
243
181
129
114
108
106
128
135
222
233
237
235
238
201
140
133
126
124
136
217
245
246
252
249
248
248
248
248
248
248
248
248
248
248
248
248
248
248
248
248
248
248
248
248
248
248
248
248
248
248
248
248
248
248
248
248
248
248
248
248
248
253
240
150
128
125
132
181
251
252
248
248
248
248
248
248
248
252
249
219
138
131
129
137
205
249
251
248
248
248
252
227
136
117
119
128
187
248
252
250
248
248
248
248
248
248
251
246
229
106
100
119
230
244
246
252
250
248
248
248
248
248
251
249
192
133
126
121
138
223
253
249
248
248
248
248
251
252
245
180
132
124
112
122
134
145
163
212
178
204
145
137
134
128
112
124
131
139
142
145
137
137
135
125
119
113
122
131
217
252
253
251
249
248
248
248
248
248
248
248
248
248
248
248
248
248
248
248
248
248
248
248
248
248
248
248
248
248
248
248
248
248
248
248
248
248
248
248
248
248
248
252
249
222
129
114
159
237
251
250
248
248
248
248
248
248
248
251
252
243
198
120
119
181
239
251
252
248
248
248
252
227
146
136
140
183
245
252
251
248
248
248
248
248
248
248
252
249
126
107
106
238
251
253
251
250
248
248
248
248
248
248
250
253
200
139
129
123
143
229
254
250
248
248
248
248
248
251
249
247
235
165
144
133
123
113
125
129
140
130
131
125
131
127
113
122
130
125
128
131
139
136
138
140
144
144
141
211
248
252
250
248
248
248
248
248
248
248
248
248
248
248
248
248
248
248
248
248
248
248
248
248
248
248
248
248
248
248
248
248
248
248
248
248
248
248
248
248
248
248
248
250
253
227
144
128
182
249
253
248
248
248
248
248
248
248
248
248
253
232
147
124
119
141
213
253
249
248
248
248
251
243
237
231
236
243
250
251
248
248
248
248
248
248
248
248
251
243
224
123
231
252
254
252
250
248
248
248
248
248
248
248
249
252
243
175
126
124
133
220
248
252
248
248
248
248
248
249
250
253
251
243
238
230
153
143
134
124
116
119
123
120
131
130
119
117
120
127
147
234
238
234
234
234
235
232
239
245
251
250
248
248
248
248
248
248
248
248
248
248
248
248
248
248
248
248
248
248
248
248
248
248
248
248
248
248
248
248
248
248
250
251
252
251
250
248
248
248
248
248
248
249
252
230
166
226
244
245
250
248
248
248
248
248
248
248
248
248
250
245
208
135
134
191
242
249
248
248
248
248
250
251
252
253
253
252
250
249
248
248
248
248
248
248
248
248
250
252
244
249
251
251
249
244
252
250
248
248
248
248
248
248
248
253
250
182
127
126
129
146
238
252
248
248
248
248
248
248
248
249
251
252
254
250
244
237
219
144
144
147
146
147
150
206
174
142
141
150
238
252
254
253
253
253
253
253
253
252
250
248
248
248
248
248
248
248
248
248
248
248
248
248
248
248
248
248
248
248
248
248
248
248
248
248
248
248
248
248
248
248
252
244
248
244
252
250
248
248
248
248
248
248
250
242
247
247
253
251
249
248
248
248
248
248
248
248
248
248
250
251
244
236
234
245
251
251
248
248
248
248
248
248
248
248
248
248
248
248
248
248
248
248
248
248
248
248
248
250
252
254
252
231
123
224
244
251
248
248
248
248
248
248
248
253
248
180
127
124
121
141
227
252
248
248
248
248
248
248
248
248
248
248
249
251
252
253
249
240
233
234
235
233
242
243
245
237
233
241
247
252
249
248
248
248
248
248
248
248
248
248
248
248
248
248
248
248
248
248
248
248
248
248
248
248
248
248
248
248
248
248
248
248
248
248
248
248
248
248
248
248
249
229
123
224
244
251
248
248
248
248
248
248
249
250
251
250
249
248
248
248
248
248
248
248
248
248
248
248
248
250
252
253
253
252
250
248
248
248
248
248
248
248
248
248
248
248
248
248
248
248
248
248
248
248
248
248
248
248
251
244
229
102
104
123
248
252
248
248
248
248
248
248
248
253
248
177
121
116
124
159
239
253
248
248
248
248
248
248
248
248
248
248
248
248
248
250
252
253
253
254
254
253
253
252
253
253
253
252
251
249
250
251
252
251
250
248
248
248
248
248
248
248
248
248
248
248
248
248
248
248
248
248
250
251
252
251
250
248
248
248
248
248
248
248
248
248
248
248
248
248
226
102
104
123
248
252
248
248
248
248
248
248
248
248
248
248
248
248
248
248
248
248
248
248
248
248
248
248
248
248
248
248
248
248
248
248
248
248
248
248
248
248
248
248
248
248
248
248
248
248
248
248
248
248
248
248
248
248
252
248
123
104
102
229
244
251
248
248
248
248
248
248
248
253
243
184
135
136
145
227
248
252
248
248
248
248
248
248
248
248
248
248
248
248
248
248
248
248
248
248
248
248
248
248
248
248
248
248
248
250
252
244
248
244
252
250
248
248
248
248
248
248
248
248
248
248
248
248
248
248
248
250
252
244
248
244
252
250
248
248
248
248
248
248
248
248
248
248
248
248
119
104
102
229
244
251
248
248
248
248
248
248
248
248
248
248
248
248
248
248
248
248
248
248
248
248
248
248
248
248
248
248
248
248
248
248
248
248
248
248
248
248
248
248
248
248
248
248
248
248
248
248
248
250
251
252
251
250
251
244
224
123
229
251
252
250
248
248
248
248
248
248
248
252
247
189
205
233
241
245
252
249
248
248
248
248
248
248
248
248
248
248
248
248
248
248
248
248
248
248
248
248
248
248
248
248
248
248
250
252
251
229
123
224
244
251
248
248
248
248
248
248
248
248
248
248
248
248
248
248
250
252
251
229
123
224
244
251
248
248
248
248
248
248
248
248
248
248
248
248
221
123
229
251
252
250
248
248
248
248
248
248
248
248
248
248
248
248
248
248
248
248
248
248
248
248
248
248
248
248
248
248
248
248
248
248
248
248
248
248
248
248
248
248
248
248
248
248
248
248
248
248
250
252
244
248
244
252
251
252
244
248
244
252
250
248
248
248
248
248
248
248
248
250
245
245
247
252
253
251
250
248
248
248
248
248
248
248
248
248
248
248
248
248
248
248
248
248
248
248
248
248
248
248
248
248
248
248
251
244
229
102
104
123
248
252
248
248
248
248
248
248
248
248
248
248
248
248
248
248
251
244
229
102
104
123
248
252
248
248
248
248
248
248
248
248
248
248
248
248
242
248
244
252
250
248
248
248
248
248
248
248
248
248
248
248
248
248
248
248
248
248
248
248
248
248
248
248
248
248
248
248
248
248
248
248
248
248
248
248
248
248
248
248
248
248
248
248
248
248
248
250
252
251
229
123
224
244
251
250
251
252
251
250
248
248
248
248
248
248
248
248
248
249
250
251
251
250
248
248
248
248
248
248
248
248
248
248
248
248
248
248
248
248
248
248
248
248
248
248
248
248
248
248
250
251
252
251
252
248
123
104
102
229
244
251
248
248
248
248
248
248
248
248
248
248
248
248
248
248
252
248
123
104
102
229
244
251
248
248
248
248
248
248
248
248
248
248
248
248
251
252
251
250
248
248
248
248
248
248
248
248
248
248
248
248
248
248
248
248
248
248
248
248
248
248
248
248
248
248
248
248
248
248
248
248
248
248
248
248
248
248
248
248
248
248
248
248
248
248
248
251
244
229
102
104
123
248
252
248
248
248
248
248
248
248
248
248
248
248
248
248
248
248
248
248
248
248
248
248
248
248
248
248
248
248
248
248
248
248
248
248
248
248
248
248
248
248
248
248
248
248
248
250
252
244
248
244
253
245
224
123
229
251
252
250
248
248
248
248
248
248
248
248
248
248
248
248
248
248
251
244
224
123
229
251
252
250
248
248
248
248
248
248
248
248
248
248
248
248
248
248
248
248
248
248
248
248
248
248
248
248
248
248
248
248
248
248
248
248
248
248
248
248
248
248
248
248
248
248
248
248
248
248
248
248
248
248
248
248
248
248
248
248
248
248
248
248
248
248
248
252
248
123
104
102
229
244
251
248
248
248
248
248
248
248
248
248
248
248
248
248
248
248
248
248
248
248
248
248
248
248
248
248
248
248
248
248
248
248
248
248
248
248
248
248
248
248
248
248
248
248
250
252
251
229
123
224
245
253
244
248
244
252
250
248
248
248
248
248
248
248
248
248
248
248
248
248
248
248
250
252
244
248
244
252
250
248
248
248
248
248
248
248
248
248
248
248
248
248
248
248
248
248
248
248
248
248
248
248
248
248
248
248
248
248
248
248
248
248
248
248
248
248
248
248
248
248
248
248
248
248
248
248
248
248
248
248
248
248
248
248
248
248
248
248
248
248
248
248
248
251
242
221
119
226
249
252
250
248
248
248
248
248
248
248
248
248
248
248
248
248
248
248
248
248
248
248
248
248
248
248
248
248
248
248
248
248
248
248
248
248
248
248
248
248
248
248
248
248
248
248
250
249
238
117
108
121
242
252
251
252
251
250
248
248
248
248
248
248
248
248
248
248
248
248
248
248
248
248
248
250
251
252
251
250
248
248
248
248
248
248
248
248
248
248
248
248
248
248
248
248
248
248
248
248
248
248
248
248
248
248
248
248
248
248
248
248
248
248
248
248
248
248
248
248
248
248
248
248
248
248
248
248
248
248
248
248
248
248
248
248
248
248
248
248
248
248
248
248
248
248
248
248
248
248
248
248
248
248
248
248
248
248
248
248
248
248
248
248
248
248
248
248
248
248
248
248
248
248
248
248
248
248
248
248
248
248
248
248
248
248
248
248
248
248
248
248
248
248
248
248
248
248
106
106
106
248
248
248
248
248
248
248
248
248
248
248
248
248
248
248
248
248
248
248
248
248
248
248
248
248
248
248
248
248
248
248
248
248
248
248
248
248
248
248
248
248
248
