243
243
243
243
243
243
243
243
243
243
243
243
243
243
243
243
243
243
243
243
243
243
243
243
243
243
243
243
243
243
243
243
243
243
243
243
243
243
243
243
243
243
243
243
243
243
243
243
243
243
243
243
243
243
243
243
243
243
243
243
243
243
243
243
243
243
243
243
243
243
243
243
243
243
243
243
243
243
243
243
243
243
243
243
243
243
243
243
243
243
243
243
243
243
243
243
243
243
243
243
243
243
243
243
243
243
243
243
243
243
243
243
243
243
243
243
243
243
243
243
243
243
243
243
243
243
243
243
243
243
243
243
243
243
243
243
243
243
243
243
243
243
243
243
243
243
243
243
243
110
243
243
243
243
243
243
243
243
243
243
243
243
243
243
243
243
243
243
243
243
243
243
243
243
243
243
243
243
243
243
243
243
243
244
245
246
245
244
243
243
243
243
243
243
243
243
243
243
243
243
243
243
243
243
243
243
243
243
243
243
243
243
243
243
243
243
243
243
243
243
243
243
243
243
243
243
243
243
243
243
243
243
243
243
243
243
243
243
243
243
243
243
243
243
243
243
243
243
243
243
243
243
243
243
243
243
243
243
243
243
243
243
243
243
243
243
243
243
243
243
243
243
243
243
243
243
243
243
243
243
243
243
243
243
243
243
243
243
243
243
243
243
243
243
243
245
238
220
115
110
243
244
246
248
246
244
243
243
243
243
243
243
243
243
243
243
244
247
249
249
246
244
243
243
243
243
243
243
243
243
243
243
244
249
239
243
239
249
244
243
243
243
243
243
243
243
243
243
243
243
243
243
243
243
243
243
243
243
243
243
243
243
243
243
243
243
243
243
243
243
243
243
243
243
243
243
243
243
243
243
243
243
243
243
243
243
243
243
243
243
243
243
243
243
243
243
243
243
243
243
243
243
243
243
243
243
243
243
243
243
243
244
245
246
245
244
243
243
243
243
243
243
243
243
243
243
243
243
243
243
243
245
248
250
249
246
244
243
243
243
243
243
243
243
243
246
243
126
113
110
243
244
234
232
234
243
244
243
243
243
243
243
243
243
243
245
242
237
227
235
245
253
248
245
243
243
243
243
243
243
243
244
249
245
225
126
220
239
245
243
243
243
243
243
243
243
243
243
243
243
243
243
243
243
243
243
243
243
243
243
243
243
243
243
243
243
243
243
243
243
243
243
243
243
243
243
243
243
243
243
243
243
243
243
243
243
243
243
243
243
243
243
243
243
243
243
243
243
243
243
243
243
243
243
243
243
243
243
243
243
244
249
239
243
239
249
244
243
243
243
243
243
243
243
243
243
243
243
243
243
244
242
236
226
232
238
245
243
243
243
243
243
243
243
243
245
239
220
125
243
243
250
202
143
206
252
249
244
243
243
243
243
243
243
243
247
246
191
138
144
221
232
238
243
247
243
243
243
243
243
243
245
239
225
106
108
126
243
246
243
243
243
244
247
249
249
247
244
243
243
243
243
243
243
243
243
243
243
243
243
243
243
243
243
243
243
243
243
243
243
243
243
245
247
247
245
244
243
243
243
243
243
243
243
243
243
243
243
243
243
243
243
243
243
243
243
243
243
243
243
243
243
243
243
243
243
243
243
243
244
249
245
225
126
221
243
251
249
248
244
243
243
243
243
243
243
243
243
243
244
248
230
174
132
148
225
250
244
243
243
243
243
243
243
243
244
249
239
238
243
243
244
188
118
181
238
241
246
243
243
243
243
243
243
243
249
242
175
115
124
135
139
172
239
245
245
243
243
243
243
243
246
243
126
110
108
229
242
246
243
243
244
246
240
229
231
237
245
243
243
243
243
243
243
243
243
243
243
243
243
243
243
243
243
243
243
243
243
243
243
243
244
241
234
234
240
248
244
243
243
243
243
243
243
243
243
243
243
243
243
243
243
243
243
243
243
243
243
243
243
243
243
243
243
243
243
243
243
243
245
239
226
108
114
137
245
240
228
236
242
246
243
243
243
243
243
243
243
243
245
249
209
133
108
106
204
240
246
243
243
243
243
243
243
243
243
244
245
245
243
243
230
120
123
128
154
231
251
244
243
243
243
243
243
245
248
223
158
123
125
123
118
127
186
248
246
243
243
243
243
243
245
239
221
133
221
245
245
250
244
243
247
242
199
130
142
218
249
244
243
243
243
243
243
243
243
243
243
243
243
243
243
243
243
243
243
243
243
243
243
243
248
242
170
142
229
245
247
244
243
243
243
243
243
243
243
243
243
243
243
243
243
243
243
243
243
243
243
243
243
243
243
243
243
243
243
243
243
243
246
243
128
108
100
214
219
148
135
185
245
247
244
245
246
245
244
243
243
243
247
251
207
131
96
113
134
244
247
243
243
243
243
243
243
243
243
243
243
243
243
243
117
105
104
115
110
208
241
245
243
243
243
243
243
247
250
198
132
124
129
131
123
124
179
244
249
242
243
243
243
243
244
250
245
245
221
133
221
239
245
245
249
210
131
109
126
209
250
245
243
243
243
243
243
243
243
243
243
243
243
243
243
243
243
243
243
243
243
243
243
243
249
235
153
116
142
235
244
245
243
243
243
243
243
243
243
243
243
243
243
243
243
243
243
243
243
243
243
243
243
243
243
243
243
243
243
243
243
243
245
239
224
123
164
143
140
126
115
171
241
251
248
239
243
239
249
244
243
243
247
243
201
113
99
112
208
242
246
243
243
243
243
243
243
243
243
243
243
243
243
110
113
100
123
101
115
134
245
247
243
243
243
243
243
247
241
186
123
126
131
131
125
126
182
246
250
242
243
243
243
243
243
246
242
229
108
110
126
243
246
245
249
213
134
116
133
212
251
245
243
243
243
243
243
243
243
243
243
243
243
243
243
243
243
243
243
243
243
243
243
243
248
246
168
124
122
166
247
250
243
243
243
243
243
243
243
243
243
243
243
243
243
243
243
243
243
243
244
247
248
246
244
243
243
243
243
243
243
243
244
249
247
243
166
125
122
123
123
175
244
255
245
225
126
220
239
245
243
244
251
225
142
125
103
135
220
253
244
243
243
243
243
243
243
243
243
243
243
243
243
243
132
178
119
100
114
215
245
246
243
243
243
243
245
249
214
138
127
128
130
132
125
125
182
245
250
242
243
243
243
243
243
246
243
127
113
113
232
244
247
243
248
242
192
116
130
212
251
245
243
243
243
243
243
243
243
243
243
243
243
243
243
243
243
243
243
243
243
243
243
243
244
245
235
141
109
152
235
249
247
243
243
243
243
243
243
243
243
243
243
243
243
243
243
243
243
244
243
234
234
237
247
244
243
243
243
243
243
243
243
246
249
243
171
124
127
126
126
178
249
248
225
106
108
126
243
246
243
247
243
210
128
123
120
135
218
251
244
243
243
243
243
243
243
243
243
243
243
243
243
243
242
191
131
100
133
223
250
249
244
243
243
243
246
246
209
140
119
130
130
132
125
128
185
247
251
243
243
243
243
243
243
245
241
224
124
214
233
246
247
244
248
250
200
122
129
217
253
246
243
243
243
243
243
243
243
243
243
243
243
243
243
243
243
243
243
243
243
243
243
243
243
251
243
166
127
130
171
245
250
249
244
243
243
243
243
243
243
243
243
243
243
243
243
243
243
247
250
197
137
206
246
248
244
243
243
243
243
243
243
246
249
194
135
127
130
127
123
171
244
248
129
108
106
225
239
245
244
252
234
148
130
128
121
134
216
249
243
243
243
243
243
243
243
243
243
243
243
243
243
243
252
209
139
122
129
145
232
242
245
243
243
243
245
251
214
138
128
128
130
131
128
123
176
240
248
243
243
243
243
243
243
244
251
239
213
134
141
203
245
248
249
247
195
119
121
216
246
247
243
243
243
243
243
243
243
243
243
243
243
243
243
243
243
243
243
243
243
243
243
243
243
245
239
239
212
132
126
178
238
241
246
247
245
244
243
243
243
243
243
243
244
245
248
250
253
255
246
181
112
121
217
243
249
246
245
244
243
243
242
249
245
183
124
125
131
130
127
132
197
245
223
126
225
245
249
244
245
244
219
133
123
126
126
147
225
250
243
243
243
243
243
243
243
243
243
243
243
243
243
243
248
242
181
124
122
127
156
240
249
243
243
243
244
248
240
187
124
125
129
129
128
125
134
201
249
246
243
243
243
243
243
243
250
231
149
121
121
129
214
246
252
251
203
131
124
143
230
249
243
243
243
243
243
243
243
243
243
243
243
243
243
243
243
243
243
243
243
243
243
243
243
244
245
250
247
210
129
127
142
227
245
245
239
249
244
243
243
243
244
247
253
247
240
230
231
241
204
124
105
105
129
239
248
244
239
249
244
243
242
249
247
187
126
124
132
130
126
124
162
232
244
244
239
249
244
243
249
240
155
129
127
124
125
200
242
248
243
243
243
243
243
243
243
243
243
243
243
243
243
243
250
247
187
125
122
122
154
236
253
243
243
243
244
250
230
170
124
134
135
137
128
121
126
192
248
247
242
243
243
243
243
243
250
220
139
120
126
119
116
225
241
251
244
181
114
134
221
249
243
243
243
243
243
243
243
243
243
243
243
243
243
243
243
243
243
243
243
243
243
243
243
243
243
244
249
247
199
122
126
203
223
131
220
239
246
245
249
251
250
241
236
231
172
138
144
145
136
119
105
99
126
217
226
128
220
239
245
243
243
250
249
188
127
126
131
131
129
126
134
207
253
251
245
244
243
244
252
233
148
121
127
126
138
213
251
246
243
243
243
243
243
243
244
245
246
245
244
243
243
243
246
249
191
131
122
121
148
230
247
245
243
243
247
251
211
135
118
138
200
148
125
121
128
194
248
248
242
243
243
243
243
244
253
224
142
123
126
99
111
132
245
252
243
182
115
137
223
251
243
243
243
243
243
243
243
243
243
243
243
243
243
243
243
243
243
243
243
243
243
243
243
243
243
243
244
249
242
176
123
131
109
115
126
244
250
243
237
230
229
192
144
137
131
120
120
123
125
120
111
108
118
144
113
113
126
243
246
243
243
249
245
185
127
126
127
112
127
124
125
195
243
247
243
243
243
244
246
228
141
124
124
122
186
241
247
243
243
243
243
243
243
244
249
239
243
239
249
244
243
243
245
246
242
172
129
123
129
169
245
248
243
243
246
243
201
127
116
144
214
170
132
119
129
195
249
247
243
243
243
243
243
246
245
218
134
125
109
106
114
226
243
252
202
136
117
138
222
251
244
245
246
247
248
248
245
244
243
243
243
243
243
243
243
243
243
243
243
243
243
243
244
244
245
244
244
248
251
194
131
100
105
117
230
246
252
241
162
139
141
133
126
123
127
128
127
126
127
119
112
110
111
101
107
113
226
239
245
243
246
250
222
156
124
124
108
108
111
128
127
138
219
249
243
243
243
250
245
164
131
124
124
133
201
251
247
243
243
243
243
243
244
249
245
225
126
220
239
245
243
243
243
247
248
236
154
117
119
164
240
252
243
243
250
225
147
128
117
137
217
228
138
118
130
196
249
249
243
243
243
243
243
250
237
153
128
123
126
120
214
246
254
249
198
128
114
142
226
255
248
243
247
242
239
237
242
250
245
243
243
243
243
243
243
243
243
243
243
243
243
243
248
241
244
242
249
249
248
237
164
113
108
224
245
251
239
164
125
119
122
126
127
129
126
124
131
138
140
124
109
110
112
117
121
227
248
249
244
243
245
244
197
127
124
110
116
112
134
127
121
132
210
249
245
243
246
246
232
150
121
124
128
178
242
245
244
243
243
243
243
243
245
239
225
106
108
126
243
246
243
243
243
243
250
247
172
128
120
164
240
250
243
243
249
215
136
118
126
143
231
232
145
117
124
178
236
250
245
246
245
244
244
249
229
143
119
106
119
194
243
250
254
247
196
126
120
137
224
244
240
188
191
231
159
147
226
243
246
253
246
244
243
243
243
243
243
243
243
243
243
244
245
239
169
209
240
242
253
251
182
128
127
165
243
207
133
132
129
128
132
131
127
107
127
134
160
235
203
120
106
110
112
120
164
242
254
245
243
243
249
234
166
128
122
122
125
199
141
126
123
136
215
253
246
243
249
249
181
134
123
122
156
226
249
247
243
243
243
243
243
243
246
243
126
108
106
225
239
245
243
243
243
243
245
247
230
143
118
149
217
253
249
245
252
219
139
117
127
200
250
235
145
124
120
139
215
255
242
243
239
249
249
247
198
132
102
104
122
207
253
253
247
233
121
118
123
133
152
215
145
133
137
134
129
127
131
173
230
237
239
247
244
243
243
243
243
243
243
243
243
246
246
174
130
128
156
235
247
251
236
154
117
159
205
142
120
123
125
124
124
120
101
107
123
230
248
248
209
128
114
111
113
122
155
235
248
245
243
243
247
245
198
128
124
126
157
208
146
122
125
129
209
244
247
245
248
237
162
121
122
131
174
247
248
243
243
243
243
243
243
243
245
239
220
126
225
245
249
244
243
243
243
243
244
251
234
151
117
127
171
240
244
251
244
210
129
116
134
208
254
249
217
134
123
124
207
244
229
126
220
243
249
237
150
108
105
115
184
244
249
239
225
113
109
107
126
125
135
129
130
119
119
118
118
119
121
132
137
141
208
244
248
244
243
243
243
243
243
243
243
246
245
175
123
115
126
171
251
255
245
163
118
154
192
130
124
130
138
138
147
116
113
114
233
250
252
220
137
130
116
109
122
125
131
176
247
247
242
243
248
244
197
127
122
134
197
224
147
127
125
127
145
229
249
247
249
191
134
124
123
151
233
247
246
243
243
243
243
243
243
243
244
249
239
243
239
249
244
243
243
243
243
243
243
248
240
154
127
125
125
123
230
244
242
151
134
116
129
201
247
252
246
202
125
123
141
207
113
109
129
245
245
164
128
119
106
167
241
250
250
243
126
114
111
171
128
125
128
125
123
125
133
141
146
136
127
119
119
122
131
219
245
248
244
243
243
243
243
243
243
245
246
237
157
122
120
156
229
239
196
140
121
150
172
144
125
176
162
221
237
219
132
226
246
254
230
143
125
125
115
110
125
126
124
172
243
252
243
244
250
218
140
125
120
140
225
248
208
127
125
120
138
220
249
250
244
179
124
121
123
158
238
252
243
243
243
243
243
243
243
243
243
244
245
246
245
244
243
243
243
243
243
243
243
246
245
222
133
118
98
112
133
249
246
210
130
117
132
179
241
253
251
207
131
115
138
110
116
107
231
246
191
132
123
130
128
181
242
252
245
239
220
131
226
182
129
124
129
129
133
137
194
234
235
222
147
131
126
119
125
138
228
246
247
244
243
243
243
243
243
243
249
248
204
137
121
135
141
147
136
130
121
154
231
195
128
126
218
246
255
244
244
239
250
253
225
142
121
125
131
132
134
127
123
168
240
250
246
246
251
212
133
119
128
151
234
255
210
133
121
121
140
222
250
250
246
182
125
121
131
168
243
249
243
243
243
243
243
243
243
243
243
243
243
243
243
243
243
243
243
243
243
243
243
244
251
238
148
112
99
111
222
244
255
222
141
117
130
202
246
250
250
204
131
116
136
195
136
230
253
247
174
121
121
149
199
185
242
247
244
249
239
247
246
195
133
125
126
129
162
239
250
251
254
246
241
204
141
135
125
126
145
233
243
244
243
243
243
243
243
243
244
248
244
159
128
106
120
124
124
124
118
157
241
205
124
121
141
230
250
252
249
245
247
246
222
136
121
129
143
203
156
124
127
130
185
244
246
252
247
209
128
120
130
206
245
254
215
138
127
120
141
222
250
252
247
184
126
119
143
229
246
244
244
245
246
245
244
243
243
243
243
243
243
243
243
243
243
243
243
243
243
243
243
243
246
243
212
125
97
133
210
255
250
214
132
117
131
205
249
250
250
203
131
115
144
214
255
239
253
190
138
125
122
152
229
248
239
246
243
244
245
249
251
241
168
122
121
139
209
251
251
245
244
246
249
246
239
171
119
118
127
164
246
250
243
243
243
243
243
243
243
249
237
216
106
101
111
125
128
125
125
159
247
206
129
115
124
143
226
239
241
246
248
240
164
129
121
123
197
237
163
124
124
123
133
203
254
249
233
122
123
119
137
213
252
252
242
192
125
118
142
225
254
249
240
176
122
117
147
232
252
244
249
239
243
239
249
244
243
243
243
243
243
243
243
243
243
243
243
243
243
243
243
243
244
252
228
145
122
123
200
246
235
145
125
99
126
203
251
249
250
203
131
113
141
225
255
233
131
166
125
121
130
157
243
250
244
244
243
243
243
245
249
240
169
122
131
165
244
248
243
243
243
243
244
251
251
193
138
130
119
151
232
246
246
243
243
243
243
243
243
247
246
132
118
103
124
127
140
171
166
232
245
244
186
131
127
126
131
181
245
250
252
233
148
121
124
135
207
250
176
129
124
121
128
199
245
232
116
106
107
120
136
211
250
250
249
197
128
115
133
219
249
253
202
135
122
126
152
238
250
249
245
225
126
220
239
245
243
243
243
243
243
243
243
243
243
243
243
243
243
243
243
243
243
248
244
204
126
122
143
226
201
135
96
106
127
241
248
247
249
201
128
113
142
217
235
114
114
111
133
121
138
225
245
245
243
243
243
243
243
246
249
189
132
122
134
224
241
250
243
243
243
243
243
245
242
242
226
149
120
132
177
249
249
243
243
243
243
243
243
245
239
221
133
196
136
121
189
233
246
245
250
245
241
233
154
123
113
156
234
250
248
227
142
119
123
176
243
248
234
142
128
122
124
196
243
135
111
99
122
120
132
209
249
249
250
203
134
122
126
153
243
249
188
123
118
135
220
244
249
239
225
106
108
126
243
246
243
243
243
243
243
243
243
243
243
243
243
243
243
243
243
243
243
247
251
210
134
113
136
218
231
122
98
118
232
245
246
245
249
209
136
118
134
214
128
115
104
169
124
117
144
228
251
244
243
243
243
243
243
249
243
179
121
118
131
162
244
250
243
243
243
243
243
243
245
254
240
158
119
119
162
235
247
245
243
243
243
243
243
244
249
240
245
240
203
131
136
219
248
249
244
244
249
248
238
148
125
130
189
255
251
164
130
121
125
182
247
254
245
226
137
126
122
142
212
233
123
136
125
126
141
218
249
246
247
241
179
122
117
143
234
221
143
125
118
140
225
253
248
243
126
108
106
225
239
245
243
243
243
243
243
243
243
243
243
243
243
243
243
243
243
243
243
245
249
205
130
113
141
220
222
133
104
178
245
254
243
243
248
242
187
121
125
145
213
137
189
137
128
127
149
235
249
243
243
243
243
243
243
246
248
189
132
123
120
153
234
251
243
243
243
243
243
243
243
250
239
158
125
123
132
188
249
246
243
243
243
243
243
243
244
245
248
252
245
176
119
144
230
249
243
243
244
247
247
220
127
112
166
242
237
158
123
123
132
188
249
247
248
246
217
134
120
132
216
253
226
137
123
125
194
243
247
243
251
248
188
127
120
137
194
207
137
119
125
143
231
249
245
239
220
126
225
245
249
244
243
243
243
243
243
243
243
243
243
243
243
243
243
243
243
243
243
245
250
214
137
120
134
206
156
127
123
181
246
251
242
243
249
249
194
128
115
149
224
251
193
132
118
132
223
245
246
243
243
243
243
243
243
245
248
237
166
122
121
159
238
253
243
243
243
243
243
243
243
247
245
199
135
119
125
183
247
251
243
243
243
243
243
243
243
243
243
251
248
187
119
134
221
249
243
243
243
244
252
234
152
131
134
142
202
158
123
121
162
236
247
245
244
249
246
199
121
123
210
255
235
149
115
128
199
249
247
242
249
244
183
124
120
129
163
203
138
119
132
214
243
247
244
249
239
243
239
249
244
243
243
243
243
243
243
243
243
243
243
243
243
243
243
243
243
243
243
243
248
242
191
123
131
134
144
123
125
181
245
250
242
242
247
247
189
126
115
149
239
246
168
127
117
139
221
253
244
243
243
243
243
243
243
243
252
245
175
124
119
150
233
248
246
243
243
243
243
243
243
244
250
230
146
120
123
178
240
249
245
245
244
244
243
243
243
243
243
251
249
187
118
132
221
249
243
243
243
243
246
239
239
197
127
127
130
136
124
132
177
253
250
243
243
248
251
204
129
122
140
225
217
135
119
135
205
250
245
242
246
249
190
132
123
125
152
182
132
121
175
236
250
244
243
244
245
246
245
244
243
243
243
243
243
243
243
243
243
243
243
243
243
243
243
243
243
243
243
243
248
251
198
129
123
129
129
125
125
180
245
250
242
243
246
250
197
133
117
131
225
217
146
119
125
143
226
250
243
243
243
243
243
243
243
242
251
243
172
123
122
128
171
244
247
243
243
243
243
243
243
243
252
233
149
121
125
134
203
253
241
242
241
248
244
243
243
243
243
247
240
178
122
143
231
250
243
243
243
243
244
246
253
238
177
121
124
129
119
110
218
237
248
243
243
246
249
202
130
117
132
140
143
130
120
182
241
247
243
243
245
248
238
167
123
127
136
135
127
126
202
247
247
243
243
243
243
243
243
243
243
243
243
243
243
243
243
243
243
243
243
243
243
243
243
243
243
243
243
243
246
249
195
128
123
131
133
126
125
180
244
250
242
243
244
245
246
177
124
110
141
211
144
117
128
205
243
247
243
243
243
243
243
243
243
242
250
241
169
122
119
128
169
244
247
243
243
243
243
243
243
243
251
231
148
122
121
126
196
246
216
157
228
244
246
244
243
243
245
250
205
130
116
200
235
248
243
243
243
243
243
243
246
251
202
137
127
126
105
120
141
249
249
243
243
246
248
199
128
120
127
128
127
123
127
190
249
251
243
243
243
252
245
173
126
127
130
129
125
135
209
251
246
243
243
243
243
243
243
243
243
243
243
243
243
243
243
243
243
243
243
243
243
243
243
243
243
243
243
243
246
249
202
135
123
129
132
126
128
185
244
249
242
243
243
248
248
231
117
106
144
196
139
120
139
217
253
248
243
243
243
243
243
243
243
243
247
247
176
129
119
149
232
248
247
243
243
243
243
243
243
243
253
234
151
123
123
130
203
244
159
125
144
215
247
252
248
246
250
252
200
124
126
151
237
249
243
243
243
243
243
243
246
246
234
170
121
111
105
108
218
235
246
244
243
245
250
208
136
126
129
133
135
124
125
188
247
249
242
243
242
252
245
174
125
129
133
129
117
158
220
250
245
243
243
243
243
243
243
243
243
243
243
243
243
243
243
243
243
243
243
243
243
243
243
243
243
243
243
243
245
247
225
160
125
127
128
125
141
202
249
246
243
243
243
247
249
180
128
106
121
134
132
115
131
208
246
255
253
253
253
252
250
246
244
243
246
247
234
152
117
160
240
253
244
244
243
243
243
243
243
244
246
227
141
122
119
125
201
236
153
113
123
152
210
240
241
251
245
242
188
121
120
203
240
246
243
243
243
243
243
243
246
251
201
136
126
125
111
130
154
217
245
245
242
243
247
241
181
122
126
132
131
108
124
191
254
255
253
253
253
255
244
169
116
123
127
123
111
132
241
250
243
243
243
243
243
243
243
243
243
243
243
243
243
243
243
243
243
243
243
243
243
243
243
243
243
243
243
243
243
245
247
204
142
125
127
125
164
239
249
243
243
243
243
246
247
183
129
121
124
113
110
112
124
134
224
218
216
216
216
215
229
242
254
253
253
255
251
166
122
151
217
225
251
255
252
250
246
244
243
249
243
162
128
126
131
139
210
246
160
124
121
130
135
144
207
208
216
148
132
128
138
222
251
244
243
243
243
244
245
246
250
250
193
126
119
125
124
120
128
188
254
255
253
253
255
255
206
142
128
129
111
106
118
180
230
220
216
216
216
219
221
127
118
111
113
109
118
184
240
250
243
243
243
243
243
243
243
243
243
243
243
243
243
243
243
243
243
243
243
243
243
243
243
243
243
243
243
243
243
243
249
241
169
124
124
125
170
244
252
243
243
243
243
245
247
236
161
124
128
128
121
121
181
228
141
140
141
141
141
139
137
220
217
216
217
224
220
148
118
127
126
170
219
219
215
229
242
254
253
255
243
161
121
125
169
241
254
254
244
152
134
128
123
130
133
144
134
131
121
127
202
252
255
253
253
253
253
254
243
246
246
251
193
125
134
149
149
133
118
165
220
221
216
216
218
218
214
154
116
107
108
101
116
173
137
144
140
141
141
140
143
224
154
122
122
124
135
201
252
247
243
243
243
243
243
243
243
243
243
243
243
243
243
243
243
243
243
243
243
243
243
243
243
243
243
243
243
243
243
243
252
244
172
125
123
125
171
241
251
242
243
243
243
243
253
243
168
125
128
131
128
141
213
246
231
215
216
216
216
217
220
137
139
141
142
141
128
117
109
109
110
124
138
146
139
137
221
219
221
229
223
148
118
119
160
225
227
223
219
199
118
116
121
122
121
120
118
118
113
117
181
223
219
216
216
218
220
228
215
133
219
201
128
118
118
192
198
116
117
126
143
142
140
141
141
144
145
134
120
110
109
113
122
133
227
219
216
216
216
215
232
240
199
139
123
125
174
240
248
243
243
243
243
243
243
243
243
243
243
243
243
243
243
243
243
243
243
243
243
243
243
243
243
243
243
243
243
243
243
242
250
242
171
124
121
125
168
242
251
242
243
243
243
242
252
241
166
123
128
127
123
179
242
251
250
252
253
253
253
254
242
229
215
216
219
223
160
123
122
122
121
168
225
226
220
223
142
144
139
134
123
120
109
110
124
136
146
142
146
138
135
124
117
108
104
104
112
121
125
130
135
141
142
141
141
143
133
128
101
120
126
134
115
108
127
145
144
130
128
221
222
217
216
216
216
217
224
221
154
122
125
121
154
231
247
255
253
253
253
252
251
251
232
146
116
125
181
247
252
243
243
243
243
243
243
243
243
243
243
243
243
243
243
243
243
243
243
243
243
243
243
243
243
243
243
243
243
243
243
243
247
247
187
135
121
123
168
242
251
242
243
243
243
242
251
239
165
122
126
126
127
187
248
251
243
243
243
243
243
244
246
250
252
253
254
255
240
158
126
125
134
189
246
250
253
253
231
212
165
115
117
119
117
123
160
224
219
216
218
220
224
228
185
137
137
136
147
211
228
224
221
218
217
216
216
220
213
108
101
116
217
191
114
121
190
227
223
221
235
244
255
253
253
253
253
253
255
248
169
125
128
129
135
195
251
247
243
243
243
243
243
249
241
158
124
122
179
244
250
242
243
243
243
243
243
243
243
243
243
243
243
243
243
243
243
243
243
243
243
243
243
243
243
243
243
243
243
243
243
243
245
248
234
155
120
122
169
242
251
242
243
243
243
243
248
246
172
131
126
123
124
183
244
249
242
243
243
243
243
243
243
243
243
243
243
252
241
162
124
124
128
177
180
151
214
241
223
152
139
131
122
130
133
167
242
253
255
253
253
253
253
253
244
234
230
231
237
247
254
253
253
253
253
253
253
254
249
227
132
233
230
159
121
131
210
255
255
252
250
246
244
243
243
243
243
243
248
244
166
127
122
123
134
194
248
246
243
243
243
243
243
245
245
222
130
116
176
243
249
242
243
243
243
243
243
243
243
243
243
243
243
243
243
243
243
243
243
243
243
243
243
243
243
243
243
243
243
243
243
243
243
252
240
162
119
120
166
240
251
242
243
243
243
243
246
247
232
149
123
125
132
189
249
246
243
243
243
243
243
243
243
243
243
243
243
251
239
160
123
127
133
134
129
130
131
139
128
116
116
131
138
147
221
240
242
246
243
243
243
243
243
244
248
250
251
251
249
246
244
243
243
243
243
243
243
244
249
239
245
248
225
138
117
137
211
250
245
243
243
243
243
243
243
243
243
243
245
244
238
154
128
120
173
243
248
243
243
243
243
243
243
244
252
226
135
119
181
248
247
243
243
243
243
243
243
243
243
243
243
243
243
243
243
243
243
243
243
243
243
243
243
243
243
243
243
243
243
243
243
243
243
250
236
154
112
122
170
246
248
243
243
243
243
243
243
253
240
159
121
122
165
237
247
245
243
243
243
243
243
243
243
243
243
243
243
250
237
157
120
127
129
126
123
116
122
129
140
138
140
193
232
239
243
250
245
244
243
243
243
243
243
243
243
243
243
243
243
243
243
243
243
243
243
243
243
243
244
245
250
247
215
126
119
188
242
248
243
243
243
243
243
243
243
243
243
243
244
247
248
227
134
118
176
245
251
243
243
243
243
243
243
243
248
230
146
161
237
244
245
243
243
243
243
243
243
243
243
243
243
243
243
243
243
243
243
243
243
243
243
243
243
243
243
243
243
243
243
243
243
243
243
249
241
167
132
156
235
244
246
243
243
243
243
243
243
249
234
153
118
124
175
246
252
243
243
243
243
243
243
243
243
243
243
243
243
249
243
161
123
119
119
124
133
140
148
220
233
228
232
241
250
250
246
244
243
243
243
243
243
243
243
243
243
243
243
243
243
243
243
243
243
243
243
243
243
243
243
243
250
232
148
121
124
192
249
249
243
243
243
243
243
243
243
243
243
243
243
243
253
228
137
118
176
246
247
243
243
243
243
243
243
243
246
238
233
235
243
248
243
243
243
243
243
243
243
243
243
243
243
243
243
243
243
243
243
243
243
243
243
243
243
243
243
243
243
243
244
245
246
245
244
244
240
235
227
235
242
246
244
243
243
243
243
243
243
250
207
141
111
115
167
241
250
242
243
243
243
243
243
243
243
243
243
243
243
244
243
232
152
140
140
142
193
231
238
244
254
252
250
247
244
243
243
243
243
243
243
243
243
243
243
243
243
243
243
243
243
243
243
243
243
243
243
243
243
243
243
243
249
222
135
113
131
197
250
246
243
243
243
243
243
243
243
243
243
243
243
243
249
232
149
157
237
244
246
243
243
243
243
243
243
243
244
245
247
247
245
244
243
243
243
243
243
243
243
243
243
243
243
243
243
243
243
243
243
243
243
243
243
243
243
243
243
243
243
244
249
239
243
239
249
244
245
248
249
249
245
244
243
243
243
243
243
243
243
246
235
161
134
139
187
244
248
243
243
243
243
243
243
243
243
243
243
243
243
244
247
242
236
229
227
233
241
250
250
246
244
243
243
243
243
243
243
243
243
243
243
243
243
243
243
243
243
243
243
243
243
243
243
243
243
243
243
243
243
243
243
243
250
230
140
115
166
237
248
244
243
243
243
243
243
243
243
243
243
243
243
243
246
238
233
234
242
246
243
243
243
243
243
243
243
243
243
243
243
243
243
243
243
243
243
243
243
243
243
243
243
243
243
243
243
243
243
243
243
243
243
243
243
243
243
243
243
243
244
249
245
226
129
224
242
246
243
243
243
243
243
243
243
243
243
243
243
243
243
246
241
235
228
231
241
245
246
243
243
243
243
243
243
243
243
243
243
243
243
243
244
245
249
251
251
250
248
244
243
243
243
243
243
243
243
243
243
243
243
243
243
243
243
243
243
243
243
243
243
243
243
243
243
243
243
243
243
243
243
243
243
243
246
242
214
137
186
248
248
243
243
243
243
243
243
243
243
243
243
243
243
243
244
245
248
247
245
244
243
243
243
243
243
243
243
243
243
243
243
243
243
243
244
245
246
245
244
243
243
243
243
243
243
243
243
243
243
243
243
243
243
243
243
243
243
243
243
243
245
239
226
113
105
127
239
252
244
243
243
243
243
243
243
243
243
243
243
243
243
244
245
249
254
247
248
242
249
244
243
243
243
243
243
243
243
243
243
243
243
243
243
243
243
243
243
243
243
243
243
243
243
243
243
243
243
243
243
243
243
243
243
243
243
243
243
243
243
243
243
243
243
243
243
243
243
243
243
243
243
243
243
243
244
247
238
234
234
242
245
243
243
243
243
243
243
243
243
243
243
243
243
243
243
243
243
243
243
243
243
243
243
243
243
243
243
243
243
243
243
243
243
244
249
239
243
239
249
244
243
243
243
243
243
243
243
243
243
243
243
243
243
243
243
243
243
243
243
243
246
244
133
112
88
109
215
242
245
243
243
243
243
243
243
243
243
243
243
243
243
243
244
249
245
225
126
220
239
245
243
243
243
243
243
243
243
243
243
243
243
243
243
243
243
243
243
243
243
243
243
243
243
243
243
243
243
243
243
243
243
243
243
243
243
243
243
243
243
243
243
243
243
243
243
243
243
243
243
243
243
243
243
243
243
244
246
248
247
244
243
243
243
243
243
243
243
243
243
243
243
243
243
243
243
243
243
243
243
243
243
243
243
243
243
243
243
243
243
243
243
243
244
249
245
225
126
220
239
245
243
243
243
243
243
243
243
243
243
243
243
243
243
243
243
243
243
243
243
243
245
239
218
114
100
114
132
239
245
243
243
243
243
243
243
243
243
243
243
243
243
243
244
244
234
120
113
125
238
245
243
243
243
243
243
243
243
243
243
243
243
243
243
243
243
243
243
243
243
243
243
243
243
243
243
243
243
243
243
243
243
243
243
243
243
243
243
243
243
243
243
243
243
243
243
243
243
243
243
243
243
243
243
243
243
243
243
243
243
243
243
243
243
243
243
243
243
243
243
243
243
243
243
243
243
243
243
243
243
243
243
243
243
243
243
243
243
243
243
243
243
243
244
244
234
120
113
125
238
245
243
243
243
243
243
243
243
243
243
243
243
243
243
243
243
243
243
243
243
243
243
243
243
110
110
110
243
243
243
243
243
243
243
243
243
243
243
243
243
243
243
243
243
243
110
110
110
243
243
243
243
243
243
243
243
243
243
243
243
243
243
243
243
243
243
243
243
243
243
243
243
243
243
243
243
243
243
243
243
243
243
243
243
243
243
243
243
243
243
243
243
243
243
243
243
243
243
243
243
243
243
243
243
243
243
243
243
243
243
243
243
243
243
243
243
243
243
243
243
243
243
243
243
243
243
243
243
243
243
243
243
243
243
243
243
243
243
243
243
243
243
243
243
243
110
110
110
243
243
243
243
243
243
243
243
243
243
243
243
243
243
243
243
243
243
243
243
