251
251
251
251
251
251
251
251
251
251
251
251
251
251
251
251
251
251
251
251
251
251
251
251
251
251
251
251
251
251
251
251
251
251
251
251
251
251
251
251
251
251
251
251
251
251
251
251
251
251
251
251
251
251
251
251
251
251
251
251
251
251
251
251
251
251
251
251
251
251
251
251
251
251
251
251
251
251
251
251
251
251
251
251
251
251
251
251
251
251
251
251
251
251
251
251
251
251
251
251
251
251
251
251
251
251
251
251
251
251
251
251
251
251
251
251
251
251
251
251
251
251
251
251
251
251
251
251
251
251
251
251
251
251
251
251
251
251
251
251
251
251
251
251
251
251
251
251
251
251
251
245
251
247
255
252
251
251
251
251
251
251
251
251
251
251
251
251
251
251
251
251
251
251
251
251
251
251
251
251
251
251
251
251
251
251
251
251
251
251
251
251
251
251
251
251
251
251
251
251
251
251
251
251
251
251
251
251
251
251
251
251
251
251
251
251
251
251
251
251
251
251
251
251
251
251
251
251
251
251
251
251
251
251
251
251
251
251
251
251
251
251
251
251
251
251
251
251
251
251
251
251
251
251
251
251
251
251
251
251
252
251
242
244
249
255
254
252
251
251
251
251
251
251
251
251
251
251
251
251
251
251
251
251
251
251
251
251
251
251
251
251
251
251
251
251
251
251
251
251
251
227
127
227
247
254
251
251
251
251
251
251
251
251
251
251
251
251
251
251
251
251
251
252
253
254
253
252
251
251
251
251
251
251
251
251
252
254
255
255
255
254
252
251
251
251
251
251
251
251
251
252
254
255
255
255
254
252
251
251
251
251
251
251
251
251
251
251
251
251
251
251
251
251
251
251
251
251
251
251
251
251
251
251
251
251
251
251
251
251
251
251
251
251
251
251
251
251
252
254
255
254
252
251
251
251
251
251
251
251
255
254
195
141
214
248
249
254
251
251
251
251
251
251
251
251
251
251
251
251
251
251
251
251
251
251
251
251
251
251
251
251
251
251
251
251
251
251
251
251
251
107
109
127
251
255
251
251
251
251
251
251
251
251
251
251
251
251
251
253
255
255
255
255
252
252
246
254
251
251
251
251
251
251
251
251
253
249
243
235
241
249
254
251
251
251
251
251
251
251
252
255
253
245
235
242
249
254
251
251
251
251
251
251
251
251
251
251
251
251
251
251
251
251
251
251
251
251
251
251
251
252
254
255
255
255
255
255
255
255
255
255
255
253
252
251
251
252
255
247
251
247
255
252
251
251
251
251
251
251
255
251
185
125
125
173
253
255
253
252
251
251
251
251
251
251
251
251
251
251
251
251
251
251
251
251
251
251
251
251
251
251
251
251
251
251
251
251
251
251
110
107
106
232
247
254
251
251
251
251
251
251
251
251
251
251
251
251
251
254
246
241
235
240
226
174
244
255
251
251
251
251
251
251
251
251
255
253
183
135
166
248
255
251
251
251
251
251
251
251
254
255
247
177
135
171
254
255
255
255
253
251
251
251
251
251
251
251
251
251
251
251
251
251
251
251
251
251
251
251
251
253
249
244
236
235
238
238
238
238
235
240
248
255
255
252
253
255
254
232
127
227
247
254
251
251
251
251
251
251
255
251
186
119
111
147
231
249
251
252
251
251
251
251
251
251
251
251
251
251
251
251
251
251
251
251
251
251
251
251
251
251
251
251
251
251
251
251
251
251
251
129
232
254
255
252
251
251
251
251
251
251
251
251
251
251
251
251
252
255
230
150
140
147
131
162
239
255
251
251
251
251
251
251
251
253
255
244
164
109
151
242
255
251
251
251
251
251
252
255
255
254
192
125
115
147
231
240
240
246
254
253
254
255
254
252
251
251
251
251
251
251
251
251
251
251
251
251
251
251
251
255
249
180
140
143
147
146
146
147
144
142
189
245
253
255
255
248
232
106
109
127
251
255
251
251
251
251
251
251
255
253
202
138
128
129
139
204
255
255
251
251
251
251
251
251
251
251
251
252
254
255
254
252
251
251
251
251
251
251
251
251
251
251
251
251
251
251
251
251
251
245
247
255
254
255
255
255
255
253
251
251
251
251
251
251
251
251
254
255
224
135
115
121
116
157
243
255
251
251
251
251
251
251
252
254
251
199
134
121
158
245
255
251
251
251
251
251
255
247
248
201
130
123
122
134
142
145
152
232
255
255
247
251
247
255
252
251
251
251
251
251
251
251
251
251
251
251
251
251
251
255
251
180
126
117
121
121
122
121
121
126
131
143
222
250
255
255
129
109
106
232
247
254
251
251
251
251
251
251
252
251
248
240
152
123
115
183
248
255
253
251
251
251
251
251
251
251
252
255
247
251
247
255
252
251
251
251
251
251
251
251
251
251
251
251
251
251
251
251
251
254
255
255
255
248
240
236
245
252
252
251
251
251
251
251
251
251
255
253
220
133
125
131
123
161
244
255
251
251
251
251
251
251
254
255
217
139
123
120
160
244
255
251
251
251
251
251
255
241
158
127
131
136
143
136
122
118
126
217
255
255
232
127
227
247
254
251
251
251
251
251
251
251
251
251
251
251
251
251
251
253
255
241
155
123
127
126
125
124
125
125
121
127
132
162
242
246
229
131
232
254
255
252
251
251
251
251
251
251
252
253
255
255
241
142
126
129
211
254
255
252
251
251
251
251
251
252
255
254
232
127
227
247
254
251
251
251
251
251
251
251
251
251
251
251
251
251
251
251
251
252
255
247
255
225
151
140
214
255
254
251
251
251
251
251
251
251
255
242
151
129
128
131
124
162
247
255
252
251
251
251
251
251
255
255
210
132
121
124
160
244
255
251
251
251
251
251
255
233
139
113
130
212
233
145
126
128
129
155
239
239
106
109
127
251
255
251
251
251
251
251
251
251
251
251
251
251
251
251
251
251
255
247
161
123
136
142
147
137
138
135
135
124
119
129
135
205
245
254
247
255
252
251
251
251
251
251
251
251
251
251
252
255
255
227
133
124
131
226
255
255
252
251
251
251
251
254
247
232
106
109
127
251
255
251
251
251
251
251
251
251
251
251
251
251
251
251
251
251
251
255
254
234
135
196
122
121
206
255
255
251
251
251
251
251
251
251
255
234
144
121
131
131
126
154
241
255
254
252
251
251
251
251
255
252
204
128
124
123
160
243
255
251
251
251
251
252
255
237
146
124
195
255
244
152
123
130
120
149
234
134
109
106
232
247
254
251
252
254
255
254
252
251
251
251
251
251
251
251
251
251
255
245
158
120
162
228
234
226
172
220
198
140
134
124
123
144
221
255
255
252
251
251
251
251
251
251
251
251
251
251
251
252
255
254
210
126
125
141
240
254
255
252
251
251
251
255
251
127
109
106
232
247
254
251
251
251
251
251
251
251
251
251
251
251
251
251
251
251
251
247
232
107
117
112
135
122
205
251
255
251
251
251
251
251
251
252
255
238
151
124
133
132
128
131
166
238
253
252
251
251
251
252
255
232
148
127
122
129
164
250
255
251
251
251
251
254
254
230
134
165
249
255
239
148
123
130
130
159
240
235
127
232
254
255
252
252
255
247
251
247
255
252
251
251
251
251
251
251
251
251
255
244
157
117
170
248
254
254
253
250
254
235
151
125
123
127
204
250
255
251
251
251
251
251
251
251
251
251
251
251
251
251
253
255
251
191
124
123
155
248
255
255
253
251
251
254
247
227
127
232
254
255
252
251
251
251
251
251
251
251
251
251
251
251
251
251
251
251
251
251
127
110
114
206
134
121
146
231
255
252
251
251
251
251
251
254
255
234
143
126
132
133
130
125
139
203
255
252
251
251
251
253
255
222
138
117
132
145
239
252
254
251
251
251
251
255
250
161
124
167
245
255
238
147
123
129
126
203
252
254
251
247
255
252
252
255
254
232
127
227
247
254
251
251
251
251
251
251
251
251
255
245
158
119
132
197
255
255
254
255
255
254
174
128
119
125
145
231
255
252
251
251
251
251
251
251
251
251
251
251
251
251
251
254
255
250
172
122
125
167
245
251
255
253
251
252
255
247
251
247
255
252
251
251
251
251
251
251
251
251
251
251
251
251
251
251
251
251
251
247
227
129
240
226
146
114
139
223
255
253
251
251
251
251
251
255
251
174
132
129
134
135
131
127
174
251
255
255
255
255
255
255
255
232
145
120
139
230
255
255
255
255
255
255
255
255
252
162
120
136
204
255
249
152
127
132
132
159
253
255
255
255
255
255
255
255
242
114
118
138
255
255
255
255
255
255
255
255
255
255
255
254
167
119
128
198
255
255
255
255
255
255
251
162
143
128
143
231
255
255
255
255
255
255
255
255
255
255
255
255
255
255
255
255
255
255
255
172
134
131
143
220
255
255
255
255
255
255
255
255
255
255
255
255
255
255
255
255
255
255
255
255
255
255
255
252
251
251
251
255
247
254
255
230
141
113
141
227
255
254
252
251
251
251
251
255
243
158
120
124
126
125
123
123
163
228
232
224
223
223
224
227
236
209
132
113
127
204
232
225
223
223
223
223
223
229
220
144
112
116
172
233
221
141
121
126
119
134
214
229
223
223
223
223
227
221
111
91
94
209
229
234
227
224
223
223
223
223
223
224
232
226
150
117
120
175
227
227
222
223
224
227
222
220
182
116
128
209
233
226
223
223
223
223
223
223
223
223
223
223
223
223
223
223
223
228
227
213
125
114
120
135
211
228
224
223
223
223
223
223
223
223
223
223
223
223
223
223
223
223
223
223
220
232
241
254
251
251
251
252
254
255
255
223
137
114
134
219
253
254
252
251
251
251
251
255
246
163
121
117
120
121
114
110
121
134
145
144
143
143
145
140
136
122
114
110
125
138
146
143
143
143
143
143
143
147
143
132
113
113
128
148
139
123
107
112
109
126
136
150
144
144
145
146
149
140
135
130
135
134
127
134
140
149
144
143
143
143
144
149
144
134
119
111
116
130
144
148
143
143
143
144
148
150
134
117
110
128
141
146
143
143
143
143
143
143
143
143
143
143
143
143
143
143
143
143
149
145
132
116
105
120
130
147
143
143
143
143
143
143
143
143
143
143
143
143
143
143
143
143
143
143
139
148
245
255
251
251
251
251
251
252
255
233
150
126
130
156
230
253
253
251
251
251
253
255
240
153
119
129
180
166
124
119
121
176
227
228
223
223
231
221
144
116
117
122
191
231
226
223
223
223
223
223
223
228
224
200
123
118
177
240
225
131
103
119
124
130
211
224
229
230
223
227
224
228
220
220
209
105
91
102
211
227
230
226
224
224
230
226
207
102
126
121
116
168
221
226
224
223
223
222
225
227
189
121
113
136
215
231
224
223
223
223
223
223
223
223
223
223
223
223
223
223
223
223
227
226
203
123
115
126
202
230
224
223
223
223
223
223
223
223
223
223
223
223
223
223
223
223
223
223
220
232
241
254
251
251
251
251
251
253
255
249
204
122
122
137
216
251
254
251
251
251
255
253
181
134
120
138
203
190
143
127
129
196
255
255
255
255
255
250
160
126
128
141
222
255
255
255
255
255
255
255
255
255
254
169
127
132
199
255
242
137
108
121
132
137
174
255
255
255
240
180
245
206
155
158
130
119
105
137
154
245
255
255
255
255
255
244
120
121
116
139
128
144
225
255
255
255
255
255
255
255
225
145
123
144
241
255
255
255
255
255
255
255
255
255
255
255
255
255
255
255
255
255
255
254
162
135
127
149
239
255
255
255
255
255
255
255
255
255
255
255
255
255
255
255
255
255
255
255
255
255
255
252
251
251
251
251
252
255
255
241
123
122
123
132
181
253
255
252
251
251
255
247
173
124
119
136
188
235
153
127
127
145
219
255
254
255
254
186
134
123
126
186
247
255
252
251
251
251
251
251
251
255
242
156
117
126
187
184
142
128
105
121
129
124
161
242
250
174
131
139
135
136
125
120
121
110
127
128
132
134
185
253
255
255
251
127
110
117
219
146
116
135
210
255
255
251
251
251
252
255
247
187
121
126
163
250
255
251
251
251
251
251
251
251
251
251
251
251
251
251
251
254
251
218
151
119
127
205
252
255
251
251
251
251
251
251
251
251
251
251
251
251
251
251
251
251
251
251
251
251
251
251
251
251
251
251
254
247
233
112
108
106
132
123
154
240
254
253
251
251
255
251
176
126
129
137
184
129
148
130
122
132
208
255
254
255
247
174
125
119
127
191
253
255
251
251
251
251
251
251
251
255
251
174
129
129
135
134
130
122
114
120
132
128
162
207
148
130
123
124
124
125
124
128
127
130
131
131
127
119
165
243
255
255
247
227
127
241
236
152
115
136
212
255
255
251
251
251
251
255
254
195
126
115
157
242
255
251
251
251
251
251
251
251
251
251
251
251
251
252
254
255
253
168
129
127
134
212
252
255
251
251
251
251
251
251
251
251
251
251
251
251
251
251
251
251
251
251
251
251
251
251
251
251
251
251
255
251
127
114
111
178
132
123
131
177
254
255
252
255
255
247
171
123
128
161
107
107
108
132
123
135
211
255
255
255
252
176
125
121
132
194
255
255
251
251
251
251
251
252
253
255
255
238
147
125
130
128
129
122
109
119
131
130
139
137
131
123
125
121
125
136
136
142
129
132
126
131
131
129
130
191
250
255
255
247
251
254
250
153
121
130
209
255
255
251
251
251
251
255
254
191
126
117
160
245
255
251
251
251
251
251
251
251
251
251
251
251
251
253
251
250
233
151
119
126
187
196
238
254
252
251
251
251
251
251
251
251
251
251
251
251
251
251
251
251
251
251
251
251
251
251
251
251
251
251
254
247
227
132
233
192
134
121
124
174
249
255
255
249
254
194
141
125
134
109
118
111
148
128
126
128
204
250
255
255
243
167
118
126
171
247
253
253
251
251
251
251
251
252
251
245
245
227
146
126
131
125
136
142
142
131
112
127
129
129
127
131
138
145
143
194
235
177
212
147
130
127
126
129
124
138
215
255
255
254
255
255
254
220
125
126
208
255
255
251
251
251
251
255
254
192
126
117
160
245
255
251
251
251
251
251
251
251
251
251
251
251
251
255
255
203
141
134
122
130
186
247
250
251
251
251
251
251
251
251
251
251
251
251
251
251
251
251
251
251
251
251
252
254
255
254
252
251
251
251
252
255
247
255
251
202
133
123
124
170
247
255
255
237
130
172
130
125
125
149
134
226
156
126
126
126
139
227
255
255
197
131
126
158
248
255
255
252
251
251
251
251
251
255
254
198
144
137
137
126
136
145
160
233
198
110
108
113
132
128
128
137
220
241
241
251
252
255
246
247
191
137
132
127
123
131
207
253
255
251
251
254
255
227
133
125
209
255
255
251
251
251
251
255
254
191
126
117
161
244
255
251
251
251
251
251
251
251
251
251
251
251
252
254
246
183
121
123
123
132
195
255
255
252
251
251
251
251
251
251
251
251
251
251
251
251
251
251
251
251
251
252
255
247
251
247
255
251
251
251
251
252
254
255
255
221
151
124
126
132
196
247
235
110
109
111
161
121
133
170
255
250
179
135
126
127
143
230
255
253
188
118
134
234
255
255
252
251
251
251
251
251
251
255
250
185
119
114
123
123
126
196
252
233
132
107
107
130
128
127
131
211
255
255
255
255
255
255
255
255
252
242
156
134
123
128
190
247
255
252
251
253
255
224
131
125
212
255
255
251
251
251
251
255
252
192
126
117
160
244
255
251
251
251
251
251
251
251
251
251
251
251
255
255
217
140
127
126
132
173
247
253
252
251
251
251
251
251
251
251
251
251
251
251
251
251
251
251
251
251
252
255
254
232
127
227
247
251
251
251
251
251
251
252
255
245
171
125
125
124
147
217
131
114
109
179
128
131
159
249
255
255
237
156
123
122
200
245
255
255
192
122
144
239
255
252
251
251
251
251
251
251
251
255
250
184
126
132
149
137
132
156
245
237
136
104
124
130
128
130
192
252
255
253
251
251
251
251
252
254
255
255
235
143
123
126
143
228
255
253
251
253
255
224
133
119
204
251
255
251
251
251
251
255
253
192
126
117
160
244
255
251
251
251
251
251
251
251
251
251
251
252
255
253
204
126
124
127
158
245
255
254
252
251
251
251
251
251
251
251
251
251
251
251
251
251
251
251
251
251
254
247
232
106
109
127
251
251
251
251
251
251
251
251
255
255
182
135
128
124
136
206
234
136
233
191
126
136
234
255
255
255
238
147
121
127
151
235
255
249
184
114
142
234
255
251
251
251
251
251
251
251
251
255
254
195
143
219
246
201
120
136
228
255
210
132
129
129
134
177
252
255
254
251
251
251
251
251
251
251
252
255
239
149
125
122
138
223
255
255
255
255
255
224
137
119
147
234
255
253
251
251
251
255
251
191
125
115
158
243
255
251
251
251
251
251
251
251
251
251
251
255
251
227
138
130
130
126
174
248
255
253
251
251
251
251
251
251
251
251
251
251
251
251
251
251
251
251
251
251
255
251
127
109
106
232
247
251
251
251
251
251
251
251
254
255
241
156
123
127
129
211
246
255
250
198
121
142
239
255
252
255
241
149
125
117
136
224
255
216
135
123
147
243
255
251
251
251
251
251
251
251
251
252
251
242
244
254
255
215
126
131
227
255
252
188
125
120
146
236
253
255
251
252
254
255
254
252
251
251
251
255
236
149
124
123
139
225
255
250
250
250
255
225
139
115
133
221
255
255
254
253
254
255
247
184
125
125
165
250
255
251
251
251
251
251
251
251
251
252
254
255
246
154
128
129
131
126
118
228
250
254
251
251
251
251
251
251
251
251
251
251
251
251
251
251
251
251
251
251
254
247
227
127
232
254
255
251
251
251
251
251
251
252
255
255
240
122
121
129
129
145
233
255
255
193
119
139
235
255
251
255
251
229
146
122
137
229
255
209
123
123
219
253
255
251
251
251
251
251
251
251
251
252
253
255
255
255
255
207
120
129
223
255
255
194
129
120
143
196
255
253
252
255
247
251
247
255
252
251
251
255
236
147
124
122
140
231
255
234
127
229
255
227
140
119
133
146
234
251
255
255
254
255
243
189
118
136
233
254
254
251
251
251
251
251
251
251
251
253
250
249
224
139
123
126
124
97
110
133
252
255
251
251
251
251
251
251
251
251
252
254
255
254
252
251
251
251
251
251
252
255
247
251
247
255
252
251
251
251
251
251
252
255
251
236
115
104
104
129
121
136
222
255
249
182
122
150
243
255
251
252
255
253
208
124
126
226
255
216
124
131
225
255
254
251
251
252
254
255
254
252
251
251
251
251
251
254
255
215
129
135
225
255
255
191
127
116
152
237
255
253
255
254
234
130
231
250
255
251
251
255
235
146
122
123
142
219
241
108
108
129
255
229
140
122
127
132
136
179
239
243
228
182
204
137
119
145
237
255
252
251
251
251
251
251
251
251
252
255
252
188
137
133
130
141
115
112
111
233
247
254
251
251
251
251
251
251
251
252
255
247
251
247
255
252
251
251
251
251
251
252
254
255
254
252
251
251
251
251
251
252
255
251
251
123
120
111
139
135
120
141
228
255
217
132
127
218
254
255
251
251
255
255
212
132
123
158
245
209
124
137
229
255
253
251
252
255
247
251
247
255
252
251
251
251
251
252
255
247
180
126
216
255
255
191
126
120
164
249
255
255
247
234
113
105
127
246
255
252
251
255
236
149
122
122
144
224
134
111
105
234
255
227
140
124
131
128
126
134
141
150
139
140
131
130
125
150
243
255
251
251
251
251
251
251
251
252
255
255
244
166
119
122
127
186
228
137
233
254
255
252
251
251
251
251
251
251
252
255
254
232
127
227
247
254
251
251
251
251
251
251
251
251
251
251
251
251
251
251
252
255
254
235
123
202
127
233
218
135
119
133
223
255
210
122
132
227
255
254
251
251
255
255
208
131
115
145
196
141
127
188
246
255
252
252
255
254
232
127
227
247
254
251
251
251
251
251
255
255
190
127
146
250
255
192
126
117
155
241
255
255
253
134
111
86
109
223
249
254
251
255
236
147
123
122
142
219
235
129
232
255
255
226
140
121
131
129
128
127
125
124
124
127
129
124
132
220
252
255
251
251
251
251
251
251
251
254
248
246
186
133
129
121
126
195
248
255
247
255
252
251
251
251
251
251
251
251
254
247
232
106
109
127
251
255
251
251
251
251
251
251
251
251
251
251
251
251
251
251
254
247
232
107
115
123
254
255
238
146
124
127
157
253
219
125
131
224
255
253
251
251
255
255
209
132
120
138
138
127
130
209
254
255
251
254
247
232
106
109
127
251
255
251
251
251
251
251
255
251
187
114
135
241
255
191
127
122
132
175
249
255
251
223
109
86
111
134
252
255
252
255
239
151
124
121
136
228
254
254
246
255
255
222
137
119
138
133
133
123
126
130
132
133
132
123
139
225
255
254
251
251
251
251
251
251
253
255
234
150
131
129
123
131
137
200
255
255
254
252
251
251
251
251
251
251
251
251
255
251
127
109
106
232
247
254
251
251
251
251
251
251
251
251
251
251
251
251
251
251
255
251
127
109
107
235
252
255
246
190
125
116
152
238
216
120
134
224
255
253
251
251
255
255
206
130
121
132
129
122
130
207
255
255
251
255
251
127
109
106
232
247
254
251
251
251
251
251
255
255
196
126
144
243
255
192
127
123
125
137
202
255
255
246
127
105
113
234
247
254
253
253
230
139
121
125
140
230
255
255
254
253
255
229
142
121
138
209
160
141
134
127
127
129
125
123
145
230
255
252
251
251
251
251
251
252
255
254
220
130
122
126
132
157
240
248
251
252
251
251
251
251
251
251
251
251
251
251
254
247
227
127
232
254
255
252
251
251
251
251
251
252
254
255
254
252
251
251
251
251
254
247
227
127
232
254
255
255
254
215
139
122
147
211
146
121
136
224
255
253
251
251
254
255
214
138
126
130
129
127
137
214
255
254
251
254
247
227
127
232
254
255
252
251
251
251
251
251
252
255
242
161
132
234
254
191
127
124
124
132
194
250
255
249
231
130
234
254
255
252
255
255
171
137
124
136
212
251
254
251
251
251
255
251
204
119
138
223
254
241
194
136
128
122
129
138
213
250
254
251
251
251
251
252
254
255
255
241
147
131
128
124
141
234
255
255
253
252
251
251
251
251
251
251
251
251
251
251
252
255
247
251
247
255
252
251
251
251
251
251
252
255
247
251
247
255
252
251
251
251
252
255
247
251
247
255
252
252
255
249
189
125
134
134
137
117
136
222
255
253
251
251
252
255
248
185
125
128
129
125
186
247
255
252
251
252
255
247
251
247
255
252
251
251
251
251
252
254
255
255
253
173
125
166
254
206
136
127
127
140
203
254
254
255
247
251
247
255
252
251
255
246
226
128
121
188
251
255
253
251
251
251
255
255
211
125
133
228
255
255
253
239
158
138
177
241
251
254
253
251
251
251
251
253
251
247
239
153
131
127
127
128
153
245
255
252
251
251
251
251
251
251
251
251
251
251
251
251
251
252
254
255
254
252
251
251
251
251
251
252
255
254
232
127
227
247
254
251
251
251
251
252
254
255
254
252
251
252
255
254
194
124
127
130
128
127
142
229
255
252
251
251
251
255
255
195
129
126
125
127
191
254
255
251
251
251
252
254
255
254
252
251
251
251
251
252
255
247
251
255
255
172
115
157
244
245
162
123
123
158
228
252
254
252
254
255
254
252
251
252
255
255
169
126
124
190
254
255
251
251
251
251
255
255
209
125
133
227
255
255
255
254
245
238
248
254
255
253
251
251
251
251
251
255
255
202
137
131
128
128
128
135
225
252
255
251
251
251
251
251
251
251
251
251
251
251
251
251
251
251
251
251
251
251
251
251
251
251
251
254
247
232
106
109
127
251
255
251
251
251
251
251
251
251
251
251
252
255
255
239
121
118
128
133
126
127
204
251
255
251
251
251
251
255
251
189
128
124
126
133
197
255
255
251
251
251
251
251
251
251
251
251
251
251
252
255
254
232
127
234
244
175
116
160
248
207
135
126
126
139
203
254
254
251
251
251
251
251
252
254
255
240
149
115
129
195
255
255
251
251
251
251
255
255
208
126
126
221
254
255
252
254
255
255
255
254
252
251
251
251
251
251
252
255
245
182
121
125
127
127
130
209
254
255
252
251
251
251
251
251
251
251
251
251
251
251
251
251
251
251
251
251
251
251
251
251
251
251
251
255
251
127
109
106
232
247
254
251
251
251
251
251
251
251
251
251
254
247
233
113
106
105
130
132
125
135
210
255
255
251
251
251
251
255
255
197
135
124
123
169
242
255
252
251
251
251
251
251
251
251
251
251
251
251
254
247
232
106
108
135
250
176
116
159
240
194
123
123
125
128
190
253
255
251
251
251
251
251
252
254
248
173
127
127
173
249
254
252
251
251
251
251
255
255
208
129
121
155
243
255
251
251
251
251
251
251
251
251
251
251
251
251
254
255
212
137
126
128
127
128
191
251
255
253
251
251
251
251
251
251
251
251
251
251
251
251
251
251
251
251
251
251
251
251
251
251
251
251
251
254
247
227
127
232
254
255
252
251
251
251
251
251
251
251
251
251
255
251
127
115
107
161
130
131
124
133
209
255
255
251
251
251
251
252
255
244
169
119
123
176
250
255
251
251
251
251
251
251
251
251
251
251
251
251
255
251
127
109
106
238
243
172
115
158
246
205
134
127
125
130
192
252
255
251
251
251
251
251
255
255
198
132
117
152
243
255
254
252
251
251
251
251
255
255
208
132
112
146
235
255
252
251
251
251
251
251
251
251
251
251
251
251
254
255
212
134
123
125
132
174
250
255
254
251
251
251
251
251
251
251
251
251
251
251
251
251
251
251
251
251
251
251
251
252
254
255
254
252
251
252
255
247
251
247
255
252
251
251
251
251
251
251
251
251
251
251
254
247
227
133
225
171
128
127
122
131
206
255
255
251
251
251
251
252
255
253
178
123
131
187
252
254
251
251
251
251
251
251
251
251
251
251
251
251
254
247
227
127
232
255
255
178
124
156
248
253
169
125
123
129
191
252
255
251
251
251
252
255
255
250
186
124
118
164
247
255
253
251
251
251
251
251
255
255
208
132
114
145
234
254
252
251
251
251
251
251
251
251
251
251
251
251
252
255
249
190
125
114
147
239
255
254
252
251
251
251
251
251
251
251
251
251
251
251
251
251
251
251
251
251
251
251
252
255
247
251
247
255
252
251
252
254
255
254
252
251
251
251
251
251
251
251
251
251
251
251
252
255
247
255
250
186
133
125
126
139
216
255
254
251
251
251
251
252
255
240
164
115
151
241
252
253
251
251
251
251
251
251
251
251
251
251
251
251
252
255
247
251
247
255
255
237
144
153
252
255
180
127
124
140
203
255
255
251
253
255
255
254
252
205
136
130
122
117
228
249
254
251
251
251
251
251
255
255
206
131
115
146
222
253
253
251
251
251
251
251
251
251
251
251
251
251
251
254
255
247
176
135
170
251
255
252
251
251
251
251
251
251
251
251
251
251
251
251
251
251
251
251
251
251
251
252
255
254
232
127
227
247
254
251
251
251
251
251
251
251
251
251
251
251
251
251
251
251
251
251
251
252
254
255
255
241
154
121
125
187
247
255
252
251
251
251
251
253
255
201
135
114
153
243
255
252
251
251
251
251
251
251
251
251
251
251
251
251
251
252
254
255
254
253
255
245
155
156
255
255
175
107
118
165
242
255
255
255
255
250
245
232
153
134
129
119
98
111
132
252
255
251
251
251
251
251
254
255
212
134
116
132
214
251
254
251
251
251
251
251
251
251
251
251
251
251
251
252
255
253
245
235
241
249
254
251
251
251
251
251
251
251
251
251
251
251
251
251
251
251
251
251
251
251
251
254
247
232
106
109
127
251
255
251
251
251
251
251
251
251
251
251
251
251
251
251
251
251
251
251
251
251
251
251
255
247
162
119
128
194
255
255
251
251
251
251
251
252
254
237
166
124
165
248
255
251
251
251
251
251
251
251
251
251
251
251
251
251
251
251
251
251
251
251
255
243
152
148
236
237
116
103
110
134
200
250
255
246
248
198
154
136
127
116
126
104
110
112
233
247
254
251
251
251
251
251
252
255
248
195
130
129
154
246
255
251
251
251
251
251
251
251
251
251
251
251
251
251
252
254
255
255
255
254
252
251
251
251
251
251
251
251
251
251
251
251
251
251
251
251
251
251
251
251
251
255
251
127
109
106
232
247
254
251
251
251
251
251
251
251
251
251
251
251
251
251
251
251
251
251
251
251
251
251
255
244
160
117
127
192
253
255
251
251
251
251
251
251
255
250
188
215
244
249
254
251
251
251
251
251
251
251
251
251
251
251
251
251
251
251
251
251
251
251
255
242
151
123
177
130
116
99
125
126
138
203
179
212
148
133
124
118
128
137
149
196
134
234
254
255
252
251
251
251
251
251
251
254
254
250
236
155
167
245
255
251
251
251
251
251
251
251
251
251
251
251
251
251
251
251
251
251
251
251
251
251
251
251
251
251
251
251
251
251
251
251
251
251
251
251
251
251
251
251
251
254
247
227
127
232
254
255
255
255
254
252
251
251
251
251
251
251
251
251
251
251
251
251
251
251
251
251
251
251
255
241
154
108
121
190
251
255
251
251
251
251
251
251
253
247
251
249
255
254
252
251
251
251
251
251
251
251
251
251
251
251
251
251
251
251
251
251
251
251
255
249
156
129
166
233
127
141
129
127
135
131
140
129
129
117
127
133
165
236
248
240
252
248
255
252
251
251
251
251
251
251
251
252
253
255
252
245
243
248
254
251
251
251
251
251
251
251
251
251
251
251
251
251
251
251
251
251
251
251
251
251
251
251
251
251
251
251
251
251
251
251
251
251
251
251
251
251
251
251
251
252
255
247
251
247
255
255
247
251
247
255
252
251
251
251
251
251
251
251
251
251
251
251
251
251
251
251
251
251
255
247
167
136
144
204
253
255
251
251
251
251
251
251
252
253
254
253
252
251
251
251
251
251
251
251
251
251
251
251
251
251
251
251
251
251
251
251
251
251
254
251
231
168
245
255
242
147
119
120
121
117
118
116
122
129
143
222
251
255
255
255
255
254
252
251
251
251
251
251
251
251
251
251
251
252
254
255
255
254
252
251
251
251
251
251
251
251
251
251
251
251
251
251
251
251
251
251
251
251
251
251
251
251
251
251
251
251
251
251
251
251
251
251
251
251
251
251
251
251
251
251
252
254
255
255
255
254
232
127
227
247
254
251
251
251
251
251
251
251
251
251
251
251
251
251
251
251
251
251
254
249
243
232
238
245
252
252
251
251
251
251
251
251
251
251
251
251
251
251
251
251
251
251
251
251
251
251
251
251
251
251
251
251
251
251
251
251
251
251
252
255
249
251
250
255
252
172
141
145
147
146
147
143
141
189
246
253
255
254
252
251
251
251
251
251
251
251
251
251
251
251
251
251
251
251
251
251
251
251
251
251
251
251
251
251
251
251
251
251
251
251
251
251
251
251
251
251
251
251
251
251
251
251
251
251
251
251
251
251
251
251
251
251
251
251
251
251
251
251
251
251
251
251
251
254
247
232
106
109
127
251
255
251
251
251
251
251
251
254
255
254
252
251
251
251
251
251
251
251
252
254
255
255
255
255
253
252
251
251
251
251
251
251
251
251
251
251
251
251
251
251
251
251
251
251
251
251
251
251
251
251
251
251
251
251
251
251
251
251
251
252
253
254
253
254
249
243
235
236
238
238
238
236
241
248
255
255
252
251
251
251
251
251
251
251
251
251
251
251
251
251
251
251
251
251
251
251
251
251
251
251
251
251
251
251
251
251
251
251
251
252
254
255
254
252
251
251
251
251
251
251
251
251
251
251
251
251
251
251
251
251
251
251
251
251
251
251
251
251
251
251
251
251
251
255
251
127
109
106
232
247
254
251
251
251
251
251
251
245
251
247
255
252
251
251
251
251
251
251
251
251
251
251
251
251
251
251
251
251
251
251
251
251
251
251
251
251
251
251
251
251
251
251
251
251
251
251
251
251
251
251
251
251
251
251
251
251
251
251
251
251
251
251
251
252
254
255
255
255
255
255
255
255
255
255
253
252
251
251
251
251
251
251
251
251
251
251
251
251
251
251
251
251
251
251
251
251
251
251
251
251
251
251
251
251
251
251
251
251
252
255
247
251
247
255
252
251
251
251
251
251
251
251
251
251
251
251
251
251
251
251
251
251
251
251
251
251
251
251
251
251
251
251
251
254
247
227
127
232
254
255
252
251
251
251
251
251
251
235
142
236
252
252
251
251
251
251
251
251
251
251
251
251
251
251
251
251
251
251
251
251
251
251
251
251
251
251
251
251
251
251
251
251
251
251
251
251
251
251
251
251
251
251
251
251
251
251
251
251
251
251
251
251
251
251
251
251
251
251
251
251
251
251
251
251
251
251
251
251
251
251
251
251
251
251
251
251
251
251
251
251
251
251
251
251
251
251
251
251
251
251
251
251
251
251
251
251
251
251
252
252
236
142
236
252
252
251
251
251
251
251
251
251
251
251
251
251
251
251
251
251
251
251
251
251
251
251
251
251
251
251
251
251
251
252
255
247
251
247
255
252
251
251
251
251
251
251
251
110
110
110
251
251
251
251
251
251
251
251
251
251
251
251
251
251
251
251
251
251
251
251
251
251
251
251
251
251
251
251
251
251
251
251
251
251
251
251
251
251
251
251
251
251
251
251
251
251
251
251
251
251
251
251
251
251
251
251
251
251
251
251
251
251
251
251
251
251
251
251
251
251
251
251
251
251
251
251
251
251
251
251
251
251
251
251
251
251
251
251
251
251
251
251
251
251
251
251
251
251
251
251
110
110
110
251
251
251
251
251
251
251
251
251
251
251
251
251
251
251
251
251
251
251
251
251
251
251
251
251
251
251
251
251
251
251
251
251
251
251
251
251
251
251
251
251
251
251
