252
252
252
252
252
252
252
252
252
252
252
252
252
252
252
252
252
252
252
252
252
47
47
47
252
252
252
252
252
252
252
252
252
252
252
252
252
252
252
252
252
252
252
252
252
252
252
252
252
252
252
47
47
47
47
47
252
252
252
252
252
252
252
252
252
252
252
252
252
252
252
252
252
252
252
252
252
252
252
252
252
252
252
252
252
252
252
252
252
252
252
252
252
252
252
252
252
47
47
47
252
252
252
252
252
252
252
252
252
252
252
252
252
252
252
252
252
252
252
252
252
252
252
252
252
252
252
252
252
252
252
252
252
47
47
47
252
252
252
47
252
252
252
252
252
252
252
252
252
252
252
252
252
252
252
252
252
252
252
252
252
252
252
252
252
252
252
252
252
253
253
231
94
231
253
253
252
252
252
252
252
252
252
252
252
252
252
252
252
252
252
252
252
252
252
252
252
252
252
253
253
231
100
211
100
231
253
253
252
252
252
252
252
252
252
252
252
252
252
252
252
252
252
252
252
252
252
252
252
252
252
252
252
252
252
252
252
252
252
252
252
252
252
252
252
253
253
231
94
231
253
253
252
252
252
252
252
252
252
252
252
252
252
252
252
252
252
252
252
252
252
252
252
252
252
252
252
252
252
252
252
253
253
231
94
234
247
218
44
44
74
244
254
252
252
252
252
252
252
252
252
252
252
252
252
252
252
252
252
252
252
252
252
252
252
252
252
252
252
253
254
246
252
246
254
253
252
252
252
252
252
252
252
252
252
252
252
252
252
252
253
254
254
254
253
252
252
252
252
253
254
246
254
235
254
246
254
253
252
252
252
252
252
252
252
252
252
252
252
252
252
252
252
252
252
252
252
252
252
252
252
252
252
253
253
254
254
254
253
253
252
252
252
252
252
253
254
246
252
246
254
253
252
252
252
252
252
252
252
252
252
252
252
252
252
252
252
252
252
252
252
252
252
252
252
252
252
252
252
252
252
253
254
246
252
252
254
74
45
42
224
246
254
252
252
252
252
252
252
252
252
252
252
252
252
252
252
252
252
252
252
252
252
252
252
252
252
252
252
252
253
254
254
254
253
252
252
252
252
252
252
252
252
252
252
252
252
252
252
253
254
246
252
246
254
253
252
252
252
252
253
254
254
254
254
254
253
252
252
252
252
252
252
252
252
252
252
252
252
252
252
252
252
252
252
252
252
252
252
252
252
252
252
253
250
247
241
248
252
254
253
252
252
252
252
252
253
254
254
254
253
252
252
252
252
252
252
252
252
252
252
252
252
252
253
253
254
254
254
254
253
253
252
252
252
252
252
252
252
252
252
252
253
254
254
254
248
216
73
224
254
254
253
252
252
252
252
252
252
252
252
252
252
252
252
252
252
252
253
253
254
254
254
254
253
253
252
252
252
252
252
252
252
252
252
252
252
252
252
252
252
252
252
252
252
252
252
252
253
254
254
224
73
216
247
254
254
254
254
254
254
253
253
252
252
252
252
252
252
252
252
252
252
252
252
252
252
253
254
254
254
253
252
252
252
252
252
252
252
252
252
252
252
254
246
197
182
190
246
253
254
253
252
252
252
252
252
252
252
252
252
252
252
252
252
252
252
252
252
252
252
252
252
252
253
249
246
242
243
247
249
253
252
252
252
252
252
252
252
252
252
252
252
252
252
253
254
246
252
246
254
253
252
252
252
252
252
252
252
252
252
252
252
252
252
252
252
252
253
250
248
241
242
247
250
253
252
252
252
252
252
252
252
252
252
252
252
252
252
252
252
252
252
252
252
252
252
252
254
246
224
42
45
73
253
253
248
241
244
243
248
252
254
253
252
252
252
252
252
252
252
252
252
252
252
252
253
254
246
252
248
255
254
253
253
252
252
252
252
252
252
252
252
254
247
188
173
174
185
246
253
254
253
252
252
252
252
252
252
252
252
252
252
252
252
252
252
252
252
252
252
252
252
252
254
245
185
182
186
194
247
254
252
252
252
252
252
252
252
252
252
252
252
252
252
252
253
254
254
254
253
252
252
252
252
252
252
252
252
252
252
252
252
252
252
252
252
252
254
248
195
184
184
198
249
254
253
252
252
252
252
252
252
252
252
252
252
252
252
252
252
252
252
252
252
252
252
252
254
252
73
45
42
224
251
250
191
186
189
187
191
246
253
254
253
252
252
252
252
252
252
252
252
252
252
253
254
254
226
76
216
240
249
250
253
252
252
252
252
252
252
252
252
253
253
240
182
172
177
181
246
253
254
253
252
252
252
252
252
252
252
252
252
252
252
252
252
253
254
254
254
253
252
252
254
240
174
168
173
195
246
254
252
252
252
252
252
252
252
252
252
252
252
252
252
252
252
252
252
252
253
254
254
254
253
252
252
252
252
252
252
252
252
252
252
252
252
252
254
240
182
168
171
179
241
253
254
252
252
252
252
252
252
252
252
253
253
254
254
253
253
252
252
252
252
252
252
252
254
246
216
73
224
254
255
243
184
167
175
173
176
183
244
251
253
252
252
252
252
252
252
252
252
252
253
253
246
224
49
48
65
187
200
248
254
252
252
252
252
252
252
252
252
253
254
250
193
178
172
177
185
247
254
254
254
253
252
252
252
252
252
252
252
252
252
252
253
254
246
252
246
254
253
252
254
242
189
178
173
195
243
255
253
252
252
252
252
252
252
252
252
252
252
252
252
252
252
252
252
253
254
246
252
246
254
253
252
252
252
252
252
252
252
252
252
252
252
252
254
248
184
179
177
180
185
246
252
253
252
252
252
252
252
252
253
254
252
247
248
252
254
253
253
252
252
252
252
252
253
254
246
252
246
254
254
245
189
174
175
181
179
180
183
248
254
252
252
252
252
252
252
252
252
253
254
253
203
65
45
37
155
166
202
244
254
252
252
252
252
252
252
252
252
252
253
252
246
189
179
174
178
201
242
254
246
254
253
252
252
252
252
252
252
252
252
253
254
254
224
73
216
246
254
252
254
246
195
177
157
66
216
248
254
252
252
252
252
252
252
252
252
252
252
252
252
252
252
252
253
254
254
224
73
216
246
254
252
252
252
252
252
252
252
252
252
252
252
252
253
253
241
182
176
176
178
197
250
253
252
252
252
252
252
252
253
252
244
190
190
238
250
249
253
252
252
252
252
252
252
253
254
254
254
253
254
244
189
172
179
186
241
190
189
241
254
252
252
252
252
252
252
252
253
251
252
240
179
150
61
162
181
183
195
247
254
252
252
252
252
252
252
252
252
252
253
254
253
247
188
181
179
188
213
77
216
246
254
253
254
254
254
253
252
252
252
254
246
224
42
45
73
252
254
252
254
246
186
155
37
48
75
252
254
252
252
252
252
252
252
252
252
252
252
252
252
252
252
252
254
246
224
42
45
73
252
254
252
252
252
252
252
252
252
252
252
252
252
252
253
254
245
189
173
179
174
193
245
254
252
252
252
252
252
252
254
248
190
175
179
181
195
249
254
252
252
252
252
252
252
252
252
252
252
252
254
242
187
170
182
244
253
246
221
248
254
252
252
252
252
252
252
253
254
251
216
185
189
174
180
175
184
173
189
243
254
252
252
252
252
252
252
252
252
252
252
253
254
253
247
190
178
166
41
53
75
253
254
254
246
252
246
254
253
252
252
254
253
74
46
42
224
246
254
252
254
249
188
55
43
47
225
246
254
252
252
252
252
252
252
252
252
252
252
252
252
252
252
252
254
252
73
45
42
224
246
254
252
252
252
252
252
252
252
252
252
252
252
252
252
254
249
192
180
177
177
199
251
254
253
252
252
252
252
252
254
243
188
174
178
172
183
241
253
253
252
252
252
252
252
252
252
252
252
252
254
249
191
174
190
248
254
253
253
252
253
252
252
252
252
252
253
254
253
244
187
176
178
182
183
182
178
177
188
249
254
252
252
252
252
252
252
252
252
252
252
252
253
254
252
252
193
62
37
39
219
249
255
254
224
73
216
246
254
252
253
254
246
217
70
226
254
254
253
253
254
249
188
153
70
229
254
254
253
252
252
252
252
252
252
252
252
252
252
252
252
252
252
252
254
246
216
73
224
254
254
253
252
252
252
252
252
252
252
252
252
252
252
252
252
253
252
242
184
175
178
202
243
252
253
252
252
252
252
253
254
247
192
175
181
178
181
212
252
254
253
252
252
252
252
252
252
252
252
252
253
253
242
179
178
241
253
253
253
253
252
252
252
252
252
252
253
252
246
188
184
179
178
174
182
200
199
192
244
252
253
252
252
252
252
252
252
252
252
252
252
252
252
253
254
254
243
169
64
164
194
254
249
228
43
45
73
252
254
253
250
251
247
201
247
251
254
253
252
253
253
244
187
179
242
251
254
253
252
252
252
252
252
252
252
252
252
252
252
252
252
252
252
252
253
254
246
252
246
254
253
252
252
252
252
252
252
252
252
252
252
252
252
252
252
253
254
246
190
174
181
180
189
248
254
252
252
252
252
253
252
241
184
177
181
181
176
183
242
251
253
252
252
252
252
252
252
252
252
252
253
254
246
185
172
190
249
254
252
252
252
252
252
252
252
253
254
251
194
179
177
178
182
184
202
244
248
250
252
254
253
252
252
252
252
252
252
252
252
252
252
252
252
252
253
254
254
245
209
172
182
195
247
72
47
42
224
246
254
254
251
203
181
191
248
254
254
252
252
254
251
192
176
192
251
254
253
252
252
252
252
252
252
252
252
252
252
252
252
252
252
252
252
252
252
253
254
254
254
253
252
252
252
252
252
252
252
252
252
252
252
252
252
252
252
252
254
243
190
172
178
169
186
243
254
252
252
253
253
254
252
193
178
179
181
180
178
179
185
249
253
252
252
252
252
252
252
252
252
252
252
254
243
183
164
187
243
254
252
252
252
252
252
252
252
253
251
240
181
176
177
183
192
242
251
253
254
254
253
253
252
252
252
252
252
252
252
252
252
252
252
252
252
252
252
253
254
254
252
191
178
182
188
215
78
225
254
254
254
252
240
184
172
181
201
249
252
253
253
253
240
181
167
187
244
254
252
252
252
252
252
252
252
252
252
252
252
252
252
252
252
252
252
252
252
252
252
252
252
252
252
252
252
252
252
252
252
252
252
252
252
252
252
252
252
252
254
249
191
178
177
174
180
244
254
253
252
253
249
251
235
185
174
179
180
179
178
175
197
245
254
252
252
252
252
252
252
253
253
254
254
254
252
192
173
188
245
254
252
252
252
252
252
252
252
254
247
178
177
179
176
187
244
254
254
253
252
252
252
252
252
252
252
252
252
252
252
252
252
252
252
252
252
252
252
252
252
253
253
242
183
173
192
233
251
248
254
253
254
246
183
177
178
180
186
189
246
253
254
253
201
181
171
190
244
254
252
252
252
252
252
252
252
252
252
252
252
252
252
252
252
252
252
252
252
252
252
252
252
252
252
252
252
252
252
252
252
252
252
252
252
252
252
252
252
252
253
252
240
182
175
176
179
210
250
254
252
253
252
211
198
184
176
183
185
187
177
180
210
250
254
252
252
252
252
252
252
253
250
249
243
246
250
241
181
185
245
254
253
252
252
252
252
252
252
254
240
184
169
176
178
193
251
254
253
252
252
252
252
252
252
252
252
252
252
252
252
252
252
252
252
252
252
252
252
252
252
253
254
248
194
177
178
181
252
254
253
252
254
246
182
176
178
180
178
180
199
248
254
245
207
172
171
194
244
254
252
252
252
252
252
252
252
252
252
252
252
252
252
252
252
252
252
252
252
252
252
252
252
252
252
252
252
252
252
252
252
252
252
252
252
252
252
252
252
252
253
254
252
200
184
177
174
179
245
254
252
254
250
237
180
177
174
189
233
194
176
179
209
248
254
252
252
252
252
252
253
254
251
192
185
181
198
237
186
188
243
254
253
254
254
253
253
252
252
254
246
192
172
182
184
246
252
253
252
252
252
252
252
252
252
252
252
252
252
252
252
252
252
252
252
252
252
252
252
252
252
252
253
252
219
182
168
180
240
254
252
252
253
252
239
180
174
180
179
175
186
243
254
247
185
173
179
194
251
254
252
252
252
252
252
252
252
252
252
252
252
252
252
252
252
252
252
252
252
252
252
252
252
252
252
252
252
252
252
252
252
252
252
252
252
252
252
252
252
252
252
253
253
242
187
178
173
183
243
254
253
253
251
201
183
178
171
194
235
196
174
177
192
246
254
252
252
252
252
252
253
252
241
173
137
159
156
188
187
185
235
213
240
244
247
251
253
252
253
254
242
183
172
182
242
253
254
253
252
252
252
252
252
252
252
252
252
252
252
252
252
252
252
252
252
252
252
252
252
252
252
252
253
254
246
189
169
188
244
254
252
252
253
254
251
186
183
180
180
173
187
244
255
244
194
170
184
241
253
253
252
252
252
252
252
252
252
252
252
252
252
252
252
252
252
252
252
252
252
252
252
252
252
252
252
252
252
252
252
252
252
252
252
252
252
252
252
252
252
252
252
252
254
245
187
175
177
183
242
253
254
252
226
186
182
181
183
191
240
190
173
174
192
250
255
254
253
252
252
253
254
252
193
172
138
125
141
173
181
184
181
188
184
184
201
247
254
252
254
250
201
176
174
191
248
254
253
252
252
252
252
252
252
252
252
252
252
252
252
252
252
252
252
252
252
252
252
252
252
252
252
252
253
252
240
183
170
190
247
254
253
252
252
253
252
236
180
169
178
176
185
243
254
247
192
170
189
245
254
253
252
252
252
252
252
252
252
252
252
252
252
252
252
252
252
252
252
252
252
252
252
252
252
252
252
252
252
252
252
252
252
252
252
252
252
252
252
252
252
252
252
252
254
241
182
170
176
180
201
250
254
248
201
175
179
173
198
249
244
194
174
176
191
233
252
248
254
253
253
252
252
236
187
171
136
126
135
172
180
177
176
174
174
167
182
242
254
252
254
245
190
172
180
217
251
254
252
252
252
252
252
252
252
252
252
252
252
252
252
252
252
252
252
252
252
252
252
252
252
252
252
252
253
252
190
184
173
184
241
253
253
252
252
253
254
248
162
176
183
177
184
213
254
249
192
168
187
244
254
252
252
252
252
252
252
252
252
252
252
252
252
252
252
252
252
252
252
252
252
252
252
252
252
252
252
252
252
252
252
252
252
252
252
252
252
252
252
252
252
252
252
252
254
248
192
179
178
172
192
243
254
249
190
155
62
153
187
253
252
192
176
184
185
159
73
219
246
254
254
251
217
183
183
177
177
147
186
186
181
175
178
176
182
176
193
243
254
252
254
247
204
173
186
246
254
253
252
252
252
252
252
252
252
252
252
252
252
252
252
252
252
252
252
252
252
252
252
252
252
252
252
252
253
252
240
183
175
179
192
249
254
252
252
252
253
246
243
203
188
178
175
183
249
245
192
166
187
244
254
252
252
252
252
252
252
252
252
252
252
252
252
252
252
252
252
252
252
252
252
252
252
252
252
252
252
252
252
252
252
252
252
252
252
252
252
252
252
252
252
252
252
252
253
252
245
204
178
174
191
249
255
243
170
37
44
63
198
254
253
209
184
172
158
34
43
74
252
254
253
245
194
175
177
177
182
237
249
245
187
178
177
192
195
239
217
247
254
254
254
252
207
174
187
243
254
253
252
252
252
252
252
252
252
252
252
252
252
252
252
252
252
252
252
252
252
252
252
252
252
252
252
252
254
253
243
183
176
174
185
242
254
252
252
252
252
253
252
251
208
182
173
179
199
242
193
169
191
245
254
252
252
252
252
252
252
252
252
252
252
252
252
252
252
252
252
252
253
254
254
254
253
252
252
252
252
252
252
252
252
252
252
252
252
252
252
252
252
252
252
252
252
252
253
254
250
209
183
176
185
243
254
243
67
40
37
169
237
254
254
243
192
176
61
46
49
226
246
254
252
219
183
179
178
180
193
253
254
254
243
184
175
193
247
253
253
252
254
246
254
237
197
173
178
201
249
254
252
252
252
252
252
252
252
252
252
252
252
252
252
252
252
252
252
252
252
252
252
252
252
252
252
253
254
247
182
180
177
178
196
249
254
252
252
252
252
252
253
254
244
186
175
176
190
233
193
171
188
243
254
252
252
252
252
252
252
252
252
252
252
252
252
252
252
252
252
253
254
246
252
246
254
253
252
252
252
252
252
252
252
252
252
252
252
252
252
252
252
252
252
252
252
252
252
253
252
204
185
177
179
188
249
196
156
60
163
188
254
254
254
246
192
171
154
68
225
254
254
254
248
194
177
178
177
183
241
252
253
254
247
192
171
194
248
254
254
254
254
224
77
212
171
183
171
181
242
254
252
252
252
252
252
252
252
252
252
252
252
252
252
252
252
252
252
252
252
252
252
252
252
253
253
254
253
215
179
175
177
185
242
253
253
252
252
252
252
252
252
254
244
189
175
177
188
202
188
173
186
243
254
252
252
252
252
252
252
252
252
252
252
252
252
252
252
252
253
254
254
224
73
216
246
254
252
252
252
252
252
252
252
252
252
252
252
252
252
252
252
252
252
252
252
252
252
253
254
242
187
177
174
180
230
195
172
176
181
247
253
253
254
244
192
179
172
190
242
255
254
254
243
185
174
177
174
192
246
254
253
254
243
190
166
189
245
254
254
246
224
42
49
67
237
184
172
186
244
254
253
252
252
252
252
252
252
252
252
252
252
252
252
252
252
252
252
252
252
253
253
253
254
254
253
253
240
189
177
179
176
196
246
254
253
252
252
252
252
252
252
254
248
195
177
177
180
181
182
171
187
243
254
252
252
252
252
252
252
252
252
252
252
252
252
252
252
252
254
246
224
42
45
73
252
254
252
252
252
252
252
252
252
252
252
252
252
252
252
252
252
252
252
252
252
252
252
252
254
245
190
174
178
187
182
189
180
178
193
248
254
253
254
246
190
179
177
193
248
254
253
248
197
180
176
182
187
216
248
254
252
254
250
186
173
187
247
254
254
252
73
45
44
229
200
191
171
182
240
253
253
252
252
252
252
252
252
252
252
252
252
252
253
253
253
253
253
254
254
254
252
253
247
252
239
200
186
183
177
177
174
189
244
254
252
252
252
252
252
252
252
253
252
247
190
182
178
180
178
180
197
250
254
252
252
252
252
252
252
252
252
252
252
252
252
252
252
252
254
252
73
45
44
228
252
254
253
252
252
252
252
252
252
252
252
252
252
252
252
252
252
252
252
252
252
252
252
252
254
248
189
180
178
181
190
180
176
174
190
245
254
252
254
243
201
176
176
183
242
254
253
207
180
175
172
185
238
252
251
253
252
253
253
241
179
180
242
253
254
246
216
73
225
254
250
185
173
181
187
249
254
252
252
252
252
252
252
252
252
252
252
252
253
251
253
249
250
251
249
252
238
199
235
191
188
181
176
178
178
184
184
198
247
254
252
252
252
252
252
252
252
253
254
254
241
184
173
179
175
185
242
253
253
252
252
252
252
252
252
252
252
252
252
252
252
252
252
252
254
246
216
74
234
250
254
248
254
253
252
252
252
252
252
252
252
252
252
252
252
252
252
252
252
252
252
252
252
252
253
252
241
182
176
182
185
181
178
181
208
250
254
252
254
250
188
183
178
179
195
251
247
187
176
177
180
195
252
254
253
252
252
253
254
245
187
175
206
250
254
254
246
252
246
255
247
189
175
174
183
238
253
253
252
252
252
252
252
252
252
252
252
253
253
243
201
238
202
200
238
192
185
187
179
183
174
178
180
180
176
185
235
250
250
253
252
252
252
252
252
252
252
252
253
254
248
188
176
177
174
187
245
254
253
252
252
252
252
252
252
252
252
252
252
252
252
252
252
252
253
254
248
254
250
234
74
216
246
254
252
252
252
252
252
252
252
252
252
252
252
252
252
252
252
252
252
252
252
252
253
254
251
200
179
178
181
181
184
208
250
252
253
252
253
252
242
191
178
174
190
243
212
181
176
179
192
243
252
253
252
252
252
252
254
242
186
167
189
246
254
253
254
254
254
254
243
186
172
175
187
205
254
253
252
252
252
252
252
252
252
252
252
254
249
198
184
177
181
181
179
180
174
178
178
180
180
179
179
175
179
196
251
254
253
253
252
252
252
252
252
252
252
252
252
254
251
218
181
175
179
192
249
254
252
252
252
252
252
252
252
252
252
252
252
252
252
252
252
252
252
253
254
252
228
44
45
73
252
254
252
252
252
252
252
252
252
252
252
252
252
252
252
252
252
252
252
252
252
252
252
253
253
243
186
177
180
177
191
244
254
253
252
252
253
254
248
197
174
176
194
234
193
176
178
185
220
253
254
253
252
252
252
252
254
249
191
174
183
241
253
253
252
252
252
254
249
192
179
173
185
242
254
253
252
252
252
252
252
252
252
252
252
254
243
194
171
176
177
176
178
177
178
180
179
175
174
172
179
179
193
246
252
253
252
252
252
252
252
252
252
252
252
252
252
253
254
243
188
171
183
241
253
253
252
252
252
252
252
252
252
252
252
252
252
252
252
252
252
252
252
252
254
252
73
45
42
224
246
254
252
252
252
252
252
252
252
252
252
252
252
252
252
252
252
253
254
254
255
255
255
255
255
254
211
189
193
187
204
254
255
255
255
255
255
255
253
192
182
192
198
201
198
186
198
232
255
255
255
255
255
255
255
255
255
255
254
195
187
213
255
255
255
255
255
255
255
254
198
186
197
254
255
255
255
255
255
255
255
255
255
255
255
255
255
223
199
198
191
190
196
195
194
188
196
201
206
203
202
254
255
255
255
255
255
255
255
255
255
255
255
255
255
255
255
255
255
255
209
190
202
254
255
255
255
255
255
255
255
255
255
255
255
255
255
255
255
255
255
255
255
255
255
254
234
90
240
255
255
254
252
252
252
252
252
252
252
252
252
252
252
252
252
252
252
254
238
225
206
210
210
210
214
208
161
151
154
149
157
207
215
210
210
210
210
215
203
132
143
154
154
153
152
148
157
206
214
212
211
210
210
210
210
210
211
216
208
154
142
158
207
214
210
210
210
211
216
208
155
145
155
162
215
216
212
211
210
210
210
210
211
212
212
213
210
208
200
152
148
151
158
178
155
140
155
201
204
200
206
210
216
212
211
210
210
210
210
210
210
210
210
210
210
210
210
210
212
210
204
149
157
208
215
210
210
210
210
210
210
210
210
210
210
210
210
210
210
212
216
222
224
222
218
222
205
212
202
235
240
254
252
252
252
252
252
252
252
253
253
252
252
252
252
252
252
254
244
102
89
95
95
95
98
90
84
75
77
72
82
88
98
95
95
95
95
97
91
85
76
76
77
78
76
79
88
96
98
95
95
95
95
95
95
95
95
97
93
86
75
82
91
100
95
95
95
95
97
93
87
78
72
78
82
92
96
102
101
101
99
99
100
94
96
95
103
102
98
87
77
74
80
79
83
82
94
97
102
100
99
97
95
95
95
95
95
95
95
95
95
95
95
95
95
95
95
95
95
100
91
81
80
88
99
95
95
95
95
95
95
95
95
95
95
95
95
95
97
105
93
82
61
78
86
102
99
100
92
104
244
254
253
254
254
254
253
252
252
253
254
253
252
252
252
252
252
254
238
225
206
210
210
210
214
208
163
148
149
154
161
212
213
210
210
210
210
212
217
210
158
149
154
153
148
158
209
216
211
210
210
210
210
210
210
210
210
211
217
209
157
146
204
209
212
210
210
210
211
216
208
155
146
151
147
156
200
216
201
214
209
220
211
198
158
193
206
206
217
214
158
150
148
149
149
208
216
214
211
210
210
210
210
210
210
210
210
210
212
214
216
214
212
210
210
210
210
210
211
216
209
153
151
207
215
210
210
210
210
210
210
210
210
210
210
210
210
210
214
205
181
28
19
49
201
226
212
212
211
231
242
254
254
246
252
246
254
252
47
231
246
254
252
252
252
252
252
253
254
254
255
255
255
255
255
254
210
189
182
193
253
255
255
255
255
255
255
255
255
254
203
185
191
192
185
202
254
255
255
255
255
255
255
255
255
255
255
255
255
254
199
186
198
254
255
255
255
255
255
255
254
205
191
192
191
198
205
213
236
97
235
254
220
202
205
192
185
254
255
255
254
200
194
191
190
217
255
255
255
255
255
255
255
255
255
255
255
255
255
254
255
254
255
255
255
255
255
255
255
255
254
193
196
254
255
255
255
255
255
255
255
255
255
255
255
255
255
255
255
255
98
62
25
59
228
255
255
255
254
254
253
255
254
224
73
216
246
252
47
94
252
254
252
252
252
252
252
252
252
252
252
252
252
252
253
252
244
191
178
192
242
254
253
252
252
252
252
252
254
249
199
179
177
177
179
192
249
254
252
252
252
252
252
252
252
252
252
252
254
249
190
171
192
242
254
252
252
252
252
253
253
241
190
178
179
180
171
163
40
51
66
185
184
177
177
170
172
243
254
254
252
250
241
186
176
184
238
253
254
254
253
253
252
252
252
252
253
254
254
224
73
216
246
254
252
252
252
252
254
252
209
181
191
249
254
252
252
252
252
252
252
252
253
254
246
252
246
254
254
250
212
44
20
49
82
254
255
254
224
73
221
241
228
42
45
73
252
252
47
231
246
254
252
252
252
252
252
252
252
252
252
252
252
252
252
253
252
250
236
202
246
254
252
252
252
252
252
252
253
253
242
184
177
176
181
241
253
253
252
252
252
252
252
252
252
252
252
252
253
252
241
181
192
247
254
253
252
252
252
253
254
251
217
192
182
179
179
61
43
39
158
172
179
175
171
179
240
252
253
253
253
254
253
246
185
182
182
204
240
248
250
253
252
252
252
252
254
246
224
42
45
73
252
254
252
252
252
253
254
247
191
181
240
253
253
252
252
252
252
252
252
253
254
254
224
73
216
246
254
255
247
72
39
51
226
250
250
224
42
45
78
252
78
45
42
224
246
252
252
253
254
253
252
252
252
252
252
252
252
252
252
252
252
252
252
253
253
254
252
252
249
253
252
252
252
252
252
252
252
254
245
190
172
178
196
247
254
253
252
252
252
252
252
252
252
252
252
252
253
254
247
187
177
242
253
253
252
252
252
252
253
251
251
243
193
185
180
153
61
161
180
179
180
182
189
205
250
254
253
252
252
253
254
253
246
183
175
177
184
185
247
254
253
253
252
252
254
252
73
45
42
224
246
254
252
252
252
253
254
243
183
188
245
254
253
252
252
252
252
252
252
254
246
224
42
45
73
252
254
254
250
222
76
226
254
255
253
73
45
42
228
241
221
73
224
254
254
252
252
253
253
252
252
252
252
252
252
252
252
252
252
252
252
252
252
252
252
253
253
253
253
253
252
252
252
252
252
252
252
254
248
194
176
180
211
251
253
252
252
252
252
252
252
252
253
254
254
254
253
254
241
182
170
192
248
254
252
252
252
252
252
253
254
253
250
243
195
174
180
174
192
181
185
241
246
248
252
253
252
252
252
252
253
254
252
246
185
175
169
178
203
249
252
254
253
252
254
246
216
73
224
254
254
253
252
252
253
253
247
192
178
193
245
254
252
252
252
252
252
252
252
254
252
73
45
42
224
246
254
253
254
246
252
246
254
254
246
216
73
224
254
255
248
252
246
254
253
252
252
252
252
252
252
252
252
253
254
254
254
253
252
252
252
252
252
252
252
252
252
252
252
252
252
252
252
252
252
252
252
253
252
244
192
197
247
253
253
252
252
252
252
252
252
253
254
246
252
246
254
254
246
192
180
200
246
254
252
252
252
252
252
252
253
253
254
253
247
200
199
238
197
236
251
253
254
254
253
252
252
252
252
252
252
253
254
252
246
186
179
176
180
187
244
252
253
252
253
254
246
252
246
254
253
252
252
253
254
250
202
176
179
207
251
254
252
252
252
252
252
252
252
254
246
216
73
224
254
254
253
252
253
254
254
254
253
253
254
246
252
246
254
254
254
254
254
253
252
252
252
253
254
254
254
253
253
254
246
252
246
254
253
252
252
252
252
252
252
252
252
252
252
252
252
252
252
252
252
252
252
253
254
252
248
248
251
253
252
252
252
252
252
252
253
254
254
224
73
216
248
254
253
251
242
248
250
253
252
252
252
252
252
252
252
252
253
253
253
248
251
247
254
253
254
253
253
252
252
252
252
252
252
252
252
252
253
254
252
246
184
176
173
177
190
250
254
253
252
253
254
254
254
253
252
252
253
254
253
242
182
170
182
240
253
253
252
252
252
252
252
252
252
253
254
246
252
246
254
253
252
252
252
252
252
252
252
252
253
254
254
254
253
252
252
252
252
252
252
252
252
254
246
252
246
254
254
254
224
73
216
246
254
252
252
252
252
252
252
252
252
252
252
252
252
252
252
252
252
252
252
252
253
253
253
253
253
252
252
252
252
252
252
252
254
246
224
42
45
74
254
253
253
250
255
254
253
253
252
252
252
252
252
252
252
252
252
252
253
253
254
254
253
253
253
252
252
252
252
252
252
252
252
252
252
252
252
253
254
253
245
178
176
168
176
237
253
253
252
252
252
252
252
252
252
252
253
252
247
187
179
175
188
249
254
252
252
252
252
252
252
252
252
252
253
254
254
254
253
252
252
252
252
252
252
252
252
252
252
252
252
252
252
252
252
252
252
252
252
252
252
253
224
73
216
250
250
224
42
45
73
252
254
252
252
252
252
252
252
252
252
252
252
252
252
252
252
252
252
252
252
252
252
252
252
252
252
252
252
252
252
252
252
252
254
252
73
45
44
234
250
228
73
216
246
254
252
252
252
252
252
252
252
252
252
252
252
252
252
252
252
252
252
252
252
252
252
252
252
252
252
252
252
252
252
252
252
252
253
254
253
246
189
184
183
196
246
254
252
252
252
252
252
252
252
252
254
247
185
172
173
183
245
252
253
252
252
252
252
252
252
252
252
252
252
252
252
252
252
252
252
252
252
252
252
252
252
252
252
252
252
252
252
252
252
252
252
252
252
252
252
220
42
45
73
254
254
73
45
42
224
246
254
252
252
252
252
252
252
252
252
252
252
252
252
252
252
252
252
252
252
252
252
252
252
252
252
252
252
252
252
252
252
252
254
246
216
73
228
250
234
44
45
73
252
254
252
252
252
252
252
252
252
252
252
252
252
252
252
252
252
252
252
252
252
252
252
252
252
252
252
252
252
252
252
252
252
252
252
253
254
253
248
244
237
196
243
254
252
252
252
252
252
252
252
252
254
246
192
179
189
246
253
254
253
252
252
252
252
252
252
252
252
252
252
252
252
252
252
252
252
252
252
252
252
252
252
252
252
252
252
252
252
252
252
252
252
252
252
252
252
67
45
42
224
250
250
216
73
224
254
254
253
252
252
252
252
252
252
252
252
252
252
252
252
252
252
252
252
252
252
252
252
252
252
252
252
252
252
252
252
252
252
252
253
254
246
252
252
254
74
45
42
224
246
254
252
252
252
252
252
252
252
252
252
252
252
252
252
252
252
252
252
252
252
252
252
252
252
252
252
252
252
252
252
252
252
252
252
252
253
253
254
254
251
251
248
253
252
252
252
252
252
252
252
252
253
249
248
240
247
252
254
253
252
252
252
252
252
252
252
252
252
252
252
252
252
252
252
252
252
252
252
252
252
252
252
252
252
252
252
252
252
252
252
252
252
252
252
252
252
212
73
224
254
254
254
246
252
246
254
253
252
252
252
252
252
252
252
252
252
252
252
252
252
252
252
252
252
252
252
252
252
252
252
252
252
252
252
252
252
252
252
252
252
253
254
254
254
248
216
73
224
254
254
253
252
252
252
252
252
252
252
252
252
252
252
252
252
252
252
252
252
252
252
252
252
252
252
252
252
252
252
252
252
252
252
252
252
252
252
252
252
253
253
253
253
253
252
252
252
252
252
252
252
252
253
253
254
254
254
253
253
252
252
252
252
252
252
252
252
252
252
252
252
252
252
252
252
252
252
252
252
252
252
252
252
252
252
252
252
252
252
252
252
252
252
252
252
252
252
244
252
246
254
253
253
254
254
254
253
252
252
252
252
252
252
252
252
252
252
252
252
252
252
252
252
252
252
252
252
252
252
252
252
252
252
252
252
252
252
252
252
252
252
252
252
252
253
254
246
252
246
254
253
252
252
252
252
252
252
252
252
252
252
252
252
252
252
252
252
252
252
252
252
252
252
252
252
252
252
252
252
252
252
252
252
252
252
252
252
252
252
252
252
252
252
252
252
252
252
252
252
252
252
252
252
252
252
252
252
252
252
252
252
252
252
252
252
252
252
252
252
252
252
252
252
252
252
252
252
252
252
252
252
252
252
252
252
252
252
252
252
252
252
252
252
252
252
252
252
254
254
254
253
252
252
252
252
252
252
252
252
252
252
252
252
252
252
252
252
252
252
252
252
252
252
252
252
252
252
252
252
252
252
252
252
252
252
252
252
252
252
252
252
252
252
252
252
253
254
254
254
253
252
252
252
252
252
252
252
252
252
252
252
252
252
252
252
252
252
252
252
252
252
252
252
252
252
252
252
252
252
252
252
252
252
252
252
252
252
252
252
252
252
252
252
252
252
252
252
252
252
252
252
252
252
252
252
252
252
252
252
252
252
252
252
252
252
252
252
252
252
252
252
252
252
252
252
252
252
252
252
252
252
252
252
252
252
252
252
252
252
252
252
252
252
252
252
252
252
252
252
252
252
252
252
252
252
252
252
252
252
252
252
252
252
252
252
252
252
252
252
252
252
252
252
252
252
252
252
252
252
252
252
252
252
252
252
252
252
252
252
252
252
252
252
252
252
252
252
252
252
252
252
252
252
252
252
252
252
252
252
252
252
252
252
252
252
252
252
252
252
252
252
252
252
252
252
252
252
252
252
252
252
252
252
252
252
252
252
252
252
252
252
252
252
252
252
252
252
252
252
252
252
252
252
252
252
252
252
252
252
252
252
252
252
252
252
252
252
252
252
252
252
252
252
252
252
252
252
252
252
252
252
252
252
252
252
252
252
252
252
252
252
252
252
252
252
252
