245
245
245
245
245
245
245
245
245
245
245
245
245
245
245
245
245
245
245
245
245
245
245
245
245
245
245
245
245
245
245
245
245
245
245
245
245
245
245
245
245
81
81
81
245
245
245
245
245
245
245
245
245
245
245
245
245
245
245
245
245
245
245
245
245
245
245
245
245
245
245
245
245
245
245
245
245
245
245
245
245
245
245
245
245
245
245
245
245
245
245
245
245
245
245
245
245
245
245
245
245
245
245
245
245
245
245
245
245
245
246
234
141
143
144
141
141
143
144
144
150
243
245
245
245
245
245
245
245
81
81
81
245
245
245
245
245
245
245
245
245
245
245
245
245
245
245
81
81
81
245
245
245
245
245
245
245
245
245
245
245
245
245
245
245
245
245
245
245
245
245
245
245
245
245
245
245
245
245
245
245
245
245
245
245
245
245
245
245
247
246
227
119
227
246
247
245
245
245
245
245
245
245
245
245
245
245
245
245
245
245
245
245
245
245
245
245
245
245
245
245
245
245
245
245
245
245
245
245
245
245
245
245
245
245
245
245
245
245
245
245
245
245
245
245
245
245
245
245
245
245
245
245
245
246
248
251
245
239
229
169
142
141
139
138
138
138
145
150
157
178
238
248
247
248
250
248
248
246
227
119
227
246
247
245
245
245
245
245
245
245
245
245
245
248
239
100
85
88
245
245
245
245
245
245
245
245
245
245
245
247
248
250
248
247
245
245
245
245
245
245
245
245
245
245
245
245
245
245
245
245
245
245
245
245
245
245
245
245
247
253
240
245
240
253
247
245
245
245
245
245
245
245
245
245
245
245
245
245
245
245
245
245
245
245
245
245
245
245
245
245
245
245
245
245
245
245
245
245
245
245
245
245
245
245
245
245
245
245
245
245
245
245
245
245
245
245
245
245
245
245
245
247
249
253
249
244
211
154
146
139
132
138
147
148
151
153
184
227
229
240
244
249
253
240
245
240
254
254
240
245
240
253
247
245
245
245
245
245
245
245
245
245
245
248
240
216
102
216
245
245
245
245
245
245
245
245
245
245
247
253
240
245
240
253
247
245
245
245
245
245
245
245
245
245
245
245
245
245
245
245
245
245
245
245
246
247
248
247
246
247
248
250
248
247
245
245
245
245
245
245
245
245
245
245
245
245
245
245
245
245
245
245
245
245
247
248
250
248
247
245
245
245
245
245
245
245
245
245
245
245
245
245
245
245
245
245
245
245
245
245
245
245
245
245
245
245
245
245
245
246
249
249
244
239
230
164
141
131
133
143
152
181
209
210
180
227
244
249
252
250
250
253
248
222
102
216
240
250
248
250
248
247
245
245
245
245
245
245
245
245
245
245
245
247
253
240
245
239
245
245
245
245
245
245
245
245
245
247
253
248
222
102
216
240
248
245
245
245
245
245
245
245
245
245
245
245
245
245
245
245
245
245
245
245
247
242
243
241
248
246
245
245
245
245
245
245
245
245
245
245
245
245
245
245
245
245
245
245
245
245
245
245
245
247
253
240
245
240
253
247
245
245
245
245
245
245
245
245
245
245
245
245
245
245
245
245
245
245
245
245
245
245
245
245
245
245
245
245
245
248
243
243
200
153
146
141
141
147
156
214
239
240
247
244
246
246
252
248
246
246
248
240
222
78
81
102
245
250
245
245
245
245
245
245
245
245
245
245
245
245
245
245
245
245
247
248
250
248
245
245
245
245
245
245
245
245
245
248
240
222
78
81
102
245
250
245
245
245
245
245
245
245
245
245
245
245
245
245
245
245
245
245
245
245
251
242
183
221
243
248
245
245
245
245
245
245
245
245
245
245
245
245
245
245
245
245
245
245
245
245
245
245
247
253
248
222
102
216
240
248
245
245
245
246
248
251
253
253
251
247
247
249
252
252
250
247
245
245
245
245
245
245
245
245
245
245
245
245
245
251
235
167
141
137
133
142
173
236
241
245
253
251
250
249
248
247
246
245
245
245
250
245
102
81
78
222
240
248
245
245
245
245
245
245
245
245
245
245
245
245
245
245
245
245
245
245
245
245
245
245
245
245
245
245
245
245
245
250
245
102
81
78
222
240
248
245
245
245
245
245
245
245
245
245
245
245
245
245
245
245
245
245
245
246
254
241
175
156
236
250
245
245
245
245
245
245
245
245
245
245
245
245
245
245
245
245
245
245
245
245
245
245
248
240
222
78
81
102
245
250
245
245
245
248
242
239
228
230
237
245
253
245
235
233
243
252
251
248
246
245
245
245
245
245
245
245
245
245
246
253
229
153
133
141
137
158
236
254
253
248
246
245
245
245
245
245
245
245
245
245
248
240
216
102
222
248
253
247
245
245
245
245
245
245
245
245
245
245
245
245
245
245
245
245
245
245
245
245
245
245
245
245
245
245
245
245
245
248
240
216
102
222
248
253
247
245
245
245
245
245
247
248
250
249
249
250
252
253
251
248
246
245
246
246
246
230
165
166
238
250
245
245
245
245
245
245
245
245
245
245
245
245
245
245
245
245
245
245
245
245
245
245
250
245
102
81
78
222
240
248
245
245
245
252
246
176
147
152
200
253
247
221
150
138
201
236
240
242
247
245
245
245
245
245
245
245
245
245
248
248
226
149
138
144
138
162
240
254
246
245
245
245
245
245
245
245
245
245
245
245
247
253
240
245
240
253
247
245
245
245
245
245
245
245
245
245
245
245
245
245
245
245
245
245
245
245
245
245
245
245
245
245
245
245
245
245
245
247
253
240
245
240
253
247
245
245
245
245
245
247
253
240
245
242
254
241
233
229
238
243
247
245
248
250
214
149
148
224
246
248
245
245
245
245
245
245
245
245
245
245
245
245
246
246
247
247
246
245
245
245
245
245
248
240
216
102
222
248
253
247
245
245
246
250
236
158
125
164
233
237
175
144
136
134
143
150
177
247
253
247
247
249
251
251
249
247
245
245
250
243
169
143
140
142
138
166
237
253
245
245
245
245
245
245
245
245
245
245
245
245
245
247
248
250
248
247
245
245
245
245
245
245
245
245
245
245
245
245
245
245
245
245
245
245
245
245
245
245
245
245
245
245
245
245
245
245
245
245
247
248
250
248
247
245
245
245
245
245
247
253
248
222
102
220
245
206
152
147
175
242
250
245
249
252
203
139
172
239
253
246
245
245
245
245
245
245
245
245
245
245
246
247
252
249
245
243
244
246
245
245
245
245
247
253
240
245
240
253
247
245
245
245
249
250
192
142
137
177
203
154
142
138
140
142
142
131
154
226
249
249
250
243
234
235
245
253
253
249
253
237
169
138
141
144
136
163
237
253
245
245
245
245
245
245
245
245
245
245
245
245
245
245
245
245
245
245
245
245
245
245
245
245
245
245
245
245
245
245
245
245
245
245
245
245
245
245
245
245
245
245
245
245
245
245
245
245
245
245
245
245
245
245
245
245
245
245
245
245
248
240
222
78
80
106
247
199
135
124
162
236
253
245
250
246
199
136
204
245
250
245
245
245
245
245
245
245
245
245
245
245
247
243
241
232
195
208
249
248
245
245
245
245
245
247
248
250
248
247
245
245
245
245
252
247
188
138
139
148
143
138
134
138
141
145
144
133
91
145
211
255
252
223
147
149
210
236
237
243
255
243
168
139
143
144
137
158
236
253
245
245
245
245
245
245
245
245
245
245
245
245
245
245
245
245
245
245
245
245
245
245
245
245
245
245
245
245
245
245
245
245
245
245
245
245
245
245
245
245
245
245
245
245
245
245
245
245
245
245
245
245
245
245
245
245
246
247
250
252
255
248
103
80
79
232
250
203
140
130
169
239
253
246
253
229
153
139
161
234
252
246
245
245
245
245
245
245
245
245
245
245
249
238
178
140
146
204
246
248
245
245
245
245
245
245
245
245
245
245
245
245
245
246
250
243
182
136
137
134
138
145
147
151
141
142
130
76
73
90
195
250
235
151
135
136
147
153
153
193
247
233
168
138
143
143
135
163
236
253
245
245
245
245
245
245
245
245
245
245
245
245
245
245
245
245
245
245
245
245
245
245
245
245
245
245
245
245
245
245
245
245
245
245
245
245
245
245
245
245
245
245
245
245
245
245
245
245
245
245
245
245
245
245
245
245
248
247
241
232
239
236
221
103
230
248
255
191
146
132
169
239
254
250
248
217
142
128
151
227
253
246
245
245
245
245
245
245
245
245
245
245
250
240
160
135
145
213
252
250
248
250
248
247
245
245
245
245
245
245
245
245
245
250
254
208
147
136
145
150
156
208
231
176
211
157
91
78
74
134
189
198
154
144
139
140
140
136
136
142
166
213
166
139
142
142
135
152
234
252
245
245
245
245
245
245
245
245
245
245
245
245
245
245
245
245
245
245
245
245
245
245
245
245
245
245
245
245
245
245
245
245
245
245
245
245
245
245
245
245
245
245
245
245
245
245
245
245
245
245
245
245
245
245
245
246
248
243
187
144
164
250
249
253
243
236
109
174
140
133
168
241
255
248
234
154
142
135
145
221
248
248
245
245
245
245
245
245
245
245
245
245
251
241
216
131
180
238
250
255
240
245
240
253
247
245
245
245
245
245
245
245
245
249
243
195
133
137
160
231
241
247
246
249
241
244
168
94
130
146
152
147
141
141
143
144
143
144
143
134
153
204
172
140
143
140
141
169
242
250
245
245
245
245
245
245
245
245
245
245
245
245
245
245
245
245
245
245
245
245
245
245
245
245
245
245
245
245
245
245
245
245
245
245
245
245
245
247
248
248
245
245
248
250
248
247
245
245
245
245
245
245
245
245
245
249
251
204
142
126
153
232
253
248
225
83
77
82
142
135
167
242
255
240
160
136
137
141
143
164
240
251
245
245
245
247
249
252
253
253
250
247
253
243
166
140
146
213
255
251
222
102
216
240
248
245
245
245
245
245
245
245
246
253
222
149
139
152
235
252
253
250
249
250
253
255
240
166
136
144
141
140
137
134
133
136
138
139
143
139
149
202
166
141
143
136
144
223
247
248
245
245
245
245
245
245
245
245
245
245
245
245
245
245
245
245
245
245
245
245
245
245
245
245
245
245
245
245
245
245
245
245
245
245
245
245
247
253
240
239
245
245
239
245
240
253
247
245
245
245
245
245
245
245
245
251
251
201
141
132
144
181
253
250
101
85
76
138
138
142
175
247
248
172
145
155
165
160
129
158
234
253
245
245
246
245
240
235
230
233
239
244
253
234
164
129
145
213
246
225
77
81
102
245
250
245
245
245
245
245
245
246
251
255
218
140
132
212
248
251
246
245
245
245
247
250
237
164
138
142
138
143
152
152
149
160
152
146
139
139
148
147
149
143
141
140
160
236
253
246
245
245
245
245
245
245
245
245
245
245
245
245
245
245
245
245
245
245
245
245
245
245
245
245
245
245
245
245
245
245
245
245
245
245
245
247
253
248
222
103
245
245
216
102
216
241
250
249
251
251
248
246
245
245
245
251
245
198
139
137
137
177
249
250
217
109
224
195
138
150
233
251
193
133
153
227
226
91
115
157
236
253
245
245
249
249
206
153
149
153
187
248
255
236
159
132
187
249
251
103
80
78
222
240
248
245
245
245
245
245
245
247
244
243
205
142
145
222
253
247
245
245
245
245
247
255
193
150
137
142
145
155
221
237
234
237
226
163
141
147
140
138
139
140
141
144
216
251
255
253
253
252
252
252
252
251
251
250
248
246
245
245
245
245
245
245
245
245
245
245
245
245
245
245
245
245
245
245
245
245
245
245
245
245
245
248
240
222
78
79
81
245
79
81
102
246
251
240
233
236
244
248
246
245
246
251
224
157
141
140
140
170
237
253
243
251
240
201
134
156
242
255
189
138
154
224
96
84
79
159
236
253
245
245
249
247
197
134
126
131
168
239
255
240
158
135
194
254
248
216
102
222
248
253
247
245
245
245
245
245
246
251
243
173
143
142
196
245
249
245
245
245
245
245
250
246
231
156
135
144
190
245
247
254
254
255
246
190
203
149
140
143
123
142
142
144
218
246
244
229
239
238
240
236
240
240
235
238
244
250
246
246
245
245
245
245
245
245
245
245
245
245
245
245
245
245
245
245
245
245
245
245
245
245
245
250
245
102
81
79
245
81
79
78
222
243
253
213
152
152
228
247
250
246
248
252
214
146
135
143
143
145
162
225
255
255
219
149
130
155
235
250
189
149
222
103
86
73
147
156
235
253
245
245
248
252
205
145
133
137
142
193
252
237
156
134
191
250
255
240
245
240
253
247
245
245
245
245
245
245
249
251
232
152
130
154
216
253
249
245
245
245
245
245
249
248
183
141
134
174
242
253
250
246
245
248
243
251
213
149
135
140
141
142
142
143
149
214
167
152
148
209
167
153
194
189
151
176
241
250
247
250
246
245
245
245
245
245
245
245
245
245
245
245
245
245
245
245
245
245
245
245
245
245
245
248
240
216
102
216
245
245
103
222
247
255
249
201
133
129
155
237
247
247
248
252
216
148
135
145
141
139
135
201
248
255
211
138
130
158
243
220
154
206
242
228
106
174
137
157
232
255
248
248
248
250
247
196
148
144
136
146
206
186
144
136
192
249
252
248
250
248
247
245
245
245
245
245
245
247
248
243
173
136
129
177
242
250
245
245
245
245
245
248
251
211
153
133
142
185
250
251
245
245
245
246
248
254
225
156
138
118
136
144
146
139
146
141
143
131
140
139
142
138
142
140
135
159
199
195
239
244
246
245
245
245
245
245
245
245
245
245
245
245
245
245
245
245
245
245
245
245
245
245
245
247
253
240
245
239
245
245
239
240
253
250
253
206
141
133
139
178
250
254
251
254
219
149
132
140
150
147
129
93
213
249
213
145
140
228
253
207
148
207
255
250
242
177
138
153
240
253
240
243
244
255
241
245
228
170
140
141
145
149
137
139
193
249
251
245
245
245
245
245
245
245
245
245
245
251
252
192
139
139
145
194
250
250
245
245
245
245
245
250
251
205
146
130
160
235
249
247
245
245
245
245
245
251
246
204
137
110
109
141
146
143
143
142
143
143
143
142
142
142
142
141
142
146
145
148
167
235
253
247
246
245
245
245
245
245
245
245
245
245
245
245
245
245
245
245
245
245
245
245
245
245
247
248
250
248
245
245
248
248
247
246
247
245
191
141
135
162
231
244
249
247
211
139
138
154
208
145
68
82
112
254
214
143
198
253
252
197
139
204
255
253
206
141
151
230
244
212
193
188
239
254
227
108
221
227
159
139
139
144
139
142
197
251
252
245
245
245
245
245
245
245
245
245
247
252
244
182
132
153
231
247
246
247
245
245
245
245
245
249
246
195
135
137
170
245
252
246
245
245
245
245
245
252
255
211
145
107
108
138
147
144
144
143
142
140
137
135
137
139
142
143
143
142
139
134
143
213
244
245
247
245
245
245
245
245
245
245
245
245
245
245
245
245
245
245
245
245
245
245
245
245
245
245
245
245
245
245
245
245
245
245
248
251
241
170
134
141
153
214
255
236
150
135
143
224
227
101
69
74
208
247
214
149
205
255
233
149
146
215
255
229
149
135
209
252
224
149
137
151
217
223
80
81
106
248
222
145
139
142
140
140
192
247
252
246
245
245
245
245
245
245
245
245
248
247
205
141
148
167
247
250
254
247
245
245
245
245
249
253
222
154
134
144
217
247
248
245
245
245
245
245
246
252
248
206
139
106
103
131
138
135
135
135
136
144
152
158
155
147
141
138
141
144
144
142
145
149
197
245
249
245
245
245
245
245
245
245
245
245
245
245
245
245
245
245
245
245
245
245
245
245
245
245
245
245
245
245
245
245
245
245
245
252
250
183
139
130
132
194
250
229
153
126
153
228
237
145
81
133
160
241
204
144
205
251
215
136
188
253
255
218
140
149
221
242
153
140
135
144
165
100
87
78
225
245
251
200
144
140
139
142
153
216
249
249
246
245
245
245
245
245
246
249
255
226
151
138
145
200
103
220
240
248
245
245
245
246
251
248
209
139
132
158
233
251
247
245
245
245
245
245
248
247
222
151
142
113
117
147
156
152
159
156
150
189
236
236
238
212
153
145
141
140
143
143
139
136
173
239
252
245
245
245
245
245
245
245
245
245
245
245
245
245
245
245
245
245
245
245
247
248
250
248
247
245
245
245
245
245
245
245
245
247
246
240
164
142
137
152
229
236
157
128
151
222
254
217
145
135
147
158
155
147
210
251
166
144
186
242
234
150
136
196
245
170
141
138
144
138
148
203
105
226
248
254
251
247
190
146
141
140
140
148
225
250
253
250
247
246
245
246
249
246
245
207
142
129
135
72
86
103
245
250
245
245
245
248
246
226
149
140
139
178
241
251
245
245
245
245
245
245
252
235
160
141
138
132
150
223
238
233
234
233
234
243
251
255
253
248
241
199
154
148
143
145
142
137
166
239
253
245
245
245
245
245
245
245
245
245
245
245
245
245
245
245
245
245
245
247
253
240
245
240
253
247
245
245
245
245
245
245
245
246
249
250
224
145
130
139
217
227
154
129
151
220
255
251
198
139
139
144
137
143
210
251
218
144
142
157
151
140
145
211
243
154
83
140
147
146
148
170
246
246
253
247
248
253
240
170
137
143
139
141
153
227
239
242
247
248
245
249
248
240
169
145
148
147
90
81
80
223
240
248
245
245
246
253
242
162
140
132
146
219
249
248
245
245
245
245
245
245
253
228
155
135
139
141
164
247
255
253
253
253
252
250
247
246
246
251
254
255
232
157
138
146
143
138
168
242
255
245
245
245
245
245
245
245
245
245
245
245
245
245
245
245
245
245
247
253
248
222
102
216
240
248
245
245
245
245
245
245
245
245
246
253
234
150
136
138
165
215
160
129
153
220
255
251
199
139
137
145
135
141
209
255
227
150
132
137
134
142
186
244
172
85
74
83
165
135
134
163
244
254
246
245
245
254
243
172
135
138
139
135
142
147
157
201
247
250
249
248
243
173
138
132
139
192
218
109
223
248
253
247
245
246
249
251
231
152
136
136
148
221
253
247
245
245
245
245
245
246
254
231
150
135
143
150
227
245
248
245
245
245
245
245
245
245
247
253
245
247
215
99
126
141
144
136
161
235
250
251
250
248
247
245
245
245
245
245
245
245
245
245
245
245
245
245
248
240
222
78
81
102
245
250
245
245
245
245
245
245
245
245
245
249
245
218
143
133
158
210
162
129
146
215
254
253
197
140
138
140
138
149
214
255
222
147
134
141
145
165
241
190
95
71
61
85
99
167
140
177
246
251
245
245
245
253
241
170
135
145
156
157
147
135
136
145
211
247
252
251
192
141
133
135
150
214
248
249
240
253
247
245
245
247
246
242
170
143
138
140
160
228
252
246
245
245
245
245
245
248
248
225
146
132
142
212
248
251
246
245
245
245
245
245
245
247
253
248
229
106
80
91
88
149
144
139
141
183
255
245
245
240
253
247
245
245
245
245
245
245
245
245
245
245
245
245
250
245
102
81
78
222
240
248
245
245
245
245
245
245
245
245
245
246
251
247
200
132
150
205
154
135
146
220
253
249
244
185
143
138
137
189
246
255
228
152
138
138
161
218
175
143
137
76
82
94
225
165
152
228
249
247
245
245
245
253
241
169
131
170
239
232
156
132
137
137
154
230
255
249
188
134
140
148
193
245
251
251
248
247
245
245
245
251
250
181
140
138
137
137
201
246
250
245
245
245
245
245
245
251
243
160
142
134
148
216
253
249
245
245
245
245
245
245
245
248
240
222
83
62
65
85
189
141
143
139
136
185
247
231
102
216
240
248
245
245
245
245
245
245
245
245
245
245
245
245
248
240
216
102
222
248
253
247
245
245
245
245
245
245
245
245
245
245
249
253
213
149
144
146
145
137
198
244
249
249
250
239
166
134
137
192
247
255
248
210
148
141
157
207
150
140
154
208
113
231
239
177
161
243
253
246
245
245
245
253
243
169
132
178
255
254
171
142
139
126
136
211
248
250
187
128
143
225
246
246
248
245
245
245
245
245
245
252
246
185
138
137
138
147
213
253
249
245
245
245
245
245
245
252
235
161
134
135
147
213
252
248
245
245
245
245
245
245
245
250
245
102
86
74
110
213
157
147
143
140
139
173
221
82
80
102
245
250
245
245
245
245
245
245
245
245
245
245
245
245
247
253
240
245
240
253
247
245
245
245
245
245
245
245
245
245
245
245
246
248
246
190
143
139
135
143
205
253
251
245
252
248
187
143
133
153
216
253
254
246
192
136
147
146
140
137
215
239
254
247
201
150
217
246
248
245
245
245
245
253
241
168
130
176
248
250
241
214
152
155
157
168
246
252
197
147
168
242
254
247
247
248
250
248
247
245
247
252
244
183
138
139
145
193
246
248
246
245
245
245
245
245
245
253
239
166
138
136
147
214
252
248
245
245
245
245
245
245
245
248
240
216
105
212
247
220
154
136
144
139
148
183
102
84
78
222
240
248
245
245
245
245
245
245
245
245
245
245
245
245
245
247
248
250
248
247
245
245
245
245
245
245
245
245
245
245
245
245
245
248
251
239
170
137
134
143
204
251
250
245
248
251
234
153
133
145
210
252
253
251
196
140
134
139
142
156
224
255
255
242
182
147
230
253
246
245
245
245
245
254
242
166
128
173
243
254
252
244
239
231
231
235
241
246
240
231
237
242
248
247
253
240
245
240
253
248
250
249
201
144
136
132
170
240
251
248
245
245
245
245
245
245
246
254
241
168
138
134
145
212
252
248
245
245
245
245
245
245
245
247
253
240
246
246
255
227
152
135
144
137
165
229
221
103
222
248
253
247
245
245
245
245
245
245
245
245
245
245
245
245
245
245
245
245
245
245
245
245
245
245
245
245
245
245
245
245
245
245
245
245
252
249
185
145
133
144
204
250
250
245
248
249
230
144
126
184
241
249
252
247
191
136
132
144
180
241
244
252
255
207
146
206
244
250
245
245
245
245
245
250
236
161
136
181
249
251
246
249
252
253
253
251
248
248
249
251
250
248
248
253
248
222
102
216
241
253
245
214
142
138
142
147
190
248
252
245
245
245
245
245
245
245
248
250
237
161
138
135
145
213
252
248
245
245
245
245
245
245
245
245
247
248
250
250
254
221
144
137
143
137
172
249
250
245
240
253
247
245
245
245
245
245
245
245
245
245
245
245
245
245
245
245
245
245
245
245
245
245
245
245
245
245
245
245
245
245
245
245
245
245
247
248
232
155
132
140
202
251
250
244
251
241
169
144
151
202
251
250
249
249
202
151
139
165
239
253
252
244
241
185
143
210
252
249
245
245
245
245
246
253
208
151
147
229
244
250
245
245
245
245
245
245
245
245
245
245
245
245
248
240
222
78
80
102
248
255
235
153
139
136
150
221
244
244
247
245
245
245
245
245
245
246
255
247
181
140
143
136
142
210
251
248
245
245
245
245
245
245
245
245
245
245
245
246
253
221
145
138
143
137
170
241
255
250
248
247
245
245
245
245
245
245
245
245
245
245
245
245
245
245
245
245
245
245
245
245
245
245
245
245
245
245
245
245
245
245
245
245
245
245
246
252
244
173
132
134
200
248
250
244
251
238
171
216
235
240
247
250
251
251
242
225
148
168
242
254
253
237
161
137
151
217
252
246
245
245
245
245
245
250
237
163
138
183
250
251
245
245
245
245
245
245
245
245
245
245
245
245
250
245
102
81
77
226
239
246
214
146
137
136
155
232
255
247
246
245
245
245
245
245
247
253
251
229
93
123
138
141
149
218
252
247
245
245
245
245
245
245
245
245
245
245
245
247
253
228
162
137
141
134
166
238
253
245
245
245
245
245
245
245
245
245
245
245
245
245
245
245
245
245
245
245
245
245
245
245
245
245
245
245
245
245
245
245
245
245
245
245
245
245
245
248
247
224
148
140
207
250
249
245
248
241
244
244
255
254
255
244
248
251
255
195
147
177
250
255
255
231
150
144
212
255
255
254
250
247
245
245
246
255
244
170
129
174
242
251
245
245
245
245
245
245
245
245
245
245
245
245
248
240
216
103
225
255
253
174
141
142
137
139
156
234
252
245
245
245
245
245
245
245
248
240
229
86
80
85
140
140
195
245
250
245
245
245
245
245
245
245
245
245
245
245
245
248
247
222
151
140
140
142
171
245
250
245
245
245
245
245
247
250
254
255
255
255
255
255
255
255
255
255
255
255
255
255
255
254
250
247
245
245
245
245
245
245
245
245
245
245
245
245
245
246
252
222
174
223
244
245
246
245
246
247
248
247
251
239
237
210
108
212
221
155
118
152
217
228
221
147
120
153
212
217
213
228
243
255
255
255
255
255
246
168
147
196
255
255
255
255
255
255
255
255
255
255
255
255
255
255
255
255
254
255
240
255
244
192
150
150
148
156
233
255
255
255
255
255
255
255
255
255
255
255
119
92
77
140
143
151
211
255
255
255
255
255
255
255
255
255
255
255
255
255
255
255
251
175
151
146
144
160
240
255
255
255
255
255
255
255
255
243
227
210
211
211
211
211
211
211
211
211
211
211
211
211
208
223
233
248
245
245
245
245
245
245
245
245
245
245
245
245
245
246
250
226
187
244
254
247
245
245
245
245
245
245
253
230
109
66
90
98
118
100
89
101
113
117
104
98
102
116
120
124
117
114
216
213
211
211
215
220
166
125
135
207
214
215
211
211
211
211
211
211
211
211
211
211
211
211
211
215
219
230
216
113
204
214
188
123
115
174
214
217
214
211
211
211
211
211
211
211
216
211
197
74
115
131
126
121
172
216
215
211
211
211
211
211
211
211
211
211
211
211
212
218
208
143
125
130
125
140
208
220
212
211
211
211
211
211
213
216
114
117
119
119
119
119
119
119
119
119
119
119
119
119
114
126
239
250
245
245
245
245
245
245
245
245
245
245
245
245
245
245
246
239
241
239
248
245
245
245
245
245
245
245
253
231
90
66
86
215
174
123
123
125
151
154
65
123
207
222
214
212
213
216
114
117
119
118
123
112
99
82
98
112
125
119
119
119
119
119
119
119
119
119
119
119
119
119
119
123
109
103
70
90
98
132
120
111
108
116
123
121
119
119
119
119
119
119
119
119
123
123
108
99
91
97
98
106
116
119
121
119
119
119
119
119
119
121
123
124
122
121
123
122
112
100
93
94
89
102
110
124
119
119
119
119
119
119
117
114
216
213
211
211
211
211
211
211
211
211
211
211
211
211
208
223
233
248
245
245
245
245
245
245
245
245
245
245
245
245
245
245
246
247
248
247
246
245
245
245
245
245
245
245
250
243
221
105
229
255
212
153
145
148
146
87
87
112
252
255
255
255
255
243
227
210
211
211
215
218
165
130
150
214
217
211
211
211
211
211
211
211
211
211
211
211
211
211
211
216
210
81
69
83
213
219
215
217
217
215
213
211
211
211
211
211
211
211
211
214
218
194
131
124
130
126
153
217
222
213
212
211
211
211
211
211
213
219
208
213
210
226
219
210
147
125
129
128
131
147
211
215
211
211
211
211
211
211
210
227
243
255
255
255
255
255
255
255
255
255
255
255
255
255
255
254
250
247
245
245
245
245
245
245
245
245
245
245
245
245
245
245
245
245
245
245
245
245
245
245
245
245
245
245
247
253
240
245
243
255
244
177
139
139
83
73
83
226
244
249
245
245
247
250
254
255
255
255
255
255
248
239
246
254
255
255
255
255
255
255
255
255
255
255
255
255
255
255
255
255
253
225
106
225
253
255
255
255
255
255
255
255
255
255
255
255
255
255
255
255
255
233
158
144
148
141
176
250
255
255
255
255
255
255
255
255
255
255
238
119
236
255
255
192
153
147
144
147
164
235
255
255
255
255
255
255
255
255
255
254
250
247
245
245
245
245
245
245
245
245
245
245
245
245
245
245
245
245
245
245
245
245
245
245
245
245
245
245
245
245
245
245
245
245
245
245
245
245
245
245
245
245
245
245
245
247
248
250
250
251
240
174
135
138
133
98
212
249
255
246
245
245
245
245
245
245
245
245
246
247
250
252
250
248
246
245
245
245
245
245
245
245
245
245
245
245
245
245
245
247
253
240
245
240
253
247
245
245
245
245
245
245
245
245
245
245
245
245
245
249
247
217
145
138
139
141
173
247
253
249
251
252
252
252
251
254
246
228
85
82
98
210
154
144
141
139
141
146
212
250
251
246
245
245
245
245
245
245
245
245
245
245
245
245
245
245
245
245
245
245
245
245
245
245
245
245
245
245
245
245
245
245
245
245
245
245
245
245
245
245
245
245
245
245
245
245
245
245
245
245
245
245
245
245
245
245
245
245
246
253
200
145
131
141
177
242
243
251
247
245
245
245
245
245
245
245
245
245
245
245
245
245
245
245
245
245
245
245
245
245
245
245
245
245
245
245
245
245
245
245
247
248
250
248
247
245
245
245
245
245
245
245
245
245
245
245
245
245
245
252
237
161
140
141
138
152
231
251
250
242
236
237
238
237
242
244
239
98
77
70
139
139
143
138
142
137
134
188
245
251
246
245
245
245
245
245
245
245
245
245
245
245
245
245
245
245
245
245
245
245
245
245
245
245
245
245
245
245
245
245
245
245
245
245
245
245
245
245
245
245
245
245
245
245
245
245
245
245
245
245
245
245
245
245
245
245
245
245
246
246
240
178
144
177
244
252
251
247
245
245
245
245
245
245
245
245
245
245
245
245
245
245
245
245
245
245
245
245
245
245
245
245
245
245
245
245
245
245
245
245
245
245
245
245
245
245
245
245
245
245
245
245
245
245
245
245
245
245
245
251
227
148
126
133
129
154
236
254
242
189
155
163
179
167
169
216
149
137
84
133
145
145
144
143
142
144
153
208
251
250
245
245
245
245
245
245
245
245
245
245
245
245
245
245
245
245
245
245
245
245
245
245
245
245
245
245
245
245
245
245
245
247
248
250
248
247
245
245
245
245
245
245
245
245
245
245
245
245
245
245
245
245
245
245
245
245
245
245
245
249
246
240
234
240
246
248
246
245
245
245
245
245
245
245
245
245
245
245
245
245
245
245
245
245
245
245
245
245
245
245
245
245
245
245
245
245
245
245
245
245
245
245
245
245
245
245
245
245
245
245
245
245
245
245
245
245
245
245
245
251
235
165
150
155
150
167
242
255
194
140
135
138
140
139
144
142
148
137
144
142
147
144
141
138
141
163
233
243
246
246
245
245
245
245
245
245
245
245
245
245
245
245
245
245
245
245
245
245
245
245
245
245
245
245
245
245
245
245
245
245
247
253
240
245
240
253
247
245
245
245
245
245
245
245
245
245
245
245
245
245
245
245
245
245
245
245
245
245
245
246
247
250
251
250
248
246
245
245
245
245
245
245
245
245
245
245
245
245
245
245
245
245
245
245
245
245
245
245
245
245
245
245
245
245
245
245
245
245
245
245
245
245
245
245
245
245
245
245
245
245
245
245
245
245
245
245
245
245
245
248
242
237
231
234
231
238
247
247
182
131
132
140
142
142
142
141
143
144
146
145
142
138
140
145
160
225
250
251
247
245
245
245
245
245
245
245
245
245
247
248
250
248
247
245
245
245
245
245
245
245
245
245
245
245
245
245
245
245
245
245
253
248
222
102
216
240
248
245
245
245
245
245
245
245
245
245
245
245
245
245
245
245
245
245
245
245
245
245
245
245
245
245
245
245
245
245
245
245
245
245
245
245
245
245
245
245
245
245
245
245
245
245
245
245
245
245
245
245
245
245
245
245
245
245
245
245
245
245
245
245
245
245
245
245
245
245
245
245
245
245
245
245
245
245
245
245
245
245
245
246
248
251
253
253
253
250
252
249
194
152
145
141
134
137
139
139
139
139
139
137
137
139
147
195
238
246
248
247
245
245
245
245
245
245
245
245
245
247
253
240
245
240
253
247
245
245
245
245
245
245
245
245
245
245
245
245
245
245
245
245
240
222
78
81
102
245
250
245
245
245
245
245
245
245
245
245
245
245
245
245
245
245
245
245
245
245
245
245
245
245
245
245
245
245
245
245
245
245
245
245
245
245
245
245
245
245
245
245
245
245
245
245
245
245
245
245
245
245
245
245
245
245
245
245
245
245
245
245
245
245
245
245
245
245
245
245
245
245
245
245
245
245
245
245
245
245
245
245
245
245
245
245
245
245
245
245
247
244
238
237
223
159
154
148
150
153
160
144
141
143
155
180
221
232
250
251
247
245
245
245
245
245
245
245
245
245
247
253
248
222
102
216
240
248
245
245
245
245
245
245
245
245
245
245
245
245
245
245
245
245
239
103
79
79
216
239
248
245
245
245
245
245
245
245
245
245
245
245
245
245
245
245
245
245
245
245
245
245
245
245
245
245
245
245
245
245
245
245
245
245
245
245
245
245
245
245
245
245
245
245
245
245
245
245
245
245
245
245
245
245
245
245
245
245
245
245
245
245
245
245
245
245
245
245
245
245
245
245
245
245
245
245
245
245
245
245
245
245
245
245
245
245
245
245
245
245
246
247
250
254
247
240
233
230
174
220
238
195
141
206
238
242
245
249
246
246
245
245
245
245
245
245
245
245
245
245
247
246
233
95
85
100
239
248
245
245
245
245
245
245
245
245
245
245
245
245
245
245
245
245
245
245
81
245
245
245
245
245
245
245
245
245
245
245
245
245
245
245
245
245
245
245
245
245
245
245
245
245
245
245
245
245
245
245
245
245
245
245
245
245
245
245
245
245
245
245
245
245
245
245
245
245
245
245
245
245
245
245
245
245
245
245
245
245
245
245
245
245
245
245
245
245
245
245
245
245
245
245
245
245
245
245
245
245
245
245
245
245
245
245
245
245
245
245
245
245
245
245
245
245
245
245
245
245
245
245
245
245
245
245
245
245
245
245
245
245
245
245
245
245
245
245
245
245
245
245
245
245
81
81
81
245
245
245
245
245
245
245
245
245
245
245
245
245
245
245
245
245
245
