249
249
249
249
249
249
249
249
249
249
249
249
249
249
249
249
249
249
249
249
249
249
249
249
249
249
249
249
249
249
249
249
249
249
249
249
249
249
249
249
249
249
249
249
249
249
249
249
249
249
249
249
249
249
249
249
249
249
249
249
249
249
249
249
249
249
249
249
249
249
249
249
249
249
249
249
249
249
249
249
249
249
249
249
249
249
249
253
172
154
152
166
253
249
249
249
249
249
249
249
249
249
249
249
249
249
249
249
249
249
249
249
249
249
249
249
249
249
249
249
249
249
249
249
249
249
249
249
249
249
249
249
249
249
249
249
249
249
249
249
249
249
249
249
249
249
249
249
249
249
249
249
249
249
249
249
249
249
249
249
249
249
249
249
249
249
249
249
249
249
249
249
249
249
249
249
249
249
249
249
249
249
249
249
249
249
249
249
249
249
249
249
249
249
249
249
249
249
249
249
249
249
249
249
249
249
249
249
249
249
249
249
249
249
249
249
249
249
249
249
249
249
249
249
249
249
249
249
249
249
249
249
249
249
249
249
253
243
175
148
151
173
235
240
236
241
248
255
255
252
250
249
249
249
249
250
255
250
221
89
214
241
253
249
249
249
249
249
249
249
249
249
249
249
249
249
249
249
249
249
249
249
249
249
249
249
249
249
249
249
249
249
249
249
249
249
249
249
249
249
249
249
249
249
249
249
249
249
249
249
249
249
249
249
249
249
249
249
249
249
249
249
249
249
249
249
249
249
249
249
249
249
249
249
249
249
249
249
249
249
249
249
249
249
249
249
249
249
249
249
249
249
250
251
251
250
249
249
249
249
249
249
249
249
249
249
249
249
249
249
249
249
249
249
249
249
249
249
249
249
249
249
249
249
249
249
255
244
176
146
150
158
159
168
163
161
213
239
245
250
255
254
251
249
250
255
248
228
68
70
94
248
254
249
249
249
249
249
249
249
249
249
249
249
249
249
249
249
249
249
249
249
249
249
249
249
249
249
249
249
249
249
249
249
249
249
249
249
249
249
249
249
249
249
249
249
249
249
249
249
249
249
249
249
249
249
249
249
249
249
249
249
249
249
249
249
249
249
249
249
249
249
249
249
249
249
249
249
249
249
249
249
249
249
249
249
249
249
249
249
249
250
249
245
247
249
252
249
249
249
249
249
249
249
249
249
249
249
249
249
249
249
249
249
249
249
249
249
249
249
249
249
249
249
249
249
255
244
176
146
150
150
147
145
143
149
157
160
167
228
240
244
249
254
255
248
249
88
79
68
225
243
253
249
249
249
249
249
249
249
249
249
249
249
249
249
249
249
250
253
254
253
250
249
249
249
249
249
249
249
249
249
249
249
249
249
249
249
249
249
249
249
249
249
249
249
249
249
249
249
249
249
249
249
249
249
249
249
249
249
249
249
249
249
249
249
249
249
249
249
249
249
249
249
249
249
249
249
249
249
249
249
249
249
249
249
249
249
249
249
249
253
254
215
200
243
251
251
249
249
249
249
249
249
249
249
249
249
249
249
249
249
249
249
249
249
249
249
249
249
249
249
249
249
249
249
255
247
178
148
152
153
155
153
153
150
149
144
150
158
163
182
247
255
255
230
91
192
91
230
252
255
250
249
249
249
249
249
249
249
249
249
249
249
249
249
249
250
255
243
248
243
255
250
249
249
249
249
249
249
249
249
249
249
249
249
249
249
249
249
249
249
249
249
249
249
249
249
249
249
249
249
249
249
249
249
249
249
249
249
249
249
249
249
249
249
249
249
249
249
249
249
249
249
249
249
249
249
249
249
249
249
249
249
249
249
249
249
249
249
249
251
243
199
149
207
255
255
250
249
249
249
249
249
249
249
249
249
249
249
249
249
249
250
253
255
255
254
253
251
250
249
249
249
249
252
250
240
167
148
151
150
147
145
146
147
147
148
150
147
145
151
184
242
227
78
73
89
243
255
255
250
249
249
249
249
249
249
249
249
249
249
249
249
249
249
250
255
252
225
94
218
243
253
249
250
253
254
253
250
249
249
249
249
249
249
249
249
249
249
249
249
249
249
249
249
249
249
249
249
249
249
249
249
249
249
249
249
249
249
249
249
249
249
249
249
249
249
249
249
249
249
249
249
249
249
249
249
249
249
249
249
249
249
249
249
249
249
249
249
249
255
226
147
146
189
241
245
249
249
249
249
249
249
249
249
249
249
249
249
249
249
252
251
246
238
243
242
252
249
255
252
250
249
249
254
250
174
148
150
150
157
162
169
165
166
155
151
147
147
148
147
158
195
104
79
53
73
218
250
254
249
249
249
249
249
249
249
249
249
249
249
249
249
249
249
253
243
225
66
70
94
248
254
250
255
243
248
243
255
250
249
249
249
249
249
249
249
249
249
249
253
254
253
250
249
249
249
249
249
249
249
249
249
249
249
249
249
250
253
254
253
250
249
249
249
249
249
249
249
250
252
255
255
255
253
250
249
249
249
249
249
249
249
249
249
249
249
249
249
249
251
245
202
144
155
170
234
255
254
252
250
249
249
249
249
249
249
249
249
249
249
251
247
208
155
162
216
184
225
245
248
253
249
248
254
244
178
143
149
148
170
234
242
238
240
239
183
167
163
158
148
149
181
209
74
53
74
102
250
255
252
255
255
255
255
253
250
249
249
249
249
249
249
249
249
254
248
94
70
66
225
243
254
255
252
225
94
218
243
253
249
249
249
249
249
249
249
249
249
249
241
248
243
255
250
249
249
249
249
249
249
249
249
249
249
249
250
255
243
248
243
255
250
249
249
249
249
249
249
251
245
240
234
238
243
249
251
249
249
249
249
249
249
249
249
249
249
249
249
249
254
255
215
149
136
203
249
247
251
243
255
250
249
249
249
249
249
249
249
249
253
255
223
159
141
149
149
159
153
172
240
250
250
248
255
248
185
147
147
155
183
255
255
255
255
253
247
243
227
162
144
152
168
192
89
66
76
226
245
255
244
240
235
235
239
244
250
249
249
249
249
249
249
249
249
253
243
218
94
225
252
255
254
243
225
66
70
94
248
254
249
249
249
249
249
249
249
249
249
249
218
94
218
243
253
249
249
249
249
249
249
249
249
249
249
250
255
252
225
94
218
243
253
249
249
249
249
249
250
255
234
168
154
158
206
251
252
249
249
249
249
249
249
249
249
249
249
249
249
249
253
255
215
153
146
176
233
232
94
218
243
253
249
249
249
249
249
249
249
249
252
246
206
146
146
150
147
146
140
144
178
249
253
248
255
247
183
147
145
162
238
251
251
249
250
251
254
255
245
157
151
148
151
152
185
101
231
252
255
255
230
167
159
160
165
221
254
252
249
249
249
249
249
249
249
250
255
243
248
243
255
250
254
248
94
70
66
225
243
253
249
249
249
249
249
249
249
249
249
249
68
70
94
248
254
249
249
249
249
249
249
249
249
249
249
253
243
225
66
70
94
248
254
249
249
249
249
249
253
249
221
146
137
146
205
253
252
249
249
249
249
249
249
249
249
249
249
249
249
249
254
252
210
149
144
150
195
71
71
94
248
254
249
249
249
249
249
249
249
251
255
220
148
150
150
157
169
164
150
146
179
247
253
249
255
251
184
147
143
169
242
255
250
249
249
249
249
252
247
235
160
153
148
152
192
244
247
255
252
255
226
155
139
141
145
210
253
255
254
252
250
249
249
249
249
249
250
253
254
253
250
249
253
243
218
94
225
252
255
250
249
249
249
249
249
249
249
249
249
71
68
66
225
243
253
249
249
249
249
249
249
249
249
249
249
254
248
94
70
66
225
243
253
249
249
249
249
249
254
239
167
148
144
192
246
253
251
249
249
249
249
249
249
249
249
249
249
249
249
251
253
228
166
147
146
155
78
75
68
225
243
253
249
249
249
249
249
249
249
251
253
216
151
142
144
154
214
241
181
170
240
250
250
251
250
241
175
144
145
171
242
254
249
249
249
249
249
250
254
252
223
151
145
150
150
216
255
253
253
249
222
153
149
150
153
167
223
242
245
250
255
251
250
249
249
249
249
249
249
249
249
249
250
255
243
248
243
255
250
249
249
249
249
249
249
249
249
249
249
249
95
225
252
255
250
249
249
249
249
249
249
249
249
249
249
253
243
218
94
225
252
255
250
249
249
249
249
249
255
231
158
139
148
198
252
255
249
249
249
249
249
249
249
249
249
249
249
249
249
251
255
220
147
150
145
151
190
100
227
251
255
250
249
249
249
249
249
249
249
251
255
229
164
149
148
151
226
255
246
243
248
253
249
253
252
182
148
146
154
197
249
253
249
249
249
249
249
249
250
255
235
163
150
142
148
209
254
254
253
236
159
150
151
154
151
156
160
163
174
232
248
248
252
249
249
249
249
249
249
249
249
249
249
250
253
254
253
250
249
249
249
249
249
249
249
249
249
249
249
249
241
243
255
250
249
249
249
249
249
249
249
249
249
249
249
250
255
243
249
246
255
255
251
249
249
249
249
250
255
236
164
141
156
203
254
252
249
249
249
249
249
249
249
249
249
249
249
249
249
249
252
246
206
149
142
165
215
255
246
255
250
249
249
249
249
249
249
249
249
249
253
250
209
144
139
205
245
254
253
253
251
250
248
254
247
192
147
142
161
235
254
250
249
249
249
249
249
249
249
252
250
216
150
143
149
209
251
254
253
235
163
149
152
154
153
150
148
144
151
155
181
245
252
253
249
249
249
249
249
249
249
249
249
249
249
249
249
249
249
249
249
249
249
249
249
249
249
249
249
249
253
253
250
249
249
249
249
249
249
249
249
249
249
249
249
249
251
255
255
251
245
244
251
255
250
249
249
252
250
230
155
143
185
245
253
251
249
249
249
249
249
249
249
249
249
249
249
249
249
249
254
255
216
156
139
159
224
255
255
250
249
249
249
249
249
249
249
249
249
249
253
255
213
151
153
221
255
253
249
249
249
249
248
255
251
191
147
141
166
238
255
249
249
249
249
249
249
249
249
252
255
222
156
142
148
166
229
253
254
252
226
154
147
149
148
147
148
149
148
145
149
180
250
254
255
250
249
249
249
249
249
249
249
249
249
249
249
249
249
249
249
249
249
249
249
249
249
249
249
249
249
249
249
249
249
249
249
249
249
249
249
249
249
249
249
249
251
246
244
226
163
180
240
246
249
251
249
254
242
169
148
146
192
252
255
249
249
249
249
249
249
249
249
249
249
249
249
249
249
249
252
254
213
153
137
153
218
253
251
249
249
249
249
249
249
249
249
249
250
251
255
255
210
147
193
249
253
249
249
249
249
249
248
255
249
188
147
141
166
237
255
249
249
249
249
249
249
249
249
252
255
220
155
142
150
163
227
254
254
251
225
153
149
161
167
164
162
152
154
144
144
149
185
245
248
251
252
249
249
249
249
249
249
249
249
249
249
249
249
249
249
249
249
249
249
249
249
249
249
249
249
249
249
249
249
249
249
249
249
249
249
249
249
249
249
249
254
243
177
152
151
148
160
209
252
252
249
255
235
165
139
145
186
249
255
248
249
249
249
249
249
249
249
249
249
249
249
250
253
254
255
255
214
152
144
159
225
255
251
249
249
250
252
253
252
250
250
252
255
245
252
251
213
152
201
255
255
250
249
249
249
249
248
255
249
191
149
143
165
237
255
249
249
249
249
249
249
249
249
252
255
219
155
143
149
208
249
254
255
238
163
149
146
187
239
239
190
219
184
166
157
152
151
158
209
249
253
250
249
249
249
249
249
249
249
249
249
249
249
249
249
249
249
249
249
249
249
249
249
249
249
249
249
249
249
249
249
249
249
249
249
249
249
249
249
249
255
236
163
139
149
145
147
200
255
255
253
255
238
166
141
153
194
253
252
249
249
249
249
249
249
249
249
249
249
249
250
255
243
248
248
255
219
155
144
210
250
254
250
250
253
254
247
245
247
253
254
246
244
220
170
238
205
154
200
254
254
255
255
254
251
250
249
255
254
190
149
139
165
236
255
249
249
249
249
249
249
249
249
252
255
219
157
142
148
195
243
254
255
230
157
143
150
160
219
255
255
245
246
242
218
152
142
145
151
213
252
252
249
249
249
249
249
249
249
249
249
249
249
249
249
249
249
249
249
249
249
249
249
249
249
249
249
249
249
249
249
249
249
249
249
249
249
249
249
249
255
239
157
141
152
148
149
194
236
247
246
255
241
167
139
175
243
253
251
249
249
249
249
249
249
249
249
249
249
250
255
252
225
94
220
249
218
151
143
211
252
255
255
250
255
251
212
158
206
254
255
245
174
147
160
164
156
153
198
197
220
239
237
243
249
253
251
255
249
175
76
133
171
245
254
249
249
249
249
249
249
249
249
252
255
219
155
142
152
162
230
255
255
235
169
145
146
152
207
252
255
253
255
255
236
162
147
144
148
183
238
254
249
249
249
249
249
249
249
249
249
249
249
249
249
249
249
249
249
249
249
249
249
249
249
249
249
249
249
249
249
249
250
252
253
253
251
249
249
249
255
238
160
140
154
152
156
159
144
93
228
247
238
157
142
183
251
255
249
249
249
249
249
249
249
249
249
249
249
253
243
225
66
70
97
255
232
164
148
168
237
255
247
228
198
218
144
75
136
211
255
249
176
147
146
150
147
153
154
159
158
160
160
173
241
249
255
248
195
71
62
85
229
253
252
249
249
249
249
249
249
249
249
252
255
222
154
141
147
207
247
255
250
231
158
147
150
163
217
254
252
249
249
252
250
220
152
149
144
178
233
253
250
249
249
249
249
249
249
249
249
249
249
249
249
249
249
249
249
249
249
249
249
249
249
249
249
249
249
249
249
250
253
246
241
240
247
252
249
249
255
239
158
142
162
168
153
133
57
68
102
248
181
148
141
180
246
255
248
249
249
249
249
249
249
249
249
249
249
254
248
94
72
71
227
249
247
199
141
161
221
240
175
159
157
140
69
63
77
152
225
251
235
155
141
149
150
151
150
149
147
144
140
145
180
249
255
253
99
69
58
152
233
255
250
249
249
249
249
249
249
249
249
253
250
218
153
142
151
214
255
255
242
168
153
148
147
194
247
253
249
249
249
250
254
251
210
146
146
172
234
253
249
249
249
249
249
249
249
249
249
249
249
249
249
249
249
249
249
249
249
249
249
249
249
249
249
249
249
249
249
252
248
232
160
189
251
255
249
249
255
240
169
140
177
221
164
79
63
70
213
241
175
140
151
189
252
253
249
249
249
249
249
249
249
249
250
251
253
255
249
226
97
224
229
208
218
163
150
156
164
160
154
148
149
79
68
67
137
144
165
238
248
179
162
159
154
148
150
148
145
146
142
147
176
255
255
243
174
84
132
164
237
255
249
249
249
249
249
249
249
249
249
255
236
172
152
143
148
210
253
255
234
161
144
147
148
196
252
255
249
249
249
249
253
255
215
149
144
210
249
252
249
249
249
249
249
249
249
249
249
249
249
249
249
249
249
249
249
249
249
249
249
249
249
249
249
249
249
249
249
254
239
163
139
171
243
255
252
250
255
243
171
141
179
245
216
136
73
142
222
243
170
142
168
242
253
252
249
249
249
249
249
249
249
250
253
248
249
246
255
237
236
174
165
161
153
154
149
151
150
148
149
151
146
134
74
135
146
149
165
235
250
243
241
220
157
151
148
157
166
164
168
177
248
252
232
102
169
150
140
165
233
255
249
249
249
249
249
249
249
249
250
254
227
159
143
148
157
218
255
255
236
164
144
149
155
204
254
252
249
249
249
249
253
255
215
148
148
215
255
253
249
249
249
249
249
249
249
249
249
249
249
249
249
249
249
249
249
249
249
249
249
249
249
249
249
249
249
249
249
254
240
162
147
150
191
252
255
255
252
235
161
141
180
253
244
173
146
150
165
163
159
145
175
248
255
249
249
249
249
249
249
249
249
250
246
221
182
214
188
180
166
157
148
147
150
151
153
151
150
148
146
155
156
160
159
164
175
171
222
249
254
254
255
254
211
143
147
207
241
240
238
248
243
230
72
69
78
151
144
156
229
255
249
249
249
249
249
249
249
249
250
255
228
158
141
147
200
248
253
255
236
165
143
148
185
246
254
251
249
249
249
249
252
248
208
141
146
210
254
252
249
249
249
249
249
249
249
249
249
249
249
249
249
249
249
249
249
249
249
249
249
249
249
249
249
249
249
249
249
252
249
227
151
141
155
198
244
248
255
184
158
140
171
242
255
218
162
146
148
149
149
145
175
245
255
249
249
249
249
249
249
249
252
254
217
155
152
152
153
146
148
149
150
152
150
151
148
154
163
157
157
166
224
198
239
242
239
243
247
252
250
249
253
255
214
147
150
219
255
255
255
255
250
97
74
62
138
146
151
161
237
255
249
249
249
249
249
249
249
250
254
253
225
153
142
152
208
255
255
255
238
168
141
147
190
250
255
249
249
249
249
252
255
227
159
146
155
219
255
251
249
249
249
249
249
249
249
249
249
249
249
249
249
249
249
249
249
249
249
249
249
249
249
249
249
249
249
249
249
250
255
241
167
149
148
153
162
222
255
241
163
140
158
201
255
253
200
153
150
153
150
143
173
242
255
249
249
249
249
249
249
249
252
253
209
149
142
150
150
151
151
148
147
160
172
163
148
151
218
238
165
236
248
254
252
255
255
254
252
250
249
249
252
255
212
146
147
213
253
252
249
252
245
221
90
175
152
150
154
223
249
253
249
249
249
249
249
249
249
252
249
236
165
153
143
147
201
252
254
255
237
165
143
155
195
254
252
249
249
249
249
252
249
213
144
139
198
247
252
249
249
249
249
249
249
249
249
249
249
249
249
249
249
249
249
249
249
249
249
249
249
249
249
249
249
249
249
249
249
249
253
249
221
149
142
141
149
215
255
242
162
149
173
246
253
255
246
184
147
151
149
151
176
250
254
249
249
249
249
249
249
249
252
253
211
149
143
151
150
146
148
155
162
191
242
203
145
163
232
251
250
245
255
252
250
249
249
249
249
249
249
249
252
253
213
146
146
214
254
252
249
250
255
250
216
148
157
145
160
229
255
250
249
249
249
249
249
249
250
255
245
175
150
148
148
155
209
254
253
255
242
166
142
179
246
254
252
249
249
249
250
255
236
165
147
153
212
255
252
249
249
249
249
249
249
249
249
249
249
249
249
249
249
249
249
249
249
249
249
249
249
249
249
249
249
249
249
249
249
249
250
255
237
174
149
146
147
206
249
171
155
156
236
249
255
255
251
187
145
147
148
165
238
251
251
249
249
249
249
249
249
249
251
255
216
152
142
151
149
156
146
201
238
251
254
211
146
155
224
255
254
251
250
249
249
249
249
249
249
249
249
249
252
255
213
146
146
214
254
252
249
249
253
255
216
153
145
145
159
227
255
250
249
249
249
249
249
249
252
250
233
155
145
148
146
192
246
254
255
250
234
155
147
180
245
254
252
249
249
249
251
251
225
155
140
192
246
252
251
249
249
249
249
249
249
249
249
249
249
249
250
253
254
253
250
249
249
249
249
249
249
249
249
249
249
249
249
249
249
249
249
251
247
245
212
157
154
156
163
213
156
154
192
253
254
252
252
193
151
147
146
175
245
255
250
249
249
249
249
249
249
249
249
252
248
206
159
166
217
181
228
248
254
255
255
206
143
148
219
255
251
249
249
249
249
249
249
249
249
249
249
249
252
255
213
146
146
213
254
252
249
249
252
254
213
153
147
146
160
228
255
250
249
249
249
249
249
251
255
248
167
152
148
149
157
208
255
255
252
231
92
141
143
154
193
253
252
249
249
249
253
245
190
148
144
197
253
255
249
249
249
249
249
249
249
249
249
249
249
250
255
243
248
243
255
250
249
249
249
249
249
249
249
249
249
249
249
249
249
249
249
250
252
255
253
225
168
141
153
160
157
147
185
245
254
251
249
248
189
152
138
167
238
255
249
249
249
249
249
249
249
249
249
252
251
246
239
243
243
251
249
254
250
254
253
205
142
149
220
255
252
249
249
249
249
249
249
249
249
249
249
249
252
253
213
145
146
213
254
252
249
249
252
254
212
151
147
148
157
228
255
255
252
251
251
252
254
252
248
202
156
145
148
156
199
253
255
247
225
72
66
74
146
156
198
251
252
249
249
249
255
234
169
142
151
200
254
252
249
249
249
249
249
249
249
249
249
249
250
255
252
225
94
218
243
253
249
249
249
249
249
249
249
249
249
249
249
249
249
249
249
249
249
250
254
254
201
151
147
149
148
145
177
244
255
249
251
255
240
172
149
175
245
253
249
249
249
249
249
249
249
249
249
249
250
253
254
255
254
252
251
250
248
254
253
207
144
149
220
255
252
249
249
249
249
249
249
249
249
249
249
249
252
254
214
146
144
212
254
252
249
249
252
254
213
151
146
150
155
182
233
246
250
255
247
249
251
251
183
157
152
147
154
193
245
253
252
255
96
77
66
146
143
177
243
253
251
249
249
250
255
236
161
140
183
244
252
251
249
249
249
249
249
249
249
249
249
249
253
243
225
66
71
98
253
255
250
249
249
249
249
249
249
249
249
249
249
249
249
249
249
249
249
249
251
252
246
185
147
147
149
155
185
251
255
249
249
255
247
196
224
242
246
251
249
249
249
249
249
249
249
249
249
249
249
249
249
249
249
249
249
249
248
254
253
206
144
149
220
255
252
249
249
249
249
249
249
249
249
249
249
249
252
254
215
147
145
212
254
252
249
249
253
255
215
154
147
152
151
157
157
162
237
245
202
187
239
189
152
145
146
152
183
251
229
96
222
240
228
100
211
158
145
178
247
255
249
249
249
252
251
229
152
144
191
251
255
249
249
249
249
249
249
249
249
249
249
249
254
248
94
71
75
220
244
247
255
250
249
249
249
249
249
249
249
249
249
249
249
249
249
249
249
249
249
253
254
227
176
162
155
165
239
249
255
249
249
250
247
248
248
254
252
250
249
249
249
250
253
254
253
250
249
249
249
249
249
249
249
249
249
249
248
254
253
205
142
149
220
255
252
249
249
249
249
249
249
249
249
249
249
249
252
254
219
152
146
212
254
252
249
249
253
250
210
149
149
153
152
149
144
154
163
165
157
161
156
157
150
147
154
174
241
227
70
70
98
255
249
244
160
163
149
181
251
253
249
249
250
255
245
170
147
144
189
249
255
250
254
255
255
254
250
249
249
249
249
249
253
243
220
102
229
229
102
220
243
253
249
249
249
249
249
249
249
249
249
249
249
249
249
249
249
249
249
250
252
246
227
152
127
133
173
252
255
255
255
255
255
255
255
255
254
250
249
249
250
255
243
248
243
255
250
249
249
249
249
249
249
249
249
249
248
254
253
205
145
151
224
255
253
249
249
249
249
249
249
249
249
249
249
249
252
254
220
156
146
211
255
255
253
255
255
228
164
148
150
153
153
152
153
153
149
147
147
147
150
149
150
141
155
236
253
98
70
68
233
249
237
93
141
139
167
239
251
252
249
249
252
254
238
164
150
156
199
255
255
255
246
227
223
236
253
249
249
250
253
254
254
255
247
244
220
75
71
94
248
254
249
249
249
249
249
249
249
249
249
249
249
249
249
249
249
249
249
249
253
255
190
104
80
84
93
216
217
212
212
212
212
212
211
230
246
255
255
255
255
255
228
99
228
255
255
255
255
255
255
255
255
254
250
249
248
254
253
207
150
143
220
250
255
250
249
249
249
249
249
249
249
249
249
249
252
255
218
152
146
214
255
248
247
246
255
219
150
145
153
153
151
153
152
152
153
153
152
153
152
150
156
154
162
247
254
229
108
243
255
245
81
83
88
170
196
255
255
255
255
255
255
250
175
135
129
127
160
215
218
214
218
102
118
241
254
249
250
255
243
248
243
255
255
253
98
71
66
225
243
253
249
249
249
249
249
249
249
249
249
249
249
249
249
249
249
249
249
249
252
255
230
175
137
164
224
112
111
112
113
113
113
113
111
107
218
215
212
212
220
213
73
57
70
210
218
212
212
212
212
211
230
246
255
255
255
255
255
219
153
137
93
234
255
255
255
255
255
255
255
255
255
255
255
255
255
255
231
162
155
227
255
232
98
231
255
235
163
153
158
166
177
174
161
159
160
160
160
161
157
161
177
237
255
255
255
225
212
213
218
75
54
56
175
139
204
213
216
212
212
212
217
217
96
88
83
93
104
113
115
111
107
215
227
236
253
250
255
252
225
94
218
243
255
243
218
94
225
252
255
250
249
249
249
249
249
249
249
249
249
249
249
249
249
249
249
249
249
250
255
255
231
94
208
248
245
232
211
212
212
212
212
212
215
218
107
111
113
113
119
86
80
59
94
102
116
113
113
113
113
111
107
218
215
212
212
216
218
181
131
62
63
75
211
218
212
212
212
212
212
212
212
212
212
212
215
219
190
135
130
194
221
76
57
71
216
197
134
131
133
134
186
152
128
129
129
133
128
125
129
115
183
218
221
218
221
111
116
119
104
93
80
103
105
120
111
116
113
112
113
112
111
114
212
138
122
155
217
219
213
211
230
245
255
254
253
255
248
228
68
70
94
248
255
255
243
248
243
255
250
249
249
249
249
249
249
249
249
249
249
249
249
249
249
249
249
249
249
253
243
226
69
74
98
255
255
255
255
255
255
255
255
255
255
246
230
211
212
212
220
207
101
213
228
218
215
212
212
212
212
215
218
107
111
113
112
115
114
107
80
67
62
87
104
117
112
113
113
113
113
113
113
113
113
112
114
114
103
91
87
106
85
83
60
98
107
108
95
83
90
102
108
110
102
101
103
102
101
102
97
104
107
116
115
111
107
218
215
215
218
223
225
224
220
217
214
213
212
212
212
212
211
235
237
181
166
209
255
255
255
255
255
254
250
250
255
248
249
88
79
68
225
243
253
250
253
254
253
250
249
249
249
249
249
249
249
249
249
249
249
249
249
249
249
249
249
249
249
254
248
94
70
66
225
243
253
249
249
249
249
249
249
249
250
254
255
255
255
255
255
248
252
248
255
255
255
255
255
255
255
255
246
230
211
212
212
215
219
187
134
74
125
203
223
216
212
212
212
212
212
212
212
215
216
218
218
220
194
144
123
148
188
103
214
231
219
189
132
129
134
188
224
221
220
220
221
221
221
221
221
219
217
214
213
211
230
246
255
255
255
255
255
255
255
255
255
255
255
255
255
255
255
255
250
242
235
244
248
250
249
249
249
249
250
255
252
228
88
188
88
228
252
255
250
249
249
249
249
249
249
249
249
249
249
249
249
249
249
249
249
249
249
249
249
249
249
249
249
253
243
218
94
225
252
255
250
249
249
249
249
249
249
249
249
249
249
249
249
249
250
253
254
253
250
249
249
249
249
249
249
250
254
255
255
255
255
255
255
217
148
143
171
246
255
255
255
255
255
255
255
255
255
255
255
255
255
255
248
189
152
157
214
255
252
255
251
186
162
151
162
224
255
255
255
255
255
255
255
255
255
255
255
255
255
255
255
254
250
249
249
249
249
249
249
249
249
249
249
249
249
249
249
250
252
254
254
253
251
249
249
249
249
249
253
243
225
68
79
88
249
248
255
250
249
249
249
249
249
249
249
249
249
249
249
249
249
249
249
249
249
249
249
249
249
249
249
249
249
250
255
243
248
243
255
250
249
249
249
249
249
249
249
249
249
249
249
249
249
249
249
249
249
249
249
249
249
249
249
249
249
249
249
249
249
249
249
251
255
207
147
149
218
253
253
249
249
249
249
249
249
250
255
252
225
94
219
248
252
201
135
145
219
255
255
255
231
173
145
143
152
210
253
252
249
249
249
249
249
249
249
249
249
249
249
249
249
249
249
249
249
249
249
249
249
249
249
249
249
249
249
249
249
249
249
249
249
249
249
249
249
249
249
249
254
248
94
70
68
228
248
255
250
249
249
249
249
249
249
249
249
249
249
249
249
249
249
249
249
249
249
249
249
249
249
249
249
249
249
249
250
253
254
253
250
249
249
249
249
249
249
249
249
249
249
249
249
249
249
249
249
249
249
249
249
249
249
249
249
249
249
249
249
249
249
249
249
251
252
246
184
149
219
255
252
249
249
249
249
249
249
253
243
225
66
69
94
253
255
212
158
161
225
254
252
254
230
163
145
149
157
218
255
251
249
249
249
249
249
249
249
249
249
249
249
249
249
249
249
249
249
249
249
249
249
249
249
249
249
249
249
249
249
249
249
249
249
249
249
249
249
249
249
249
253
243
218
94
225
252
255
250
249
249
249
249
249
249
249
249
249
249
249
249
249
249
249
249
249
249
249
249
249
249
249
249
249
249
249
249
249
249
249
249
249
249
249
249
249
249
250
253
254
253
250
249
249
249
249
249
249
249
249
249
249
249
249
249
249
249
249
249
249
249
249
249
249
249
255
254
190
150
214
255
252
249
249
249
249
249
249
254
248
94
70
66
224
245
252
244
236
238
244
250
252
255
228
160
142
148
201
248
253
249
249
249
249
249
249
249
249
249
249
249
249
249
249
249
249
249
249
249
249
249
249
249
249
249
249
249
249
249
249
249
249
249
249
249
249
249
249
249
249
249
250
255
243
248
243
255
250
249
249
249
249
249
249
249
249
249
249
249
249
249
249
249
249
249
249
249
249
249
249
249
249
249
249
249
249
249
249
249
249
249
249
249
249
249
249
250
255
243
248
243
255
250
249
249
249
249
249
249
249
249
249
249
249
249
249
249
249
249
249
249
249
249
249
249
252
254
195
155
214
253
251
249
249
249
249
249
249
253
243
218
94
225
252
255
252
253
255
254
253
252
254
255
233
162
140
153
209
255
255
249
249
249
249
249
249
249
249
249
249
249
249
249
249
249
249
249
249
249
249
249
249
249
249
249
249
249
250
253
254
253
250
249
249
249
249
249
249
249
249
249
249
250
253
254
253
250
249
249
249
249
249
249
249
249
249
249
249
249
249
249
249
249
249
249
249
249
249
249
249
249
249
249
249
249
249
249
249
249
249
249
249
249
249
249
250
255
252
225
94
218
243
253
249
249
249
249
249
249
249
249
249
249
249
249
249
249
249
249
249
249
249
249
249
249
251
251
241
190
219
253
251
249
249
249
249
249
249
250
255
243
248
243
255
250
249
249
249
249
250
255
247
248
216
159
143
149
203
253
254
248
249
249
249
249
249
249
249
249
249
249
249
249
249
249
249
249
249
249
249
249
249
249
249
249
249
250
255
243
248
243
255
250
249
249
249
249
249
249
249
249
249
249
249
249
249
249
249
249
249
249
249
249
249
249
249
249
249
249
249
249
249
249
249
249
249
249
249
249
249
249
249
249
249
249
249
249
249
249
249
249
249
249
249
249
253
243
225
66
70
94
248
254
249
249
249
249
249
249
249
249
249
249
249
249
249
249
249
249
249
249
249
249
249
249
249
253
248
247
245
250
249
249
249
249
249
249
249
249
250
253
254
253
250
249
249
249
249
250
255
252
230
96
143
154
147
147
202
253
254
248
249
249
249
249
249
249
249
249
249
249
249
249
249
249
249
249
249
249
249
249
249
249
249
249
250
255
252
225
94
218
243
253
249
249
249
249
249
249
249
249
249
249
249
249
249
249
249
249
249
249
249
249
249
249
249
249
249
249
249
249
249
249
249
249
249
249
249
249
249
249
249
249
249
249
249
249
249
249
249
249
249
249
249
249
254
250
98
75
70
227
243
253
249
249
249
249
249
249
249
249
249
249
249
249
249
249
249
249
249
249
249
249
249
249
249
249
250
251
251
250
249
249
249
249
249
249
249
249
249
249
249
249
249
249
249
249
249
253
243
225
71
64
72
150
148
152
207
253
254
248
249
249
249
249
249
249
249
249
249
249
249
249
249
249
249
249
249
249
249
249
249
249
249
249
253
243
225
66
70
94
248
254
249
249
249
249
249
249
249
249
249
249
249
249
249
249
249
249
249
249
249
249
249
249
249
249
249
249
249
249
249
249
249
249
249
249
249
249
249
249
249
249
249
249
249
249
249
249
249
249
249
249
249
249
254
252
213
93
220
255
255
250
249
249
249
249
249
249
249
249
249
249
249
249
249
249
249
249
249
249
249
249
249
249
249
249
249
249
249
249
249
249
249
249
249
249
249
249
249
249
249
249
249
249
249
249
249
254
248
94
76
63
145
148
148
161
216
254
253
249
249
249
249
249
249
249
249
249
249
249
249
249
249
249
249
249
249
249
249
249
249
249
249
249
254
248
94
70
66
225
243
253
249
249
249
249
249
249
249
249
249
249
249
249
249
249
249
249
249
249
249
249
249
249
249
249
249
249
249
249
249
249
249
249
249
249
249
249
249
249
249
249
249
249
249
249
249
249
249
249
249
249
249
249
253
255
226
112
226
255
253
249
249
249
249
249
249
249
249
249
249
249
249
249
249
249
249
249
249
249
249
249
249
249
249
249
249
249
249
249
249
249
249
249
249
249
249
249
249
249
249
249
249
249
249
249
249
253
241
215
91
203
162
154
149
162
216
252
251
249
249
249
249
249
249
249
249
249
249
249
249
249
249
249
249
249
249
249
249
249
249
249
249
249
253
241
214
89
221
250
255
250
249
249
249
249
249
249
249
249
249
249
249
249
249
249
249
249
249
249
249
249
249
249
249
249
249
249
249
249
249
249
249
249
249
249
249
249
249
249
249
249
249
249
249
249
249
249
249
249
249
249
249
249
249
249
71
71
71
249
249
249
249
249
249
249
249
249
249
249
249
249
249
249
249
249
249
249
249
249
249
249
249
249
249
249
249
249
249
249
249
249
249
249
249
249
249
249
249
249
249
249
249
249
249
249
249
249
249
249
249
242
151
153
153
143
202
254
249
249
249
249
249
249
249
249
249
249
249
249
249
249
249
249
249
249
249
249
249
249
249
249
249
249
249
249
249
249
249
249
249
249
249
249
249
249
249
249
249
249
249
249
249
249
249
249
249
249
249
249
249
249
249
249
249
249
249
249
249
249
249
