248
248
248
248
248
248
248
248
248
248
248
248
248
248
248
248
248
248
248
248
248
248
248
248
248
248
248
248
248
248
248
248
248
248
248
248
248
248
248
248
248
248
248
248
248
248
248
248
248
248
248
248
248
248
248
248
248
248
248
248
248
248
248
248
248
248
248
248
248
248
248
248
248
248
248
248
248
248
248
248
248
248
248
248
248
248
248
248
248
248
248
248
248
248
248
248
248
248
250
222
204
242
249
248
248
248
248
248
248
248
248
248
248
248
248
248
248
248
248
248
248
248
248
248
248
248
248
248
248
248
248
248
248
248
248
248
248
248
248
248
248
248
248
248
248
248
248
248
248
248
248
248
248
248
248
248
248
248
248
248
248
248
248
248
248
248
248
248
248
248
248
248
248
248
248
248
248
248
248
248
248
248
248
248
248
248
248
248
248
248
248
248
248
248
248
248
248
248
248
248
248
248
248
248
248
248
248
248
248
248
248
248
248
248
248
248
248
248
248
248
248
248
248
248
248
248
248
248
248
248
248
248
248
248
248
248
248
248
248
248
248
248
248
248
248
249
247
231
207
206
206
237
247
249
248
248
248
248
248
248
248
248
248
248
248
248
248
248
248
248
248
248
250
255
241
247
241
255
250
248
248
248
248
248
248
248
248
248
248
248
248
248
248
248
248
248
248
248
248
248
248
248
248
248
248
248
248
248
248
248
249
250
251
251
251
251
250
249
248
248
248
248
248
248
248
248
248
248
248
248
248
248
248
248
248
248
248
248
248
248
248
248
248
248
248
248
248
248
248
248
248
248
248
248
248
248
248
248
248
248
248
248
248
248
248
248
248
248
248
248
248
248
248
248
248
248
248
248
248
248
248
248
248
248
248
248
248
248
248
248
248
248
248
248
250
249
235
204
204
204
205
216
244
250
248
248
248
248
248
248
248
248
248
248
248
248
248
248
248
248
248
250
255
251
218
54
209
241
252
248
248
248
248
248
248
248
248
248
248
248
248
248
248
248
248
248
248
248
248
248
248
248
248
248
248
248
248
248
248
248
248
245
242
242
243
243
246
247
249
248
248
248
248
248
248
248
248
248
248
248
248
248
248
248
248
248
248
248
248
248
248
248
248
248
249
250
250
249
248
248
248
248
248
248
248
248
248
248
248
248
248
248
248
248
248
248
248
248
248
248
248
248
248
248
248
248
248
248
248
248
248
248
248
248
248
248
248
248
248
248
248
248
249
251
250
241
206
203
207
207
202
206
240
250
250
252
253
252
250
248
248
248
248
248
248
248
248
248
248
248
248
252
241
218
20
24
54
247
253
248
248
248
248
248
248
248
248
248
248
248
248
248
248
248
248
248
248
248
248
248
248
248
248
248
248
248
248
248
248
248
250
230
209
208
211
213
223
247
250
248
248
248
248
248
248
248
248
248
248
248
248
248
248
248
248
249
250
251
251
251
251
251
251
251
250
245
245
247
250
248
248
248
248
248
248
248
248
248
248
248
248
248
248
248
248
248
248
248
248
248
248
248
248
248
248
248
248
248
248
248
248
248
248
248
248
248
248
248
248
248
248
249
246
245
238
209
204
206
207
206
201
208
239
252
255
241
247
241
255
250
248
248
248
248
248
248
248
248
248
248
248
253
247
54
24
20
218
241
252
248
248
248
248
248
248
248
248
248
248
248
248
248
248
248
248
248
248
248
248
248
248
248
248
248
248
248
248
248
248
248
250
234
208
198
201
204
218
246
251
248
248
248
248
248
248
248
248
248
249
250
251
251
251
250
249
247
246
242
243
243
243
243
243
245
244
218
211
242
248
249
248
248
248
248
248
248
248
248
248
248
248
248
248
248
248
248
248
248
248
248
248
248
248
248
248
248
248
248
248
248
248
248
248
248
248
248
248
248
248
248
248
250
248
214
205
206
205
205
205
207
203
202
242
255
251
218
54
209
241
252
248
248
248
248
248
248
248
248
248
248
249
253
243
212
57
221
253
255
250
248
248
248
248
248
248
248
248
248
248
248
248
248
248
248
248
248
248
248
248
248
248
248
248
248
248
248
248
248
248
248
251
248
219
201
203
204
215
245
250
249
248
248
248
248
248
248
248
249
248
245
243
242
242
245
249
251
230
209
209
210
208
209
213
213
209
206
203
218
247
250
248
248
248
248
248
248
248
248
248
248
248
248
248
248
248
248
248
248
248
248
248
248
248
248
248
248
248
248
248
248
248
248
248
248
248
248
248
248
248
249
250
250
244
212
202
203
202
210
214
208
201
213
246
245
218
20
24
54
247
253
248
248
248
248
248
248
248
248
248
249
249
248
254
236
244
236
255
249
250
248
248
248
248
248
248
248
248
248
248
248
248
248
248
248
248
248
248
248
248
248
248
248
248
248
248
248
248
248
248
248
249
250
227
206
203
204
206
218
246
249
248
248
248
248
248
248
248
248
246
221
209
210
209
224
249
250
229
205
199
201
200
200
200
201
203
205
203
210
243
249
249
248
248
248
248
248
248
248
248
248
248
248
248
248
249
250
250
250
249
248
248
248
248
248
248
248
248
248
248
248
248
248
248
248
248
248
248
248
249
249
247
247
219
206
206
209
213
224
231
210
203
216
249
250
54
24
20
218
241
252
248
248
248
248
248
248
248
248
249
250
249
230
212
220
219
214
215
244
247
249
248
248
248
248
248
248
248
248
248
248
248
248
248
248
248
248
248
248
248
248
248
248
248
248
248
248
248
248
248
248
248
249
248
221
207
205
202
203
222
250
249
248
248
248
248
248
249
250
225
206
202
202
203
218
250
251
221
205
204
203
209
210
212
210
207
205
203
207
221
249
250
248
248
248
248
248
248
248
248
248
248
248
249
251
249
245
244
247
250
250
249
248
248
248
248
248
248
248
248
248
248
248
248
248
248
248
248
249
250
249
231
208
206
203
206
224
244
249
246
223
201
212
247
245
209
54
218
251
255
250
248
248
248
248
248
248
248
250
247
248
232
207
203
204
205
201
203
218
249
250
248
248
248
248
248
248
248
248
248
248
248
248
248
248
248
248
248
248
248
248
248
248
248
248
248
248
248
248
248
248
248
249
249
245
216
207
207
204
223
248
251
248
248
248
248
249
250
247
222
203
206
206
213
236
251
249
220
202
204
209
216
243
246
245
221
206
203
205
215
244
249
248
248
248
248
248
248
248
248
248
248
249
246
246
238
216
208
225
247
248
249
249
248
248
248
248
248
248
248
248
248
248
248
248
248
248
249
246
247
230
207
205
203
205
214
247
250
253
250
225
202
209
244
255
241
247
241
255
250
248
248
248
248
248
248
248
249
247
241
209
208
206
205
206
208
204
205
215
244
248
249
248
248
248
248
248
248
248
248
248
248
248
248
248
248
248
248
248
248
248
248
248
248
248
248
248
248
248
248
248
248
248
251
246
217
205
207
205
222
246
249
248
248
248
249
250
249
229
207
206
203
207
229
248
251
247
222
202
211
239
248
249
252
250
248
220
208
203
206
221
250
249
248
248
248
248
248
248
248
248
248
249
244
211
206
207
203
205
207
238
250
251
249
248
248
248
248
248
248
248
248
248
248
248
248
248
251
242
212
205
206
206
208
213
242
248
249
251
249
228
204
206
240
252
252
253
252
250
248
248
248
248
248
248
248
248
251
246
212
203
203
206
205
207
209
207
206
209
222
249
249
248
248
248
248
250
252
253
252
250
248
248
248
248
248
248
248
248
248
248
248
248
248
248
248
248
248
248
248
248
248
248
250
249
219
210
211
209
213
234
250
249
248
248
249
244
230
203
206
206
207
211
245
250
251
248
224
217
241
249
251
249
249
249
251
245
216
203
205
223
245
251
248
248
248
248
248
248
248
248
249
250
236
211
202
204
203
200
203
207
238
246
248
251
249
248
248
248
248
248
248
248
248
248
248
249
249
237
203
201
204
211
218
242
249
250
248
250
249
228
203
209
242
250
248
248
248
248
248
248
248
248
248
248
248
249
249
242
211
204
205
203
207
214
212
208
206
204
220
248
251
248
248
248
250
255
241
247
241
255
250
248
248
248
248
248
248
248
248
248
248
248
248
248
248
248
248
248
248
248
248
248
249
251
250
206
205
200
217
231
249
249
248
249
252
228
187
205
206
206
212
241
247
249
249
247
245
246
247
250
248
248
248
249
250
244
215
203
210
227
250
249
248
248
248
248
248
248
248
248
249
248
241
209
205
209
213
217
210
208
204
213
241
247
248
249
248
248
248
248
248
248
248
248
248
250
245
214
206
203
207
213
239
250
250
248
248
250
248
226
202
211
241
250
248
248
248
248
248
248
248
248
248
248
249
249
248
218
206
203
207
207
214
238
235
220
210
205
218
247
250
248
248
250
255
251
220
58
216
247
255
253
252
250
248
248
248
248
248
248
248
250
250
248
248
248
248
248
248
248
248
248
250
255
250
189
45
174
202
233
250
251
248
251
248
231
202
200
209
214
232
247
250
248
248
249
249
249
249
248
248
248
248
249
248
221
206
202
218
244
249
248
248
248
248
248
248
248
248
248
250
247
214
207
204
222
244
246
243
218
206
209
209
226
251
251
249
248
248
248
248
248
248
248
248
251
241
208
202
208
217
237
248
249
248
248
248
251
249
223
202
210
243
251
248
248
248
248
248
248
248
249
249
249
250
249
235
210
203
204
217
244
249
255
242
229
200
213
210
227
250
249
248
252
241
220
30
17
56
252
255
250
241
255
250
248
248
248
248
248
248
250
255
250
248
248
248
248
248
248
248
248
252
242
216
22
21
47
205
230
247
249
250
249
241
211
205
203
210
236
248
249
249
248
248
248
248
248
248
248
248
248
248
251
247
217
201
205
221
250
250
248
248
248
248
248
248
248
248
248
250
246
215
205
206
225
251
254
248
247
242
223
201
204
218
254
250
248
248
248
248
248
248
248
248
250
243
209
209
229
247
248
248
249
248
248
248
251
248
221
202
207
240
249
249
248
248
248
248
248
249
249
247
248
248
248
217
203
207
216
247
253
255
253
221
52
176
199
209
225
249
251
248
253
250
64
28
6
34
207
216
58
209
241
252
248
248
248
248
248
26
224
241
252
248
248
248
248
250
252
253
252
254
248
56
27
18
182
200
215
235
252
249
242
209
205
202
205
224
245
250
249
248
248
248
248
248
248
248
248
248
249
250
251
245
218
201
208
241
249
249
248
248
248
248
248
248
248
248
248
249
249
242
209
205
223
249
251
249
252
255
247
196
45
174
227
252
249
248
248
248
248
248
248
248
249
247
237
219
247
250
249
249
248
248
248
248
251
249
223
202
205
217
246
250
248
248
248
248
249
247
245
232
218
238
224
203
204
223
246
248
253
241
218
22
22
45
205
209
220
245
249
248
252
245
203
23
7
22
34
21
30
54
247
253
248
248
248
248
248
26
77
247
253
248
248
248
250
255
241
247
241
255
243
212
49
189
206
213
207
229
251
249
217
205
203
204
210
235
250
249
248
248
248
248
248
248
248
248
249
250
250
249
248
222
205
207
220
248
250
248
248
248
248
248
248
248
248
248
248
248
251
244
212
202
219
246
250
248
252
243
218
23
20
49
229
254
249
248
248
248
248
248
248
248
248
250
246
247
246
249
248
248
248
248
248
248
251
248
226
205
202
214
244
251
248
248
248
248
250
242
212
202
208
208
207
206
211
245
249
249
253
247
54
25
21
190
202
209
210
232
252
248
250
255
242
54
23
30
26
17
24
218
241
252
248
248
248
248
248
26
226
243
252
248
248
250
255
251
218
54
209
243
255
243
243
196
219
207
205
222
245
245
211
203
206
207
228
248
249
248
248
248
248
248
248
248
249
251
248
246
245
234
212
206
197
206
236
250
249
248
248
248
248
248
248
248
248
248
248
248
251
242
208
202
207
228
251
249
253
249
55
26
16
180
222
251
250
248
248
248
248
248
248
248
248
248
249
249
249
248
248
248
248
248
248
248
250
249
225
205
201
216
244
251
248
248
248
248
250
243
208
201
205
206
203
208
238
248
250
248
252
243
214
61
222
245
219
203
218
243
248
249
248
253
245
216
62
214
214
64
220
251
255
250
248
248
248
248
248
248
252
255
252
248
248
252
241
218
20
24
54
247
255
255
255
251
224
206
203
210
234
217
206
202
208
229
248
250
249
248
250
252
253
252
250
250
248
247
240
219
214
211
207
205
201
177
237
253
249
248
248
248
248
248
248
248
248
248
248
248
250
247
220
205
203
223
247
250
251
242
212
51
184
209
218
238
250
248
248
248
248
248
248
248
248
248
248
248
248
248
248
248
248
248
248
248
250
249
222
204
201
213
242
251
248
248
248
248
250
248
237
208
204
204
203
213
243
251
248
248
252
255
235
248
237
255
220
204
207
230
250
249
248
250
255
241
250
251
251
250
241
255
250
248
248
248
248
248
248
26
226
243
252
248
248
253
247
54
24
20
218
243
255
241
250
245
250
212
204
207
208
210
207
210
224
251
250
249
248
250
255
241
247
241
255
249
245
215
209
207
204
207
205
206
202
211
228
248
250
248
248
248
248
248
248
248
248
248
248
249
252
247
239
200
204
215
240
251
251
255
245
238
202
210
214
237
249
249
248
248
248
248
248
248
248
248
248
248
248
248
248
248
248
248
248
248
250
248
223
204
205
212
247
251
248
248
248
248
249
251
240
211
205
203
207
235
248
250
248
250
255
253
222
60
215
244
241
206
202
228
250
251
248
248
250
252
253
253
253
253
252
250
248
248
248
248
248
248
248
26
77
247
253
248
248
252
241
209
54
218
253
255
253
218
54
212
242
233
203
204
207
215
198
215
239
255
251
248
250
255
251
218
54
209
243
251
209
200
202
203
205
205
205
206
208
209
214
245
250
249
248
248
248
248
248
248
248
249
250
248
247
240
203
220
205
205
229
250
251
253
253
243
210
203
206
234
250
249
248
248
248
248
248
248
248
248
248
248
248
248
248
248
248
248
248
248
250
249
223
204
205
238
245
250
248
248
248
248
248
250
239
210
203
206
213
242
252
249
248
252
241
218
20
24
54
250
244
206
200
228
247
249
248
248
248
248
248
248
248
248
248
248
248
248
248
248
248
248
248
26
224
241
252
248
248
250
255
241
247
241
255
243
218
20
24
55
251
240
207
209
215
210
180
51
211
244
252
248
252
241
218
20
24
54
249
240
211
203
203
207
209
207
203
203
205
205
205
218
247
248
249
248
248
248
248
249
249
249
250
245
211
202
213
207
209
207
211
234
246
246
240
215
206
204
204
233
250
248
248
248
248
248
248
248
248
248
248
248
248
248
248
248
248
248
248
248
251
250
225
204
209
225
250
249
248
248
248
248
248
250
237
207
203
205
219
240
246
249
248
253
247
54
24
20
218
245
241
201
206
210
235
251
249
248
248
248
248
248
248
248
248
248
248
248
248
248
248
248
248
248
250
255
250
248
248
248
250
252
253
252
254
247
54
24
20
219
243
249
226
209
202
183
17
25
55
248
254
252
255
251
56
24
20
220
243
236
210
201
205
214
245
229
208
213
212
204
204
207
222
248
249
248
248
248
248
247
246
244
235
214
205
204
207
206
206
203
206
208
217
213
210
206
204
206
229
247
249
248
248
248
248
248
248
248
248
248
248
248
248
248
248
248
248
248
248
248
249
245
222
203
207
239
248
249
248
248
248
248
248
250
242
214
203
205
211
214
244
250
248
252
241
209
54
218
253
255
245
227
198
201
229
247
250
248
248
248
248
248
248
248
248
248
248
248
248
248
248
248
248
248
250
250
248
248
248
248
248
248
248
248
252
241
209
54
218
253
255
235
208
213
207
47
23
23
219
243
255
241
251
235
220
56
218
253
255
231
209
206
212
246
250
248
245
245
219
209
210
213
226
250
249
248
248
248
248
251
240
216
210
205
205
204
204
206
210
211
207
204
203
205
204
206
206
212
233
251
249
248
248
248
248
248
248
248
248
248
248
248
248
248
248
248
248
248
248
248
251
232
211
203
210
241
251
248
248
248
248
248
248
250
248
236
207
206
203
230
244
249
248
250
255
241
247
241
255
252
245
215
212
206
206
237
251
249
248
248
248
248
248
248
248
248
248
248
248
248
248
248
248
248
248
248
248
248
248
248
248
248
248
248
250
255
241
247
243
255
241
209
205
211
203
175
52
218
253
255
253
218
56
220
235
251
241
255
251
245
225
236
246
247
250
250
251
251
246
224
198
215
240
255
251
248
248
248
248
250
244
224
200
204
209
212
220
227
236
244
223
204
205
207
208
228
234
229
246
248
248
248
248
248
248
248
248
248
248
248
248
248
248
248
248
248
248
248
248
248
249
245
222
202
209
240
251
248
248
248
248
248
248
248
251
248
231
205
205
215
244
251
248
248
250
252
253
252
250
251
254
228
205
197
213
234
247
250
248
248
248
248
248
248
248
248
248
248
248
248
248
248
248
248
248
248
248
248
248
248
248
248
248
248
248
250
253
255
255
253
236
205
206
211
216
201
216
240
255
243
218
20
24
56
251
255
252
250
249
248
249
247
251
249
248
248
248
253
253
220
180
57
222
253
255
250
248
248
248
250
237
208
202
208
229
234
245
239
255
253
228
206
204
204
222
245
250
248
247
249
248
248
248
248
248
248
248
248
248
248
248
248
248
248
248
248
248
248
248
248
251
250
226
201
209
240
250
248
248
248
248
248
248
248
249
251
234
207
202
219
243
249
248
248
248
248
248
248
250
255
252
213
51
174
201
214
241
251
248
248
248
248
248
248
248
248
248
248
248
248
248
248
248
248
252
253
252
250
248
248
248
248
248
248
248
250
255
242
247
233
219
207
206
209
212
210
217
246
254
248
54
24
20
218
241
252
248
248
248
248
249
249
248
248
248
248
250
255
249
202
30
22
32
220
241
252
248
248
248
250
237
208
206
221
245
221
58
211
243
253
246
217
203
205
218
248
252
249
248
248
248
248
248
248
248
248
248
248
248
248
248
248
248
248
248
248
248
248
248
248
251
248
223
200
207
240
250
248
248
248
248
248
248
248
249
249
230
204
202
221
242
249
249
248
248
248
248
248
251
242
219
22
23
47
202
213
238
251
248
248
248
248
248
248
248
248
248
248
248
248
248
248
248
248
239
247
241
255
250
248
248
248
248
248
250
255
251
220
55
177
202
209
209
230
219
207
208
221
255
255
226
73
237
255
255
255
255
255
255
255
255
255
255
255
255
255
255
255
230
39
12
6
20
60
247
253
248
248
248
249
246
226
204
222
218
22
24
54
247
254
250
230
207
204
213
243
249
249
248
248
248
248
248
248
248
248
248
248
248
248
248
248
248
248
248
248
248
248
248
248
251
248
224
200
207
240
250
248
248
248
248
248
248
248
249
250
230
205
205
210
226
246
250
248
248
248
248
248
253
247
54
27
23
193
215
230
254
255
255
255
255
255
255
255
255
255
255
255
255
255
255
253
248
248
209
54
209
241
252
248
248
248
248
248
252
241
218
22
23
45
205
210
228
246
226
205
202
217
232
230
194
203
197
213
205
203
203
203
203
203
203
203
203
203
203
203
211
204
34
31
20
44
50
239
255
255
255
255
255
255
255
236
228
228
69
45
39
237
255
255
255
255
241
222
221
236
255
255
255
255
255
255
255
255
255
255
255
255
255
255
255
255
255
255
255
255
255
255
255
255
255
255
239
218
226
255
255
255
255
255
255
255
255
255
255
255
254
230
221
222
234
255
255
255
255
255
255
255
255
255
228
77
209
203
175
173
199
207
204
203
203
203
203
203
203
203
203
203
203
198
218
232
248
248
22
24
54
247
253
248
248
248
248
248
253
248
55
25
17
182
201
215
235
252
225
207
204
215
214
86
77
84
82
80
78
78
78
78
78
78
78
78
78
78
78
77
85
47
37
20
142
22
179
208
213
205
203
203
203
204
203
187
169
162
156
12
174
207
213
205
204
204
200
169
164
177
204
205
203
203
203
203
203
203
203
203
203
203
203
203
203
203
203
203
203
203
203
203
203
203
205
204
183
164
171
198
206
203
203
203
203
203
203
203
203
204
203
185
167
168
174
201
205
203
203
203
203
203
205
213
197
206
203
75
66
67
71
76
79
78
78
78
78
78
78
78
78
78
78
71
85
239
248
26
22
20
218
241
252
248
248
248
248
248
252
243
210
51
182
209
211
221
246
251
244
213
203
209
196
205
199
204
203
203
203
203
203
203
203
203
203
203
203
203
203
203
214
197
60
175
65
71
70
89
79
78
78
78
77
78
77
72
68
78
67
79
71
88
80
78
78
79
78
72
67
68
74
78
78
77
78
78
78
78
78
78
78
78
78
78
78
78
78
78
78
78
78
78
78
77
79
76
71
64
69
74
79
78
78
78
78
78
78
78
78
78
79
75
71
65
71
75
79
78
78
78
78
78
78
80
81
83
76
192
168
165
169
199
205
203
203
203
203
203
203
203
203
203
203
198
218
232
248
248
56
218
251
255
250
248
248
248
248
248
251
255
241
215
199
214
206
219
250
253
249
220
207
205
210
230
255
255
255
255
255
255
255
255
255
255
255
255
255
255
255
255
255
248
222
185
191
183
208
206
203
203
203
203
203
203
207
190
168
173
201
215
210
206
203
203
203
203
206
203
172
166
180
205
206
203
203
203
203
203
203
203
203
203
203
203
203
203
203
203
203
203
203
203
203
203
205
205
186
167
171
199
206
203
203
203
203
203
203
203
203
203
206
205
184
165
166
199
204
204
203
203
203
203
203
203
203
202
225
223
223
218
228
255
255
255
255
255
255
255
255
255
255
255
255
255
255
253
248
248
239
241
255
253
253
252
250
248
248
248
249
250
231
216
209
206
214
245
248
249
249
243
210
203
202
205
228
251
249
248
248
248
248
248
248
248
248
248
248
248
249
249
251
230
215
214
222
242
255
255
255
255
255
255
255
255
255
255
237
221
243
255
255
255
255
255
255
255
255
255
240
219
234
255
255
255
255
255
255
255
255
255
255
255
255
255
255
255
255
255
255
255
255
255
255
255
255
255
242
220
227
255
255
255
255
255
255
255
255
255
255
255
255
255
241
219
220
233
255
255
255
255
255
255
255
255
255
255
255
253
220
201
210
241
248
249
248
248
248
248
248
248
248
248
248
248
248
248
248
248
252
253
255
241
247
241
255
250
248
249
249
234
213
205
205
208
228
250
250
249
251
248
220
207
204
205
227
250
252
248
248
248
248
248
248
248
248
248
248
248
249
249
231
210
202
208
222
246
248
249
248
248
248
248
248
248
249
251
226
210
204
180
241
254
250
249
248
249
248
242
209
204
208
227
249
249
248
248
248
248
248
248
248
248
248
248
248
248
248
248
248
248
248
248
248
248
251
249
223
202
204
238
248
249
248
248
248
248
248
248
248
248
251
248
222
202
200
204
225
247
249
248
248
248
248
248
248
248
251
249
222
203
204
212
246
250
248
248
248
248
248
248
248
248
248
248
248
248
248
248
250
255
251
218
54
209
241
252
248
250
248
227
206
204
206
213
247
250
249
248
250
248
240
211
214
199
211
231
255
250
248
248
248
248
248
248
248
248
248
250
250
237
214
203
203
210
243
249
249
248
248
248
248
248
248
248
248
250
244
218
194
202
233
246
247
249
251
252
249
216
204
202
208
228
249
249
248
248
248
248
248
248
248
248
248
248
248
248
248
248
248
248
248
248
248
248
251
248
223
201
208
214
248
249
248
248
248
248
248
248
248
248
249
250
223
205
203
203
208
247
250
248
248
248
248
248
248
248
251
247
224
203
202
212
245
250
248
248
248
248
248
248
248
248
248
248
248
248
248
248
252
241
218
20
24
54
247
253
249
251
241
219
207
202
207
241
249
249
248
248
250
247
229
217
212
181
47
197
242
252
248
248
248
248
248
248
248
248
250
250
241
218
204
203
209
239
249
251
252
253
252
250
248
248
248
248
248
251
250
222
207
211
208
212
222
246
244
246
241
206
201
201
218
246
250
248
248
248
248
248
248
248
248
248
248
248
248
248
248
248
248
248
248
248
248
249
249
238
214
202
208
239
247
249
248
248
248
248
248
248
248
248
248
249
246
216
204
204
225
247
251
248
248
248
248
248
248
248
249
249
223
206
208
243
248
249
248
248
248
248
248
248
248
248
248
248
248
248
248
248
253
247
54
24
20
218
241
252
249
248
230
209
205
206
212
247
251
248
248
248
249
246
221
199
179
19
24
57
249
254
249
248
248
248
248
248
248
250
249
243
220
208
205
208
237
249
252
255
241
247
241
255
250
248
248
248
248
249
246
246
242
210
202
201
205
211
216
218
210
205
201
205
220
250
250
248
248
248
248
248
248
248
248
248
248
248
248
248
248
248
248
248
248
248
248
250
249
225
203
202
212
242
251
249
248
248
250
252
253
252
250
248
248
252
248
219
203
206
218
246
249
249
248
248
248
248
248
248
249
248
245
220
239
249
250
248
248
248
248
248
248
248
248
248
248
248
248
248
248
248
252
241
209
54
218
251
255
251
248
235
207
206
203
206
238
247
249
248
248
248
249
248
247
201
47
21
21
202
238
250
248
248
248
248
248
248
250
247
242
214
208
203
203
229
249
252
255
251
218
54
209
241
252
248
248
248
248
248
249
251
249
244
212
208
204
201
203
202
202
206
211
228
245
248
249
248
248
248
248
248
248
248
248
248
248
248
248
248
248
248
248
248
248
248
248
250
249
227
206
202
211
242
250
248
248
250
255
241
247
241
255
250
248
251
246
219
203
205
209
220
250
250
248
248
248
248
248
248
248
249
248
248
247
250
248
248
248
248
248
248
248
248
248
248
248
248
248
248
248
248
250
255
241
247
241
255
250
250
240
211
205
204
205
212
244
251
249
248
248
248
248
250
251
234
178
48
183
212
213
238
250
248
248
248
248
249
250
246
206
203
203
206
211
236
251
252
241
218
20
24
54
247
253
248
248
248
248
248
248
248
250
248
247
236
211
206
207
207
212
216
242
247
250
249
248
248
248
248
248
248
248
248
248
248
248
248
248
248
248
248
248
248
248
248
248
250
249
230
206
202
211
241
250
248
250
255
251
218
54
209
241
252
248
251
245
218
202
204
206
221
245
249
248
248
248
248
248
248
248
248
249
249
249
248
248
248
248
248
248
248
248
248
248
248
248
248
248
248
248
248
248
250
252
253
252
250
249
249
235
208
205
204
207
236
248
250
248
248
248
248
248
249
252
255
228
205
199
209
207
236
251
249
248
249
250
250
247
217
207
204
205
222
246
246
248
253
247
54
24
20
218
241
252
248
248
248
248
248
248
248
248
249
250
248
246
226
208
232
244
247
248
250
249
248
248
248
248
248
248
248
248
248
248
248
248
248
248
248
248
248
248
248
248
248
248
250
249
229
206
202
213
241
250
248
252
241
218
20
24
56
251
255
251
251
248
213
205
205
206
213
230
250
249
248
248
248
248
248
248
248
248
248
248
248
248
248
248
248
248
248
248
248
248
248
248
248
248
248
248
248
248
248
248
248
248
248
250
245
223
207
206
202
204
237
251
249
248
248
248
248
248
248
249
252
241
213
207
206
208
237
249
250
249
250
247
245
217
206
205
205
218
249
250
250
249
252
241
209
54
218
251
255
250
248
248
248
248
248
248
248
248
248
248
249
250
246
246
246
250
250
249
248
248
248
248
248
248
248
248
248
248
248
248
248
248
248
248
248
248
248
248
248
248
248
248
250
249
227
204
202
213
241
250
248
253
247
54
24
22
228
235
251
241
255
250
245
213
205
203
203
224
248
250
248
248
248
248
248
248
248
248
248
248
248
248
248
248
248
248
248
248
248
248
248
248
248
248
248
248
248
248
248
248
248
248
248
249
241
211
202
205
208
216
241
250
248
248
248
248
248
248
248
248
250
236
207
206
207
204
219
246
250
248
248
227
208
206
202
204
215
246
249
249
248
248
250
255
241
247
241
255
250
248
248
248
248
248
248
248
248
248
248
248
248
249
249
250
249
249
248
248
248
248
248
248
248
248
248
248
248
248
248
248
248
248
248
248
248
248
248
248
248
248
248
248
250
251
228
205
202
214
242
250
248
252
241
209
56
228
254
228
56
209
243
253
243
211
201
202
207
227
249
249
248
248
248
248
248
248
248
248
248
248
248
248
248
248
248
248
248
248
248
248
248
248
248
248
248
248
248
248
248
248
248
248
248
250
239
211
202
204
215
239
248
249
248
248
248
248
248
248
248
248
250
236
207
202
202
200
210
244
248
236
211
204
200
204
208
216
244
248
249
248
248
248
248
250
252
253
252
250
248
248
248
248
248
248
248
248
248
248
248
248
248
248
248
248
248
248
248
248
248
248
248
248
248
248
248
248
248
248
248
248
248
248
248
248
248
248
248
248
248
248
248
248
249
250
236
214
199
204
238
251
248
250
255
241
251
235
228
22
24
53
249
254
220
210
210
210
223
247
249
248
248
248
248
248
248
248
248
248
248
248
248
248
248
248
248
248
248
248
248
248
248
248
248
248
248
248
248
248
248
248
248
248
248
250
238
209
199
203
218
244
251
248
248
248
248
248
248
248
248
248
249
239
215
209
210
210
227
247
244
218
211
209
209
212
237
248
248
250
248
248
248
248
248
248
248
248
248
248
248
248
248
248
248
248
248
248
248
248
248
248
248
248
248
248
248
248
250
252
253
252
250
248
248
248
248
248
248
248
248
248
248
248
248
248
248
248
248
248
248
248
248
248
249
250
238
217
200
183
235
251
248
248
250
252
255
251
56
24
20
218
242
250
244
241
242
243
246
248
249
248
248
248
248
248
248
248
248
248
248
248
248
248
248
248
248
248
248
248
248
248
248
248
248
248
248
248
248
248
248
248
248
248
248
249
242
215
209
210
231
248
249
248
248
248
248
248
248
248
248
248
248
246
244
242
242
244
246
248
247
244
242
242
242
246
247
251
249
248
248
248
248
248
248
248
248
248
248
248
248
248
248
248
248
248
248
248
248
248
248
248
248
248
248
248
248
250
255
241
247
241
255
250
248
248
248
248
248
248
248
248
248
248
248
248
248
248
248
248
248
248
248
248
249
250
238
214
200
208
240
250
248
248
248
248
252
241
209
54
218
251
255
251
250
251
251
251
250
249
248
248
248
248
250
252
253
252
250
248
248
248
248
248
248
248
248
248
248
248
248
248
248
248
248
248
248
248
248
248
248
248
248
248
248
250
245
244
241
244
245
249
249
248
248
248
248
248
248
248
248
248
248
249
250
251
251
251
250
249
249
250
251
251
251
250
249
248
248
248
248
248
248
248
248
248
248
248
248
248
248
248
248
248
248
248
248
248
248
248
248
248
248
248
248
248
250
255
251
218
54
209
241
252
248
248
248
248
248
248
248
248
248
248
248
248
248
248
248
248
248
248
248
248
249
251
227
203
205
237
250
250
248
248
248
248
250
255
241
247
241
255
250
248
248
248
248
248
248
248
248
248
248
250
255
241
247
241
255
250
248
248
248
248
248
248
248
248
248
248
248
248
248
248
248
248
248
248
248
248
248
248
248
248
248
248
249
250
251
251
250
249
248
248
248
248
248
248
248
248
248
248
248
248
248
248
248
248
248
248
248
248
248
248
248
248
248
248
248
248
248
248
248
248
248
248
248
248
248
248
248
248
248
248
248
248
248
248
248
248
248
248
248
248
248
248
252
241
218
20
24
54
247
253
248
248
248
248
248
248
248
248
248
248
248
248
248
248
248
248
248
248
248
248
250
249
228
203
207
237
251
249
248
248
248
248
248
250
252
253
252
250
248
248
248
248
248
248
248
248
248
248
250
255
251
218
54
209
241
252
248
248
248
248
248
248
248
248
248
248
248
248
248
248
248
248
248
248
248
248
248
248
248
248
248
248
248
248
248
248
248
248
248
248
248
248
248
248
248
248
248
248
248
248
248
248
248
248
248
248
248
248
248
248
248
248
248
248
248
248
248
248
248
248
248
248
248
248
248
248
248
248
248
248
248
248
248
248
248
248
248
248
248
248
248
248
253
247
54
24
20
218
241
252
248
248
248
248
248
248
248
248
248
248
248
248
248
248
248
248
248
248
248
248
249
249
231
206
205
239
250
248
248
248
248
248
248
248
248
248
248
248
248
248
248
248
248
248
248
248
248
248
252
241
218
20
24
54
247
253
248
248
248
248
248
248
248
248
248
248
248
248
248
248
248
248
248
248
248
248
248
248
248
248
248
248
248
248
248
248
248
248
248
248
248
248
248
248
248
248
248
248
248
248
248
248
248
248
248
248
248
248
248
248
248
248
248
248
248
248
248
248
248
248
248
248
248
248
248
248
248
248
248
248
248
248
248
248
248
248
248
248
248
248
248
248
252
239
205
47
214
250
255
250
248
248
248
248
248
248
248
248
248
248
248
248
248
248
248
248
248
248
248
248
248
249
232
210
232
247
250
248
248
248
248
248
248
248
248
248
248
248
248
248
248
248
248
248
248
248
248
248
252
239
56
22
22
209
239
252
248
248
248
248
248
248
248
248
248
248
248
248
248
248
248
248
248
248
248
248
248
248
248
248
248
248
248
248
248
248
248
248
248
248
248
248
248
248
248
248
248
248
248
248
248
248
248
248
248
248
248
248
248
248
248
248
248
248
248
248
248
248
248
248
248
248
248
248
248
248
248
248
248
248
248
248
248
248
248
248
248
248
248
248
248
248
248
248
248
248
248
248
248
248
248
248
248
248
248
248
248
248
248
248
248
248
248
248
248
248
248
248
248
248
248
248
248
248
248
248
248
248
248
248
248
248
248
248
248
248
248
248
248
248
248
248
248
248
248
248
248
248
248
248
248
26
248
248
248
248
248
248
248
248
248
248
248
248
248
248
248
248
248
248
248
248
248
248
