246
246
246
246
246
246
246
246
246
246
246
246
246
246
246
246
246
246
246
246
246
246
246
246
246
246
246
246
246
246
246
246
246
246
246
237
139
141
142
143
143
143
143
143
143
145
143
142
143
138
180
252
246
246
246
246
246
246
246
246
246
246
246
246
246
246
246
246
246
246
246
246
246
246
246
246
246
246
246
246
246
246
246
246
246
246
246
246
246
246
246
246
246
246
246
246
246
246
246
246
246
246
246
246
246
246
246
246
246
246
246
83
83
83
246
246
246
246
246
246
246
246
246
246
246
246
246
246
246
246
246
246
246
246
246
246
246
246
246
246
246
246
246
246
246
246
246
246
246
246
246
246
246
246
246
246
246
246
246
246
246
246
246
246
246
246
246
246
246
246
246
246
246
246
246
246
247
249
253
250
242
237
229
159
145
145
144
142
142
140
138
136
137
139
142
142
143
144
142
140
186
248
251
246
246
246
246
246
246
246
246
246
246
246
246
246
246
246
246
246
246
246
246
246
246
246
246
246
246
246
246
246
246
246
246
246
246
246
246
246
246
246
246
246
246
246
246
246
246
246
246
246
246
246
246
246
246
246
246
247
247
228
120
228
247
247
246
246
246
246
246
246
246
246
246
246
246
246
246
246
246
246
246
246
246
246
246
246
246
246
246
246
246
246
246
246
246
246
246
246
246
246
246
246
246
246
246
246
246
246
246
246
246
246
246
246
246
246
246
246
246
246
249
251
252
253
252
243
239
236
181
152
148
141
134
137
138
136
135
137
144
155
152
143
137
140
143
145
144
132
184
246
255
246
246
246
246
246
246
246
246
246
246
246
246
246
246
246
246
246
246
246
246
246
246
246
246
246
246
246
246
246
246
246
246
246
246
246
246
246
246
246
246
246
246
246
246
246
246
246
246
246
246
246
246
246
246
246
246
247
253
241
246
241
253
247
246
246
246
246
246
246
246
246
246
246
246
246
246
246
246
246
246
246
246
246
246
246
246
246
246
246
246
246
246
246
246
246
246
246
246
246
246
246
246
246
246
246
246
246
246
246
246
246
246
246
246
246
246
246
246
250
245
240
230
236
245
219
169
146
142
135
135
140
139
138
144
151
156
151
195
240
238
178
146
146
141
146
142
126
95
223
244
249
246
246
246
246
246
246
246
246
246
246
246
246
246
246
246
246
246
246
246
246
246
246
246
246
246
246
246
246
246
246
246
246
246
246
246
246
246
246
246
246
246
246
246
246
246
246
246
246
246
247
249
250
249
247
246
246
247
249
250
249
247
246
246
246
246
246
246
246
246
246
246
246
246
246
246
246
246
246
246
246
246
246
246
246
246
246
246
246
246
246
246
246
246
246
246
246
246
246
246
246
246
246
246
246
246
246
246
246
246
246
246
246
246
246
246
246
248
246
235
160
150
153
186
200
140
132
140
141
142
141
138
141
167
237
236
235
244
254
250
247
228
153
138
141
134
73
85
110
248
250
246
246
246
246
246
246
246
246
246
246
246
246
246
246
246
246
246
246
246
246
246
246
246
246
246
246
246
246
246
246
246
246
246
246
246
246
246
246
246
246
246
246
246
246
246
246
246
246
247
253
241
246
241
253
248
247
249
252
253
254
254
254
252
251
248
246
246
246
246
246
246
246
246
246
246
246
246
246
246
246
246
246
246
246
246
246
246
246
246
246
246
246
246
246
246
246
246
246
246
246
246
246
246
246
246
246
246
246
246
246
246
246
246
246
246
246
252
246
174
139
129
134
150
155
143
137
139
136
133
134
139
173
242
251
255
252
250
249
249
255
247
173
143
140
90
78
86
227
244
249
246
246
246
246
246
246
246
247
249
250
249
247
246
246
246
246
246
246
246
246
246
246
246
246
246
246
246
246
246
246
246
246
246
246
246
246
246
246
246
246
246
246
246
246
246
246
246
247
253
249
224
102
218
243
253
251
246
237
233
234
233
233
233
242
249
254
250
248
246
246
246
246
246
246
246
246
246
246
246
246
246
246
246
246
246
246
246
246
246
246
246
246
246
246
246
246
246
246
246
246
246
246
246
246
246
246
246
246
246
246
246
246
246
246
246
249
247
232
151
136
137
141
143
138
139
131
140
147
154
149
195
240
247
249
246
246
246
246
246
252
240
196
141
138
129
89
182
252
255
249
246
246
246
246
246
246
247
253
241
246
241
253
247
246
246
246
246
246
246
246
246
246
246
246
246
246
246
246
246
246
246
246
246
246
246
246
246
246
246
246
246
246
246
246
246
246
246
249
241
224
78
81
106
248
247
239
199
163
154
153
154
153
151
171
234
237
239
246
248
246
246
246
246
246
246
246
246
246
246
246
246
246
246
246
246
246
246
246
246
246
246
246
246
246
246
246
246
246
246
246
246
246
246
246
246
246
246
246
246
246
246
246
246
246
246
252
246
167
141
138
138
145
182
208
153
154
168
219
235
237
242
248
249
246
246
246
246
246
246
254
243
166
140
144
140
147
180
250
248
252
247
246
246
246
246
247
253
249
224
102
218
241
249
246
246
246
247
249
252
252
251
247
246
246
246
246
246
246
248
249
249
249
247
246
246
246
246
246
246
246
246
246
246
246
246
246
246
250
246
102
81
82
229
240
203
147
150
138
133
133
134
134
132
138
141
147
191
247
248
246
246
246
246
246
246
246
246
246
246
246
246
246
246
246
246
246
246
246
246
246
246
246
246
246
246
246
246
246
246
246
246
248
250
252
252
251
249
247
246
246
246
246
246
246
246
252
238
160
133
140
138
169
242
246
239
232
240
248
254
253
250
248
246
246
246
246
246
246
247
249
234
154
136
143
142
149
173
105
222
241
249
246
246
246
246
250
243
226
81
85
109
252
255
254
254
254
254
246
237
232
241
245
249
246
246
246
246
247
243
245
241
249
249
254
249
247
246
246
246
246
246
246
246
246
246
246
246
249
241
218
105
228
252
213
134
135
136
138
136
135
134
134
133
139
140
146
190
247
248
246
246
246
246
246
246
246
246
246
246
246
246
246
246
246
246
246
246
246
246
246
246
246
246
246
246
246
246
246
246
246
248
245
239
233
231
239
245
250
247
246
246
246
246
246
249
249
208
151
138
139
139
176
246
255
252
252
251
249
247
246
246
246
246
246
246
246
246
246
251
247
186
145
137
144
138
128
70
84
104
245
250
246
246
249
251
255
246
104
82
79
217
229
236
233
233
235
237
217
151
143
189
246
250
246
246
246
246
249
225
187
200
189
232
239
245
251
249
247
246
246
246
246
246
246
246
246
246
247
253
242
250
244
227
144
137
138
139
142
148
153
154
156
151
172
232
237
239
245
248
246
246
246
246
246
246
246
246
246
246
246
246
246
246
246
246
246
246
246
246
246
246
246
246
246
246
246
246
246
246
246
249
249
194
150
151
156
228
247
251
246
246
246
246
246
250
244
176
139
138
138
146
191
249
250
246
246
246
246
246
246
246
246
246
246
246
246
246
246
253
243
169
137
138
142
161
91
83
82
225
241
249
246
249
241
239
234
211
169
98
202
173
160
156
155
155
155
154
147
137
127
153
216
253
249
246
246
247
252
230
159
145
148
147
153
204
243
246
252
249
246
246
246
246
246
246
246
246
246
248
252
252
229
147
139
140
138
139
148
214
239
235
234
234
243
249
254
250
248
246
246
246
246
246
246
246
246
246
246
246
246
246
246
246
246
246
246
246
246
246
246
246
246
246
246
246
246
246
246
246
246
251
245
181
128
128
138
148
234
247
249
246
246
246
246
254
246
174
136
137
136
160
237
249
247
247
249
250
249
247
246
246
246
246
246
246
246
246
249
247
235
158
138
138
138
165
215
114
225
249
253
247
246
251
235
163
149
156
181
210
156
146
136
133
134
135
135
136
138
140
137
136
192
243
249
246
246
249
245
236
200
132
134
133
137
141
152
218
243
247
252
249
246
246
246
246
246
246
246
249
246
231
148
139
139
139
138
141
211
251
255
254
253
252
251
248
246
246
246
246
246
246
246
246
246
246
246
246
246
246
246
246
246
246
246
246
246
246
246
246
246
246
246
246
246
246
246
246
246
246
246
249
251
192
141
135
135
141
164
244
253
251
248
246
248
249
238
167
136
137
146
187
249
252
248
253
241
246
241
253
247
246
246
246
246
246
246
246
253
250
171
142
140
138
144
184
243
251
241
253
247
246
246
252
228
148
127
140
162
164
147
139
136
135
135
133
135
136
140
142
141
136
145
210
252
248
246
249
237
178
144
143
138
139
135
130
135
143
160
227
243
246
249
246
246
246
246
246
246
253
242
164
139
138
138
138
140
201
248
250
247
246
246
246
246
246
246
246
246
246
246
246
246
246
246
246
246
246
246
246
246
246
246
246
246
246
246
246
246
246
246
246
246
246
246
246
246
246
246
246
246
248
248
244
176
140
140
134
147
194
235
240
244
248
250
250
185
144
137
135
155
235
250
249
252
249
224
102
218
241
249
246
246
246
246
246
247
252
253
239
163
133
139
135
156
235
251
252
249
247
246
246
246
253
231
154
133
143
144
142
139
144
150
156
158
156
154
147
140
137
141
135
140
205
251
250
246
250
231
155
132
137
147
164
171
165
151
141
140
144
167
240
249
250
246
246
246
246
250
249
230
148
136
138
137
141
195
248
250
248
246
246
246
246
246
246
246
246
246
246
246
246
246
246
246
246
246
246
246
246
246
246
246
246
246
246
246
246
246
246
246
246
246
246
246
246
246
246
246
246
246
246
250
249
245
177
141
135
142
146
151
186
249
251
252
244
177
135
136
134
159
237
253
249
241
224
78
81
102
246
250
246
246
246
247
251
249
246
241
177
144
140
138
143
169
248
252
246
246
246
246
246
246
253
231
155
135
142
142
142
136
137
199
238
236
235
237
221
156
147
146
134
137
202
246
250
246
249
241
188
139
133
183
241
243
240
229
158
128
128
135
163
243
248
250
246
246
249
248
241
157
144
139
138
139
184
247
250
249
246
246
246
246
246
246
246
246
246
247
249
250
249
247
246
246
246
246
246
246
246
246
246
246
246
246
246
246
246
246
246
246
246
246
246
246
246
246
246
246
246
246
246
246
250
250
245
167
140
138
136
132
167
240
252
254
244
176
136
136
142
169
243
251
250
246
102
81
78
224
242
250
250
252
254
253
248
241
194
147
144
139
138
135
150
231
247
248
246
246
246
246
246
246
253
231
154
134
143
141
138
136
142
215
255
255
254
254
248
245
203
143
134
138
153
219
250
248
249
250
221
143
131
185
246
254
255
249
178
156
149
142
138
171
245
248
248
250
248
243
160
139
137
138
143
181
246
249
249
246
246
246
246
246
246
246
246
246
247
253
241
246
241
253
247
246
246
246
246
246
246
246
246
246
246
246
246
246
246
246
246
246
246
246
246
246
246
246
246
246
246
246
246
246
246
250
248
242
171
144
138
139
144
185
250
255
224
163
138
134
147
229
247
248
249
241
218
103
226
252
255
254
244
236
233
237
208
151
143
138
137
141
138
141
166
244
252
246
246
246
246
246
246
246
253
231
155
135
140
139
140
149
207
244
247
247
246
246
251
255
217
148
133
138
151
220
250
247
248
252
220
143
128
141
194
252
252
243
240
238
222
147
129
146
196
253
255
249
244
166
138
137
137
142
176
246
249
250
246
246
246
246
246
246
246
246
246
247
253
249
224
102
218
241
249
246
246
246
246
246
246
247
249
250
249
247
246
246
246
246
246
246
246
246
246
246
246
246
246
246
246
246
246
246
246
246
249
250
240
159
138
133
136
141
190
244
203
154
137
141
172
242
252
246
247
252
241
250
241
249
237
233
195
149
154
155
146
139
136
141
144
139
143
159
237
246
249
246
246
246
246
246
246
246
253
231
154
133
140
144
168
224
247
250
248
246
246
246
249
253
217
150
131
138
200
246
250
246
246
252
227
148
132
135
193
249
253
248
251
255
234
151
131
135
172
239
247
244
171
139
138
139
144
167
245
249
250
246
246
246
246
246
246
246
246
246
246
249
241
224
78
81
102
246
250
246
246
246
246
246
247
253
241
246
241
253
247
246
246
246
246
246
246
246
246
246
246
246
246
246
246
246
246
246
246
246
246
249
248
234
156
144
140
135
147
165
164
146
135
146
225
248
249
246
246
247
251
252
245
179
151
152
144
136
132
136
138
141
143
143
143
138
140
227
251
253
247
246
246
246
246
246
246
246
253
231
154
133
136
174
241
251
250
247
246
246
246
246
249
246
208
142
131
144
208
252
250
246
246
249
245
210
134
131
190
246
251
250
249
255
233
155
131
140
146
198
254
183
138
136
140
137
155
236
252
252
252
253
252
252
252
252
254
254
254
253
253
255
248
103
81
78
224
241
249
246
246
246
246
247
253
249
224
102
218
241
249
246
246
246
246
246
246
246
246
246
246
246
246
246
246
246
246
246
246
246
246
246
251
244
243
218
148
141
138
142
144
141
133
152
230
253
247
246
246
246
249
249
189
139
131
136
140
141
143
142
143
143
143
142
142
138
150
189
242
245
248
246
246
246
246
246
246
246
253
231
155
131
139
182
249
254
246
246
246
246
246
246
250
236
168
144
129
141
204
251
249
246
247
252
255
232
156
138
141
204
252
255
245
254
226
162
135
134
173
243
247
180
134
137
142
136
162
242
255
244
237
230
239
241
242
235
233
234
234
232
233
243
242
222
103
224
249
253
247
246
246
246
246
249
241
224
78
81
102
246
250
246
246
246
246
246
246
246
246
246
246
246
246
246
246
246
246
246
246
246
246
246
246
249
253
249
211
138
135
141
142
139
140
161
236
251
246
246
246
245
252
245
181
137
138
143
143
143
142
143
143
141
142
142
143
142
143
146
172
241
251
246
246
246
246
246
246
246
253
231
154
131
138
179
245
252
245
246
246
246
246
246
249
247
208
141
129
142
205
251
250
248
252
246
244
240
206
141
134
147
211
244
220
116
205
153
135
139
184
255
255
186
138
138
142
136
167
246
255
212
148
151
155
207
179
153
154
154
154
155
146
179
251
245
249
241
253
247
246
246
246
246
246
250
246
102
81
78
224
241
249
246
246
246
246
246
246
246
246
246
246
246
246
246
247
249
250
249
247
246
246
247
249
250
252
254
223
150
139
140
142
137
143
219
247
249
246
246
246
245
252
243
182
132
132
134
134
133
134
135
132
135
138
141
143
142
140
133
162
239
255
248
246
246
246
246
246
246
253
231
153
130
137
180
246
252
245
246
246
246
246
246
249
253
214
145
127
141
205
252
254
246
243
223
161
178
207
145
135
145
147
154
86
89
89
147
135
132
180
249
249
177
134
140
142
139
164
233
219
143
136
131
140
140
142
134
132
134
135
133
130
136
191
254
255
250
248
246
246
246
246
246
246
249
241
218
102
224
249
253
247
246
246
246
246
246
246
246
246
246
246
246
246
247
253
241
246
241
253
247
247
251
236
238
235
252
243
201
135
135
144
135
149
225
254
247
246
246
246
245
251
248
182
159
156
155
155
156
158
153
157
152
147
139
137
142
143
139
154
225
243
243
249
246
246
246
246
246
253
231
153
131
136
180
245
253
245
246
246
246
246
246
248
252
211
143
128
142
204
253
249
235
165
144
140
142
143
145
137
139
136
84
76
76
128
136
143
147
196
251
202
144
138
142
142
143
148
155
150
143
138
140
137
135
135
137
140
143
143
144
140
138
152
208
244
246
247
246
246
246
246
246
246
247
253
241
246
241
253
247
246
246
246
246
246
246
246
246
246
246
246
246
246
253
249
224
102
218
241
249
250
239
229
122
239
253
254
212
144
140
142
136
150
225
254
247
246
246
246
246
248
243
239
233
235
234
233
234
233
233
235
237
198
150
145
139
139
139
145
143
171
243
250
246
246
246
246
246
253
232
154
131
137
179
245
252
245
246
246
246
246
246
248
252
212
144
129
143
206
255
249
163
137
134
136
137
133
131
137
143
144
129
87
131
137
144
166
236
247
246
191
136
136
143
144
143
140
139
137
137
133
138
147
156
153
144
138
139
141
139
142
141
140
142
209
254
250
246
246
246
246
246
246
246
247
249
250
249
247
246
246
246
246
246
246
246
246
246
246
246
246
246
246
247
232
83
83
102
246
250
254
227
112
213
241
250
251
245
197
138
140
139
144
222
252
254
249
247
246
246
246
248
251
252
253
254
254
254
254
254
255
252
254
234
176
141
154
142
137
138
169
245
251
246
246
246
246
246
253
232
156
130
137
181
245
252
245
246
246
246
246
246
248
252
212
144
129
143
205
255
241
161
133
139
139
148
156
155
154
208
186
143
136
145
153
182
242
249
255
251
191
139
138
144
143
143
142
139
136
144
153
155
196
241
236
172
158
191
153
143
140
141
135
133
195
244
252
251
249
247
246
246
246
246
246
246
246
246
246
246
246
246
246
246
246
246
246
246
246
246
246
246
246
221
83
73
83
224
241
249
255
210
117
216
255
251
253
251
200
138
138
139
143
152
224
240
241
249
246
246
246
246
246
246
246
246
246
246
246
246
248
254
254
228
108
205
158
142
138
152
232
245
250
246
246
246
246
246
253
231
155
132
137
180
245
252
245
246
246
246
246
246
248
252
212
145
129
143
206
255
246
165
135
138
137
168
233
236
239
245
243
170
136
143
222
243
252
249
252
249
191
138
138
142
142
139
136
143
146
181
235
240
243
254
251
242
238
240
230
160
139
138
140
139
146
221
243
240
233
249
246
246
246
246
246
246
246
246
246
246
246
246
246
246
246
246
246
246
246
246
246
246
246
98
83
83
232
249
253
247
254
227
114
218
250
255
250
211
144
140
140
141
140
143
141
164
243
253
246
246
246
246
246
246
246
246
246
247
249
250
253
245
231
90
86
88
140
142
138
148
189
251
251
246
246
246
246
246
253
231
154
130
137
182
247
253
246
246
246
246
246
246
248
252
212
145
128
143
208
254
239
156
135
148
158
202
251
255
252
254
251
199
146
140
160
244
251
250
253
251
193
140
137
143
138
144
148
179
235
246
250
254
250
248
248
250
252
254
251
226
147
141
140
136
149
204
232
124
238
250
246
246
246
246
246
246
246
246
246
246
246
246
246
246
246
246
246
246
246
246
246
246
246
215
102
224
249
253
247
246
250
239
232
111
217
235
209
149
139
135
144
162
153
136
129
149
231
250
249
246
246
246
246
246
246
246
247
253
241
246
249
242
100
64
68
93
155
148
136
136
170
244
255
250
249
247
246
246
253
232
154
133
137
175
242
250
246
246
246
246
246
246
248
252
211
143
128
143
211
253
178
140
133
160
230
247
245
247
246
247
248
244
170
137
136
160
242
249
253
243
186
136
138
138
143
155
231
245
249
251
248
246
246
246
246
246
246
246
251
249
211
141
143
137
135
190
112
229
236
249
246
246
246
246
246
246
246
246
246
246
246
246
246
246
246
246
246
246
246
246
246
246
246
239
246
241
253
247
246
246
247
251
241
232
115
118
190
131
131
143
160
221
179
145
136
143
169
242
247
246
246
246
246
246
246
247
253
249
224
102
226
228
99
73
91
234
234
161
134
132
169
248
249
245
241
253
247
246
253
232
157
133
139
155
207
252
248
246
246
246
246
246
248
252
211
143
127
143
213
246
171
133
136
166
244
255
248
246
246
246
249
248
240
157
135
136
167
247
254
206
145
139
138
141
158
236
250
252
248
246
246
246
246
246
246
246
246
246
250
255
222
144
129
126
94
100
235
243
251
247
246
246
246
246
246
246
246
246
246
246
246
246
247
249
250
249
247
246
246
246
246
246
246
249
250
249
247
246
246
246
246
247
251
239
231
223
108
100
125
136
207
255
254
169
139
136
154
202
255
249
246
246
246
246
246
249
241
224
78
81
108
245
227
105
228
253
245
159
134
143
183
250
229
102
218
241
249
246
253
232
156
134
136
153
210
248
249
246
246
246
246
246
248
252
212
144
129
142
212
245
172
134
134
156
234
250
248
246
246
246
246
250
249
240
155
138
144
200
253
201
137
137
136
140
221
251
251
246
246
246
246
246
246
246
247
250
254
255
255
251
205
127
87
93
134
209
246
253
247
246
246
246
246
246
246
246
246
246
246
246
246
247
253
241
246
241
253
247
246
246
246
246
246
246
246
246
246
246
246
246
246
246
247
252
255
247
210
134
86
94
184
228
219
168
138
141
157
229
243
246
248
246
246
246
246
250
246
102
81
78
226
249
244
245
246
253
172
140
135
161
231
227
82
81
102
246
250
246
253
232
158
135
138
146
198
250
251
245
246
246
246
246
248
252
212
144
128
143
211
252
178
142
136
142
176
245
251
246
246
246
246
246
252
244
224
138
133
174
242
202
142
138
135
149
225
255
247
246
246
246
247
250
254
255
255
244
229
211
217
223
105
97
124
132
200
251
253
247
246
246
246
246
246
246
246
246
246
246
246
246
247
253
249
224
102
218
241
249
247
249
249
246
246
246
246
246
246
246
246
246
246
246
247
253
248
232
157
147
130
129
106
123
124
108
138
123
132
145
199
255
255
255
255
255
254
253
242
218
102
224
249
254
250
250
255
240
163
131
133
172
241
114
81
78
224
241
249
246
253
233
157
135
135
141
195
248
251
245
246
246
246
246
248
252
212
144
128
143
208
253
240
157
133
133
158
242
254
246
246
246
246
246
252
243
169
143
135
148
191
203
145
137
133
139
221
255
255
255
255
255
255
244
229
211
215
218
116
119
122
123
195
138
130
147
208
253
251
246
246
246
246
246
246
246
246
246
246
246
246
246
249
241
224
78
81
102
246
252
253
241
239
246
246
246
246
246
246
246
246
246
246
247
252
250
229
98
137
138
140
134
184
218
221
219
104
94
86
87
158
218
219
215
218
220
236
250
255
254
255
252
255
251
247
246
253
240
166
134
133
169
234
226
102
224
249
253
247
246
253
232
155
135
138
136
187
249
251
245
246
246
246
246
248
252
212
143
127
140
203
255
243
164
133
133
161
239
255
254
250
248
247
247
253
237
161
136
136
140
185
203
152
140
147
156
241
250
229
211
213
213
215
218
116
119
119
116
218
216
217
229
205
148
131
140
202
250
250
245
246
246
246
246
246
246
246
246
246
246
246
246
250
246
102
81
78
224
242
255
249
224
104
246
246
246
246
246
246
246
246
246
246
249
241
224
84
78
85
139
141
163
226
255
255
250
232
144
131
128
100
111
123
131
118
105
100
211
221
216
218
215
230
244
255
255
255
252
174
141
140
174
255
255
254
246
254
247
246
246
253
232
154
135
138
139
189
247
251
245
246
246
246
247
251
255
215
143
130
146
211
255
247
165
140
137
144
173
238
241
248
255
255
253
255
247
179
141
145
155
189
195
130
124
124
189
214
221
116
119
121
121
119
116
218
215
211
229
245
255
255
232
150
142
135
143
209
252
248
246
246
246
246
246
246
246
246
246
246
246
246
246
249
241
218
102
224
249
255
242
224
78
80
83
246
246
246
246
246
246
246
246
246
250
246
106
89
77
137
132
137
191
246
250
247
252
253
231
152
131
129
162
221
214
188
63
75
101
126
121
121
119
116
218
215
213
219
212
144
123
121
141
212
221
233
247
255
255
255
255
255
243
164
141
143
146
199
255
255
255
255
255
255
255
248
253
208
150
137
203
255
255
255
245
159
143
144
150
145
145
183
228
223
177
213
217
145
124
122
155
186
102
96
90
104
113
124
119
218
215
213
213
211
229
244
255
255
255
254
251
230
148
139
134
137
193
243
249
247
246
246
246
246
246
246
246
246
246
246
246
246
246
247
253
241
246
241
253
252
246
102
81
80
246
246
246
246
246
246
246
246
246
246
249
242
222
104
193
141
140
153
209
253
250
246
246
252
238
161
140
138
188
255
255
118
91
86
214
220
213
213
215
218
116
119
121
128
117
109
90
98
110
120
122
115
218
215
213
213
213
219
206
137
125
127
124
166
218
217
213
213
215
218
227
215
113
180
126
116
174
219
219
225
219
155
130
130
124
120
87
97
108
106
103
104
105
100
91
104
114
110
131
126
125
132
194
217
230
244
255
255
255
255
254
250
247
246
248
246
233
157
140
135
136
155
214
254
249
246
246
246
246
246
246
246
246
246
246
246
246
246
246
246
249
252
254
252
249
249
241
218
102
218
246
246
246
246
246
246
246
246
246
246
247
255
243
229
139
147
134
178
239
249
248
246
246
249
246
218
139
132
144
197
241
220
104
226
252
255
255
255
255
244
229
212
218
217
211
140
120
141
212
221
215
218
116
119
121
121
121
126
113
104
92
94
97
107
119
125
120
121
124
111
105
73
90
83
107
101
116
122
130
122
108
89
81
91
98
100
125
115
115
116
117
121
122
120
117
148
219
195
137
143
141
156
230
255
255
250
247
246
246
246
246
246
246
246
252
243
168
140
136
137
142
191
247
249
246
246
246
246
246
246
246
246
246
246
246
246
246
246
246
247
253
241
246
241
253
249
253
241
246
239
246
246
247
250
252
252
250
247
246
246
246
251
239
173
139
135
138
148
203
251
248
246
246
247
254
233
156
137
135
148
213
246
248
241
253
247
246
246
247
250
254
255
254
254
183
151
140
169
247
255
255
244
229
211
213
213
213
219
205
136
124
126
125
166
218
217
213
213
218
209
81
71
86
189
174
220
220
218
208
190
68
64
73
96
221
206
149
158
159
162
155
147
146
153
161
182
255
219
146
138
136
150
222
254
249
246
246
246
246
246
246
246
246
250
249
231
150
134
138
146
188
251
252
251
246
246
246
246
246
246
246
246
246
246
246
246
246
246
247
253
249
224
102
218
241
249
247
249
250
249
246
246
253
244
233
233
244
253
247
246
246
249
238
152
141
137
137
147
204
251
248
246
246
246
249
246
212
138
130
139
200
254
255
249
247
246
246
246
246
246
248
247
245
179
141
137
132
160
237
253
247
250
254
255
255
255
255
255
240
158
132
134
138
192
255
255
255
255
255
252
227
108
226
244
255
253
255
255
255
118
82
69
93
235
251
252
240
231
233
237
234
167
157
228
233
242
247
208
142
137
138
143
215
247
249
246
246
246
246
246
246
248
252
251
244
159
141
136
142
186
238
250
245
253
247
246
246
246
246
246
246
246
246
246
246
246
246
246
249
241
224
78
81
102
246
250
246
246
246
246
246
246
247
230
99
96
223
241
249
246
246
249
246
222
143
135
137
185
244
251
248
246
246
246
247
253
228
158
134
134
194
244
250
246
246
246
246
246
246
247
252
254
197
146
137
139
134
160
237
253
246
246
246
246
246
246
246
251
235
163
150
151
149
192
249
249
246
246
247
253
241
246
242
255
250
247
246
249
241
223
96
99
230
249
254
251
252
253
254
255
250
240
239
247
254
254
253
205
142
137
142
141
154
232
254
247
246
246
246
246
250
246
244
236
164
140
134
144
175
221
227
108
218
241
249
246
246
246
246
246
246
246
246
246
246
246
246
246
250
246
102
81
78
224
241
249
246
246
246
246
246
246
223
87
64
73
106
246
250
246
246
247
253
225
148
125
135
188
250
252
246
246
246
246
246
249
246
208
137
133
149
213
252
248
246
246
246
247
249
250
249
239
179
137
138
140
133
157
233
254
246
246
246
246
246
246
246
249
241
238
231
232
233
239
244
248
246
246
246
247
249
250
249
247
246
246
246
247
253
244
233
233
244
253
247
246
246
246
246
246
248
250
250
249
246
249
251
205
141
137
143
136
140
217
246
249
246
248
249
252
252
246
185
144
142
135
141
170
234
224
79
83
102
246
250
246
246
246
246
246
246
246
246
246
246
246
246
246
249
241
218
102
224
249
253
247
246
246
246
246
246
246
101
73
64
87
226
241
249
246
246
246
251
231
163
144
141
187
245
251
245
246
246
246
247
252
255
216
145
126
142
208
255
252
249
251
252
254
249
243
210
159
146
143
141
138
138
154
241
252
246
246
246
246
246
246
246
246
249
251
253
254
252
250
248
246
246
246
246
246
246
246
246
246
246
246
246
246
247
250
252
252
250
247
246
246
246
246
246
246
246
246
246
246
246
249
251
205
142
136
144
141
140
156
240
255
254
248
247
241
244
183
138
132
132
140
157
244
249
109
82
78
224
241
249
246
246
246
246
246
246
246
246
246
246
246
246
246
247
253
241
246
241
253
247
246
246
246
246
246
246
246
220
96
99
230
249
253
247
246
246
246
248
241
238
231
201
190
246
251
245
246
246
247
252
244
251
205
147
110
122
198
244
250
249
242
235
239
223
166
145
141
137
138
134
138
141
232
246
252
250
249
247
246
246
246
246
246
246
246
246
246
246
246
246
246
246
246
246
246
246
246
246
246
246
246
247
249
250
249
247
246
246
246
246
246
246
246
246
246
246
246
246
246
246
249
251
206
142
137
144
142
133
141
219
240
236
214
188
204
152
141
133
138
146
161
235
250
245
219
102
224
249
253
247
246
246
246
246
246
246
246
246
246
246
246
246
246
246
247
249
250
249
247
246
246
246
246
246
246
246
246
242
233
233
244
253
247
246
246
246
246
247
249
253
251
244
242
243
248
246
246
247
253
249
226
109
186
127
99
128
147
155
221
235
167
157
172
151
143
136
139
140
144
144
149
230
248
255
242
246
241
253
247
246
246
246
246
246
246
246
246
246
246
246
246
246
246
246
246
246
246
246
246
246
247
253
241
246
241
253
247
246
246
246
246
246
246
246
246
246
246
246
246
246
249
251
206
142
137
143
142
138
147
155
157
154
150
148
140
135
134
141
152
218
243
245
252
254
241
246
241
253
247
246
246
246
246
246
246
246
246
246
246
246
246
246
246
246
246
246
246
246
246
246
246
246
246
246
246
246
246
250
252
252
250
247
246
246
246
246
246
246
246
246
247
248
248
247
246
246
246
249
241
224
79
87
85
138
129
134
133
140
149
149
141
136
136
140
139
140
140
133
139
203
243
246
255
250
224
102
218
241
249
246
246
246
246
246
246
246
246
246
246
246
246
246
246
246
246
246
246
246
246
247
253
249
224
102
218
241
249
246
246
246
246
246
246
246
246
246
246
246
246
246
248
249
202
136
127
136
135
133
131
129
126
126
128
127
131
140
148
207
243
246
252
249
246
247
249
250
249
247
246
246
246
246
246
246
246
246
246
246
246
246
246
246
246
246
246
246
246
246
246
246
246
246
246
246
246
246
246
246
246
246
246
246
246
246
246
246
246
246
246
246
246
246
246
246
246
246
246
251
249
108
85
84
198
160
152
146
136
132
134
137
139
138
138
137
135
133
139
142
158
227
255
254
242
224
78
81
102
246
250
246
246
246
246
246
246
246
246
246
246
246
246
246
246
246
246
246
246
246
246
249
241
224
78
81
102
246
250
246
246
246
246
246
246
246
246
246
246
246
246
246
248
250
212
151
149
155
155
154
154
155
155
154
155
153
151
191
241
247
251
249
247
246
246
246
246
246
246
246
246
246
246
246
246
246
246
246
246
246
246
246
246
246
246
246
246
246
246
246
246
246
246
246
246
246
246
246
246
246
246
246
246
246
246
246
246
246
246
246
246
246
246
246
246
246
246
246
247
255
236
217
99
232
245
246
236
191
153
147
142
133
133
142
139
151
149
154
158
205
239
241
247
251
245
102
81
78
224
241
249
246
246
246
246
246
246
246
246
246
246
246
246
246
246
246
246
246
246
246
246
250
246
102
81
78
224
241
249
246
246
246
246
246
246
246
246
246
246
246
246
246
246
247
240
234
232
234
234
234
234
235
233
234
235
233
236
244
250
251
247
246
246
246
246
246
246
246
246
246
246
246
246
246
246
246
246
246
246
246
246
246
246
246
246
246
246
246
246
246
246
246
246
246
246
246
246
246
246
246
246
246
246
246
246
246
246
246
246
246
246
246
246
246
246
246
246
247
253
250
231
99
217
238
255
255
251
244
238
233
172
149
153
169
215
177
232
236
238
245
251
249
247
249
241
218
102
224
249
253
247
246
246
246
246
246
246
246
246
246
246
246
246
246
246
246
246
246
246
246
246
249
241
218
102
224
249
253
247
246
246
246
246
246
246
246
246
246
246
246
246
246
246
247
250
252
253
254
254
254
254
254
254
254
254
253
252
250
248
246
246
246
246
246
246
246
246
246
246
246
246
246
246
246
246
246
246
246
246
246
246
246
246
246
246
246
246
246
246
246
246
246
246
246
246
246
246
246
246
246
246
246
246
246
246
246
246
246
246
246
246
246
246
246
246
246
246
247
247
235
97
89
105
242
250
246
248
250
254
249
242
233
232
242
241
250
248
255
251
249
247
246
246
247
253
241
246
241
253
247
246
246
246
246
246
246
246
246
246
246
246
246
246
246
246
246
246
246
246
246
246
247
253
241
246
241
253
247
246
246
246
246
246
246
246
246
246
246
246
246
246
246
246
246
246
246
246
246
246
246
246
246
246
246
246
246
246
246
246
246
246
246
246
246
246
246
246
246
246
246
246
246
246
246
246
246
246
246
246
246
246
246
246
246
246
246
246
246
246
246
246
246
246
246
246
246
246
246
246
246
246
246
246
246
246
246
246
246
246
246
246
246
246
246
246
246
246
246
246
83
83
83
246
246
246
246
246
246
246
246
246
246
246
246
246
246
246
246
246
246
246
246
246
246
246
246
246
246
246
246
246
246
246
246
246
246
246
246
246
246
246
246
246
246
246
246
246
246
246
246
246
246
246
246
246
246
246
246
246
246
246
246
246
246
246
246
246
246
246
246
246
246
246
246
246
246
246
246
246
246
246
246
246
246
246
246
246
246
246
246
246
246
246
246
246
246
246
246
246
246
246
246
246
246
246
246
246
246
246
246
246
246
246
246
246
246
246
246
246
246
246
246
246
246
246
246
246
246
