248
248
248
248
248
248
248
248
248
248
248
248
248
248
248
248
248
248
248
248
248
248
248
248
248
248
248
248
248
248
248
248
248
248
248
248
248
248
248
248
248
248
248
248
248
248
248
50
50
50
248
248
248
248
248
248
248
248
248
248
248
248
248
248
248
248
248
248
248
248
248
248
248
248
248
248
248
248
248
248
248
248
248
248
248
248
248
248
248
248
248
248
248
248
248
248
248
248
248
248
248
248
248
248
248
248
248
248
248
248
248
248
248
248
248
248
248
248
248
248
248
248
248
248
248
248
248
248
248
248
248
248
248
248
248
248
248
248
248
248
248
248
248
248
248
248
248
248
248
248
248
248
248
248
248
248
248
248
248
248
248
248
248
248
248
248
248
248
248
248
248
248
248
248
248
248
248
248
248
248
248
248
248
248
248
248
248
248
249
254
241
247
241
254
249
249
249
226
97
226
249
249
248
248
248
248
248
248
248
248
248
248
248
248
248
248
248
248
248
248
248
248
248
248
248
248
248
248
248
248
248
248
248
248
248
248
248
248
248
248
248
248
248
248
248
248
248
248
248
248
248
248
248
248
248
248
248
248
248
248
248
248
248
248
248
248
248
248
248
248
248
248
248
248
248
248
248
248
248
248
248
248
248
248
248
248
248
248
248
248
248
248
248
248
248
248
248
248
248
248
248
248
248
248
248
248
248
248
248
248
248
248
248
248
248
248
248
248
248
248
248
248
248
248
248
248
248
248
248
248
248
248
248
248
248
248
248
249
254
250
220
75
212
241
250
249
254
241
247
241
254
249
249
250
252
250
249
248
248
248
248
248
248
248
248
248
248
248
248
248
248
248
248
248
248
248
248
249
250
251
250
249
249
248
248
248
248
248
248
248
248
248
248
248
248
248
248
248
248
248
248
248
248
248
248
248
248
248
248
248
248
248
248
248
248
248
248
248
248
248
248
248
248
248
248
248
248
248
248
248
248
248
248
248
248
248
248
248
248
248
248
248
248
248
248
248
248
248
248
248
248
248
248
248
248
248
248
248
248
248
248
248
248
248
248
248
248
248
248
248
248
248
248
248
248
248
248
248
248
248
248
248
248
248
248
248
248
250
241
220
45
49
75
247
252
248
249
250
252
250
249
249
254
241
247
241
254
249
248
248
248
248
248
248
249
250
251
252
252
252
251
250
249
248
248
248
249
247
243
237
241
245
250
248
248
248
248
248
248
248
248
248
248
248
248
248
248
248
248
248
248
248
248
248
248
248
248
248
248
248
248
248
248
248
248
248
248
248
248
248
248
248
248
248
248
248
248
248
248
248
248
248
248
248
248
248
248
248
248
248
248
248
248
248
248
248
248
248
248
248
248
248
248
248
248
248
248
248
248
248
248
248
248
248
248
248
248
248
248
248
248
248
248
248
248
248
248
248
248
248
248
248
248
248
248
248
248
252
247
75
49
45
220
243
252
251
252
252
252
252
253
255
251
221
75
212
241
250
248
248
248
248
248
249
248
244
240
239
239
237
239
243
247
249
248
248
250
250
215
177
185
237
250
248
248
248
248
248
248
248
248
248
248
248
248
248
248
248
248
248
248
248
248
248
248
248
248
248
248
249
250
252
250
249
248
248
248
248
248
248
248
248
248
248
248
248
248
248
248
248
248
248
248
248
248
248
248
248
248
248
248
248
248
248
248
248
248
248
248
248
248
250
250
249
248
248
248
248
248
248
248
248
248
248
248
248
248
248
248
248
248
248
248
248
248
248
248
248
248
248
248
248
248
248
248
248
248
250
241
212
75
220
252
255
247
240
238
239
239
239
241
237
221
50
52
77
248
252
248
248
248
248
248
250
249
218
185
180
181
178
178
212
250
250
248
248
251
248
205
160
170
233
251
248
248
248
248
248
248
248
248
248
248
248
248
248
248
248
248
248
248
248
248
248
248
248
248
248
249
254
241
247
241
255
252
252
250
249
248
248
248
248
248
248
248
248
248
248
248
248
248
248
248
248
248
248
248
248
248
248
248
248
248
248
248
248
248
248
248
248
248
239
241
254
249
248
248
248
248
248
248
248
248
248
248
248
248
248
248
248
248
248
248
248
248
248
248
248
248
248
248
248
248
248
248
248
248
249
254
242
248
245
255
251
212
178
180
181
181
182
188
187
77
53
52
221
245
250
248
248
248
248
248
251
247
204
167
165
167
160
163
204
248
251
248
248
251
250
208
162
174
234
252
248
248
248
248
248
248
248
248
248
248
248
248
248
248
248
248
248
248
248
248
248
248
248
248
249
254
250
220
75
215
250
245
248
243
255
252
251
250
249
248
248
248
248
248
248
248
248
248
248
248
248
248
248
248
248
248
248
248
248
248
248
248
248
248
248
248
248
248
73
212
241
250
248
248
248
248
248
248
248
248
248
248
248
248
248
248
248
248
249
250
251
252
251
250
249
248
248
248
248
248
249
250
251
252
251
250
252
253
249
246
216
172
167
166
167
165
167
175
163
140
35
156
236
255
249
248
248
248
248
248
251
248
205
170
166
168
169
173
211
246
251
248
248
251
250
210
165
176
235
252
248
248
248
248
248
248
248
248
248
248
248
248
248
248
248
248
248
248
248
248
248
248
248
248
250
241
220
45
51
85
250
227
79
213
238
241
241
246
250
249
248
248
248
248
248
248
248
248
248
248
248
248
248
248
248
248
248
248
248
248
248
248
248
248
248
248
248
50
55
75
247
252
248
248
248
248
248
248
248
248
248
248
248
248
248
248
248
248
248
243
240
235
241
243
249
248
248
248
248
249
249
245
240
237
247
252
255
250
221
183
175
173
171
170
169
171
174
170
161
54
52
82
243
255
248
248
248
248
248
248
251
248
204
168
170
167
205
218
214
248
250
248
248
251
250
210
165
178
236
252
249
248
248
248
248
248
248
248
248
248
248
248
248
248
248
248
248
248
248
248
248
248
248
248
252
247
76
50
51
219
220
55
50
67
183
184
181
225
247
249
248
248
248
248
248
248
248
248
248
248
248
248
248
248
248
248
248
248
248
248
248
248
248
248
248
248
248
50
65
220
241
250
248
248
248
248
248
248
248
248
248
249
249
249
249
248
248
249
251
224
179
174
183
234
250
248
248
248
248
250
249
233
169
172
190
235
241
241
181
168
169
171
171
168
171
169
174
168
62
47
41
167
235
254
248
248
248
248
248
248
251
247
203
163
171
231
246
245
246
246
249
248
248
251
250
209
166
174
232
249
250
248
248
248
248
248
248
248
248
248
248
248
248
248
248
248
248
248
248
248
248
248
248
248
250
241
215
76
225
246
81
48
41
152
166
169
166
179
231
251
248
248
248
248
248
248
248
248
248
248
248
248
248
248
248
248
248
248
248
248
248
248
248
248
248
248
248
50
234
250
254
249
248
248
248
248
248
248
248
248
250
250
247
246
246
249
248
250
251
220
170
161
183
235
250
248
248
248
249
249
240
179
173
165
149
71
177
173
175
168
173
179
190
188
191
211
188
178
157
66
150
188
245
253
248
248
248
248
249
250
254
254
209
168
178
239
254
250
249
249
248
248
248
251
250
210
166
169
190
244
250
249
248
248
248
248
248
248
248
248
248
248
248
248
248
248
248
248
248
248
248
248
248
248
250
255
248
250
220
181
152
59
152
172
178
178
170
173
227
252
249
248
248
248
248
248
248
248
248
248
248
248
248
248
248
248
248
248
248
248
248
248
248
248
248
248
248
248
249
254
249
248
248
248
248
248
248
248
248
250
248
243
220
211
249
251
248
250
249
220
168
171
224
249
250
248
248
248
250
246
194
173
166
155
44
45
60
174
189
175
178
208
251
243
244
244
244
237
191
166
161
191
241
252
248
248
248
249
254
241
249
245
252
190
175
235
252
249
250
252
250
249
248
251
250
209
168
161
177
226
249
249
248
248
248
248
248
248
248
248
248
248
248
248
248
248
248
248
248
248
248
248
248
248
250
249
249
229
180
175
167
181
190
186
183
169
167
168
232
252
249
248
248
248
248
248
248
248
248
248
248
248
248
248
248
248
248
248
248
248
248
248
248
248
248
248
248
248
249
249
248
248
248
248
248
248
248
248
249
244
234
180
170
201
243
250
250
251
239
190
164
172
224
251
250
248
248
248
250
241
185
169
171
65
49
44
152
184
228
214
68
212
246
254
251
252
254
226
183
182
169
186
240
252
248
248
249
254
250
220
77
218
238
193
181
236
253
254
241
247
241
254
249
251
250
210
169
165
169
197
245
250
248
248
248
248
248
248
248
248
248
248
248
248
248
248
248
248
248
248
248
248
248
250
250
241
186
172
172
181
175
231
243
243
181
152
62
150
205
246
250
248
248
248
248
248
248
248
248
248
248
248
248
248
248
248
248
248
248
248
248
248
248
248
248
248
248
248
248
248
248
248
248
248
248
248
248
248
249
247
178
173
165
172
216
251
252
249
226
170
167
176
227
252
249
248
248
248
250
247
197
178
168
152
62
156
181
195
220
52
54
79
249
252
248
248
246
244
237
196
165
184
240
252
248
248
250
241
220
45
50
77
221
182
179
238
255
250
220
75
212
241
250
251
250
209
169
167
168
185
242
252
248
248
248
248
248
248
248
248
248
248
248
248
248
248
248
248
248
248
248
248
249
249
244
194
172
171
185
215
218
77
226
225
162
39
45
66
188
246
251
248
248
248
248
248
248
248
248
248
248
248
248
248
248
248
248
248
248
248
248
248
248
248
248
248
248
248
248
248
248
248
248
248
248
248
248
248
250
251
239
182
171
172
200
241
253
243
187
165
169
214
245
249
248
248
248
248
249
249
238
182
176
167
173
175
235
246
74
51
45
220
241
250
248
248
249
253
251
203
165
182
239
252
248
248
252
247
75
49
45
224
224
185
177
240
248
220
45
49
75
247
252
251
250
208
170
168
168
194
244
252
248
248
248
248
248
248
249
250
251
252
252
250
249
249
248
248
248
248
248
248
249
246
191
170
168
189
232
222
47
52
83
242
81
46
42
152
217
248
252
252
250
249
248
248
248
248
248
248
248
248
248
248
248
248
248
248
248
248
248
248
248
248
248
248
248
248
248
248
248
248
248
248
248
248
248
249
255
250
228
170
169
178
182
220
247
237
178
167
182
227
253
250
248
248
248
248
249
254
242
191
172
174
176
222
254
248
216
76
220
250
254
249
248
248
248
251
247
200
164
182
240
252
248
248
250
242
213
77
223
254
252
192
180
242
253
78
51
46
220
241
250
251
250
210
170
167
169
191
242
251
249
250
252
252
252
252
252
247
241
239
238
243
248
250
250
248
248
248
248
250
251
217
181
167
175
213
253
83
50
45
227
239
207
67
147
176
207
254
245
248
241
254
249
248
248
248
248
248
248
248
248
248
248
248
248
248
248
248
248
248
248
248
248
248
248
248
248
248
248
248
248
248
248
248
249
254
250
230
69
60
155
170
173
187
234
209
178
164
198
239
249
250
248
248
248
248
249
250
237
182
171
169
178
224
253
255
241
247
241
254
249
248
248
248
248
251
247
202
164
183
240
252
248
248
249
254
242
245
243
255
253
195
181
241
249
211
74
222
253
255
249
251
250
209
170
167
169
185
231
254
251
245
239
238
240
240
241
216
183
181
182
189
227
246
247
250
248
248
248
250
247
211
174
174
177
242
238
225
77
220
253
255
227
176
162
183
239
251
222
75
212
241
250
248
248
248
248
248
248
248
248
248
248
248
248
248
248
248
248
248
248
248
248
248
248
248
248
248
248
248
248
248
248
248
250
241
222
57
31
36
65
173
172
183
225
200
170
171
172
216
253
248
248
248
248
248
250
248
200
175
172
167
172
218
251
251
250
252
250
249
248
248
248
248
248
252
249
202
166
184
240
252
248
248
248
250
253
236
209
242
240
191
176
230
245
210
205
234
252
250
248
251
250
208
169
167
170
183
227
248
245
201
179
181
182
183
180
174
168
167
166
171
182
193
228
250
250
248
248
251
249
206
175
172
169
76
228
237
250
241
255
254
227
178
171
227
243
224
45
49
75
247
252
248
248
248
248
248
248
248
248
248
248
248
248
248
248
248
248
248
248
248
248
248
248
248
248
248
248
248
248
248
248
248
252
247
80
39
29
57
166
170
171
180
221
188
169
164
197
242
248
248
248
248
248
248
251
242
192
170
173
167
172
218
251
250
248
248
248
248
248
248
248
248
248
251
244
196
162
184
240
252
248
248
248
248
251
226
181
176
182
175
174
177
195
206
182
178
229
250
248
251
249
209
169
169
171
176
199
220
179
170
168
167
166
166
164
163
165
172
172
172
169
171
186
232
248
250
248
251
248
204
164
153
42
52
80
251
255
251
252
250
221
168
205
253
251
77
49
45
220
241
250
248
248
248
248
248
248
248
248
248
248
248
248
248
248
248
248
248
248
248
248
248
248
248
248
248
248
248
248
248
248
248
250
241
218
65
71
228
229
187
172
176
176
176
168
180
223
251
251
248
248
248
248
248
251
243
185
171
174
167
168
216
251
250
248
248
248
248
248
248
248
248
250
250
220
179
164
184
240
252
248
248
248
248
251
225
170
160
169
168
170
170
174
174
166
170
221
251
249
250
250
221
181
171
171
170
176
174
172
169
170
171
166
171
176
185
179
175
169
170
170
171
172
190
239
252
249
251
248
208
168
61
45
47
216
246
255
253
251
236
177
175
217
255
249
214
76
220
250
254
249
248
248
248
248
248
248
248
248
248
248
248
248
248
248
248
248
248
248
248
248
248
248
248
248
248
248
248
248
248
248
248
249
254
245
233
233
250
255
215
171
170
171
169
171
201
247
249
248
248
248
248
248
248
251
242
195
168
172
168
174
222
251
250
248
248
248
248
248
248
248
248
250
249
212
173
163
185
240
252
248
248
248
248
250
234
184
169
172
171
175
171
171
170
164
174
225
250
249
248
250
239
196
171
171
172
172
170
171
171
173
176
176
181
239
243
239
195
178
175
173
169
168
174
228
248
249
251
251
216
173
148
62
159
206
250
243
240
237
186
171
174
212
244
254
243
250
242
254
249
248
248
248
248
248
248
248
248
248
248
248
248
248
248
248
248
248
248
248
248
248
248
248
248
248
248
248
248
248
248
248
248
248
249
252
254
254
254
252
216
172
168
171
167
182
229
250
249
248
248
248
248
248
248
251
243
194
168
169
170
207
245
250
248
248
248
248
248
248
248
248
248
251
248
212
173
163
182
238
252
249
250
252
251
250
246
243
203
179
208
184
178
184
184
173
176
226
251
249
248
251
247
204
171
171
173
175
171
174
177
182
218
237
245
249
254
249
245
238
219
184
176
172
173
181
226
248
251
250
246
202
166
169
169
184
183
182
180
180
176
169
173
178
183
204
243
252
253
250
248
248
248
248
248
248
248
248
248
248
248
248
248
248
248
248
248
248
248
248
248
248
248
248
248
248
248
248
248
248
248
248
248
248
248
248
248
248
250
251
218
175
171
169
172
196
249
251
248
248
248
248
248
248
248
251
243
182
169
170
172
211
251
251
248
248
248
248
248
248
248
248
248
251
250
212
172
168
188
245
252
254
241
247
242
255
251
250
244
248
237
188
182
231
234
208
201
237
250
248
248
251
248
203
168
169
173
171
172
174
218
245
248
251
251
249
249
249
251
251
249
243
206
170
168
171
183
241
249
252
249
230
183
173
171
171
167
166
167
169
172
171
171
169
170
172
183
241
250
250
249
248
248
248
248
248
248
248
248
248
248
248
248
248
248
248
248
248
248
248
248
248
248
248
248
248
248
248
248
248
248
248
248
248
248
248
248
248
249
251
244
205
170
169
178
238
248
251
248
248
248
248
248
248
248
252
243
189
168
170
171
209
249
251
248
248
248
248
248
248
248
248
248
249
246
204
165
173
233
250
255
250
220
75
212
241
250
249
250
255
245
188
184
243
254
245
245
246
250
248
248
250
250
205
174
169
171
172
174
215
250
252
250
249
248
248
248
248
248
249
252
253
220
176
168
167
171
193
247
252
250
247
223
183
175
173
169
171
171
169
168
167
168
170
171
168
172
183
227
245
247
249
248
248
248
248
248
248
248
248
248
248
248
248
248
248
248
248
248
248
248
248
248
248
248
248
248
248
248
248
248
248
248
248
248
248
248
248
249
252
241
197
171
173
177
194
248
251
249
248
248
248
248
248
249
249
240
182
167
169
171
209
249
251
248
248
248
248
248
248
248
248
250
251
218
175
165
181
238
255
243
220
45
49
75
247
252
248
248
252
242
182
181
241
253
250
250
249
248
248
248
249
249
242
190
167
168
168
200
246
251
249
248
248
248
248
248
248
248
248
248
249
247
205
173
169
166
192
245
252
249
249
247
245
226
181
176
171
173
179
183
182
181
174
168
169
170
171
175
211
250
250
248
248
248
248
248
248
248
248
248
248
248
248
248
248
248
248
248
248
248
248
248
248
248
248
248
248
248
248
248
248
248
248
248
248
248
248
250
247
214
171
170
169
169
172
203
245
248
249
248
248
248
248
250
249
196
172
173
169
170
209
250
251
248
248
248
248
248
248
248
248
250
250
212
168
162
182
235
255
248
75
49
45
220
241
250
248
248
252
242
182
175
225
251
250
248
248
248
248
248
248
252
248
202
172
165
169
206
250
252
248
248
248
248
248
248
248
248
248
248
249
250
243
193
168
167
190
242
250
249
249
250
252
249
234
190
170
179
233
241
241
241
205
172
173
172
168
170
206
246
251
248
248
248
248
248
248
248
248
248
248
248
248
248
248
248
248
248
248
248
248
248
248
248
248
248
248
248
248
248
248
248
248
248
248
248
249
252
228
177
167
175
176
177
170
171
205
252
251
248
248
248
248
251
244
192
167
173
168
167
206
249
251
248
248
248
248
248
248
248
248
251
250
214
169
161
180
234
254
243
212
75
220
250
254
249
248
248
250
245
194
169
188
244
249
249
248
248
248
248
248
249
250
221
179
164
171
207
249
251
248
248
248
248
248
248
248
248
248
248
248
252
251
202
174
167
175
206
252
251
248
248
250
245
209
172
174
225
251
254
252
250
248
241
190
173
168
168
202
249
251
248
248
248
248
248
248
248
248
248
248
248
248
248
248
248
248
248
248
248
248
248
248
248
248
248
248
248
248
248
248
248
248
248
248
248
251
250
221
169
166
182
222
186
167
165
201
245
251
249
248
248
248
252
245
194
168
171
171
173
212
251
250
248
248
248
248
248
248
248
248
251
252
215
170
168
184
239
252
254
241
247
241
254
249
248
248
248
249
249
221
173
168
203
249
250
248
248
248
248
248
248
251
241
185
164
169
194
234
251
248
248
248
248
248
248
248
248
248
248
248
249
250
239
186
166
166
194
243
250
248
249
251
228
175
163
175
228
251
249
248
249
251
251
245
186
170
167
203
246
250
248
248
248
248
248
248
248
248
248
248
248
248
248
248
248
248
248
248
248
248
248
248
248
248
248
248
248
248
248
248
248
248
248
248
250
248
234
181
171
170
209
235
190
169
172
168
211
246
249
248
248
248
252
243
193
168
170
169
198
244
250
248
248
248
248
248
248
248
248
248
250
246
212
166
170
227
249
250
249
250
252
250
249
248
248
248
248
249
251
239
180
161
196
247
251
248
248
248
248
248
248
252
241
188
168
169
173
214
251
250
248
248
248
248
248
248
248
248
248
248
249
254
247
193
167
168
173
211
250
250
249
252
227
175
166
184
233
252
248
248
248
248
250
251
238
176
168
195
237
252
248
248
248
248
248
248
248
248
248
248
248
248
248
248
248
248
248
248
248
248
248
248
248
248
248
248
248
248
248
248
248
248
248
249
249
240
182
170
168
179
231
247
195
174
169
172
171
224
252
249
248
248
253
243
182
163
169
173
206
251
252
248
248
248
248
248
248
248
248
248
251
227
176
166
179
233
253
249
248
248
248
248
248
248
248
248
248
248
252
240
182
165
206
252
254
249
248
248
248
248
248
252
241
188
169
167
176
217
250
250
248
248
248
248
248
248
248
248
248
248
249
250
240
186
166
166
173
212
250
250
250
246
223
166
168
216
247
249
248
248
248
248
250
250
237
175
165
202
245
250
248
248
248
248
248
248
248
248
248
248
248
248
248
248
248
248
248
248
248
248
248
248
248
248
248
248
248
248
248
248
248
248
248
250
249
215
175
165
169
199
242
252
233
176
169
169
175
224
250
250
248
248
253
244
182
162
168
175
211
249
251
248
248
248
248
248
248
248
248
250
250
223
179
157
178
228
255
250
248
248
248
248
248
248
248
248
248
248
252
239
181
173
194
246
246
254
249
248
248
248
248
251
240
186
167
169
175
217
250
250
248
248
248
248
248
248
248
248
248
248
249
247
197
173
167
168
197
244
250
250
251
235
171
167
171
219
252
250
248
248
248
248
250
246
188
169
172
209
251
250
248
248
248
248
248
248
248
248
248
248
248
248
248
248
248
248
248
248
248
248
248
248
248
248
248
248
248
248
248
248
248
248
249
250
242
194
171
168
172
216
250
254
241
183
171
169
172
192
238
249
249
248
253
246
196
168
170
177
213
249
250
248
248
248
248
248
248
248
248
250
252
233
181
147
65
203
244
250
248
248
248
248
248
248
248
248
248
248
252
241
188
169
175
73
217
241
250
248
248
248
248
250
247
191
173
167
174
217
251
251
248
248
248
248
248
248
248
248
248
248
251
233
189
167
169
170
202
249
252
248
252
229
175
160
176
220
251
250
248
248
248
248
252
241
183
163
192
244
250
248
248
248
248
248
248
248
248
248
248
248
248
248
248
248
248
248
248
248
248
248
248
248
248
248
249
252
255
255
255
255
255
255
255
255
208
186
182
186
223
255
255
255
255
227
185
180
182
176
206
247
251
249
250
241
191
170
171
175
211
249
251
248
248
248
248
248
248
248
248
250
253
226
163
37
50
78
250
252
248
248
248
248
248
248
248
248
248
248
252
243
182
150
41
51
78
247
252
248
249
250
252
252
248
232
173
166
170
211
246
250
248
248
248
248
248
248
248
248
248
248
251
244
196
169
169
173
207
246
251
248
252
234
181
162
174
221
254
255
255
255
255
255
255
251
192
180
218
255
255
255
255
255
255
255
255
255
252
249
248
248
248
248
248
248
248
248
248
248
248
248
248
248
248
248
250
234
221
204
207
207
208
211
214
177
150
144
141
166
206
211
210
209
211
195
145
143
145
145
171
240
255
255
255
211
179
181
180
183
217
255
255
255
255
255
255
255
255
255
255
255
255
235
77
57
65
239
255
255
255
255
255
255
255
255
255
255
255
255
255
253
199
68
58
64
236
255
255
255
255
247
250
250
255
223
190
178
181
191
240
255
255
255
255
255
255
255
255
255
255
255
255
255
210
181
180
186
221
255
255
255
255
249
194
174
183
235
248
229
205
207
208
211
213
169
148
142
168
209
211
207
207
207
207
207
204
221
234
250
248
248
248
248
248
249
250
252
250
249
248
248
248
248
248
248
252
239
103
91
96
96
98
96
89
81
74
74
81
91
98
99
96
96
99
93
84
77
76
75
81
207
215
212
208
162
137
146
145
141
168
209
210
207
207
207
207
207
207
207
208
213
205
152
126
38
171
212
219
209
207
207
207
207
207
207
207
207
207
209
216
210
139
120
37
163
213
219
210
212
224
208
83
201
216
189
148
142
143
148
179
209
211
207
207
207
207
207
207
207
207
209
214
212
171
146
140
145
180
209
210
208
213
199
150
140
146
189
221
97
99
100
103
99
92
79
74
80
89
96
98
96
96
96
96
96
91
103
239
252
248
248
248
248
249
254
241
247
241
254
249
248
248
248
248
248
250
234
221
204
207
207
210
210
175
142
140
147
167
212
211
208
207
207
210
213
194
150
146
145
158
84
96
103
94
86
76
75
77
81
89
97
98
96
96
96
96
96
96
96
98
93
86
83
69
81
86
104
100
96
96
96
96
96
96
96
96
96
98
105
93
93
86
81
80
84
102
100
99
85
77
36
60
68
107
92
84
76
77
77
84
92
97
96
96
96
96
96
96
96
98
97
94
87
81
76
80
86
94
96
97
96
98
90
83
73
76
86
98
211
211
204
219
208
163
141
148
174
212
211
208
207
207
207
207
207
204
221
234
250
248
248
248
249
254
250
220
75
212
241
250
248
248
248
248
248
249
252
255
255
255
255
255
255
219
177
177
194
252
255
255
255
255
255
255
255
255
225
184
185
166
162
200
212
212
169
144
145
147
167
211
213
208
207
207
207
207
207
207
207
212
200
147
141
145
148
189
212
209
207
207
207
207
207
207
207
207
209
217
212
182
42
170
147
148
179
212
210
212
204
49
34
53
208
220
203
157
142
146
145
152
195
213
209
207
207
207
207
207
209
211
210
178
142
142
143
162
208
214
208
207
207
212
206
164
144
142
146
209
219
101
238
231
196
182
188
200
253
255
255
255
255
255
255
255
255
255
255
252
249
248
248
248
250
241
220
45
49
75
247
252
249
249
248
248
248
248
248
248
248
248
248
250
250
213
179
183
237
250
250
248
248
248
248
248
249
251
246
202
172
173
183
208
255
255
214
180
179
181
213
255
255
255
255
255
255
255
255
255
255
255
250
189
175
181
191
240
255
255
255
255
255
255
255
255
255
255
255
255
238
63
70
80
190
183
225
255
255
255
254
224
81
224
254
255
248
181
176
181
181
200
248
255
255
255
255
255
255
255
255
255
247
201
183
180
188
211
255
255
255
255
255
255
255
242
191
185
183
172
56
61
70
159
64
146
172
239
249
250
248
248
248
248
248
248
248
248
248
248
248
248
248
248
252
247
75
49
45
220
241
252
254
249
248
248
248
248
248
248
248
248
248
249
247
243
238
242
247
250
248
248
248
248
248
248
248
251
248
204
167
163
162
189
246
252
206
172
170
170
197
247
252
248
248
248
248
248
248
248
248
252
237
183
164
170
211
246
250
248
248
248
248
248
248
248
248
248
252
247
75
49
51
208
171
167
208
249
250
249
254
241
247
241
254
252
237
173
169
171
169
191
235
251
248
248
248
248
248
250
251
235
182
173
171
176
195
241
248
249
248
248
248
248
249
246
245
209
170
56
42
34
133
34
46
68
230
251
250
248
248
248
248
248
248
248
248
248
248
248
248
248
248
248
250
241
212
75
220
250
255
255
250
234
50
248
248
248
248
248
248
248
248
248
249
250
251
250
249
248
248
248
248
248
248
248
248
250
248
210
178
178
180
202
251
251
201
164
162
165
196
243
251
248
248
248
248
248
248
248
248
251
237
185
163
172
215
251
251
248
248
248
248
248
248
248
248
248
250
241
212
76
225
237
189
164
195
238
251
248
249
250
252
250
249
250
247
232
176
171
168
183
234
252
249
248
248
249
251
249
246
209
173
166
173
203
242
250
250
248
248
248
248
248
249
250
252
246
196
150
72
161
70
58
50
208
245
252
249
248
248
248
248
248
248
248
248
248
248
248
248
248
248
248
249
254
241
247
241
254
253
245
228
72
50
248
248
248
248
248
248
248
248
248
248
248
248
248
248
248
248
248
248
248
248
248
248
249
247
243
239
237
239
242
250
250
209
180
178
180
200
247
251
249
250
252
250
249
248
248
248
253
239
183
162
169
214
250
251
248
248
248
248
248
248
248
248
248
249
254
241
248
247
249
188
168
174
222
250
250
248
248
248
248
248
249
252
243
202
169
166
173
226
249
250
250
252
250
247
238
193
174
166
163
174
228
251
250
248
248
248
248
248
248
248
248
249
249
250
233
206
219
220
81
219
250
253
250
248
248
248
248
248
248
248
248
248
248
248
248
248
248
248
248
248
249
250
252
250
250
255
242
79
43
50
248
248
248
248
248
248
248
248
248
248
248
248
248
248
248
248
248
248
248
248
248
248
248
249
250
251
252
252
250
250
247
244
239
237
238
243
246
250
254
241
247
241
254
249
248
249
246
230
171
156
165
209
248
251
248
248
248
248
248
248
248
248
248
248
249
250
252
252
250
225
168
169
218
250
250
248
248
248
248
248
248
251
245
205
172
166
172
185
244
254
248
244
239
202
175
169
171
176
167
204
247
250
248
248
248
248
248
248
248
248
248
248
249
252
251
252
255
245
249
242
255
249
248
248
248
248
248
248
248
248
248
248
248
248
248
248
248
248
248
248
248
248
248
248
250
245
206
41
31
50
248
248
248
248
248
248
248
248
248
248
248
248
248
248
248
248
248
248
248
249
250
252
250
249
248
248
248
248
248
248
249
250
251
252
252
250
250
254
250
220
75
212
241
250
248
249
248
193
181
176
177
216
250
250
248
248
248
248
248
248
248
248
248
248
248
248
248
249
253
228
171
167
219
251
250
248
248
248
248
248
248
250
247
214
172
166
167
177
230
245
223
183
178
171
166
171
194
236
241
242
248
249
248
248
248
248
248
248
248
248
248
248
248
248
249
249
250
251
252
250
249
248
248
248
248
248
248
248
248
248
248
248
248
248
248
248
248
248
248
248
248
248
248
248
252
249
80
57
53
248
248
248
248
248
248
248
248
248
248
248
248
248
248
248
248
248
248
248
249
254
241
247
241
254
249
248
248
248
248
248
248
248
248
248
248
248
250
241
220
45
49
75
247
252
248
249
244
240
236
237
239
243
248
248
248
248
248
248
248
248
248
248
248
248
248
248
248
249
251
225
166
162
215
250
250
248
248
248
248
248
248
250
246
211
175
169
169
176
182
183
176
168
165
171
183
233
247
249
252
250
249
248
248
248
248
248
248
248
248
248
248
248
248
248
248
248
248
248
248
248
248
248
248
248
248
248
248
248
248
248
248
248
248
248
248
248
248
248
248
248
248
248
248
248
250
241
212
75
212
248
248
248
248
248
248
248
248
248
248
248
248
248
248
248
248
248
248
249
254
250
220
75
212
241
250
248
248
248
248
248
248
248
248
248
248
248
252
247
75
49
45
220
241
250
248
248
249
250
252
252
251
250
249
248
248
248
248
248
248
248
248
248
248
248
248
248
248
248
251
231
181
176
222
251
250
248
248
248
248
248
248
250
243
206
169
165
167
166
163
161
165
170
178
222
245
248
252
249
248
248
248
248
248
248
248
248
248
248
248
248
248
248
248
248
248
248
248
248
248
248
248
248
248
248
248
248
248
248
248
248
248
248
248
248
248
248
248
248
248
248
248
248
248
248
249
254
241
247
239
248
248
248
248
248
248
248
248
248
248
248
248
248
248
248
248
248
248
250
241
220
45
49
75
247
252
248
248
248
248
248
248
248
248
248
248
248
250
241
212
75
220
250
254
249
248
248
248
248
248
248
248
248
248
248
248
248
248
248
248
248
248
248
248
248
248
248
248
248
248
244
238
237
244
248
248
248
248
248
248
248
248
250
245
215
182
180
182
182
180
182
179
205
244
249
251
250
248
248
248
248
248
248
248
248
248
248
248
248
248
248
248
248
248
248
248
248
248
248
248
248
248
248
248
248
248
248
248
248
248
248
248
248
248
248
248
248
248
248
248
248
248
248
248
248
248
249
250
252
250
248
248
248
248
248
248
248
248
248
248
248
248
248
248
248
248
248
248
252
247
75
49
45
220
241
250
248
248
248
248
248
248
248
248
248
248
248
249
254
241
247
241
254
249
248
248
248
248
248
248
248
248
248
248
248
248
248
248
248
248
248
248
248
248
248
248
248
248
248
249
250
251
251
250
249
248
248
248
248
248
248
248
249
247
243
239
238
240
240
240
238
240
246
250
250
249
248
248
248
248
248
248
248
248
248
248
248
248
248
248
248
248
248
248
248
248
248
248
248
248
248
248
248
248
248
248
248
248
248
248
248
248
248
249
250
252
250
249
248
248
248
248
248
248
248
248
248
248
248
248
248
248
248
248
248
248
248
248
248
248
248
248
248
248
248
248
248
248
250
241
212
75
220
250
254
249
248
248
248
248
248
248
248
248
248
248
248
248
249
250
252
250
249
248
248
248
248
248
248
248
248
248
248
248
248
248
248
248
248
248
248
248
248
248
248
248
248
248
248
248
248
248
248
248
248
248
248
248
248
248
248
248
248
249
250
251
252
252
252
252
252
251
250
249
248
248
248
248
248
248
248
248
248
248
248
248
248
248
248
248
248
248
248
248
248
248
248
248
248
248
248
248
248
248
248
248
248
248
248
248
248
248
249
254
241
247
241
254
249
248
248
248
248
248
248
248
248
248
248
248
248
248
248
248
248
248
248
248
248
248
248
248
248
248
248
248
248
248
249
254
241
247
241
254
249
248
248
248
248
248
248
248
248
248
248
248
248
248
248
248
248
248
248
248
248
248
248
248
248
248
248
248
248
248
248
248
248
248
248
248
248
248
248
248
248
248
248
248
248
248
248
248
248
248
248
248
248
248
248
248
248
248
248
248
248
248
248
248
248
248
248
248
248
248
248
248
248
248
248
248
248
248
248
248
248
248
248
248
248
248
248
248
248
248
248
248
248
248
248
248
248
248
248
248
248
248
248
248
248
248
248
248
249
249
226
97
226
249
249
248
248
248
248
248
248
248
248
248
248
248
248
248
248
248
248
248
248
248
248
248
248
248
248
248
248
248
248
248
248
248
248
248
248
248
248
248
248
248
248
248
248
248
248
248
248
248
248
248
248
248
248
248
248
248
248
248
248
248
248
248
248
248
248
248
248
248
248
248
248
248
248
248
248
248
248
248
248
248
248
248
248
248
248
248
248
248
248
248
248
248
248
248
248
248
248
248
248
248
248
248
248
248
248
248
248
248
248
248
248
248
248
248
248
248
248
248
248
248
248
248
248
248
248
248
248
248
248
248
248
248
248
248
248
248
248
248
248
248
248
248
248
248
248
248
50
50
50
248
248
248
248
248
248
248
248
248
248
248
248
248
248
