251
53
53
53
251
251
251
251
251
251
251
251
251
251
251
251
251
251
251
251
251
251
251
251
251
251
251
251
251
251
251
251
251
251
251
251
251
251
251
251
251
251
251
251
251
251
251
251
53
53
53
251
251
251
251
251
251
251
251
251
251
251
251
174
173
177
251
251
251
251
251
251
251
251
251
251
251
251
251
251
251
251
251
251
251
251
251
251
251
251
251
251
251
53
53
53
251
251
251
251
251
251
251
251
251
251
251
251
53
53
53
251
251
251
251
251
251
53
53
53
251
251
251
251
251
251
53
251
251
251
251
251
251
251
251
251
251
251
251
251
251
251
251
251
251
251
251
251
251
251
53
61
69
238
252
252
251
251
251
251
251
251
251
251
251
251
251
251
251
251
251
251
251
251
251
251
251
251
251
251
251
251
251
251
251
251
251
251
251
251
251
251
251
251
251
251
252
252
230
98
230
252
252
251
251
251
251
251
251
251
251
253
243
182
164
183
244
253
252
251
251
251
251
251
251
251
252
250
245
246
252
253
252
252
251
251
251
251
251
251
251
252
252
230
98
230
252
252
251
251
251
251
251
251
251
253
244
75
58
69
238
252
252
251
253
244
75
58
69
238
252
252
253
244
217
49
49
79
244
253
251
251
251
251
251
251
251
251
251
251
251
251
251
251
251
251
251
251
251
251
251
79
225
253
254
252
251
251
251
251
251
251
251
251
251
251
251
251
252
252
253
253
253
252
252
251
251
251
251
251
251
251
251
251
251
251
251
251
251
251
251
251
251
251
251
251
252
254
246
251
246
254
252
251
251
251
251
251
251
251
251
253
240
178
159
176
239
252
252
251
251
251
251
251
251
252
252
244
182
182
237
247
247
252
251
251
251
251
251
251
251
252
254
246
251
246
254
252
251
251
251
251
251
251
251
253
246
217
78
225
253
254
252
251
253
246
217
78
225
253
254
252
253
251
78
52
48
225
246
253
251
251
251
251
251
251
251
251
251
251
251
251
251
251
251
251
251
251
251
251
251
244
246
254
252
251
251
251
251
251
251
251
251
251
251
251
251
252
252
248
242
238
244
247
252
251
251
251
251
251
251
251
251
251
251
251
251
251
251
251
251
251
251
251
251
251
251
252
253
253
253
252
251
251
251
251
251
251
251
251
251
253
247
183
167
170
191
250
253
252
251
251
251
251
251
253
247
194
166
170
172
182
245
253
251
251
251
251
251
251
251
251
252
253
253
253
252
251
251
251
251
251
251
251
251
252
254
246
251
246
254
252
251
251
252
254
246
251
246
254
252
251
253
246
217
78
225
253
254
252
251
251
251
251
251
251
251
251
251
251
251
251
251
251
251
251
251
251
251
251
251
253
253
252
251
251
251
251
251
251
251
251
251
251
251
251
251
253
250
215
178
181
190
251
252
251
251
251
251
251
251
251
251
251
251
251
251
251
251
251
251
251
251
251
251
251
251
251
251
251
251
251
251
251
251
251
251
251
251
251
251
252
251
239
173
162
170
237
251
252
251
251
251
251
251
253
241
174
164
170
162
181
240
253
251
251
251
251
251
251
251
251
251
251
251
251
251
251
251
251
251
251
251
251
251
251
252
253
253
253
252
251
251
251
251
252
253
253
253
252
251
251
252
254
246
251
246
254
252
251
251
251
251
251
251
251
251
251
251
251
251
251
251
251
251
251
251
251
251
251
251
251
251
251
251
251
251
251
251
251
251
251
251
251
251
251
252
250
238
171
161
169
235
251
252
251
251
251
251
251
251
251
251
251
251
251
251
251
251
251
251
251
251
251
251
251
251
251
251
251
251
251
251
251
251
251
251
251
251
251
251
252
253
251
198
170
168
174
248
253
251
251
251
251
251
253
242
180
164
173
167
187
243
253
251
251
251
251
251
251
251
251
251
251
251
251
251
251
251
251
251
251
251
251
251
251
251
251
251
251
251
251
251
251
251
251
251
251
251
251
251
251
251
252
253
253
253
252
251
251
251
251
251
251
251
251
251
251
251
251
251
251
251
251
251
251
251
251
251
251
251
251
251
251
251
251
251
251
251
251
251
251
251
251
251
251
253
245
167
166
165
183
244
254
252
251
251
251
251
251
251
251
251
251
251
251
251
251
251
251
251
251
251
251
251
251
251
251
251
251
251
251
251
251
251
251
251
251
251
251
251
251
252
252
242
180
161
175
238
252
252
251
251
251
251
254
243
181
165
172
166
181
243
253
251
251
251
251
251
251
251
251
251
251
251
251
251
251
252
252
252
253
252
252
251
251
251
251
251
251
251
251
251
251
251
251
251
251
251
251
251
251
251
251
251
251
251
251
251
251
251
251
251
251
251
251
251
251
251
251
251
251
251
251
251
251
251
251
251
251
251
251
251
251
251
251
251
251
251
251
251
251
251
251
251
251
253
237
167
159
167
183
242
253
251
251
251
251
251
251
251
252
252
253
253
253
252
252
251
251
251
251
251
251
251
251
251
251
251
251
251
251
251
251
251
251
251
251
251
251
251
251
251
253
243
186
163
171
198
248
253
251
251
251
251
253
242
181
164
169
168
187
246
253
251
251
251
251
251
251
251
252
252
252
252
252
253
253
254
251
251
240
249
250
253
252
251
251
251
251
251
251
251
251
251
251
251
251
251
251
251
251
251
251
251
251
251
251
251
251
251
251
251
251
251
251
251
251
251
251
251
251
251
251
251
251
251
251
251
251
251
251
251
251
251
251
251
251
251
251
251
251
251
251
251
251
254
241
179
161
174
197
249
253
251
251
251
251
251
251
251
252
249
245
239
243
248
252
252
251
251
251
251
251
251
251
251
251
251
251
251
252
253
253
253
252
251
251
251
251
251
251
251
253
248
186
169
165
183
244
254
252
251
251
251
253
244
182
166
167
175
217
251
252
251
251
251
251
251
251
252
253
249
252
252
252
248
240
245
239
189
201
170
236
250
250
252
251
251
251
251
251
251
251
251
251
251
251
251
251
251
251
251
251
251
252
252
252
252
253
253
253
252
251
251
251
251
251
251
251
251
251
251
251
251
251
251
251
251
251
251
251
251
251
251
251
251
251
251
251
251
251
251
251
251
251
254
242
177
161
177
240
252
252
251
251
251
252
253
253
253
253
245
188
175
182
217
249
252
251
251
251
251
252
252
252
252
252
251
251
252
254
246
251
246
254
252
251
251
251
251
251
251
252
252
238
175
163
178
241
252
253
252
251
251
252
250
209
174
163
179
240
253
252
251
251
251
251
251
252
253
252
241
187
239
241
183
180
182
175
174
164
173
170
207
249
253
251
251
251
251
251
251
251
251
251
251
251
251
251
251
251
252
253
254
255
252
253
247
250
242
249
251
252
251
251
251
251
251
251
251
251
251
251
251
251
251
251
251
251
251
251
251
251
251
251
251
251
251
251
251
251
251
251
251
251
254
245
184
159
181
244
254
251
251
251
252
254
246
251
246
255
243
179
160
162
188
245
253
251
251
251
251
252
247
250
250
253
252
252
254
253
225
78
217
246
253
251
251
251
251
251
251
251
253
246
185
167
172
179
245
251
252
251
251
252
253
244
181
169
189
250
253
251
251
251
251
251
251
252
252
245
177
174
174
173
165
158
160
161
165
166
169
166
175
240
252
252
251
251
251
251
251
251
251
251
251
251
251
251
252
252
252
252
238
244
233
195
236
192
182
186
241
249
252
251
251
251
251
251
251
251
251
251
251
251
251
251
251
251
251
253
253
253
252
251
251
251
251
251
251
251
251
251
251
252
251
238
175
161
182
242
253
251
251
252
254
253
225
78
217
251
248
185
165
164
181
242
253
251
251
251
251
253
245
193
232
248
249
253
246
225
48
52
78
251
253
251
251
251
251
251
251
251
252
250
209
173
165
169
182
247
253
251
251
252
252
242
174
168
236
249
253
251
251
251
251
251
252
252
247
188
169
164
172
174
179
180
184
189
180
174
169
167
172
199
251
253
252
251
251
251
251
251
251
251
251
251
251
252
253
252
250
189
164
78
155
173
173
172
165
167
168
248
253
253
253
253
252
251
251
251
251
251
251
251
251
251
251
251
251
244
251
246
254
252
251
251
251
251
251
251
251
251
251
252
246
170
169
170
190
248
253
251
251
253
246
225
50
55
83
254
254
201
173
161
181
243
254
251
251
251
252
254
242
189
167
190
248
254
252
78
52
48
225
247
253
252
252
251
251
251
251
251
252
253
243
179
168
163
180
242
254
251
251
253
248
189
169
174
202
252
253
251
251
251
251
251
252
250
215
172
165
172
195
241
243
243
244
244
244
212
178
175
167
179
240
251
252
251
251
251
251
251
251
251
251
251
251
252
252
247
172
153
41
42
58
163
167
167
169
164
175
238
255
247
251
246
254
252
251
251
251
251
251
251
251
251
251
251
251
217
78
217
246
253
252
252
252
251
251
251
251
251
251
253
240
182
158
179
240
252
252
251
251
253
251
79
61
42
226
241
255
243
178
161
182
243
254
251
251
251
252
252
239
173
160
173
238
253
248
217
78
225
253
254
251
252
252
253
252
252
251
251
251
253
252
210
174
164
180
241
253
252
251
253
242
182
162
167
207
249
254
253
252
251
251
251
253
244
183
165
174
195
250
253
254
253
253
254
254
249
235
173
168
170
187
248
253
251
251
251
251
251
251
251
251
251
252
251
246
188
170
58
51
54
174
180
186
179
176
166
177
209
251
227
78
217
246
253
251
251
251
251
251
251
251
251
251
251
251
49
52
78
252
254
250
252
250
252
252
251
251
251
252
254
246
186
162
183
245
254
252
251
251
253
248
226
81
199
81
227
253
248
184
160
182
243
254
251
251
251
253
249
183
169
167
173
197
250
255
250
253
250
255
254
247
205
237
245
248
252
252
251
251
252
253
241
178
164
175
212
252
253
252
253
241
179
167
170
195
240
253
246
254
252
251
251
254
244
181
160
179
241
253
252
251
251
251
251
253
249
186
173
169
163
176
239
253
251
251
251
251
251
251
251
251
251
253
251
198
175
170
156
82
225
248
250
248
237
181
164
179
196
228
55
54
78
251
253
251
251
251
251
251
251
251
251
251
251
53
49
48
225
250
253
243
197
243
252
253
252
251
251
252
252
239
177
161
182
242
253
251
251
251
252
255
240
226
42
61
79
254
247
181
159
184
243
254
251
251
252
252
239
173
165
172
167
181
245
255
250
253
250
255
253
238
180
173
181
212
247
252
251
251
251
253
249
189
171
169
184
242
252
253
250
208
174
169
174
186
215
83
217
246
253
251
252
252
241
178
163
183
247
254
252
251
251
251
251
253
248
184
171
168
170
181
247
253
251
251
252
253
253
253
252
251
252
248
236
180
164
182
231
252
249
255
254
255
247
185
163
193
235
81
47
57
226
246
253
251
251
251
251
251
251
251
251
251
251
251
79
225
254
254
247
177
172
176
245
252
254
253
252
253
250
184
171
160
169
238
253
251
251
251
251
254
253
83
55
50
225
252
247
180
160
182
244
254
251
251
252
250
197
172
168
172
165
186
252
255
225
78
217
250
252
197
170
163
163
178
243
253
251
251
251
252
252
240
176
166
172
197
251
254
251
199
174
169
165
163
45
56
78
251
253
251
253
249
204
172
164
175
239
252
252
251
251
251
252
253
250
237
170
165
177
239
252
252
251
252
254
246
251
246
254
252
252
253
175
177
164
185
249
255
253
252
252
254
245
183
168
186
210
51
44
220
254
254
252
251
251
251
251
251
251
251
251
251
251
251
245
250
254
248
176
170
164
169
180
241
246
250
253
253
238
175
165
166
168
245
253
251
251
251
251
253
246
217
78
225
253
255
244
183
161
178
241
252
252
251
253
244
184
165
166
170
167
182
235
229
49
52
78
254
251
186
166
167
170
193
248
252
251
251
251
252
254
242
181
164
167
179
241
253
251
238
173
170
179
68
54
50
225
246
253
251
253
243
179
166
169
171
183
249
253
252
251
252
253
252
248
181
173
164
182
243
254
252
252
254
253
225
78
217
246
253
253
243
232
166
164
185
245
254
252
252
253
253
240
177
156
153
52
50
77
246
255
252
251
251
251
251
251
251
251
251
251
251
251
251
253
252
246
179
171
169
171
169
173
177
188
206
251
249
194
172
165
172
237
252
252
251
251
251
251
252
254
246
251
246
254
254
243
182
164
173
204
249
253
252
252
239
173
172
175
178
166
177
204
76
55
48
227
247
242
175
166
165
178
239
252
252
251
251
251
251
253
248
182
171
167
173
197
253
252
206
173
170
173
205
82
226
253
254
252
251
253
248
190
172
170
166
176
241
253
254
253
249
248
237
181
169
164
168
187
247
253
251
253
246
225
48
52
78
251
253
253
248
179
170
166
177
241
252
253
253
252
246
178
181
174
71
52
54
230
250
253
251
251
251
251
251
251
251
251
251
251
251
251
251
253
246
183
162
164
169
170
171
170
168
167
169
185
233
177
167
165
180
243
254
251
251
251
251
251
251
252
253
253
253
252
253
242
182
163
166
182
244
253
253
251
194
168
181
231
184
166
169
179
210
83
225
254
253
182
170
168
175
194
250
253
251
251
251
251
251
252
252
240
176
167
166
185
248
246
180
166
168
187
195
252
247
254
252
251
251
252
252
239
174
165
170
174
184
242
244
252
244
177
173
174
166
172
181
244
251
252
251
253
251
78
52
48
225
246
253
253
246
183
170
167
171
183
249
254
253
246
177
166
175
234
220
81
227
254
255
253
252
251
251
251
251
251
251
251
251
251
251
251
251
253
245
187
176
183
180
173
170
173
172
169
166
175
174
176
168
171
186
250
253
251
251
251
251
251
251
251
251
251
251
251
253
244
185
166
164
186
244
254
252
240
178
163
192
241
196
171
168
194
238
254
247
255
244
180
163
168
178
241
252
252
251
251
251
251
251
252
254
243
182
166
165
185
250
253
183
170
164
180
242
253
253
252
251
251
251
252
253
249
186
170
167
168
173
177
183
196
229
173
162
171
167
179
243
253
253
252
251
253
246
217
78
225
253
254
252
252
252
241
179
167
168
172
193
243
243
179
166
166
197
254
251
252
253
253
252
246
254
252
251
251
251
251
251
251
251
251
251
251
251
252
247
246
241
238
236
171
172
167
170
172
172
171
170
171
168
180
239
252
252
253
252
251
251
251
251
251
251
251
251
251
252
251
204
173
165
188
246
253
243
163
169
175
216
239
199
165
173
180
244
254
254
252
239
176
166
165
187
244
254
251
251
251
251
251
251
251
253
248
186
170
166
175
242
252
244
178
162
186
246
254
251
251
251
251
251
251
252
251
244
178
169
165
169
167
164
174
174
176
171
173
170
178
243
253
253
252
251
252
254
246
251
246
254
252
251
252
254
245
187
167
171
169
172
181
178
171
168
175
245
252
254
255
254
226
78
217
246
253
251
251
251
251
251
251
251
251
251
251
251
252
252
253
254
253
207
241
181
178
177
179
171
173
173
172
168
186
234
203
241
252
252
252
251
251
251
251
251
251
251
251
252
252
241
179
162
185
248
252
182
166
167
195
250
227
75
148
165
173
197
250
254
250
189
172
169
172
197
249
253
251
251
251
251
251
251
251
252
251
238
174
163
170
181
251
247
177
161
183
242
253
251
251
251
251
251
251
252
253
252
244
180
174
176
173
171
171
170
171
172
173
170
174
180
247
252
254
253
252
252
253
253
253
252
251
251
252
254
246
186
166
170
170
169
168
169
176
185
248
252
252
253
246
225
48
52
78
251
253
251
251
251
251
251
251
251
251
251
251
251
251
251
251
252
247
251
246
246
209
227
172
165
168
171
173
170
178
178
181
187
213
248
252
252
252
251
251
251
251
251
251
251
254
244
183
160
183
250
250
182
162
179
211
227
57
51
64
171
170
190
247
254
238
175
164
166
188
240
252
252
251
251
251
251
251
251
251
252
253
251
185
169
161
183
240
205
172
168
191
249
253
251
251
251
251
251
251
251
252
253
252
249
214
194
174
171
170
170
169
168
171
171
170
171
183
240
245
247
249
252
251
251
251
251
252
252
253
253
242
176
166
168
168
169
172
170
178
240
251
254
252
253
251
78
52
48
225
246
253
251
251
251
251
251
251
251
251
251
251
251
251
251
251
251
252
252
253
253
252
205
195
181
178
172
171
172
172
169
170
169
173
204
248
252
253
252
251
251
251
251
251
252
254
245
183
162
186
247
247
177
160
183
241
82
57
48
173
168
168
197
250
253
191
169
172
181
204
250
253
251
251
251
251
251
251
251
251
251
252
252
237
172
161
181
233
195
166
175
239
252
252
251
251
251
251
251
251
251
251
252
254
253
244
171
168
167
173
183
186
176
172
167
169
169
173
178
183
201
248
253
251
251
251
252
253
249
249
239
184
170
170
178
180
172
167
173
174
175
243
250
252
253
246
217
79
228
254
255
253
251
251
251
251
251
251
251
251
251
251
251
251
251
251
251
251
251
251
252
249
246
245
238
191
168
170
169
171
171
170
167
173
176
181
240
248
249
252
251
251
251
251
252
252
240
176
164
189
237
189
171
167
188
243
222
82
219
199
178
167
190
249
248
179
161
177
239
253
252
252
251
251
251
251
251
251
251
251
251
252
253
249
185
170
174
183
193
169
182
245
254
252
251
251
251
251
251
251
251
251
252
251
245
182
172
163
170
185
241
246
239
187
174
173
168
168
167
164
173
239
252
252
251
252
253
252
242
174
174
171
166
178
244
243
177
172
168
168
168
166
246
253
252
254
248
254
240
254
248
254
252
251
251
251
251
251
251
251
251
251
251
251
251
251
251
251
251
251
251
252
253
255
250
185
167
178
174
178
171
173
171
171
169
172
175
204
251
254
253
252
251
251
253
248
189
170
167
183
190
178
163
173
240
255
248
253
239
203
169
165
181
238
203
170
171
199
245
254
248
254
252
251
251
251
251
251
251
251
251
251
252
252
237
172
163
173
197
171
181
245
254
252
251
251
251
251
251
251
251
252
253
249
186
168
171
177
205
247
252
254
252
251
243
211
181
174
168
165
171
204
250
253
251
252
250
243
173
167
161
166
172
245
253
253
246
179
174
171
162
181
239
253
251
253
255
254
228
79
217
246
253
251
251
251
251
251
251
251
251
251
251
251
251
251
251
251
251
251
251
251
252
252
238
174
165
185
230
180
175
173
171
174
172
171
166
177
235
245
248
251
252
251
253
241
178
165
169
173
184
174
165
182
244
254
253
254
252
201
177
170
179
190
178
167
184
244
227
79
217
246
253
251
251
251
251
251
251
251
251
251
252
253
250
187
169
174
182
171
176
240
252
252
251
251
251
251
251
251
251
252
252
239
173
160
175
237
252
252
252
252
253
255
249
251
236
208
180
174
166
185
246
254
252
253
249
181
168
167
172
165
243
253
253
253
253
241
178
169
168
185
243
253
251
253
246
225
48
52
78
251
253
251
251
251
251
251
251
251
251
251
251
251
251
251
251
251
251
251
251
251
253
248
182
167
173
215
246
207
189
176
169
167
171
172
170
174
175
180
208
247
253
251
253
249
196
172
170
174
176
172
167
187
244
253
251
252
252
247
177
169
169
179
171
167
176
216
55
53
78
251
253
251
251
251
251
252
253
253
253
252
251
252
252
239
176
169
172
170
171
186
248
253
251
251
251
251
251
252
252
254
252
193
170
171
193
251
254
252
251
252
254
253
226
82
220
250
243
180
164
175
239
252
253
252
238
172
162
173
190
245
250
253
252
252
254
244
184
166
165
179
243
254
251
253
251
78
52
48
225
246
253
251
251
251
251
251
251
251
251
251
251
251
251
251
251
251
251
251
251
252
254
243
180
159
178
243
252
251
242
210
180
174
174
172
170
169
167
162
177
242
253
251
252
252
240
179
167
172
173
169
173
204
250
252
251
252
255
249
171
63
154
165
173
176
187
74
56
48
225
246
253
251
251
251
252
254
246
251
246
254
252
252
254
243
182
167
170
169
165
180
241
253
251
251
251
251
251
252
249
250
233
176
163
176
240
252
252
251
251
253
246
225
48
52
80
252
246
177
164
170
183
248
254
249
189
168
170
183
248
253
253
252
251
251
254
244
180
167
166
180
243
254
251
253
246
217
78
225
253
254
252
251
251
251
251
251
251
251
251
251
251
251
251
251
251
251
251
251
251
252
252
240
178
162
180
244
254
253
252
251
245
216
181
168
171
172
170
160
176
239
253
251
251
254
244
184
167
173
173
167
179
242
252
252
251
253
248
221
52
47
69
173
171
179
233
220
79
225
253
254
252
251
251
252
254
253
225
78
217
246
253
251
253
247
191
172
169
170
165
187
245
253
251
251
251
251
251
253
245
190
174
176
163
179
243
254
252
251
251
253
251
78
52
48
227
249
196
178
169
166
181
241
255
241
178
159
176
241
252
252
251
251
251
251
253
246
196
168
163
180
240
253
251
252
254
246
251
246
254
252
251
251
251
251
251
251
251
251
251
251
251
251
251
251
251
251
251
251
252
252
245
181
171
164
184
242
253
251
252
253
253
250
192
173
167
166
174
174
187
245
253
251
251
253
242
183
166
172
171
165
184
245
253
251
251
253
252
83
55
45
158
169
169
187
252
252
252
246
254
252
251
251
251
253
246
225
48
52
78
251
253
251
252
251
239
175
167
171
163
182
240
253
251
251
251
251
251
253
239
177
161
168
169
187
248
253
251
251
251
253
246
217
78
225
254
253
236
170
168
165
182
243
255
244
182
160
183
245
254
252
251
251
251
252
254
248
204
167
167
181
248
253
251
251
252
253
253
253
252
251
251
251
251
251
251
251
251
251
251
251
251
253
253
252
251
251
251
251
252
253
219
178
164
167
189
245
253
251
251
251
252
252
244
198
176
175
179
239
248
249
252
251
251
253
241
179
164
171
168
171
196
249
252
251
251
253
248
216
71
151
174
174
174
199
251
254
253
253
252
251
251
251
251
253
251
78
52
48
225
246
253
251
252
253
250
187
172
169
171
169
247
252
251
251
251
251
251
254
242
178
165
168
176
240
252
252
251
251
251
252
254
246
251
247
255
252
191
172
168
167
183
244
254
239
176
160
183
244
254
252
251
251
252
253
253
243
177
170
177
244
251
252
251
251
251
251
251
251
251
251
251
251
251
251
251
251
251
251
251
251
251
244
246
254
252
251
251
251
253
251
238
174
168
163
191
242
253
251
251
251
251
252
251
251
237
186
242
252
253
252
252
251
251
253
250
187
172
169
173
180
245
251
252
251
251
252
255
242
188
164
176
167
178
241
252
252
251
251
251
251
251
251
251
253
248
221
83
228
253
254
252
251
251
252
252
240
177
165
175
238
251
252
251
251
251
251
251
254
242
179
165
168
184
246
254
252
251
251
251
251
252
253
254
254
253
240
175
166
169
171
196
253
249
180
168
165
178
240
253
254
253
254
253
252
243
180
167
174
240
252
253
252
251
251
251
251
251
251
251
251
251
251
251
251
251
251
251
251
251
251
251
75
217
246
253
251
251
252
252
250
189
185
180
184
184
254
255
255
255
255
255
255
255
255
255
255
255
255
255
255
255
255
255
255
254
249
183
178
190
253
255
255
255
255
255
255
255
255
223
188
180
179
196
254
255
255
255
255
255
255
255
255
255
255
255
246
253
246
255
255
255
255
255
255
255
254
197
175
197
254
255
255
255
255
255
255
255
255
253
193
175
177
192
252
255
255
255
255
255
255
255
255
255
254
252
190
182
180
181
191
253
255
255
190
180
180
183
199
253
254
251
252
251
222
190
179
183
212
255
255
255
255
255
255
255
255
255
255
255
255
255
253
252
251
251
251
251
251
251
251
53
58
78
251
253
251
251
252
252
188
155
141
143
141
201
208
214
211
211
211
211
213
215
218
217
216
213
212
211
211
211
211
211
215
214
158
149
142
159
209
217
212
211
211
211
211
213
213
205
146
142
142
162
208
215
211
211
211
211
211
211
211
213
217
231
216
90
209
221
211
211
211
213
215
222
212
156
140
151
207
217
211
211
211
211
211
211
216
206
150
140
143
150
176
220
220
218
218
218
218
218
219
218
187
153
147
143
145
143
162
209
219
209
202
144
143
143
155
208
169
155
153
160
151
141
137
144
204
212
213
211
211
211
211
211
211
211
211
211
207
224
238
253
251
251
251
251
251
251
251
53
69
225
246
253
251
251
253
249
189
83
72
82
91
101
103
100
99
99
99
101
108
93
98
93
108
101
99
99
99
99
99
99
101
89
80
67
75
88
98
101
99
99
99
99
99
99
102
100
90
78
78
89
99
101
99
99
99
99
99
99
99
103
87
79
40
63
70
106
99
99
101
108
93
102
87
97
74
87
93
103
99
99
99
99
99
99
101
98
89
79
75
79
83
87
91
90
90
92
92
91
89
88
83
78
75
74
80
85
95
97
102
103
100
90
80
74
84
82
81
70
70
69
72
80
85
95
98
102
99
99
99
99
99
99
99
99
99
99
93
107
244
253
251
251
251
251
251
251
251
53
238
253
254
252
251
251
253
248
194
155
143
153
209
217
212
211
211
211
213
221
216
185
38
177
206
215
211
211
211
211
211
211
214
212
164
148
152
211
216
212
211
211
211
211
211
211
212
217
206
152
151
214
215
212
211
211
211
211
211
211
211
217
209
52
38
55
212
219
211
213
221
216
186
46
177
150
141
154
209
216
211
211
211
211
211
211
212
216
215
155
147
146
145
144
141
141
141
146
154
142
137
139
138
138
146
151
166
215
217
213
212
212
216
215
157
143
137
139
140
146
152
157
156
184
217
217
213
212
211
211
211
211
211
211
211
211
211
211
207
224
238
253
251
251
251
251
251
251
251
251
252
254
252
251
251
251
253
246
193
169
183
196
255
255
255
255
255
255
255
255
242
65
69
95
255
255
255
255
255
255
255
255
255
255
253
250
253
255
255
255
255
255
255
255
255
255
255
255
253
201
251
255
255
255
255
255
255
255
255
255
255
255
254
228
83
228
254
255
255
255
255
242
67
67
79
187
181
194
253
255
255
255
255
255
255
255
255
255
255
251
186
176
179
178
179
179
177
178
178
176
181
185
194
188
195
249
254
255
255
255
255
255
255
255
252
194
190
197
189
197
250
252
252
254
255
255
255
255
255
255
255
255
255
255
255
255
255
255
255
255
253
252
251
251
251
251
251
251
251
251
252
252
251
251
251
252
254
250
184
146
65
214
242
253
251
251
251
251
253
251
78
52
48
225
246
253
251
251
251
251
251
251
251
252
253
253
253
252
252
251
251
251
251
251
251
251
251
252
247
250
249
253
252
251
251
251
251
251
251
251
251
252
254
246
251
246
254
252
251
253
251
78
56
42
142
164
167
183
243
254
251
251
251
251
251
251
251
252
253
250
201
176
176
181
171
171
177
183
181
178
183
239
245
241
248
251
253
252
251
251
251
251
252
253
250
246
242
243
242
248
252
254
253
253
252
251
251
251
251
251
251
251
251
251
251
251
251
251
251
251
251
251
251
251
251
251
251
251
251
251
251
251
251
251
251
252
253
237
160
41
57
85
252
253
251
251
251
251
253
246
217
78
225
253
254
252
251
251
251
251
251
251
251
251
251
251
251
251
251
251
251
251
251
251
251
251
251
252
252
252
252
252
251
251
251
251
251
251
251
251
251
251
252
253
253
253
252
251
251
253
246
217
83
215
195
173
167
182
243
254
251
251
251
251
251
251
251
251
252
251
243
200
240
242
195
188
239
245
243
240
247
252
254
253
253
252
252
251
251
251
251
251
251
252
252
253
253
253
253
253
252
252
251
251
251
251
251
251
251
251
251
251
251
251
251
251
251
251
251
251
251
251
251
251
251
251
251
251
251
251
251
251
251
251
252
253
252
192
68
44
53
221
248
253
251
251
251
251
252
254
246
251
246
254
252
251
251
251
251
251
251
251
251
251
251
251
251
251
251
251
251
251
251
251
251
251
251
251
251
251
251
251
251
251
251
251
251
251
251
251
251
251
251
251
251
251
251
251
251
252
254
246
253
241
209
171
164
181
243
254
251
251
251
251
251
251
251
251
251
252
249
252
252
252
248
248
251
254
254
253
253
252
252
251
251
251
251
251
251
251
251
251
251
251
251
251
251
251
251
251
251
251
251
251
251
251
251
251
251
251
251
251
251
251
251
251
251
251
251
251
251
251
251
251
251
251
251
251
251
251
251
251
251
251
252
252
242
171
145
59
166
246
255
252
251
251
251
251
251
252
253
253
253
252
251
251
251
251
251
251
251
251
251
251
251
251
251
251
251
251
251
251
251
251
251
251
251
251
251
251
251
251
251
251
251
251
251
251
251
251
251
251
251
251
251
251
251
251
251
251
252
253
255
252
188
168
165
183
242
254
251
251
251
251
251
251
251
251
251
251
252
252
252
252
252
252
252
252
251
251
251
251
251
251
251
251
251
251
251
251
251
251
251
251
251
251
251
251
251
251
251
251
251
251
251
251
251
251
251
251
251
251
251
251
251
251
251
251
251
251
251
251
251
251
251
251
251
251
251
251
251
251
251
252
251
243
179
171
159
168
181
252
253
251
251
251
251
251
251
251
251
251
251
251
251
251
251
251
251
251
251
251
251
251
251
251
251
251
251
251
251
251
251
251
251
251
251
251
251
251
251
251
251
251
251
251
251
251
251
251
251
251
251
251
251
251
251
251
252
252
253
252
253
237
181
168
166
186
243
254
251
251
251
251
251
251
251
251
251
251
251
251
251
251
251
251
251
251
251
251
251
251
251
251
251
251
251
251
251
251
251
251
251
251
251
251
251
251
251
251
251
251
251
251
251
251
251
251
252
253
253
253
252
251
251
251
251
251
251
251
251
251
251
251
251
251
251
251
251
251
251
251
251
252
251
212
183
178
181
191
246
251
252
251
251
251
251
251
251
251
251
251
251
251
251
251
251
251
251
251
251
251
251
251
251
251
251
251
251
251
251
251
251
251
251
251
251
251
251
251
251
251
251
251
251
251
251
251
251
251
251
251
251
251
251
251
251
251
252
248
247
239
201
190
175
168
164
181
241
253
251
251
251
251
251
251
251
251
251
251
251
251
251
251
251
251
251
251
251
251
251
251
251
251
251
251
251
251
251
251
251
251
251
251
251
251
251
251
251
251
251
251
251
251
251
251
251
252
254
246
251
246
254
252
251
251
251
251
251
251
251
251
251
251
251
251
251
251
251
251
251
251
251
252
249
245
242
241
242
247
251
253
252
251
251
251
251
251
251
251
251
251
251
251
251
251
251
251
251
251
251
251
251
251
251
251
251
251
251
251
251
251
251
251
251
251
251
251
251
251
251
251
251
251
251
251
251
251
251
251
251
251
251
251
251
251
251
251
253
247
190
174
180
170
171
168
170
181
248
253
251
251
251
251
251
251
251
251
251
251
251
251
251
251
251
251
251
251
251
251
251
251
251
251
251
251
251
251
251
251
251
251
251
251
251
251
251
251
251
251
251
251
251
251
251
251
252
254
253
225
78
217
246
253
251
251
251
251
251
251
251
251
251
251
251
251
251
251
251
251
251
251
251
251
252
253
253
253
253
253
252
251
251
251
251
251
251
251
251
251
251
251
251
251
251
251
251
251
251
251
251
251
251
251
251
251
251
251
251
251
251
251
251
251
251
251
251
251
251
251
251
251
251
251
251
251
251
251
251
251
251
251
251
251
251
251
251
251
253
241
180
163
168
171
169
170
176
243
253
254
253
252
251
251
251
251
251
251
251
251
251
251
251
251
251
251
251
251
251
251
251
251
251
251
251
251
251
251
251
251
251
251
251
251
251
251
251
251
251
251
251
251
251
251
251
251
253
246
225
48
52
78
251
253
251
251
251
251
251
251
251
251
251
251
251
251
251
251
251
251
251
251
251
251
251
251
251
251
251
251
251
251
251
251
251
251
251
251
251
251
251
251
251
251
251
251
251
251
251
251
251
251
251
251
251
251
251
251
251
251
251
251
251
251
251
251
251
251
251
251
251
251
251
251
251
251
251
251
251
251
251
251
251
251
251
251
251
251
253
246
188
169
171
171
170
172
213
254
251
252
246
254
252
251
251
251
251
251
251
251
251
251
251
251
251
251
251
251
251
251
251
251
251
251
251
251
251
251
251
251
251
251
251
251
251
251
251
251
251
251
251
251
251
251
251
251
253
251
78
52
48
225
246
253
251
251
251
251
251
251
251
251
251
251
251
251
251
251
251
251
251
251
251
251
251
251
251
251
251
251
251
251
251
251
251
251
251
251
251
251
251
251
251
251
251
251
251
251
251
251
251
251
251
251
251
251
251
251
251
251
251
251
251
251
251
251
251
251
251
251
251
251
251
251
251
251
251
251
251
251
251
251
251
251
251
251
251
251
253
244
202
170
172
173
170
181
244
252
232
98
230
252
252
251
251
251
251
251
251
251
251
251
251
251
251
251
251
251
251
251
251
251
251
251
251
251
251
251
251
251
251
251
251
251
251
251
251
251
251
251
251
251
251
251
251
251
253
244
213
72
220
252
254
252
251
251
251
251
251
251
251
251
251
251
251
251
251
251
251
251
251
251
251
251
251
251
251
251
251
251
251
251
251
251
251
251
251
251
251
251
251
251
251
251
251
251
251
251
251
251
251
251
251
251
251
251
251
251
251
251
251
251
251
251
251
251
251
251
251
251
251
251
251
251
251
251
251
251
251
251
251
251
251
251
251
251
251
251
251
251
149
171
173
172
172
176
251
251
53
53
53
251
251
251
251
251
251
251
251
251
251
251
251
251
251
251
251
251
251
251
251
251
251
251
251
251
251
251
251
251
251
251
251
251
251
251
251
251
251
251
251
251
251
251
251
251
251
251
251
251
251
251
251
251
251
251
251
251
251
251
251
251
251
251
251
251
251
251
251
