240
240
240
240
240
240
68
68
68
240
240
240
240
240
240
240
240
240
240
240
240
240
240
240
240
240
240
240
240
240
240
240
240
240
240
240
240
240
240
240
240
240
240
240
240
240
240
240
240
240
241
233
153
150
150
151
151
152
152
152
145
214
243
240
240
240
240
240
240
240
240
240
240
240
240
240
240
240
240
240
240
240
240
240
240
240
240
240
240
240
240
240
246
183
146
152
140
226
241
240
240
240
240
240
240
240
240
240
240
240
240
68
68
68
240
240
240
240
240
240
240
240
240
240
240
240
240
240
240
240
240
240
240
240
240
240
240
240
240
240
240
240
240
240
240
240
240
240
240
240
240
240
240
243
233
87
72
82
228
241
244
237
235
222
175
223
243
240
240
240
240
240
240
240
240
240
240
240
240
240
240
240
240
240
240
240
240
240
240
240
240
240
240
240
240
240
240
240
240
243
228
164
149
151
150
151
151
152
152
150
151
151
157
213
229
234
240
247
242
242
243
245
245
244
241
240
240
240
240
240
240
240
240
240
240
240
240
240
240
240
244
244
199
149
149
143
160
221
245
240
240
240
241
248
235
240
235
248
241
241
241
221
107
223
249
243
213
84
207
233
243
240
240
240
240
240
240
240
240
240
240
240
240
240
240
240
240
240
240
240
240
240
240
240
240
240
240
240
240
240
240
240
240
243
235
210
89
216
243
248
246
241
187
146
158
221
246
240
240
240
240
240
240
240
240
240
240
240
240
240
240
240
240
240
240
240
240
240
240
240
240
240
240
240
240
240
240
240
240
246
224
157
143
150
151
151
149
150
149
147
145
140
146
153
159
164
220
234
238
246
238
232
229
238
245
247
243
241
240
240
240
240
240
240
240
240
240
240
240
241
246
242
187
133
76
130
155
224
249
241
240
241
248
243
216
89
210
235
243
241
248
235
240
238
243
218
63
67
89
240
244
240
240
240
240
240
240
240
240
240
240
240
240
240
240
240
240
240
240
240
240
240
240
240
240
240
240
240
240
240
240
240
240
241
248
235
240
235
248
241
247
236
174
134
153
223
247
240
240
240
240
240
240
240
240
240
240
240
240
240
240
240
240
240
240
240
240
240
240
240
240
240
240
240
240
240
240
240
240
247
227
159
144
152
152
149
152
153
150
158
162
157
151
140
139
149
150
172
241
248
218
157
156
189
231
233
238
245
245
243
241
240
240
240
240
240
240
240
240
242
242
194
139
64
65
73
150
219
241
243
240
243
235
216
63
67
89
240
244
240
241
243
244
248
241
89
67
63
216
235
243
240
240
240
240
240
240
240
240
240
240
240
240
240
240
240
240
240
240
240
240
240
240
240
240
240
240
240
240
240
240
240
240
240
241
243
244
243
241
239
247
238
177
137
156
224
247
240
240
240
240
240
240
240
240
240
240
240
240
240
240
240
240
240
240
240
240
240
240
240
240
240
240
240
240
240
240
240
240
246
226
162
144
152
150
149
157
194
199
175
218
235
182
156
154
147
141
159
226
223
155
144
142
153
157
159
201
231
232
235
242
240
240
240
240
240
240
241
245
249
211
151
68
63
65
138
143
159
228
244
240
244
240
89
67
63
216
235
243
240
240
240
240
243
235
210
89
216
243
248
243
243
244
243
241
240
240
240
240
240
240
240
240
240
240
240
240
240
240
240
240
240
240
240
240
240
240
240
240
240
240
240
240
240
240
240
240
240
240
239
247
238
178
137
156
224
247
240
240
240
240
240
240
240
240
240
240
240
240
240
240
240
240
240
240
240
240
240
240
240
240
240
240
240
240
240
240
240
240
246
226
161
144
150
149
151
189
242
238
238
241
244
241
226
164
143
146
155
161
162
153
148
149
148
144
147
153
156
162
218
245
241
240
240
240
240
241
242
239
236
191
144
133
89
168
148
149
161
228
244
240
243
235
210
89
216
243
248
241
240
240
240
240
241
248
235
240
235
248
244
245
238
232
232
239
242
240
240
240
240
240
240
240
240
240
240
240
240
240
240
240
240
240
240
240
240
240
240
240
240
240
240
240
240
240
240
240
240
240
239
247
238
179
139
157
227
248
241
240
240
240
240
240
240
240
240
240
240
240
240
240
240
240
240
240
240
240
240
240
240
240
240
240
240
240
240
240
240
240
246
226
161
145
150
146
179
237
246
246
243
242
242
248
242
189
158
150
144
146
147
149
149
148
145
143
142
140
132
144
210
245
242
240
240
240
241
244
242
213
157
149
150
191
236
180
147
149
217
241
243
241
244
252
238
241
235
248
241
240
240
240
240
240
240
241
243
245
245
247
241
237
205
153
188
242
244
240
240
240
240
240
240
240
240
240
240
240
240
240
240
240
240
240
240
240
240
240
240
240
240
240
240
240
240
240
240
240
240
240
239
247
239
179
141
149
220
240
243
240
240
240
240
240
240
240
240
240
240
240
240
240
240
240
240
240
240
240
240
240
240
240
240
240
240
240
240
240
240
240
247
227
162
144
150
147
185
243
248
240
240
240
240
241
238
237
227
164
149
149
150
151
151
155
159
164
161
163
152
156
211
244
242
240
240
241
243
241
214
148
143
140
153
214
251
189
140
153
222
249
243
248
235
241
238
252
244
241
240
240
240
240
240
240
240
240
241
245
240
237
217
161
147
144
184
240
245
239
240
240
240
240
240
240
240
240
240
240
240
240
240
240
240
240
240
240
240
240
240
240
240
240
240
240
240
240
240
240
240
240
240
245
239
187
146
143
151
228
244
240
240
240
240
240
240
240
240
240
240
240
240
240
240
240
240
240
240
240
240
240
241
242
244
244
244
244
245
245
244
243
248
225
155
146
149
151
192
242
247
240
240
240
240
240
242
245
243
233
166
150
146
148
147
180
232
233
230
232
227
182
215
244
241
241
243
247
243
221
150
146
142
147
193
246
242
185
139
152
220
249
248
243
216
89
210
235
243
240
240
240
240
240
240
240
240
242
241
238
225
167
151
146
136
143
187
241
245
239
240
240
240
240
240
240
240
240
240
240
240
240
240
240
240
240
240
240
240
240
240
240
240
240
240
240
240
240
240
240
240
240
240
245
239
187
148
144
153
230
245
240
240
240
240
240
240
240
240
240
240
240
240
240
240
240
240
240
240
241
242
245
243
241
238
233
238
237
236
230
232
240
250
227
157
143
149
149
185
237
243
241
240
240
240
240
240
241
244
242
230
154
150
145
148
191
248
253
247
249
241
239
236
240
241
244
238
236
218
154
144
141
145
189
244
253
246
188
141
154
220
250
237
216
63
67
89
240
244
240
240
240
240
240
240
240
243
243
236
191
149
145
139
149
153
163
201
242
243
240
240
240
240
240
240
240
240
240
240
240
240
240
240
240
240
240
240
240
240
240
240
240
240
240
240
241
242
244
243
241
240
240
240
246
237
183
143
143
217
234
245
240
240
240
240
240
240
240
240
240
240
240
240
240
240
240
240
240
240
241
237
236
232
198
193
192
163
209
191
148
165
228
247
228
160
143
149
149
154
195
244
243
240
240
240
240
240
240
241
244
241
219
152
144
146
178
235
243
241
240
241
242
242
243
246
243
230
161
151
149
148
154
191
246
237
248
236
196
142
152
219
252
241
89
67
63
216
235
243
240
241
243
244
243
242
243
242
238
188
152
142
148
153
178
230
232
235
239
242
240
240
240
240
240
240
240
240
240
240
240
240
240
240
240
240
240
240
240
240
240
240
240
240
240
240
242
235
231
234
241
243
240
239
244
242
178
148
148
172
236
246
240
240
240
240
240
240
240
240
240
240
240
240
240
240
240
240
241
243
247
225
182
166
156
152
148
152
150
151
143
146
161
237
236
170
152
148
146
148
190
241
245
239
240
240
240
240
240
240
241
248
228
165
145
148
152
195
250
247
241
240
240
242
237
236
226
159
146
139
149
175
235
248
245
219
95
210
179
141
153
220
250
237
209
89
216
243
248
241
241
248
235
240
235
252
244
236
174
151
145
148
166
230
239
243
247
243
241
240
240
240
240
240
240
240
240
240
240
240
240
240
240
240
240
240
240
240
240
240
240
240
240
240
240
241
246
222
159
180
238
242
242
240
242
242
232
165
137
163
227
246
240
240
240
240
240
240
240
240
240
240
240
240
240
240
240
241
243
239
237
207
151
143
144
143
142
142
143
147
152
145
149
159
231
217
150
148
147
148
191
241
246
239
240
240
240
240
240
240
240
245
230
181
148
145
153
180
238
239
248
241
240
245
236
177
152
150
144
150
173
239
248
241
218
63
73
85
183
144
152
220
249
248
235
240
235
248
241
241
248
243
216
89
212
234
239
164
147
145
150
164
237
244
245
242
241
240
240
240
240
240
240
240
240
240
240
240
240
240
240
240
240
240
240
240
240
240
240
240
240
240
240
240
240
243
238
208
142
144
187
242
242
240
240
248
239
175
139
160
228
247
240
240
240
240
240
240
240
240
240
240
240
240
240
240
241
244
241
226
168
154
151
145
152
153
155
159
158
160
151
138
74
136
161
187
159
147
147
148
189
244
247
240
240
240
240
240
240
240
240
245
231
183
150
150
151
165
90
213
234
243
240
247
233
165
139
146
152
179
237
242
248
240
89
66
69
216
175
140
154
219
247
242
243
244
243
241
240
243
235
216
63
67
97
244
174
145
145
141
154
225
243
244
241
240
240
240
240
240
240
240
240
240
240
240
240
240
240
240
240
240
240
240
240
240
240
240
240
240
240
240
240
240
240
244
224
157
143
142
162
212
246
244
240
247
237
173
137
160
228
247
240
240
240
240
240
240
240
240
240
240
240
240
240
241
244
240
227
159
146
142
141
147
167
210
208
214
235
177
145
58
59
70
159
189
168
148
147
147
184
239
244
242
240
240
240
240
240
240
240
246
228
178
146
145
141
59
70
92
241
244
240
247
231
169
135
149
191
237
242
243
244
235
210
89
223
243
192
139
153
219
247
240
240
240
240
240
240
244
240
89
67
66
222
228
175
142
146
150
158
236
246
241
240
240
240
240
240
240
240
240
240
240
240
240
240
240
240
240
240
240
240
240
240
240
240
240
240
240
240
240
240
240
240
244
223
153
144
143
146
189
240
244
242
247
236
173
138
160
228
247
240
240
240
240
240
240
240
240
240
240
240
240
240
242
241
230
158
149
146
152
148
177
237
241
242
245
247
237
85
69
67
153
202
232
185
152
147
148
153
194
242
241
240
240
240
240
240
240
240
246
222
149
146
149
75
62
68
218
236
243
240
245
237
167
152
170
235
244
243
240
241
248
235
240
243
250
188
141
152
219
247
240
240
240
240
240
240
243
235
209
92
219
243
190
152
144
150
169
229
237
242
240
240
240
240
240
240
240
240
240
240
240
240
240
240
240
240
240
240
240
240
240
240
240
240
240
240
240
240
240
240
240
240
243
238
218
153
151
146
149
197
243
243
249
236
177
138
159
228
247
240
240
240
240
240
240
240
240
240
240
240
240
241
245
239
183
150
145
153
177
233
238
241
245
242
241
245
238
213
93
211
235
243
243
220
157
142
145
146
158
210
250
248
242
240
240
240
240
240
246
220
155
143
148
134
82
197
246
250
241
240
242
236
231
224
234
237
243
240
240
240
241
243
246
246
237
178
138
153
220
247
240
240
240
240
240
240
241
248
235
245
241
201
152
142
147
160
229
243
244
241
240
240
240
240
240
240
240
240
240
240
240
240
240
240
240
240
240
240
240
240
240
240
240
240
240
240
240
240
240
240
240
240
241
245
241
207
146
141
146
149
201
241
250
239
174
139
160
228
247
240
240
240
240
240
240
240
240
240
240
240
240
242
241
228
156
145
147
173
241
250
247
242
240
240
240
241
248
235
241
237
251
245
247
230
175
153
152
145
146
189
231
236
238
241
240
240
240
241
248
225
159
145
154
145
186
237
249
241
240
240
241
242
245
245
244
242
241
240
240
240
240
240
243
245
192
152
141
154
219
247
240
240
240
240
240
240
240
241
245
247
239
179
141
148
162
226
241
244
241
241
243
245
246
245
243
241
240
240
240
240
240
241
243
244
243
241
240
240
240
240
240
240
240
240
240
240
240
240
240
240
240
240
240
241
246
222
170
158
154
149
148
203
246
238
175
137
159
227
247
240
240
240
240
240
240
240
240
240
240
240
240
245
239
168
148
148
149
175
231
244
244
247
244
241
240
240
241
243
244
243
241
240
242
238
237
205
152
147
153
155
155
183
228
247
244
243
244
248
245
221
152
146
148
151
193
245
248
240
240
240
240
240
240
240
240
240
240
240
240
240
240
239
245
240
194
149
138
156
220
247
240
240
240
240
240
240
240
240
243
245
196
153
142
152
217
243
245
241
240
242
234
232
226
234
238
243
245
241
240
240
241
248
235
240
235
248
241
240
240
240
240
240
240
240
240
240
240
240
240
240
240
240
240
240
241
241
229
186
138
146
152
155
224
242
176
135
157
226
246
240
240
240
240
240
240
240
240
240
240
240
243
244
229
158
144
150
150
155
159
188
231
232
237
242
243
240
240
240
240
240
240
240
241
244
254
217
158
143
154
148
143
149
205
239
244
241
236
230
225
162
151
148
146
145
187
240
245
239
240
240
240
240
240
240
240
240
240
240
240
240
240
239
246
242
189
149
140
156
220
247
240
240
240
240
240
240
240
240
247
244
192
148
141
157
221
249
246
246
248
252
223
156
168
171
195
235
240
244
244
243
248
243
216
89
212
240
252
252
252
249
244
241
240
240
240
240
240
240
240
240
240
240
240
240
241
251
227
89
64
122
139
146
219
246
183
154
174
247
254
249
244
241
240
240
240
240
240
240
240
241
239
238
177
154
146
149
149
147
147
152
157
158
195
242
245
243
241
240
240
240
240
240
241
248
245
219
81
126
149
153
148
151
159
177
227
233
170
159
157
152
146
147
145
152
193
243
243
240
240
240
240
240
240
240
240
240
240
240
240
240
240
239
246
241
188
147
140
158
220
247
240
240
240
240
240
240
240
242
248
236
186
146
147
163
225
247
237
228
230
233
208
148
142
150
157
164
201
240
246
254
249
228
73
78
103
238
226
203
201
216
228
243
240
240
240
240
240
240
240
240
240
240
240
240
240
248
224
92
69
77
79
135
144
197
162
131
193
207
206
221
238
254
253
253
253
253
253
253
253
254
252
196
169
155
164
164
165
155
157
154
150
147
150
196
240
242
246
243
241
240
240
240
243
235
219
71
65
74
151
153
151
149
149
152
163
179
154
142
146
148
149
149
153
186
238
241
242
240
240
240
240
240
240
240
240
240
240
240
240
240
240
239
246
242
190
148
140
156
220
247
240
240
240
240
241
244
249
254
251
190
84
140
149
165
222
241
177
168
170
171
165
161
155
157
153
157
153
149
189
219
206
71
43
43
181
205
106
106
103
115
233
244
240
240
240
240
240
240
240
240
240
240
240
240
240
244
235
229
189
151
140
81
87
89
91
89
98
108
109
103
210
207
205
205
205
205
205
205
204
209
205
157
131
129
138
185
126
124
126
128
136
145
155
159
178
221
243
248
253
253
253
253
254
253
104
84
70
145
155
162
159
158
158
155
157
156
158
157
159
159
160
171
211
254
254
254
253
253
253
253
253
253
253
253
253
253
253
253
253
253
253
253
254
254
199
156
149
165
231
255
254
253
253
253
254
238
222
214
211
76
58
65
131
139
147
144
134
126
126
125
125
129
132
134
134
133
131
82
85
101
93
91
77
96
103
111
211
207
201
216
228
243
240
240
240
240
240
240
240
240
240
240
240
240
240
241
245
248
248
241
181
134
128
132
127
124
136
197
211
210
103
106
107
107
107
107
107
107
107
113
103
95
83
85
99
102
106
95
98
99
89
126
123
127
133
136
142
196
211
207
205
205
208
200
176
59
157
133
133
132
129
127
127
126
126
125
126
126
127
125
130
166
205
208
208
205
205
205
205
205
205
205
205
205
205
205
205
205
205
205
205
204
210
209
162
128
124
133
190
210
206
205
205
205
207
211
110
109
87
71
63
79
82
86
81
78
77
78
80
89
94
89
82
77
83
83
83
135
127
123
188
221
219
215
208
223
238
254
252
249
244
241
240
240
240
240
240
240
240
240
240
240
240
240
240
240
240
241
246
248
198
156
154
157
159
152
173
239
255
238
221
203
205
205
205
205
205
205
204
210
205
146
126
131
166
207
214
212
213
216
211
98
92
89
82
77
83
96
107
112
109
107
108
116
107
111
95
96
85
94
97
99
97
97
97
97
97
97
97
97
100
105
110
110
107
107
107
107
107
107
107
107
107
107
107
107
107
107
107
107
107
107
111
106
97
85
87
100
108
111
108
107
107
107
107
111
214
191
55
61
128
142
136
132
135
138
144
145
146
164
216
194
134
144
141
132
139
149
154
158
222
253
254
254
252
249
244
241
240
240
240
240
240
240
240
240
240
240
240
240
240
240
240
240
240
240
240
240
242
241
240
192
155
149
150
145
162
228
248
244
249
252
253
253
253
253
253
253
253
255
249
185
151
155
187
247
254
253
253
254
241
228
214
183
145
141
127
128
186
209
208
206
204
208
210
209
177
120
128
175
217
216
212
212
212
213
213
213
212
212
210
208
206
205
205
205
205
205
205
205
205
205
205
205
205
205
205
205
205
205
205
204
210
210
163
131
125
191
208
215
207
205
205
205
207
216
216
87
68
76
145
161
154
155
164
227
240
237
237
246
250
246
240
237
223
178
159
154
148
151
161
224
242
242
240
240
240
240
240
240
240
240
240
240
240
240
240
240
240
240
240
240
240
240
240
240
240
240
240
242
246
236
176
143
148
144
161
228
247
240
240
240
240
240
240
240
240
240
240
247
236
174
146
142
164
232
246
240
240
241
244
250
250
251
245
186
142
84
165
241
255
253
253
253
254
225
157
153
155
207
254
254
253
253
253
253
253
253
253
253
253
253
253
253
253
253
253
253
253
253
253
253
253
253
253
253
253
253
253
253
253
253
254
253
204
155
143
96
229
249
254
253
253
253
254
249
94
72
59
137
147
152
150
154
222
245
248
247
246
244
243
243
246
245
244
237
187
147
149
147
149
181
233
243
240
240
240
240
240
240
240
240
240
240
240
240
240
240
240
240
240
240
240
240
240
240
240
240
240
240
245
245
182
151
147
144
161
228
247
240
240
240
240
240
240
240
240
240
240
246
234
173
143
141
164
231
247
240
240
240
240
240
241
250
237
172
60
57
86
225
248
240
240
242
244
211
153
137
150
199
249
251
244
243
241
240
240
240
241
243
244
243
241
240
240
240
240
240
240
240
240
240
240
240
240
240
240
240
240
240
240
239
246
243
187
136
54
67
94
240
244
240
240
240
243
235
212
91
172
149
150
148
149
211
242
244
241
240
240
240
240
240
240
240
248
245
196
148
146
151
145
162
224
245
240
240
240
240
240
240
240
240
240
240
240
240
240
240
240
240
240
240
240
240
240
240
240
240
240
240
242
242
232
169
145
141
160
228
247
240
240
240
240
240
240
240
240
240
240
244
241
174
149
143
173
231
247
240
240
240
240
240
240
247
240
94
66
55
151
224
250
241
240
242
245
213
156
141
149
192
233
231
232
240
247
246
245
246
252
237
241
237
251
244
241
240
240
240
240
240
240
240
240
240
240
240
240
240
240
240
240
239
246
244
189
75
63
72
218
236
243
240
240
240
241
248
237
244
197
160
149
143
155
216
247
243
240
240
240
240
240
240
240
239
245
242
188
144
146
151
144
156
222
246
240
240
240
240
240
240
240
240
240
240
240
240
240
240
240
240
240
240
240
240
240
240
240
240
240
240
240
246
245
183
152
139
158
227
247
240
240
240
240
240
240
240
240
240
240
241
242
230
162
140
165
232
247
240
240
240
240
240
240
243
241
219
85
129
153
224
242
243
240
242
245
204
138
139
152
157
164
163
162
213
230
236
234
241
233
211
95
208
231
239
243
245
241
240
240
240
240
240
240
240
240
240
240
240
240
240
240
240
247
245
187
130
77
204
245
250
241
240
240
240
240
241
244
249
243
193
148
142
158
217
247
243
240
240
240
240
240
240
240
240
243
244
203
154
145
151
143
157
222
246
240
240
240
240
240
240
240
240
240
240
240
240
240
240
240
240
240
240
240
240
240
240
240
240
240
240
240
242
243
233
169
139
162
229
248
241
240
240
240
240
240
240
240
240
240
240
248
236
171
139
165
233
248
241
240
240
240
240
240
243
249
233
174
140
153
164
233
244
240
242
245
210
144
146
149
147
144
145
150
156
159
158
218
169
150
68
71
80
162
190
234
238
241
242
240
240
240
240
240
240
240
240
240
240
240
240
240
241
243
237
186
136
149
214
250
243
240
240
240
240
240
240
240
245
245
200
151
141
148
209
240
243
240
240
240
240
240
240
240
240
240
244
238
186
148
149
144
157
222
246
240
240
240
240
240
240
240
241
243
244
243
241
240
240
240
240
240
240
240
241
243
244
243
241
240
240
240
240
248
238
175
141
153
223
240
242
240
240
240
240
240
240
240
240
240
240
247
233
168
139
157
229
245
244
241
240
240
240
240
244
244
189
154
149
143
165
225
245
240
240
243
237
205
150
147
150
151
150
148
147
141
149
150
151
70
61
60
133
144
153
156
198
241
245
241
240
240
240
240
240
240
240
240
240
240
240
240
245
248
198
154
144
157
219
246
241
240
240
240
240
240
240
240
244
243
190
144
144
150
158
224
246
241
240
240
240
240
240
240
240
240
245
244
204
158
148
143
159
222
246
240
240
240
240
240
240
241
248
235
240
235
248
241
240
240
240
240
240
241
248
235
240
235
248
243
243
244
243
247
236
173
141
149
164
237
245
240
240
240
240
240
240
240
240
240
240
246
234
169
141
150
164
234
239
241
240
240
240
239
246
238
179
142
147
144
158
227
246
240
240
243
249
224
171
150
149
151
151
151
151
150
150
151
147
136
77
140
152
154
148
144
151
201
241
244
241
240
240
240
240
240
240
240
240
240
240
241
242
235
184
143
141
175
225
245
241
240
240
240
240
240
240
240
244
241
193
144
145
145
148
214
242
244
240
240
240
240
240
240
240
241
246
249
214
167
148
141
157
222
246
240
240
240
240
240
241
248
243
216
89
210
235
243
240
240
240
240
240
248
243
216
89
210
236
251
235
240
235
252
242
188
151
140
179
230
246
240
240
240
240
240
240
240
240
240
240
244
239
186
150
143
146
167
239
245
240
240
240
239
246
242
181
147
147
141
157
224
246
240
240
241
244
236
199
147
149
150
149
149
151
150
150
148
151
147
151
148
153
150
149
148
148
151
203
242
242
241
243
244
243
241
240
240
240
240
240
243
244
199
150
147
143
160
218
245
241
240
240
240
240
240
240
240
243
245
202
154
147
147
151
166
227
243
243
240
240
240
240
240
241
248
235
245
234
191
149
141
156
222
246
240
240
240
240
240
243
235
216
63
67
89
240
244
240
240
240
240
240
235
216
63
67
90
248
248
216
89
209
237
248
233
166
141
163
232
246
240
240
240
240
240
240
240
240
240
240
241
241
235
168
148
138
171
237
250
241
240
240
240
248
242
198
152
144
147
163
231
244
240
240
242
246
214
158
151
149
154
152
152
146
141
147
155
160
153
146
144
154
149
151
147
147
145
168
219
246
250
235
240
235
248
241
240
240
240
240
245
241
195
146
143
148
146
217
246
240
240
240
240
240
240
240
240
240
243
236
185
144
146
148
150
176
230
240
241
240
240
240
241
248
243
217
96
212
180
150
142
159
224
247
241
240
240
240
240
244
240
89
67
63
216
235
243
240
240
240
240
240
240
89
67
63
219
230
219
63
67
89
240
253
236
171
136
160
229
247
240
240
240
240
240
240
240
240
240
240
240
243
241
234
160
145
162
226
240
240
244
241
245
246
240
181
146
149
155
226
239
243
240
240
243
241
198
140
142
151
154
212
190
162
159
160
223
229
172
151
172
178
211
157
149
148
145
152
209
251
245
216
89
210
235
243
240
240
240
240
244
243
197
148
142
147
206
238
243
240
240
240
240
240
240
240
240
241
247
251
206
159
149
150
147
158
191
242
242
240
240
240
243
235
216
64
72
83
173
147
143
155
220
242
242
240
240
240
240
243
235
210
89
216
243
248
241
240
240
240
240
240
235
210
89
216
248
248
90
67
63
216
234
250
235
170
137
163
230
247
240
240
240
240
240
240
240
240
240
240
240
241
244
241
230
159
153
150
181
240
248
247
241
237
186
152
145
149
219
243
245
241
240
240
245
227
178
149
133
73
182
232
242
231
227
235
242
243
234
229
228
241
238
204
146
145
146
151
211
239
218
63
67
89
240
244
240
240
240
240
244
242
196
148
140
155
215
248
243
240
240
240
240
240
240
240
241
248
237
243
242
194
157
147
151
150
220
241
249
244
242
240
244
240
89
70
66
191
150
145
145
154
186
237
243
240
240
240
240
241
248
235
240
235
248
241
240
240
240
240
240
240
248
235
240
235
251
236
210
89
216
243
248
249
235
169
138
163
230
247
240
240
240
240
240
240
240
240
240
240
240
240
241
244
242
227
152
141
144
179
236
235
203
161
151
148
140
154
221
248
241
240
240
242
245
220
158
135
60
69
96
243
250
246
246
245
243
243
244
246
246
248
249
217
161
147
146
172
227
245
91
66
63
216
235
243
240
240
240
240
244
242
196
148
139
153
212
246
242
240
240
240
240
240
240
241
248
243
218
101
215
214
83
130
144
152
163
227
232
236
241
246
248
240
216
96
219
188
155
148
146
154
195
239
244
240
240
240
240
240
241
243
244
243
241
240
240
240
240
240
240
240
241
243
244
243
243
248
235
240
235
248
241
247
235
169
137
162
230
247
240
240
240
240
240
240
240
240
240
240
240
240
240
241
244
242
224
152
144
148
158
161
155
147
146
146
146
155
225
245
240
240
240
242
244
223
172
72
65
75
226
240
245
240
240
240
240
240
240
240
240
242
243
235
195
139
144
199
245
239
211
89
216
243
248
241
240
240
240
239
245
243
195
147
139
153
212
246
242
240
240
240
240
240
240
243
235
216
66
62
68
68
76
79
153
147
151
156
163
180
237
237
238
243
234
241
192
165
149
151
147
148
216
237
243
240
240
240
240
240
240
240
240
240
240
240
240
240
240
240
240
240
240
240
240
240
240
241
243
244
243
241
240
247
235
169
136
161
230
247
240
240
240
240
240
240
240
240
240
240
240
240
240
240
241
244
240
221
158
149
143
139
145
149
147
148
147
216
240
242
240
240
240
242
245
216
152
129
84
180
244
245
249
241
240
240
240
240
240
240
240
242
246
217
161
144
150
207
247
251
235
240
235
248
241
240
240
240
240
240
246
245
197
148
138
151
211
245
242
240
240
240
240
240
240
244
240
89
72
63
66
62
72
218
176
152
143
143
143
151
175
216
161
185
213
170
157
153
149
151
146
156
169
237
243
240
240
240
240
240
240
240
240
240
240
240
240
240
240
240
240
240
240
240
240
240
240
240
240
240
240
240
240
248
237
170
137
163
230
247
240
240
240
240
240
240
240
240
240
240
240
240
240
240
240
241
243
240
236
208
158
150
146
140
146
149
214
241
244
241
240
240
240
242
246
213
157
145
156
174
95
214
235
243
240
240
240
240
240
240
240
244
246
208
149
146
199
241
242
242
243
244
243
241
240
240
240
240
240
240
243
239
193
145
145
158
218
245
241
240
240
240
240
240
240
243
235
210
92
212
214
97
221
244
243
183
156
148
140
142
150
147
149
148
151
151
146
149
149
147
141
150
215
239
242
240
240
240
240
240
240
240
240
240
240
240
240
240
240
240
240
240
240
240
240
240
240
240
240
240
240
240
242
246
235
166
139
163
230
247
240
240
240
240
240
240
240
240
240
240
240
240
240
240
240
240
241
243
245
240
237
198
161
160
158
210
241
244
241
240
240
240
240
242
246
212
154
141
152
61
69
90
240
244
240
240
240
240
240
240
241
244
243
202
145
186
240
246
241
240
240
240
240
240
240
240
240
240
240
242
245
210
161
143
146
204
239
243
240
240
240
240
240
240
240
241
248
235
241
243
243
241
235
251
242
239
227
166
158
161
153
145
140
145
147
148
149
147
151
156
158
176
230
245
241
240
240
240
240
240
240
240
240
240
240
240
240
240
240
240
240
240
240
240
240
240
240
240
240
240
240
241
240
239
186
154
138
159
228
246
240
240
240
240
240
240
240
240
240
240
240
240
240
240
240
240
240
240
241
243
244
238
232
227
232
237
243
241
240
240
240
240
240
242
246
212
152
145
76
67
67
217
235
243
240
240
240
240
240
241
243
242
216
152
149
194
245
246
240
240
240
240
240
240
240
240
240
240
240
243
245
200
148
139
153
211
247
244
240
240
240
240
240
240
240
240
241
243
244
244
244
244
243
242
242
245
241
235
229
233
217
163
158
153
147
141
144
144
150
205
231
235
237
242
240
240
240
240
240
240
240
240
240
240
240
240
240
240
240
240
240
240
240
240
240
240
240
240
241
243
244
247
242
189
151
146
147
157
235
245
240
240
240
240
240
240
240
240
240
240
240
240
240
240
240
240
240
240
240
240
241
243
245
246
245
243
243
243
244
243
241
240
240
242
246
212
151
142
168
95
222
243
248
241
240
240
240
240
241
243
243
218
155
143
145
193
241
245
239
240
240
240
240
240
240
240
240
240
240
243
244
202
151
138
156
210
245
243
240
240
240
240
240
240
240
240
240
240
240
240
240
240
240
240
240
241
242
244
246
248
240
235
231
208
160
162
162
174
191
228
249
245
242
241
240
240
240
240
240
240
240
240
240
240
240
240
240
240
240
240
240
240
240
240
240
240
240
241
248
235
239
241
246
177
144
144
154
224
240
243
240
240
240
240
240
240
240
240
240
240
240
240
240
240
240
240
240
240
240
240
240
240
240
240
240
241
248
235
240
235
248
241
240
242
246
212
151
147
181
235
237
250
241
240
240
240
241
242
246
243
225
162
146
141
155
202
244
243
240
240
240
240
240
240
240
240
240
240
240
243
244
201
150
139
154
210
245
243
240
240
240
240
240
240
240
240
240
240
240
240
240
240
240
240
240
240
240
240
240
241
243
245
249
247
227
226
225
240
237
239
241
240
240
240
240
240
240
240
240
240
240
240
240
240
240
240
240
240
240
240
240
240
240
240
240
240
241
248
243
216
89
217
233
181
144
141
161
228
248
241
240
240
240
240
240
240
240
240
240
240
240
240
240
240
240
240
240
240
240
240
240
240
240
240
241
248
243
216
89
210
235
243
240
242
246
212
152
142
157
207
251
246
240
240
240
242
246
240
237
219
161
148
145
146
184
241
242
240
240
240
240
240
240
240
240
240
240
240
240
243
244
201
149
139
151
210
245
243
240
240
240
240
240
240
240
240
240
240
240
240
240
240
240
240
241
243
244
243
241
240
240
241
249
246
222
96
217
241
247
242
241
240
240
240
240
240
240
240
240
240
240
240
240
240
240
240
240
240
240
240
240
240
240
240
240
240
243
235
216
63
66
96
236
178
136
141
163
232
245
240
240
240
240
240
240
240
240
240
240
240
240
240
240
240
240
240
240
240
240
240
240
240
240
240
243
235
216
63
67
89
240
244
240
242
245
210
150
138
144
192
241
248
245
245
247
242
240
225
163
153
150
144
149
185
240
243
242
240
240
240
240
240
240
240
240
240
240
240
240
243
243
199
148
137
149
206
244
243
240
240
240
240
240
240
240
240
240
240
240
240
240
240
240
241
248
235
240
235
248
241
240
243
235
216
63
67
89
240
244
240
240
240
240
240
240
240
240
240
240
240
240
240
240
240
240
240
240
240
240
240
240
240
240
240
240
240
244
240
89
67
63
222
234
183
152
161
226
238
242
240
240
240
240
240
240
240
240
240
240
240
240
240
240
240
240
240
240
240
240
240
240
240
240
240
244
240
89
67
63
216
235
243
240
241
246
219
158
145
147
152
198
240
237
237
232
229
181
160
150
142
145
149
179
241
243
243
240
240
240
240
240
240
240
240
240
240
240
240
240
242
246
205
149
139
152
212
244
242
240
240
240
240
240
240
240
240
240
240
240
240
240
240
241
248
243
216
89
210
235
243
240
244
240
89
67
63
216
235
243
240
240
240
240
240
240
240
240
240
240
240
240
240
240
240
240
240
240
240
240
240
240
240
240
240
240
240
243
233
207
84
213
244
247
234
226
233
238
244
241
240
240
240
240
240
240
240
240
240
240
240
240
240
240
240
240
240
240
240
240
240
240
240
240
240
243
233
207
84
213
241
248
241
240
240
242
238
205
149
145
149
152
163
215
183
161
157
158
148
149
149
150
173
236
242
243
240
240
240
240
240
240
240
240
240
240
240
240
240
240
240
242
237
191
143
197
237
242
240
240
240
240
240
240
240
240
240
240
240
240
240
240
240
241
241
228
82
72
87
233
243
240
243
233
207
84
213
241
248
241
240
240
240
240
240
240
240
240
240
240
240
240
240
240
240
240
240
240
240
240
240
240
240
240
240
240
240
240
240
240
240
240
240
240
240
240
240
240
240
240
240
240
240
240
240
240
240
240
240
240
240
240
240
240
240
240
240
240
240
240
240
240
240
240
240
240
240
240
240
240
240
240
240
240
240
240
243
212
145
151
152
150
152
153
151
150
151
152
152
151
149
160
244
240
240
240
240
240
240
240
240
240
240
240
240
240
240
240
240
240
240
240
240
240
240
240
240
240
240
240
240
240
240
240
240
240
240
240
240
240
240
240
240
240
240
68
68
68
240
240
240
240
240
240
240
240
240
240
240
240
240
240
240
240
240
240
240
240
240
240
240
240
240
240
240
240
240
240
240
240
240
240
