244
244
244
244
244
244
244
244
244
244
244
244
244
244
244
244
244
244
244
244
244
244
246
166
162
163
166
246
244
244
244
244
244
244
244
244
244
244
244
244
244
244
244
244
244
244
244
244
244
244
244
244
244
244
244
244
244
244
244
244
244
244
244
244
244
244
244
244
244
244
244
244
244
244
244
244
244
244
244
244
244
244
244
244
244
244
244
244
244
244
244
244
244
244
244
244
244
244
244
244
244
244
244
244
244
244
244
244
244
244
244
244
244
244
244
244
244
244
244
244
244
244
244
244
244
244
244
244
244
244
244
244
244
244
244
244
244
244
244
244
244
244
244
244
244
244
244
244
244
244
244
244
244
244
244
244
244
244
244
244
244
244
244
244
244
244
244
244
244
244
244
248
238
176
158
160
184
240
247
244
244
244
244
244
244
244
244
244
244
244
244
245
247
244
239
238
243
249
246
245
244
244
244
244
244
244
244
244
244
244
244
244
244
244
244
244
244
244
244
244
244
244
244
244
248
234
176
160
162
184
243
249
244
244
244
244
244
244
244
244
244
244
244
244
244
244
244
244
244
244
244
244
244
244
244
244
244
244
244
244
244
244
244
244
244
244
244
244
244
244
244
244
244
244
244
244
244
244
244
244
244
244
244
244
244
244
244
244
244
244
244
244
244
244
244
244
244
244
244
244
244
244
244
244
244
244
244
244
244
244
244
244
244
244
244
244
244
244
244
244
244
250
238
180
155
159
194
240
249
244
244
244
244
244
244
244
244
244
244
244
245
248
248
244
185
166
223
243
245
248
245
244
244
244
244
244
244
244
244
244
244
244
244
244
244
244
244
244
244
244
244
244
244
244
249
231
168
149
152
174
239
251
249
246
245
244
244
244
244
244
244
244
244
244
244
244
244
244
244
244
244
244
244
244
244
244
244
244
244
244
244
244
244
244
244
244
244
244
244
244
244
244
244
244
244
244
244
244
244
244
244
244
244
244
244
244
244
244
244
244
244
244
244
244
244
244
244
244
244
244
244
244
244
244
244
244
244
244
244
244
244
244
244
244
244
244
244
244
244
244
244
250
237
175
155
159
183
241
249
244
244
244
244
244
244
244
244
244
244
245
245
243
240
191
160
157
162
185
236
247
251
247
245
244
244
244
244
244
244
244
244
244
244
244
244
244
244
244
244
244
244
244
244
244
250
232
173
155
161
167
188
239
244
246
249
246
245
244
244
244
244
244
244
244
244
244
244
244
244
244
244
244
244
244
244
244
244
244
244
244
244
244
244
244
244
244
244
244
244
244
244
244
244
244
244
244
244
244
244
244
244
244
244
244
244
244
244
244
244
244
244
244
244
244
244
244
244
244
244
244
244
244
244
244
244
244
244
244
244
244
244
244
244
244
244
244
244
244
244
244
244
251
237
175
155
159
189
240
250
244
244
244
244
244
244
244
244
244
244
248
246
217
178
164
159
158
158
160
170
229
241
243
250
249
248
246
245
244
244
244
244
244
244
244
244
244
244
244
244
244
244
244
244
244
250
232
171
156
161
161
167
167
190
236
241
243
245
244
244
244
244
244
244
244
244
244
244
244
244
244
244
244
244
244
244
244
244
244
244
244
244
244
244
244
244
244
244
244
244
244
244
244
244
244
244
244
244
244
244
244
244
244
244
244
244
244
244
244
244
244
244
244
244
244
244
244
244
244
244
244
244
244
244
244
244
244
244
244
244
244
244
244
245
245
246
246
245
244
244
244
244
251
237
175
155
158
181
239
250
244
244
244
244
244
244
244
244
244
244
249
246
191
159
157
159
159
158
153
159
162
176
239
241
240
239
248
251
248
246
245
244
244
244
244
244
244
244
244
244
244
244
244
244
244
251
232
171
156
164
161
160
160
161
166
203
250
251
245
244
244
244
244
244
244
244
244
244
244
244
244
244
244
244
244
244
244
244
244
244
244
244
245
245
246
246
245
244
244
244
244
244
244
244
244
244
244
244
244
244
244
244
244
244
244
244
244
244
244
244
244
244
244
244
244
244
244
244
244
244
244
244
246
246
244
244
244
244
244
244
244
244
246
249
246
243
240
245
245
244
244
244
250
238
174
156
156
182
238
250
244
244
244
244
244
244
244
244
244
245
250
243
188
155
157
163
174
177
166
160
152
158
185
230
174
181
236
237
240
246
247
245
244
244
244
244
244
244
244
244
244
244
244
244
245
252
235
172
157
162
160
159
160
157
155
186
235
243
244
245
244
244
244
244
244
244
244
244
244
244
244
246
248
250
248
246
244
244
244
244
244
244
247
244
242
241
245
246
245
246
249
250
249
247
245
244
244
244
244
244
244
244
244
244
244
244
244
244
244
244
244
244
244
244
244
244
244
244
244
244
244
244
245
253
246
244
244
244
244
244
244
245
244
241
234
197
216
249
248
244
244
244
250
239
187
155
155
184
239
250
244
244
244
244
244
244
244
244
244
248
248
215
169
160
159
178
224
244
240
179
163
156
168
199
163
158
167
170
189
241
245
245
244
244
244
244
244
244
244
244
244
244
244
244
247
246
229
165
156
167
171
169
160
157
161
166
173
214
249
249
244
244
244
244
244
244
244
244
244
244
246
253
238
244
238
253
246
244
244
244
244
246
247
243
192
203
245
250
251
245
240
231
236
241
247
244
244
244
245
247
248
248
246
245
244
244
244
244
244
244
244
244
244
244
244
244
244
244
244
244
244
58
224
238
248
244
244
244
244
244
244
248
248
209
163
158
206
242
248
245
244
244
250
241
187
162
158
180
239
250
244
244
244
244
244
244
244
244
244
249
246
190
150
160
213
216
247
248
249
236
189
164
165
164
162
155
154
154
159
195
247
248
244
244
244
244
244
244
244
244
244
244
244
244
249
239
174
159
155
170
234
229
178
161
166
151
152
191
248
250
246
244
244
244
244
244
244
244
244
246
253
247
218
81
211
238
248
244
244
245
248
250
247
203
158
159
206
243
244
243
186
164
176
234
249
245
244
245
247
242
236
236
241
245
244
244
244
244
244
244
244
244
244
244
244
244
244
244
244
244
244
58
101
244
250
244
244
244
244
244
244
248
246
200
153
151
162
217
247
246
244
244
251
244
180
158
152
182
239
250
244
244
244
244
244
244
244
244
244
249
244
193
150
163
222
255
249
221
85
215
227
175
157
159
167
169
168
154
150
188
242
249
244
244
244
244
244
244
244
244
244
244
244
245
252
235
172
154
164
197
251
251
243
227
177
157
68
145
202
248
248
246
244
244
244
244
244
244
244
248
238
218
53
57
81
244
250
244
245
245
241
240
203
164
155
159
161
173
224
195
162
149
160
225
247
246
245
249
245
227
165
183
244
248
244
244
244
244
244
244
244
244
244
244
244
244
244
244
244
244
244
58
224
238
248
244
244
244
244
244
244
248
248
204
159
154
158
183
232
250
246
246
254
242
171
65
139
173
240
250
244
244
244
244
244
244
244
244
244
249
245
195
150
158
223
244
222
53
57
87
242
189
162
157
171
227
200
164
163
195
247
248
244
244
244
244
244
244
244
244
244
244
244
247
246
230
166
156
169
233
244
251
252
239
216
53
50
67
160
208
244
246
245
244
244
244
244
244
244
250
244
81
57
53
218
238
248
244
248
250
218
170
162
161
159
160
156
161
179
172
161
157
164
194
241
248
247
244
229
159
163
200
244
248
244
244
244
244
244
244
244
244
244
244
244
244
244
244
244
244
244
244
245
253
246
244
244
244
244
244
244
248
245
201
157
154
159
164
218
244
246
248
241
216
58
52
65
184
241
250
244
244
244
244
244
244
244
244
244
250
245
193
155
165
231
250
82
57
53
220
238
240
178
161
161
188
243
229
204
239
244
245
244
244
244
244
244
244
244
244
244
244
244
249
241
172
161
158
164
183
245
249
250
248
86
63
49
142
151
167
215
251
248
244
244
244
244
244
244
248
238
211
81
218
247
253
246
244
247
243
203
152
153
158
160
159
159
161
162
158
155
149
157
192
240
248
249
234
169
160
185
247
248
245
244
244
244
244
244
244
244
244
244
244
244
244
244
244
244
244
244
244
246
246
244
244
244
244
244
244
244
248
248
204
162
162
160
160
176
229
250
251
244
85
57
46
140
173
241
250
244
244
244
244
244
244
244
244
244
250
245
190
156
212
250
243
213
81
218
248
254
249
228
162
151
183
245
253
247
245
247
245
244
244
244
244
244
244
244
244
244
244
244
250
234
173
155
159
165
191
243
249
248
238
212
85
189
169
158
156
203
243
248
244
244
244
244
244
244
246
253
238
244
238
253
246
244
248
252
222
165
157
165
178
175
171
163
165
160
162
148
166
173
230
245
248
249
229
177
166
242
240
253
246
244
244
244
244
244
244
244
244
244
244
244
244
244
244
244
244
244
244
244
244
244
244
244
244
244
244
244
245
245
242
220
179
158
155
157
215
243
250
240
216
73
133
149
181
238
250
244
244
244
244
244
244
244
244
244
250
247
192
155
212
249
254
240
244
238
253
247
249
239
177
157
174
238
248
247
245
244
244
244
244
244
244
244
244
244
244
244
244
244
251
237
179
154
157
172
241
249
245
246
253
239
245
238
214
162
158
166
220
251
248
244
244
244
244
244
244
246
248
250
248
246
244
244
246
241
206
153
160
201
243
239
195
206
190
156
159
214
235
240
241
246
248
245
216
178
205
85
216
239
248
244
244
244
244
244
244
244
244
244
244
244
244
244
244
244
244
244
244
244
244
244
244
244
244
244
244
244
244
246
249
250
203
165
158
158
168
229
252
253
244
237
150
159
176
240
251
245
244
244
244
244
244
244
244
244
246
240
188
154
161
225
250
250
250
248
246
244
247
245
226
161
158
190
246
249
244
244
244
244
244
244
244
244
244
244
244
244
244
245
253
244
178
143
64
158
234
253
244
244
246
248
251
252
246
200
154
155
206
243
248
245
244
244
244
244
244
244
244
244
244
244
244
247
251
215
149
156
194
245
253
247
250
242
193
154
165
227
252
250
246
245
249
240
182
158
51
63
82
243
250
244
246
248
250
248
246
244
244
244
244
244
244
244
244
244
244
244
244
244
244
244
244
244
244
244
244
244
244
244
245
247
242
190
158
154
160
220
247
250
252
248
232
160
168
235
247
246
244
244
244
244
244
244
244
247
250
205
167
154
155
201
241
250
245
244
244
244
246
253
235
168
150
182
241
250
244
244
244
244
244
244
244
244
244
244
244
244
244
246
247
229
154
48
56
84
243
251
244
244
244
244
244
249
249
207
160
157
164
219
247
246
244
244
244
244
244
244
244
244
244
244
244
247
247
213
154
151
201
248
251
245
251
247
191
150
163
223
250
245
244
244
248
235
170
58
52
58
218
238
248
246
253
238
244
238
253
246
244
244
244
244
244
244
244
244
244
244
244
244
244
244
244
244
244
244
244
244
244
244
244
249
248
198
161
156
162
178
232
247
249
247
212
166
159
186
244
248
244
244
244
244
244
244
244
247
246
221
175
153
158
162
223
246
248
245
244
245
249
246
227
162
153
185
242
250
244
244
244
244
244
244
244
244
244
244
244
244
244
249
246
172
69
49
58
218
242
248
244
244
244
244
244
247
249
222
177
155
156
183
229
248
245
244
244
244
244
244
244
244
244
244
244
247
249
218
158
151
197
246
249
243
250
245
191
151
163
223
250
245
244
244
249
239
169
148
78
228
251
254
250
253
247
218
81
211
238
248
244
244
244
244
244
244
244
244
244
244
244
244
244
244
244
244
244
244
244
244
244
244
244
248
248
215
172
157
157
159
191
238
251
248
200
165
151
175
237
250
244
244
244
244
244
244
244
245
247
248
199
164
159
160
162
228
248
251
248
250
247
234
161
161
155
183
241
250
244
244
244
244
244
244
244
244
244
244
244
244
245
252
239
173
134
67
166
244
253
246
244
244
244
244
244
244
248
245
198
158
154
161
217
249
247
244
244
244
244
244
244
244
244
244
244
247
249
217
160
152
200
248
250
244
250
245
195
152
162
223
250
245
244
244
247
245
230
176
238
245
247
241
248
242
219
53
57
81
244
250
244
244
244
244
244
244
244
244
244
244
244
244
244
244
244
244
244
244
244
244
244
244
244
245
246
246
196
165
159
158
166
227
248
246
230
166
152
181
238
251
244
244
244
244
244
244
244
244
246
249
244
194
161
155
159
169
227
244
237
247
235
185
161
156
151
179
239
251
244
244
244
244
244
244
244
244
244
244
244
244
246
247
236
176
151
167
214
250
248
244
244
244
244
244
244
244
249
248
202
159
151
161
215
249
247
244
244
244
244
244
244
244
244
244
244
247
249
217
162
152
196
245
249
245
250
247
196
153
162
222
250
245
244
244
245
252
230
186
234
231
168
183
244
243
82
57
53
218
238
248
244
244
244
244
244
244
244
244
244
244
244
244
244
244
244
246
248
250
248
246
244
244
244
244
246
249
240
185
156
157
159
183
241
253
203
167
153
178
238
251
244
244
244
244
244
244
244
244
245
248
244
197
165
162
161
161
165
205
233
185
218
171
158
159
156
170
245
250
244
244
244
244
244
244
244
244
244
244
244
244
249
245
186
165
156
178
241
252
246
244
244
244
244
244
244
244
248
245
201
158
151
165
218
250
248
244
244
244
244
244
244
244
244
244
244
248
251
219
163
155
169
210
248
252
253
243
192
152
160
220
249
245
244
244
244
251
228
172
164
167
157
158
193
245
214
81
218
247
253
246
244
244
244
244
244
244
244
244
244
244
244
244
244
244
246
253
238
244
238
253
246
244
244
244
244
250
249
190
160
158
157
162
227
246
217
166
152
177
238
251
244
244
244
244
244
244
244
244
249
251
207
162
160
159
168
160
157
175
216
179
166
168
159
165
183
242
243
248
244
244
244
244
244
244
244
244
244
244
244
245
249
236
174
157
158
168
232
246
246
244
244
244
244
244
244
244
248
249
205
165
155
162
217
248
247
244
244
244
244
244
244
244
244
244
244
247
244
215
162
156
160
170
211
241
243
200
165
157
163
226
249
245
244
244
244
250
232
169
153
151
156
180
243
252
240
243
238
253
246
244
244
244
244
244
244
244
244
244
244
244
244
244
244
246
253
247
218
81
211
238
248
244
244
244
244
246
245
243
187
163
157
160
175
244
240
171
151
181
238
251
244
244
244
244
244
244
244
245
248
245
189
140
65
141
155
160
159
168
164
167
157
160
158
169
233
244
250
245
244
244
244
244
244
244
244
244
244
244
244
246
246
213
169
159
160
164
179
244
247
244
244
244
244
244
244
244
245
248
242
194
153
159
202
240
248
244
244
244
244
244
244
244
244
244
245
249
225
170
162
162
162
166
173
180
177
167
156
156
215
244
247
244
244
244
245
251
237
193
155
156
163
244
248
249
248
250
248
246
244
244
244
244
244
244
244
244
244
244
244
244
244
244
244
248
238
218
53
57
81
244
250
244
244
244
244
244
247
249
239
180
156
155
163
233
236
174
150
178
238
251
244
244
244
244
244
244
244
248
251
205
152
48
58
78
169
165
152
155
156
157
159
162
158
172
194
250
246
244
244
244
244
244
244
244
244
244
244
244
244
249
242
186
161
162
159
164
200
243
248
244
244
244
244
244
244
244
244
251
250
201
156
160
197
240
248
244
244
244
244
244
244
244
244
244
247
250
219
161
155
166
156
160
156
162
156
155
156
172
229
250
246
244
244
245
249
247
232
166
155
175
237
247
249
244
244
244
244
244
244
244
244
244
244
244
244
244
244
244
244
244
244
244
244
250
244
81
57
53
218
238
248
244
244
244
244
244
244
250
248
189
162
158
162
185
232
179
152
179
240
252
244
244
244
244
244
244
244
248
248
200
70
55
68
225
237
183
170
173
173
162
151
164
186
188
237
244
245
244
244
244
244
244
244
244
244
244
244
244
244
250
240
180
157
161
159
166
235
247
250
245
244
244
244
244
244
244
245
248
241
192
153
163
218
248
247
244
244
244
244
244
244
244
244
244
248
247
217
163
170
170
153
69
141
155
163
165
169
220
244
246
244
244
244
247
242
234
165
159
155
185
246
253
247
248
250
248
246
244
244
244
244
244
244
244
244
244
244
244
244
244
244
244
244
248
238
211
81
218
247
253
246
244
244
244
244
244
244
245
247
236
174
155
156
171
221
179
149
178
236
254
246
244
244
244
244
244
244
249
249
199
146
63
204
251
255
247
234
237
233
181
165
174
234
246
244
247
245
244
244
244
244
244
244
244
244
244
244
244
244
251
238
180
155
161
159
166
178
239
243
246
244
244
244
244
244
244
249
251
206
164
155
166
221
251
249
244
244
244
244
244
244
244
244
244
248
234
185
161
182
212
55
56
69
160
161
203
241
244
246
245
244
244
244
250
238
166
156
162
161
178
233
246
254
238
244
238
253
246
244
244
244
244
244
244
246
248
251
251
250
244
244
244
244
246
253
238
244
238
253
246
244
244
244
244
244
244
244
244
250
246
190
164
157
167
176
171
141
74
213
241
248
244
244
244
244
244
244
249
248
207
154
143
78
217
242
250
253
253
248
241
231
238
243
249
246
245
244
244
244
244
244
244
244
244
244
244
244
244
244
252
241
174
155
161
161
161
160
169
244
251
245
244
244
244
244
246
248
242
193
155
153
160
215
245
249
248
250
248
246
244
244
244
244
245
250
228
167
162
187
79
66
65
210
178
183
230
252
249
245
244
244
244
244
250
230
166
150
180
216
163
168
254
253
219
81
211
238
248
244
244
244
244
244
246
253
238
249
229
242
244
244
244
244
244
246
248
250
248
246
244
244
244
244
244
244
244
244
244
246
244
242
191
164
160
157
147
49
61
87
246
250
244
244
244
244
244
244
250
250
194
143
51
60
75
171
225
243
246
253
253
252
250
247
245
244
244
244
244
244
244
244
244
244
244
244
244
244
244
245
250
239
177
155
161
164
161
154
166
234
249
247
245
244
244
244
245
243
196
156
161
161
158
169
225
254
240
243
238
253
246
244
245
246
250
249
230
181
160
157
137
71
225
250
252
243
244
247
244
244
244
244
244
246
252
241
184
179
214
224
161
173
230
222
55
57
81
244
250
244
244
244
244
246
253
247
220
96
195
92
244
244
244
244
244
244
244
244
244
246
248
250
248
246
244
244
244
244
244
245
247
249
235
170
158
162
71
52
58
218
241
248
244
244
244
244
244
244
250
250
201
74
55
54
143
159
167
178
228
236
241
245
251
248
246
244
244
244
244
244
244
244
244
244
244
244
244
244
244
246
247
223
172
158
159
161
160
159
163
176
242
247
248
246
245
245
251
215
167
158
157
161
163
160
228
252
221
81
211
238
248
244
246
243
242
230
190
162
160
165
156
164
200
249
241
239
242
246
244
244
244
244
246
253
241
240
217
242
249
229
169
166
192
82
61
53
218
238
248
244
244
244
244
248
238
218
59
56
35
64
58
244
244
244
244
246
250
252
253
254
240
244
238
253
246
244
244
244
244
244
245
249
245
182
164
158
143
65
167
242
254
246
244
244
244
244
247
245
234
224
178
142
67
154
165
165
158
161
166
172
176
227
239
242
248
247
245
244
244
244
244
244
244
244
244
244
244
244
244
250
244
195
163
158
168
163
169
157
156
159
182
246
246
246
245
251
250
241
195
155
158
156
154
213
236
221
53
57
81
244
250
244
247
237
198
166
160
161
161
164
160
164
169
173
173
190
237
252
247
245
244
246
253
247
219
81
213
242
253
242
200
158
171
207
83
221
247
253
246
244
244
244
244
250
244
81
66
35
56
61
244
244
244
244
244
248
231
217
225
236
224
87
222
253
255
253
250
246
244
244
244
246
245
233
169
162
160
156
175
243
252
244
244
244
244
244
249
250
214
170
153
67
142
156
170
164
163
160
157
155
161
163
158
216
244
247
249
246
245
244
244
244
244
244
244
244
244
244
244
251
242
181
158
156
169
224
184
169
165
156
168
206
230
219
247
246
242
215
175
160
162
164
175
231
250
84
57
53
218
238
248
245
251
231
167
152
160
188
219
164
156
152
155
153
154
202
241
251
254
255
254
254
243
220
53
57
82
244
252
249
223
163
169
191
249
244
253
246
244
244
244
244
244
248
238
211
91
195
96
213
244
244
244
244
244
250
236
107
97
212
63
43
57
203
209
225
242
255
254
254
254
255
255
254
200
177
172
169
190
252
255
254
254
254
253
250
249
244
193
140
48
54
75
171
166
152
154
153
153
156
158
154
158
161
187
236
243
244
247
244
244
244
244
244
244
244
244
244
249
248
224
172
157
154
173
232
249
222
166
154
167
161
165
187
235
205
172
166
162
157
163
207
240
246
241
219
92
233
255
255
255
255
254
237
171
162
194
253
255
234
183
186
180
172
161
157
149
168
202
212
205
225
232
85
57
53
218
238
249
250
223
161
149
187
245
250
249
244
244
244
244
244
244
246
253
238
249
229
249
236
244
244
244
244
244
248
231
221
215
68
66
45
83
91
102
95
211
208
206
206
206
206
209
207
200
141
136
135
149
205
212
205
206
204
225
245
255
226
175
75
69
75
196
226
188
182
181
183
187
181
176
171
171
168
172
177
201
253
255
255
254
254
254
254
254
254
254
254
255
253
196
170
168
165
182
248
255
253
195
180
171
146
69
153
172
177
167
167
171
167
175
228
255
255
255
238
224
200
215
208
206
210
205
148
139
134
158
211
215
204
200
198
170
136
135
71
74
78
88
98
97
112
232
216
81
218
247
253
246
250
229
168
158
161
195
250
249
244
244
244
244
244
244
244
246
248
251
251
251
248
244
244
244
244
244
246
250
254
247
216
87
207
222
211
210
211
95
99
101
101
101
100
101
105
101
91
81
78
90
99
108
101
100
99
95
214
212
177
130
108
49
184
208
207
202
194
195
197
198
179
136
131
133
134
133
134
144
175
215
210
206
206
206
206
206
206
205
209
212
181
148
137
140
136
146
201
215
203
202
189
136
53
46
53
136
142
141
140
141
135
131
177
210
209
209
215
100
102
102
101
101
104
92
85
74
84
94
102
105
104
108
107
101
95
87
148
141
133
138
189
208
223
240
242
244
238
253
246
244
247
244
219
158
151
183
238
247
247
244
244
244
244
244
244
244
244
244
244
244
244
244
244
244
244
244
244
244
246
253
238
245
244
255
254
255
242
225
204
206
206
206
206
206
207
211
189
146
134
143
201
205
210
205
208
211
98
100
93
85
75
93
100
115
107
107
108
109
109
107
102
95
91
92
93
88
83
78
85
94
102
103
100
101
101
102
104
106
108
100
90
81
80
83
76
86
93
106
103
106
106
74
66
48
73
70
81
75
76
78
81
89
97
101
103
99
95
211
208
206
206
206
212
199
142
132
157
211
214
206
205
206
207
209
213
225
193
171
164
170
229
254
254
251
250
250
248
246
244
244
246
251
222
163
150
151
182
245
248
244
244
244
244
244
244
244
244
244
244
244
244
244
244
244
244
244
244
244
244
246
248
250
248
246
244
246
250
253
254
254
254
254
254
254
255
255
247
183
166
171
185
255
255
254
255
242
229
211
178
135
145
189
215
210
205
206
206
206
206
207
209
211
212
215
217
199
143
133
135
163
209
210
205
206
208
215
201
206
206
217
161
134
139
141
140
142
204
210
206
207
215
203
90
184
153
141
149
147
151
162
182
203
211
208
206
204
225
242
255
254
254
254
255
245
182
163
189
253
255
255
254
254
254
254
255
254
218
174
155
162
179
235
248
244
244
244
244
244
244
244
245
250
224
166
160
154
184
244
248
244
244
244
244
244
244
244
244
244
244
244
244
244
244
244
244
244
244
246
248
250
248
246
244
244
244
244
244
244
244
244
244
244
244
244
244
251
234
176
154
154
175
237
250
244
246
250
254
254
215
164
177
229
255
255
254
254
254
254
254
254
254
254
254
254
255
248
187
167
165
202
254
255
254
255
255
255
235
97
234
250
199
162
165
166
173
223
254
255
254
254
255
245
250
218
202
220
207
244
246
247
252
254
255
254
254
254
253
250
246
244
244
244
250
228
166
150
163
193
246
247
245
244
244
244
245
248
242
193
152
155
214
243
247
244
244
244
244
244
244
244
245
247
232
193
176
230
242
242
248
244
244
244
244
244
244
244
244
244
244
244
244
244
244
244
244
244
246
253
238
244
238
253
246
244
244
244
244
244
244
244
244
244
244
244
244
250
232
166
154
158
188
241
251
244
244
247
249
213
165
154
169
219
251
252
247
246
244
244
244
244
244
244
244
244
248
244
223
160
153
190
245
251
244
250
242
224
57
58
86
245
199
170
165
156
162
227
250
246
244
244
246
248
250
244
244
239
247
247
251
250
248
246
245
244
244
244
244
244
244
244
244
244
248
235
171
155
153
170
219
251
252
248
246
244
245
251
249
196
155
163
224
251
248
244
244
244
244
244
244
244
245
247
236
194
199
249
252
246
245
244
244
244
244
244
244
244
244
244
244
244
244
244
244
244
244
246
253
247
218
81
211
238
248
244
244
244
244
244
244
244
244
244
244
244
244
249
239
174
160
154
184
241
251
244
244
248
247
207
158
151
164
220
243
247
238
253
246
244
244
244
244
244
244
244
246
252
228
166
152
186
239
248
247
254
239
81
50
62
223
237
242
235
234
177
161
233
249
245
244
244
244
244
245
246
247
247
247
245
245
244
244
244
244
244
244
244
244
244
244
244
244
244
247
244
232
167
160
157
183
237
239
243
248
250
250
251
244
189
155
193
236
248
244
244
244
244
244
244
244
244
244
245
241
236
237
242
245
244
244
244
244
244
244
244
244
244
244
244
244
244
244
244
244
244
244
248
238
218
53
57
81
244
250
244
244
244
244
244
244
244
244
244
244
244
244
247
247
231
167
153
180
239
251
244
244
248
248
209
160
152
172
214
223
84
211
238
248
244
244
244
244
244
244
244
246
250
224
162
154
163
195
249
254
251
214
49
49
213
251
253
250
251
248
237
235
238
248
244
244
244
244
244
244
244
244
244
244
244
244
244
244
244
244
244
244
244
244
244
244
244
244
244
245
248
242
221
157
154
163
168
175
199
239
241
242
243
197
159
163
216
248
247
244
244
244
244
244
244
244
244
244
245
246
247
247
246
245
244
244
244
244
244
244
244
244
244
244
244
244
244
244
244
244
244
244
250
244
81
57
53
218
238
248
244
244
244
244
244
244
244
244
244
244
244
244
247
247
232
167
154
182
240
251
244
244
248
248
209
160
156
163
190
58
59
81
243
250
244
244
244
244
244
245
247
251
246
209
161
153
154
187
245
244
220
63
50
81
239
254
246
244
245
246
248
249
247
245
244
244
244
244
244
244
244
244
244
244
244
244
244
244
244
244
244
244
244
244
244
244
244
244
244
244
247
243
204
183
162
156
150
156
163
169
195
202
174
165
153
159
215
249
248
244
244
244
244
244
244
244
244
244
244
244
244
244
244
244
244
244
244
244
244
244
244
244
244
244
244
244
244
244
244
244
244
244
248
238
211
81
218
247
253
246
244
244
244
244
244
244
244
244
244
244
244
244
247
242
184
161
154
187
240
251
244
244
248
248
209
161
160
168
70
59
61
223
240
250
247
246
246
247
250
252
246
243
226
178
161
158
163
197
252
248
81
59
57
224
242
250
244
244
244
244
244
244
244
244
244
244
244
244
244
244
244
244
244
244
244
244
244
244
244
244
244
244
244
244
244
244
244
244
244
244
246
241
239
237
221
168
159
159
153
156
161
162
161
155
156
159
218
250
246
244
246
248
250
248
246
244
244
244
244
244
244
244
244
244
244
244
244
244
244
244
244
244
244
244
244
244
244
244
244
244
244
244
246
253
238
244
238
253
246
244
244
244
244
244
244
244
244
244
244
244
244
244
247
242
196
162
152
178
240
251
244
244
247
248
212
164
162
159
138
70
218
248
255
246
242
240
251
241
237
232
229
176
169
163
157
168
205
243
248
241
211
81
218
247
253
246
244
244
244
244
244
244
244
244
244
244
244
244
244
244
244
244
244
244
244
244
244
244
244
244
244
244
244
244
244
244
244
244
244
244
245
246
248
250
245
241
216
169
164
157
154
154
155
166
163
212
242
245
244
246
253
238
244
238
253
246
244
244
244
244
244
244
244
244
244
244
244
244
244
244
244
244
244
244
244
244
244
244
244
244
244
244
244
246
248
250
248
246
244
244
244
244
244
244
244
244
244
244
244
244
244
244
246
248
231
166
151
174
240
250
244
244
248
248
208
162
157
168
158
164
168
226
242
233
165
225
250
241
161
169
164
169
156
158
158
189
243
249
248
253
238
244
238
253
246
244
244
244
244
244
244
244
244
244
244
244
244
244
244
244
244
244
244
244
244
244
244
244
244
244
244
244
244
244
244
244
244
244
244
244
244
244
244
245
247
249
244
242
209
168
168
166
167
181
224
246
247
246
246
253
247
218
81
211
238
248
244
244
244
244
244
246
248
250
248
246
244
244
244
244
244
244
244
244
244
244
244
244
244
244
244
244
244
244
244
244
244
244
244
244
244
244
244
244
244
244
244
244
244
244
244
245
247
253
237
169
159
204
244
249
244
244
247
249
208
157
160
163
164
162
165
168
174
164
165
173
231
201
162
152
159
159
159
163
183
216
246
249
244
246
248
251
251
251
248
246
244
244
244
244
244
244
244
244
244
244
244
244
244
244
244
244
244
244
244
244
244
244
244
244
244
244
244
244
244
244
244
244
244
244
244
244
244
244
244
245
248
249
243
229
223
234
213
222
247
248
246
244
248
238
218
53
57
81
244
250
244
244
244
244
246
253
238
244
238
253
246
244
244
244
244
244
244
244
244
244
244
244
244
244
244
244
244
244
244
244
244
244
244
244
244
244
244
244
244
244
244
244
244
244
244
246
244
245
226
163
170
238
249
245
244
244
246
247
239
197
154
157
159
157
155
155
156
158
158
165
167
167
163
161
161
164
166
189
240
243
244
245
244
244
246
253
238
244
238
253
246
244
244
244
244
244
244
244
244
244
244
244
244
244
244
244
244
244
244
244
244
244
244
244
244
244
244
244
244
244
244
244
244
244
244
244
244
244
244
244
244
246
247
248
249
249
247
245
245
245
244
244
250
244
81
57
53
218
238
248
244
244
244
246
253
247
218
81
211
238
248
244
244
244
244
244
244
244
244
244
244
244
244
244
244
244
244
244
244
244
244
244
244
244
244
244
244
244
244
244
244
244
244
244
245
249
243
205
165
160
178
240
252
244
244
244
244
248
250
214
167
164
165
171
169
164
160
162
161
159
155
152
153
154
152
166
209
244
246
248
245
244
244
246
253
247
218
81
211
238
248
244
244
244
244
244
244
244
244
244
244
244
244
244
244
244
244
244
244
244
244
244
244
244
244
244
244
244
244
244
244
244
244
244
244
244
244
244
244
244
244
244
244
245
245
245
245
245
245
244
244
244
248
238
211
81
218
247
253
246
244
244
244
248
238
218
53
57
81
244
250
244
244
244
244
244
244
244
244
244
244
244
244
244
244
244
244
244
244
244
244
244
244
244
244
244
244
244
244
244
244
244
244
244
246
246
235
166
153
157
184
240
250
244
244
244
244
245
244
241
237
195
205
239
241
183
158
155
155
161
166
173
170
170
167
185
243
249
247
245
244
244
244
248
238
218
53
57
81
244
250
244
244
244
244
244
244
244
244
244
244
244
244
244
244
244
244
244
244
244
244
244
244
244
244
244
244
244
244
244
244
244
244
244
246
248
250
248
246
244
244
244
244
244
244
244
244
244
244
244
244
244
246
253
238
244
238
253
246
244
244
244
244
250
244
81
57
53
220
242
252
248
246
244
244
244
244
244
244
244
244
244
244
244
244
244
244
244
244
244
244
244
244
244
244
244
244
244
244
244
244
244
244
244
248
242
185
162
155
165
203
245
247
244
244
244
244
244
246
248
246
244
244
251
251
244
186
170
169
172
227
236
234
233
233
239
242
247
244
244
244
244
244
250
244
81
57
53
218
238
248
244
244
244
244
244
244
244
244
244
244
244
244
244
244
244
244
244
244
244
244
244
244
244
244
244
244
244
244
244
244
244
244
246
253
238
244
238
253
246
244
244
244
244
244
244
244
244
244
244
244
244
244
246
248
250
248
246
244
244
244
244
244
248
238
211
81
220
254
247
245
238
253
246
244
244
244
244
244
244
244
244
244
244
244
244
244
244
244
244
244
244
244
244
244
244
244
244
244
244
244
244
244
244
247
237
178
159
159
173
236
247
245
244
244
244
244
244
244
245
245
246
246
246
247
245
241
234
232
239
245
252
251
251
250
249
246
245
244
244
244
244
244
248
236
207
76
215
245
253
246
244
244
244
244
244
244
244
244
244
244
244
244
244
244
244
244
244
244
244
244
244
244
244
244
244
244
244
244
244
244
244
244
246
245
224
101
224
245
246
244
244
244
244
244
244
244
244
244
244
244
244
244
244
244
244
244
244
244
244
244
244
244
246
253
238
244
240
253
225
101
224
245
246
244
244
244
244
244
244
244
244
244
244
244
244
244
244
244
244
244
244
244
244
244
244
244
244
244
244
244
244
244
244
244
246
164
162
163
169
246
244
244
244
244
244
244
244
244
244
244
244
244
244
244
244
244
244
244
244
244
244
244
244
244
244
244
244
244
244
244
244
244
244
244
244
244
244
244
244
244
244
244
244
244
244
244
244
244
244
244
244
244
244
244
244
244
244
244
244
244
244
244
244
244
244
244
244
244
244
244
244
244
244
244
58
58
58
244
244
244
244
244
244
244
244
244
244
244
244
244
244
244
244
244
244
244
244
244
244
244
244
244
244
244
244
244
244
244
58
58
58
244
244
244
244
244
244
244
244
244
244
244
