249
249
249
249
249
249
249
249
249
249
249
249
249
249
249
249
249
249
249
249
249
249
249
249
249
249
249
249
249
249
249
249
249
249
249
249
249
249
249
249
249
249
249
249
249
249
249
249
249
79
79
79
249
249
249
249
249
249
249
249
249
249
249
249
249
249
249
249
249
249
249
79
249
249
249
249
249
249
249
249
249
249
249
249
249
249
249
249
249
249
249
249
249
249
249
249
249
249
249
249
249
249
249
249
249
249
249
249
249
249
249
249
249
249
249
249
249
249
249
249
249
249
249
249
249
249
249
249
249
249
249
249
249
249
249
249
249
249
249
249
249
249
249
249
249
249
249
249
249
249
249
249
249
251
255
250
223
96
217
245
250
242
234
235
241
246
251
249
249
249
249
249
249
249
249
249
249
249
249
249
249
249
249
249
249
249
249
249
249
249
249
249
249
249
249
249
253
243
99
82
92
239
250
251
249
249
249
249
249
249
249
249
249
249
249
251
253
255
246
222
76
76
103
243
253
249
249
249
249
249
249
249
249
249
249
249
249
249
249
249
249
249
249
249
249
249
249
249
249
249
249
249
249
251
253
254
253
253
253
255
255
249
243
232
237
237
247
255
255
253
251
249
249
249
249
249
249
249
249
249
249
249
249
249
249
249
249
249
249
249
249
249
249
249
249
249
249
249
249
249
249
249
249
253
244
227
74
77
101
255
249
174
152
151
176
247
255
249
249
249
249
249
249
249
249
249
249
249
249
249
249
249
249
249
249
249
249
249
249
249
249
249
249
249
249
249
253
244
220
101
227
252
255
251
249
249
249
249
249
249
249
249
249
249
251
255
244
254
244
109
79
74
227
244
253
249
249
249
249
249
249
249
249
249
249
249
249
249
249
249
249
249
249
249
249
249
249
249
249
249
249
249
250
250
241
241
243
254
249
246
240
224
104
137
147
152
188
235
245
247
255
251
249
249
249
249
249
249
249
249
249
249
249
249
249
249
249
249
249
249
249
249
249
249
249
249
249
249
249
249
249
249
249
254
249
101
77
74
226
253
241
157
128
130
163
242
255
249
249
249
250
252
254
255
255
255
254
251
249
249
249
250
251
252
251
250
249
249
249
249
249
249
249
249
249
249
251
255
244
249
244
255
251
249
249
249
249
249
249
249
249
249
249
251
255
252
227
104
215
215
104
227
252
255
251
249
249
249
249
249
249
249
249
249
249
249
249
249
249
249
249
249
249
249
249
249
249
249
249
249
249
249
253
254
211
152
194
230
237
187
152
81
76
76
135
143
149
139
103
231
248
254
249
249
249
249
249
249
249
249
249
249
249
249
249
249
249
249
249
249
249
249
249
249
249
249
249
249
249
249
249
249
249
253
244
220
101
227
252
255
243
166
138
139
171
243
255
249
249
249
251
247
243
239
233
243
246
255
251
250
251
255
251
250
248
253
251
249
249
249
249
249
249
249
249
249
249
251
253
254
253
251
249
249
249
249
249
249
249
249
249
249
249
253
244
227
74
79
109
244
254
244
255
251
249
249
249
249
249
249
249
249
249
249
249
249
249
249
249
249
249
249
249
249
249
249
249
249
249
249
249
249
253
254
203
141
136
157
209
171
79
71
73
134
145
147
135
69
71
98
243
255
250
249
249
249
249
249
249
249
249
249
249
249
249
249
249
249
249
249
249
249
249
249
249
249
249
249
249
249
249
249
249
251
255
244
249
244
255
255
241
172
138
138
172
246
255
249
249
249
255
249
184
153
145
99
223
244
252
250
249
247
238
176
215
246
252
249
249
249
249
249
249
250
251
253
254
255
253
251
249
249
249
249
249
249
249
249
249
249
249
249
249
254
249
101
77
74
228
247
255
253
251
249
249
249
249
249
249
249
249
249
249
249
249
249
249
249
249
249
249
249
249
249
249
249
249
249
249
249
249
249
253
254
210
144
133
148
150
150
133
83
142
153
155
145
86
81
69
140
211
255
254
249
249
249
249
249
249
249
249
249
249
249
249
249
249
249
249
249
249
249
249
249
249
249
249
249
249
249
249
249
249
249
251
253
254
253
251
254
249
172
147
137
165
241
253
250
249
250
255
244
165
123
60
75
103
249
254
253
251
204
149
138
139
223
254
250
249
249
249
249
249
252
247
252
237
249
245
255
251
249
249
249
249
249
249
249
249
249
249
249
249
253
244
220
101
227
252
255
251
249
249
249
249
249
249
249
249
249
249
249
249
249
249
249
249
249
249
249
249
249
249
249
249
249
249
249
249
249
249
249
253
254
210
146
140
145
142
143
136
144
168
228
149
80
121
85
134
145
209
249
253
249
249
249
249
249
249
249
249
249
249
249
249
249
249
249
249
249
249
249
249
249
249
249
249
249
249
249
249
249
249
249
249
249
249
249
249
252
251
234
157
137
149
193
253
254
249
253
253
219
159
80
78
84
229
244
252
254
251
190
133
132
141
224
254
251
251
253
253
253
250
255
251
195
193
101
221
244
253
249
249
249
249
249
249
249
249
249
249
249
249
251
255
244
249
244
255
251
249
249
249
249
249
249
249
249
249
249
249
249
250
251
253
254
254
253
252
250
250
249
249
249
249
249
249
249
249
249
249
249
253
254
209
147
142
143
148
154
159
170
236
217
80
78
86
151
143
148
155
224
255
253
249
249
249
249
249
249
249
249
249
249
249
249
249
249
249
249
249
249
249
249
249
249
249
249
249
249
249
249
249
249
249
249
249
249
249
250
255
241
164
137
142
184
247
254
248
254
249
181
140
125
93
224
254
255
250
254
252
204
144
138
215
249
253
252
244
247
241
249
244
255
239
171
62
80
102
249
254
249
249
249
249
249
249
249
249
249
249
249
249
249
251
253
254
253
251
249
249
249
249
249
249
249
249
249
249
249
250
251
254
253
250
238
246
243
253
247
251
249
249
249
249
249
249
249
249
249
249
249
253
255
214
146
136
143
157
221
241
249
249
107
84
83
198
151
143
142
141
209
249
253
249
249
249
249
249
249
249
249
249
249
249
249
249
249
249
249
249
249
249
249
249
249
249
249
249
249
249
249
249
249
249
249
249
249
249
249
255
238
162
136
144
181
248
255
248
255
246
178
138
128
156
234
255
251
249
254
253
197
138
146
222
255
254
255
235
181
204
185
244
255
246
100
72
83
230
247
253
249
249
249
249
249
249
249
249
249
249
249
249
249
249
249
249
249
249
249
249
249
249
249
249
249
249
249
249
249
251
248
244
237
192
181
157
222
209
248
255
252
250
249
249
249
249
249
249
249
249
250
255
255
217
140
77
133
210
255
255
255
247
221
102
231
225
164
142
141
144
157
231
255
251
249
249
249
249
249
249
249
249
249
249
249
249
249
249
249
249
249
249
249
249
249
249
249
249
249
249
249
249
249
249
249
249
249
249
249
255
239
165
136
141
187
247
255
249
255
250
180
145
150
175
243
255
249
249
255
252
196
135
144
219
255
254
252
225
149
139
186
247
255
244
170
80
206
248
255
251
249
249
249
249
249
249
249
249
249
249
249
249
249
249
249
249
249
249
249
249
249
249
249
249
249
249
249
249
249
254
254
194
149
149
138
148
142
166
229
246
247
252
249
249
249
249
249
249
249
251
255
250
246
191
83
69
94
217
255
254
251
255
244
250
247
255
211
148
142
137
144
217
250
253
249
249
249
249
249
249
249
249
249
249
249
249
249
249
249
249
249
249
249
249
249
249
249
249
249
249
249
249
249
249
249
249
249
249
249
255
239
166
137
140
179
248
255
251
253
243
171
139
213
241
249
252
249
249
255
253
199
137
146
223
255
255
249
186
137
163
240
252
255
252
184
141
155
239
255
250
249
249
249
249
249
249
249
249
249
249
249
249
249
249
249
249
249
249
249
249
249
249
249
249
249
249
251
253
255
255
247
181
134
139
144
145
141
146
150
187
248
254
249
249
249
249
249
249
251
255
252
233
102
78
77
68
141
213
255
253
249
251
252
254
254
254
252
200
144
141
143
165
237
254
249
249
249
249
249
249
249
249
249
249
249
249
249
249
249
249
249
249
249
249
249
249
249
249
249
249
249
249
249
249
249
249
249
249
249
255
238
164
137
140
177
248
255
254
253
191
144
139
162
242
255
250
249
249
255
253
198
137
150
213
255
247
241
152
136
176
248
255
255
250
187
134
148
228
255
251
249
249
249
249
249
249
249
249
249
249
249
249
249
249
249
249
249
249
249
249
249
249
249
249
249
251
253
246
242
240
194
144
138
139
140
141
143
140
136
175
244
255
249
249
249
249
249
249
253
244
227
78
74
70
90
130
153
221
255
253
249
249
249
249
249
252
255
247
187
139
134
154
229
255
254
253
251
249
249
249
249
249
249
249
249
249
249
249
249
249
249
249
249
249
249
249
249
249
249
249
249
249
249
249
249
249
249
249
249
255
238
159
138
141
170
242
253
255
248
184
136
138
153
236
254
249
249
249
255
253
197
139
144
196
113
220
171
145
144
184
252
254
255
250
187
135
142
223
249
253
249
249
249
249
249
249
249
249
249
249
249
249
249
249
249
249
249
249
249
249
249
249
249
249
251
254
251
218
155
152
153
147
152
155
162
156
151
141
141
177
247
255
249
249
249
249
249
249
254
249
101
83
86
192
147
134
158
215
253
252
249
249
249
249
249
249
255
253
195
143
134
155
236
252
250
244
255
251
249
249
249
249
249
249
249
249
249
249
249
249
249
249
249
249
249
249
249
249
249
249
249
249
249
249
249
249
249
249
249
255
237
162
137
143
149
192
253
255
252
189
137
144
225
250
253
249
249
249
255
252
200
140
132
73
84
86
156
138
161
240
252
250
255
248
184
137
138
154
238
255
249
249
249
249
249
249
249
249
249
249
249
249
249
249
249
249
249
249
249
249
249
249
249
249
252
248
222
144
138
129
137
195
207
226
242
230
156
139
138
176
246
255
249
249
249
249
249
249
253
244
220
103
225
208
150
145
148
215
255
252
249
249
249
249
249
249
255
252
192
143
135
162
231
233
102
220
244
253
249
249
249
249
249
249
249
249
249
249
249
249
249
249
249
249
249
249
249
249
249
249
249
249
249
249
249
249
249
249
249
255
236
152
135
141
139
180
249
255
244
179
133
154
233
255
251
249
249
249
255
252
200
143
76
79
78
145
136
145
175
252
255
249
254
253
190
147
133
156
233
255
250
249
249
249
251
253
254
253
251
249
249
249
249
249
249
249
249
249
249
249
249
249
249
250
255
231
146
138
142
147
161
217
255
254
255
251
169
144
137
177
246
255
249
249
249
249
249
249
251
255
246
255
217
160
142
140
202
246
253
249
249
249
249
249
249
249
255
252
193
144
137
151
208
84
79
101
249
254
249
249
249
249
249
249
249
249
249
249
249
249
249
249
249
249
249
249
249
249
249
249
249
249
249
249
249
249
249
249
249
254
242
171
154
145
139
185
253
255
200
146
140
171
238
254
249
249
249
249
255
252
198
137
125
105
226
166
145
164
244
250
251
249
251
253
244
174
136
150
232
254
255
254
254
255
255
247
244
248
255
255
254
251
250
249
249
249
249
249
249
249
249
249
249
250
255
221
145
127
141
183
242
249
252
254
255
254
232
149
135
179
249
255
249
249
249
249
249
249
249
250
255
255
217
148
132
150
211
255
254
249
249
249
249
249
249
249
255
251
193
142
140
147
84
79
78
227
244
253
249
249
249
249
249
249
249
249
249
249
249
249
249
249
249
249
249
249
249
249
249
249
249
249
249
249
249
249
249
249
249
252
248
240
190
142
137
185
252
252
184
131
140
217
252
253
249
249
249
249
255
252
197
141
141
225
242
165
149
234
254
253
250
249
249
255
248
179
136
142
156
240
250
247
239
237
241
197
154
210
240
241
247
255
255
254
251
250
249
249
249
249
249
249
249
250
254
232
164
156
170
221
255
255
255
245
250
252
245
160
132
169
242
254
250
249
249
249
249
249
249
249
252
255
216
148
132
145
207
254
253
249
249
249
249
249
249
249
255
251
191
141
142
140
129
96
232
252
255
251
249
249
249
249
249
249
249
249
249
249
249
249
249
249
249
249
249
249
249
249
249
249
249
249
249
249
249
249
249
249
249
250
255
248
184
143
136
184
250
214
146
139
153
230
255
250
249
249
249
249
255
252
196
137
159
225
187
148
166
248
255
250
249
249
249
254
252
184
146
138
143
169
254
235
161
152
157
147
143
148
157
159
200
236
237
243
247
251
249
249
249
249
249
249
249
249
252
245
241
235
241
246
252
255
252
227
101
225
239
179
141
145
189
253
254
249
249
249
249
249
249
249
252
255
216
147
132
145
207
254
253
249
249
249
249
249
249
249
255
250
190
140
140
143
149
230
253
255
251
249
249
249
249
249
249
249
249
249
249
249
249
249
249
249
249
249
249
249
249
249
249
249
249
249
249
249
249
249
249
249
249
249
254
242
191
139
136
188
248
205
137
136
211
249
253
249
249
249
249
249
255
252
197
141
150
200
91
134
227
252
252
249
249
249
249
252
251
239
165
136
138
162
243
223
148
131
140
141
142
141
138
140
148
157
161
182
250
255
249
249
249
249
249
249
249
249
251
252
255
255
255
253
254
245
227
74
78
103
252
233
145
131
179
245
255
249
249
249
249
249
249
249
252
255
216
147
132
144
206
254
253
249
249
249
249
249
249
249
253
254
199
148
142
139
160
238
255
251
249
249
249
249
249
249
249
249
249
249
249
249
249
249
249
249
249
249
249
249
249
249
249
249
249
249
249
249
249
249
249
249
249
249
254
249
190
145
137
189
248
207
137
144
220
255
254
249
249
249
249
249
255
253
197
138
136
80
73
95
234
255
250
249
249
249
249
250
255
254
181
147
141
150
175
217
148
138
142
140
139
139
139
140
138
138
133
162
240
254
254
250
249
249
249
249
249
249
249
249
249
249
251
253
255
252
103
77
74
229
255
240
154
129
174
247
255
249
249
249
249
249
249
249
252
255
216
147
131
144
205
254
253
249
249
249
249
249
249
249
251
254
244
180
141
137
157
233
255
249
249
249
249
249
249
249
249
249
249
249
249
249
249
249
249
249
249
249
249
249
249
249
249
249
249
249
249
249
249
249
249
249
249
249
252
253
228
147
136
189
234
184
132
144
215
255
252
249
249
249
249
249
255
253
198
142
81
74
73
151
238
255
249
249
249
249
249
249
251
252
239
163
140
142
151
150
149
142
150
157
161
160
158
155
150
142
142
147
174
248
249
251
249
249
249
249
249
249
249
249
249
251
255
244
252
239
228
103
227
255
255
228
145
134
184
248
255
249
249
249
249
249
249
249
253
254
216
147
133
145
206
254
253
249
249
249
249
249
249
249
249
255
252
189
143
135
156
232
255
249
249
249
249
249
249
249
249
249
249
249
249
249
249
249
249
249
249
249
249
249
249
249
249
249
249
249
249
249
249
249
249
249
249
249
250
255
233
151
136
192
211
152
134
151
222
255
252
249
249
249
249
249
255
252
197
141
128
82
136
226
253
254
249
249
249
249
249
249
250
255
244
167
138
144
145
145
141
143
188
240
240
237
240
238
178
146
139
137
143
186
252
254
249
249
249
249
249
249
249
249
251
255
252
228
105
234
242
254
245
255
242
161
138
139
186
247
255
249
249
249
249
249
249
249
254
255
219
148
132
156
215
253
253
249
249
249
249
249
249
250
251
255
250
184
141
133
153
230
255
249
249
251
253
254
253
251
249
249
249
249
249
249
249
249
249
249
249
249
249
249
249
249
249
249
249
249
251
253
254
253
251
249
249
249
251
255
236
158
142
189
205
154
153
224
255
255
255
255
255
255
255
255
255
255
198
146
136
144
167
244
255
250
249
249
249
249
249
249
249
255
248
171
143
141
146
144
140
161
219
255
255
255
255
254
245
193
149
145
138
183
250
255
249
249
249
249
249
249
249
249
254
248
234
83
70
93
239
255
254
255
236
156
134
149
193
254
254
249
249
249
249
249
249
249
253
249
211
140
140
163
223
255
252
249
249
249
251
254
255
255
255
255
219
165
147
150
173
252
255
255
255
255
249
250
244
255
251
249
249
249
249
249
249
249
249
249
249
249
249
249
249
249
249
249
249
251
255
244
249
244
255
251
249
249
253
244
215
131
128
139
136
130
173
217
220
217
215
215
215
215
215
213
237
249
208
152
144
158
236
255
255
255
255
255
255
255
255
255
255
255
255
255
172
157
151
150
156
203
255
255
255
255
255
255
255
255
236
156
143
184
253
255
255
255
255
255
255
255
255
255
255
248
107
68
69
108
251
255
255
255
240
158
144
178
253
255
255
255
255
255
255
255
255
255
255
241
165
146
148
207
255
255
255
255
255
255
255
248
230
215
220
181
135
131
128
130
201
216
219
217
220
230
215
104
220
244
253
249
249
249
249
249
249
249
249
249
249
249
249
249
249
249
249
249
251
255
252
227
101
220
244
253
249
249
254
248
116
96
87
94
89
95
109
121
124
118
118
118
118
118
118
117
119
229
177
127
122
141
202
222
217
215
215
215
215
215
215
215
215
216
220
217
206
131
126
126
153
218
223
221
217
215
215
216
218
224
207
137
123
134
173
225
218
216
215
215
215
215
215
215
223
198
73
49
65
195
213
220
219
216
146
132
126
151
204
221
216
215
215
215
215
215
215
216
220
193
129
122
130
179
228
224
217
216
215
215
217
220
114
122
119
106
94
89
91
95
106
117
121
122
109
102
68
82
101
249
254
249
249
249
249
249
249
249
249
249
249
249
249
249
249
249
249
249
253
244
227
74
77
101
249
254
249
249
253
244
215
132
125
134
129
128
179
220
218
215
215
215
215
215
215
218
226
108
99
89
91
104
115
121
119
118
118
118
118
118
118
118
118
118
120
123
120
109
94
92
116
113
126
114
127
120
118
118
119
121
117
105
93
87
98
111
120
120
118
118
118
118
118
118
123
112
105
90
108
117
127
120
123
110
101
87
91
102
112
122
118
118
118
118
118
118
118
120
122
108
99
87
96
97
106
113
118
120
118
118
117
114
221
220
216
173
127
130
130
130
136
209
219
220
212
77
67
77
227
244
253
249
249
249
251
253
254
253
251
249
249
249
249
249
249
249
249
249
254
249
101
77
74
227
244
253
249
249
251
255
237
161
145
153
147
152
213
255
255
255
255
255
255
255
255
255
252
194
123
124
137
203
223
217
215
215
215
215
215
215
215
215
215
215
215
217
222
206
132
126
160
193
71
185
210
219
215
215
215
217
222
199
132
120
125
170
218
219
215
215
215
215
215
215
217
220
225
227
225
220
217
217
225
216
150
127
127
156
219
221
215
215
215
215
215
215
215
216
222
196
132
127
132
123
119
185
227
223
218
217
214
232
252
255
233
169
150
151
146
153
232
255
255
255
255
230
105
228
252
255
251
249
249
251
255
244
249
244
255
251
249
249
249
249
249
249
249
249
253
244
220
101
227
252
255
251
249
249
250
255
231
154
139
147
139
143
202
253
253
249
249
249
249
249
249
255
255
211
146
141
215
255
255
255
255
255
255
255
255
255
255
255
255
255
255
255
255
250
168
148
170
88
97
115
255
255
255
255
255
255
255
242
166
145
145
205
255
255
255
255
255
255
255
255
255
255
255
255
255
255
255
255
255
249
163
148
147
189
255
255
255
255
255
255
255
255
255
255
255
235
160
145
152
146
152
215
254
255
255
255
255
255
253
253
204
148
140
147
139
155
229
255
251
251
255
244
249
244
255
251
249
249
251
255
252
227
101
220
244
253
249
249
249
249
249
249
249
249
251
255
244
249
244
255
251
249
249
249
250
255
231
154
139
145
140
152
212
255
252
249
249
249
249
249
249
253
248
196
138
151
223
255
253
249
249
249
249
249
249
249
249
249
249
249
249
249
253
251
224
148
78
79
84
228
245
252
249
249
249
249
253
250
217
139
137
197
255
255
252
251
249
249
249
249
249
249
249
251
253
255
255
254
234
98
137
137
149
189
252
254
249
249
249
249
249
249
249
254
251
218
143
142
151
148
149
153
159
163
234
254
253
254
221
193
201
150
142
148
137
150
224
255
250
249
251
253
254
253
251
249
249
249
253
244
227
74
77
101
249
254
249
249
249
249
249
249
249
249
249
251
253
254
253
251
249
249
249
249
250
255
228
155
135
144
148
198
251
252
250
249
249
249
249
249
254
255
218
146
137
201
248
254
249
249
249
249
249
249
249
249
249
249
249
249
249
249
251
255
230
150
117
88
228
253
255
251
249
249
249
249
254
255
224
146
137
205
248
255
244
255
251
249
249
249
249
249
251
255
244
252
239
236
83
76
81
140
168
242
252
251
249
249
249
249
249
249
249
255
234
156
138
145
175
173
142
138
139
140
153
234
229
177
207
150
146
153
146
144
145
158
234
255
250
249
249
249
249
249
249
249
249
249
254
249
101
77
74
227
244
253
249
249
249
249
249
249
249
249
249
249
249
249
249
249
249
249
249
249
250
255
239
163
143
138
185
248
254
252
249
249
249
249
249
249
253
248
204
133
139
207
254
254
249
249
249
249
249
249
249
249
249
249
249
249
249
249
250
255
238
164
138
148
199
255
255
249
249
249
249
249
253
250
216
140
144
197
228
106
220
244
253
249
249
249
249
251
255
252
227
105
221
100
85
70
135
139
177
248
255
249
249
249
249
249
249
249
250
255
225
151
132
145
196
199
146
135
138
138
146
154
155
156
141
147
139
149
146
140
145
218
249
252
249
249
249
249
249
249
249
249
249
249
253
244
220
101
227
252
255
251
249
249
249
249
249
249
249
249
249
249
249
249
249
249
249
249
249
249
249
254
243
217
136
140
192
253
255
249
249
249
249
249
249
251
255
227
151
140
147
216
255
253
249
249
249
249
249
249
249
249
249
249
249
249
249
249
249
254
241
213
136
138
186
246
253
250
249
249
249
250
255
234
159
141
140
175
78
82
101
249
254
249
249
249
249
253
244
227
74
80
98
220
96
138
145
141
171
244
255
249
249
249
249
249
249
249
251
255
229
154
132
144
194
245
196
154
152
145
136
136
142
142
133
86
135
146
144
143
166
235
255
251
249
249
249
249
249
249
249
249
249
249
251
255
244
249
244
255
251
249
249
249
249
249
249
249
249
249
249
249
249
249
249
249
249
249
249
249
250
255
239
161
141
140
191
250
255
249
249
249
249
249
249
253
255
223
144
74
179
239
254
250
249
249
249
249
249
249
249
249
249
249
249
249
249
249
249
254
242
165
149
137
151
208
255
254
249
249
249
253
252
222
145
134
144
81
77
77
227
244
253
249
249
249
249
254
249
101
77
77
241
243
179
139
145
150
185
251
254
249
250
251
252
251
250
249
253
251
224
147
136
142
196
253
251
241
236
174
157
153
145
132
77
79
87
144
142
142
213
250
253
249
249
249
249
249
249
249
249
249
249
249
249
251
253
254
253
251
249
249
249
249
249
249
249
249
249
249
249
249
249
249
249
249
249
249
249
249
250
255
229
154
131
142
191
250
255
249
249
249
249
249
250
254
251
206
75
77
107
254
255
249
249
249
249
249
249
249
249
249
249
249
249
249
249
249
249
252
248
210
135
133
139
192
245
253
249
249
250
255
244
184
142
141
150
175
106
229
252
255
251
249
249
249
249
253
244
220
101
229
255
250
168
140
138
159
238
255
255
255
255
253
249
248
252
252
255
241
161
145
138
143
196
253
255
255
252
246
239
235
157
85
69
71
129
141
150
183
236
255
251
249
249
249
249
249
249
249
249
249
249
249
249
249
249
249
249
249
249
249
249
249
249
249
249
249
249
249
249
249
249
249
249
249
249
249
249
249
251
255
233
158
134
141
190
251
255
249
249
250
252
254
254
255
231
96
74
82
231
248
252
249
249
249
249
249
249
249
249
249
249
249
249
249
249
249
249
251
255
228
146
142
141
150
214
255
254
250
254
252
230
145
136
155
215
241
248
245
255
251
249
249
249
249
249
251
255
244
249
250
255
176
143
140
147
175
252
255
246
242
238
238
185
216
247
254
250
226
147
140
140
141
193
251
255
249
252
254
255
255
224
141
89
155
170
154
204
240
255
253
249
249
249
249
249
249
249
249
249
249
249
249
249
249
249
249
249
249
249
249
249
249
249
249
249
249
249
249
249
249
249
249
249
249
249
249
249
249
253
252
227
149
135
139
186
249
255
249
249
252
246
240
244
240
182
124
74
177
250
255
250
249
249
249
249
249
249
249
249
249
249
249
249
249
249
249
249
249
252
248
210
139
135
140
199
248
255
255
253
239
150
139
141
185
253
255
254
253
251
249
251
253
254
253
251
249
251
252
254
255
248
175
136
138
159
235
235
207
212
157
158
153
147
153
226
255
245
164
144
144
140
143
193
250
254
249
249
249
251
255
238
178
234
247
243
218
98
225
249
254
249
249
249
249
249
249
249
249
249
249
249
249
249
249
249
249
249
249
249
249
249
249
249
249
249
249
249
249
249
249
249
249
249
249
249
249
249
249
254
242
163
145
140
147
194
253
253
249
249
254
244
169
167
218
156
144
146
194
255
254
249
249
249
249
249
249
249
249
249
249
249
249
249
249
249
249
249
249
253
255
224
154
142
141
154
226
255
249
233
153
146
144
179
245
252
252
249
249
249
251
255
244
249
244
255
251
249
249
251
253
243
171
140
141
163
222
164
154
146
144
137
140
132
141
218
255
235
153
135
142
142
156
210
254
253
249
249
249
249
252
245
249
254
255
235
81
81
103
249
254
249
249
249
249
249
249
249
249
249
249
249
249
249
249
249
249
249
249
249
249
249
249
249
249
249
249
249
249
249
249
249
249
249
249
249
249
249
249
255
233
156
133
137
176
242
252
251
249
249
255
237
160
141
142
144
168
235
247
248
252
249
249
249
249
249
249
249
249
249
249
249
249
249
249
249
249
249
249
249
253
248
202
138
134
143
206
240
177
145
144
158
236
248
249
254
249
249
249
251
255
252
227
101
220
244
253
249
249
253
250
188
146
141
143
152
149
149
139
142
146
147
147
138
147
221
255
244
161
143
139
141
183
247
254
250
249
249
249
249
250
251
252
255
250
101
77
74
227
244
253
249
249
249
249
249
249
249
249
249
249
249
249
249
249
249
249
249
249
249
249
249
249
249
249
249
249
249
249
249
249
249
249
249
249
249
249
250
252
255
239
158
135
149
193
254
255
249
249
249
255
239
161
134
138
147
187
255
255
251
250
249
249
249
249
249
249
249
249
249
249
249
249
249
249
249
249
249
249
249
254
255
217
153
141
146
155
154
143
137
153
242
254
255
251
250
249
249
249
253
244
227
74
77
101
249
254
249
249
253
249
183
140
137
141
143
140
140
140
141
141
139
141
135
146
221
255
251
233
150
137
134
185
249
255
249
249
249
249
249
249
249
249
253
244
220
101
227
252
255
251
249
249
249
249
249
249
249
249
249
249
249
249
249
249
249
249
249
249
249
249
249
249
249
249
251
251
249
249
249
249
249
249
249
249
249
249
251
248
249
226
151
135
172
243
253
251
249
249
249
254
246
167
141
132
163
238
252
252
249
249
249
249
249
249
249
249
249
249
249
249
249
249
249
249
249
249
249
249
249
249
253
248
198
139
139
138
134
137
152
238
252
254
250
249
249
249
249
249
254
249
101
77
74
227
244
253
249
249
252
250
244
179
146
143
136
147
152
151
151
156
157
153
139
152
220
254
255
250
230
155
152
192
250
254
249
249
249
249
249
249
249
249
251
255
244
249
244
255
251
249
249
249
249
249
249
249
249
249
249
249
249
249
249
249
249
249
249
249
249
249
249
249
249
251
255
250
249
249
249
249
249
249
249
249
249
250
254
248
190
152
146
136
179
247
255
249
249
249
249
252
250
228
153
140
177
250
255
249
249
249
249
249
249
249
249
249
249
249
249
249
249
249
249
249
249
249
249
249
249
249
254
254
202
138
139
151
154
160
233
251
254
250
249
249
249
249
249
249
253
244
220
101
227
252
255
251
249
249
250
254
249
248
235
167
154
176
238
217
182
239
242
196
204
184
225
254
251
253
248
241
234
243
248
252
249
249
249
249
249
249
249
249
249
251
253
254
253
251
249
249
249
249
249
249
249
249
249
249
249
249
249
249
249
249
249
249
249
249
249
249
249
249
251
255
252
239
79
249
249
249
249
249
249
249
250
253
254
238
159
137
138
143
182
252
254
249
249
249
249
250
255
240
175
227
244
246
252
249
249
249
249
249
249
249
249
249
249
249
249
249
249
249
249
249
249
249
249
249
249
249
253
255
203
143
143
209
240
244
248
253
250
249
249
249
249
249
249
249
251
255
244
249
244
255
251
249
249
249
249
250
251
255
252
244
237
249
255
254
253
254
255
253
244
247
245
250
250
250
253
254
255
254
251
250
249
249
249
249
249
249
249
249
249
249
249
249
249
249
249
249
249
249
249
249
249
249
249
249
249
249
249
249
249
249
249
249
249
249
249
249
249
249
253
244
227
92
79
249
249
249
249
249
250
251
255
254
247
171
146
140
148
178
247
250
251
249
249
249
249
249
252
244
248
248
255
252
250
249
249
249
249
249
249
249
249
249
249
249
249
249
249
249
249
249
249
249
249
249
249
249
250
251
244
192
205
251
255
255
252
250
249
249
249
249
249
249
249
249
249
251
253
254
253
251
249
249
249
249
249
249
249
250
252
255
255
250
253
247
255
253
251
252
253
253
252
250
249
249
249
249
249
249
249
249
249
249
249
249
249
249
249
249
249
249
249
249
249
249
249
249
249
249
249
249
249
249
249
249
249
249
249
249
249
249
249
249
249
249
249
249
249
249
254
249
101
82
79
249
249
249
249
250
252
251
249
243
173
144
139
137
159
240
254
252
250
249
249
249
249
249
250
251
252
251
250
249
249
249
249
249
249
249
249
249
249
249
249
249
249
249
249
249
249
249
249
249
249
249
249
249
249
253
250
248
248
251
251
249
249
249
249
249
249
249
249
249
249
249
249
249
249
249
249
249
249
249
249
249
249
249
249
249
251
255
252
227
101
220
244
253
249
249
249
249
249
249
249
249
249
249
249
249
249
249
249
249
249
249
249
249
249
249
249
249
249
249
249
249
249
249
249
249
249
249
249
249
249
249
249
249
249
249
249
249
249
249
249
249
249
249
249
249
253
244
220
99
249
249
249
249
249
251
251
247
199
156
149
142
139
143
175
250
255
250
249
249
249
249
249
249
249
249
249
249
249
249
249
249
249
249
249
249
249
249
249
249
249
249
249
249
249
249
249
249
249
249
249
249
249
249
249
249
250
252
251
250
249
249
249
249
249
249
249
249
249
249
249
249
249
249
249
249
249
249
249
249
249
249
249
249
249
249
253
244
227
74
77
101
249
254
249
249
249
249
249
249
249
249
249
249
249
249
249
249
249
249
249
249
249
249
249
249
249
249
249
249
249
249
249
249
249
249
249
249
249
249
249
249
249
249
249
249
249
249
249
249
249
249
249
249
249
249
251
255
244
243
249
249
249
249
249
253
253
200
145
140
143
142
147
162
241
250
252
249
249
249
249
249
249
249
249
249
249
249
249
249
249
249
249
249
249
249
249
249
249
249
249
249
249
249
249
249
249
249
249
249
249
249
249
249
249
249
249
249
249
249
249
249
249
249
249
249
249
249
249
249
249
249
249
249
249
249
249
249
249
249
249
249
249
249
249
249
254
249
101
77
74
227
244
253
249
249
249
249
249
249
249
249
249
249
249
249
249
249
249
249
249
249
249
249
249
249
249
249
249
249
249
249
249
249
249
249
249
249
249
249
249
249
249
249
249
249
249
249
249
249
249
249
249
249
249
249
249
251
253
253
249
249
249
249
249
255
249
187
132
131
141
136
151
230
253
254
250
249
249
249
249
249
249
249
249
249
249
249
249
249
249
249
249
249
249
249
249
249
249
249
249
249
249
249
249
249
249
249
249
249
249
249
249
249
249
249
249
249
249
249
249
249
249
249
249
249
249
249
249
249
249
249
249
249
249
249
249
249
249
249
249
249
249
249
249
249
253
244
220
101
227
252
255
251
249
249
249
249
249
249
249
249
249
249
249
249
249
249
249
249
249
249
249
249
249
249
249
249
249
249
249
249
249
249
249
249
249
249
249
249
249
249
249
249
249
249
249
249
249
249
249
249
249
249
249
249
249
249
249
249
249
249
249
249
249
253
250
197
147
145
151
172
170
237
254
250
249
249
249
249
249
249
249
249
249
249
249
249
249
249
249
249
249
249
249
249
249
249
249
249
249
249
249
249
249
249
249
249
249
249
249
249
249
249
249
249
249
249
249
249
249
249
249
249
249
249
249
249
249
249
249
249
249
249
249
249
249
249
249
249
249
249
249
249
249
249
251
255
244
249
244
255
251
249
249
249
249
249
249
249
249
249
249
249
249
249
249
249
249
249
249
249
249
249
249
249
249
249
249
249
249
249
249
249
249
249
249
249
249
249
249
249
249
249
249
249
249
249
249
249
249
249
249
249
249
249
249
249
249
249
249
249
249
249
249
249
249
249
249
249
249
249
249
249
249
249
249
249
249
249
249
249
249
249
249
249
249
249
249
249
249
249
249
249
249
249
249
249
249
249
249
249
249
249
249
249
249
249
249
249
249
249
249
249
249
249
249
249
249
249
249
249
249
249
249
249
249
249
249
249
249
249
249
249
249
249
249
249
249
249
249
249
249
249
249
249
249
249
249
249
249
249
249
249
249
249
249
249
249
249
249
249
249
249
249
249
249
249
249
249
249
249
249
249
249
249
249
249
249
249
249
249
249
249
249
249
249
249
249
249
249
249
249
249
249
249
249
249
249
249
249
249
249
249
249
249
249
249
249
249
249
