0.96633047
0.07637511
0.2549156
0.321014
1.0285952
-0.07802297
0.13940673
0.1409694
0.9783453
0.032352712
0.45445657
0.4118705
0.97569555
0.047994487
0.1410772
0.2141493
0.96660066
0.08725113
0.117661275
0.11494488
1.0640744
0.025361652
0.1682288
0.21936172
1.030255
0.120474
0.1599236
0.1373823
0.97688884
0.08904194
0.24572621
0.3111528
1.0387045
0.020667607
0.63736314
0.31638616
1.0750936
0.07524745
0.20642331
0.30560014
1.0356151
0.0682778
0.115562506
0.1560999
0.9138938
0.147746
0.49851382
0.24894512
1.0612707
0.06488328
0.17167242
0.25622478
0.93344104
0.1876801
0.1308519
0.24147992
1.0331837
0.13647605
0.145268
0.19121112
0.9674668
0.100142896
0.3100808
0.25054374
1.0801786
0.08504956
0.28469422
0.5374533
1.0200611
-0.0010412493
0.12618676
0.13872595
0.9734568
0.01946895
0.20704773
0.26348186
0.9691167
-0.051196482
0.3221646
0.35207897
0.9736341
0.025790874
0.625712
0.46161062
0.9803632
-0.017418128
0.20650782
0.27758452
1.0061239
0.015018607
0.13313109
0.14041637
0.9599324
0.057388913
0.3888422
0.3929582
0.98448235
0.14863865
0.34547982
0.65291953
0.96686506
0.026330763
0.082476966
0.20934813
0.93220407
0.18234438
0.3800397
0.40672785
0.94430196
0.03897419
0.58475506
0.66187173
1.0216895
0.11746893
0.8753835
0.5062034
0.9793748
-0.0017770132
0.24178867
0.2116387
1.0067725
0.06421125
0.803314
0.5475237
0.9704374
0.07527323
0.4469774
0.40635848
