0.5939175
-0.6046261
-0.36541182
-0.60928303
-0.60928303
-0.20297459
-0.60928303
-0.60928303
-0.23140018
-0.60928303
1.7332226
-0.60928303
-0.60928303
-0.60928303
-0.5034596
-0.60928303
-0.60928303
0.41829675
0.26023552
-0.43579477
-0.18635754
1.5836047
-0.42484254
1.636243
-0.08976254
-0.60928303
-0.60928303
-0.60928303
-0.60928303
-0.028127724
2.0690882
-0.233369
-0.60928303
2.5169501
6.842048
2.3357978
-0.60928303
0.6644375
-0.60928303
7.977084
3.8540347
-0.60928303
-0.60928303
-0.60928303
0.8981013
2.3919313
5.572192
2.7151985
3.015153
1.7487385
-0.09480394
-0.60928303
-0.59001803
1.8563738
-0.60928303
-0.60928303
0.95238584
-0.60928303
5.762954
1.6688792
-0.60928303
-0.60928303
4.0267425
1.2142001
-0.60928303
-0.60928303
0.3023605
-0.25973973
1.9618225
-0.60928303
0.77583796
4.7800593
6.0600686
-0.60928303
-0.60928303
-0.26630747
-0.60928303
1.0250758
-0.60928303
-0.60928303
-0.0067481203
0.5245239
-0.60928303
2.7978146
2.795682
-0.60928303
-0.60928303
1.4925032
-0.60928303
0.4472319
4.646953
-0.52739674
-0.60928303
-0.60928303
-0.5632495
-0.60928303
-0.60928303
0.9514644
2.1391082
-0.60928303
0.19350185
-0.60928303
1.4745877
1.432657
-0.60928303
-0.60928303
0.068214834
-0.60928303
-0.60928303
2.9037545
0.6607356
-0.60928303
-0.58461434
0.9038946
-0.60928303
-0.60928303
-0.60928303
1.0792834
2.8677413
1.1276358
-0.60928303
-0.60928303
-0.60928303
-0.60928303
-0.5820184
0.21558136
1.5585217
-0.43532786
-0.42909202
-0.33626103
-0.60928303
-0.60928303
-0.60928303
-0.4916138
-0.4916138
-0.4916138
-0.4916138
5.022655
0.13102882
-0.4916138
-0.4916138
-0.4916138
-0.4916138
-0.4916138
-0.4916138
0.53076726
0.34323964
-0.4916138
0.9305854
0.027769553
-0.4916138
1.5763037
-0.4916138
4.575472
-0.4916138
1.2730148
-0.4916138
-0.4916138
-0.4916138
-0.4916138
-0.4916138
-0.4916138
-0.4916138
-0.44145155
2.7164855
-0.4916138
-0.4916138
-0.4916138
-0.4916138
-0.4916138
-0.4916138
-0.4916138
-0.4916138
-0.4916138
0.43071887
5.348022
4.9257913
-0.4916138
2.209188
-0.4916138
-0.4916138
-0.4916138
3.1261957
8.422441
0.03735451
-0.4916138
1.2707564
-0.4916138
-0.4916138
-0.4916138
-0.4916138
-0.4916138
-0.4916138
-0.4916138
-0.4916138
-0.4916138
-0.4916138
5.55643
1.3588815
-0.4916138
3.1996362
0.36139646
3.040845
-0.4916138
-0.4916138
-0.4916138
-0.4916138
-0.4916138
-0.4916138
-0.4916138
1.6763483
2.9286757
-0.4916138
-0.4916138
-0.4916138
-0.4916138
-0.4916138
-0.4916138
-0.4916138
6.0734587
3.7151437
-0.4916138
-0.4916138
-0.4916138
-0.4916138
-0.4916138
-0.4916138
-0.4916138
0.60382736
0.26786992
-0.4916138
-0.4916138
2.756692
0.044079926
-0.4916138
-0.4916138
-0.4916138
-0.4916138
-0.4916138
1.5743306
3.7299452
-0.4916138
-0.4916138
-0.4916138
-0.4916138
-0.4916138
-0.4916138
0.46118584
0.30585554
0.36108023
3.5379376
6.4067335
0.037423484
0.27018437
0.30203342
0.9314203
0.2831846
0.5103917
0.7276886
0.15936837
0.06388518
0.7170421
0.13406473
0.3794405
-0.4916138
-0.4916138
-0.48717353
-0.48717353
-0.48717353
-0.48717353
-0.48717353
1.6606218
2.002495
1.9995061
-0.48717353
-0.48717353
-0.48717353
-0.48717353
-0.48717353
-0.48717353
0.092677146
-0.48717353
-0.2541912
1.1948617
0.8585955
-0.48717353
-0.48717353
-0.40286222
-0.48717353
-0.48717353
-0.48717353
-0.48717353
-0.48717353
-0.48717353
-0.48717353
-0.48717353
-0.48717353
-0.48717353
-0.48717353
-0.48717353
1.8821645
-0.20997612
0.2189668
0.79109764
-0.0033331993
4.2629733
3.1976447
-0.48717353
-0.48717353
-0.48717353
-0.48717353
-0.48717353
-0.48717353
-0.48717353
-0.48717353
-0.48717353
-0.48717353
-0.48717353
-0.48717353
1.6256213
-0.48717353
0.11376003
1.816195
-0.48717353
3.7814724
1.4102283
2.1600304
0.03860246
-0.48717353
1.290043
-0.48717353
-0.48717353
1.2814975
-0.48717353
-0.48717353
-0.48717353
-0.48717353
7.5833416
7.096423
-0.2729758
-0.48717353
0.15053035
0.6074131
-0.48717353
-0.48717353
-0.48717353
-0.48717353
-0.48717353
-0.45746887
1.9985256
1.6925503
-0.48717353
0.76734954
-0.48717353
-0.48717353
0.030434152
4.5808377
5.324429
-0.48717353
-0.48717353
-0.22874302
1.1087313
0.5764549
-0.48717353
-0.48717353
-0.48717353
-0.48717353
1.6514148
5.270207
3.7786796
0.15251969
1.1400071
-0.48717353
-0.48717353
0.08512558
6.842711
5.8469963
-0.48717353
0.37944332
2.1434665
-0.48717353
-0.48717353
-0.48717353
-0.48717353
-0.48717353
-0.48717353
-0.48717353
-0.48717353
-0.48717353
-0.48717353
-0.48717353
-0.48717353
-0.48717353
-0.48717353
-0.48717353
-0.48717353
-0.48717353
-0.48717353
1.7563438
-0.4437315
0.26929915
-0.4437315
3.9218662
3.9283583
-0.4437315
0.5465557
0.5367898
-0.4437315
-0.4437315
-0.4437315
-0.4437315
-0.4437315
-0.4437315
-0.34253716
-0.4437315
-0.4437315
0.3931321
-0.4437315
-0.4437315
10.916139
-0.4437315
-0.4437315
-0.4437315
-0.4437315
-0.4437315
-0.4437315
0.10738083
-0.4437315
-0.4437315
-0.4437315
2.1407595
-0.4437315
0.17591184
2.565078
0.24792813
-0.25770733
0.7645622
-0.4437315
1.0830067
-0.4437315
0.26540983
7.6347904
6.0714827
-0.4437315
-0.4437315
-0.4437315
-0.4437315
-0.4437315
-0.4437315
2.4130135
-0.4437315
5.950248
1.2827001
-0.4437315
-0.4437315
0.41941094
-0.4437315
-0.4437315
-0.4437315
-0.4437315
-0.4437315
-0.4437315
-0.4437315
6.663209
-0.299492
-0.4437315
-0.4437315
0.10643067
9.246694
-0.4437315
0.54765344
-0.4437315
-0.30246997
-0.4437315
0.6012358
-0.4437315
-0.4437315
5.250741
-0.4437315
-0.4437315
-0.4437315
-0.4437315
-0.4437315
-0.4437315
-0.4437315
4.9610205
1.3761609
-0.4437315
-0.4437315
-0.13245748
-0.4437315
-0.30822492
-0.4437315
0.8096479
0.7835799
-0.20103338
-0.4437315
-0.4437315
-0.4437315
-0.4437315
0.43491808
-0.4437315
-0.4437315
0.09288085
1.4449643
2.890583
-0.4437315
-0.4437315
-0.4437315
-0.4437315
-0.06654749
-0.4437315
0.9237036
1.140761
-0.37554848
-0.4437315
1.2644867
-0.4437315
-0.16556574
-0.35779536
0.051169958
-0.4437315
-0.39737606
-0.32672665
-0.4437315
-0.4437315
-0.011954754
-0.33991265
-0.30437744
-0.28282306
-0.4437315
-0.4437315
8.58696
7.1693277
-0.3451302
-0.3451302
-0.3451302
-0.3451302
-0.3451302
1.533649
9.273628
-0.3451302
4.8580456
7.4099903
-0.3451302
-0.3451302
0.16844034
3.1688027
-0.3451302
-0.3451302
-0.3451302
-0.3451302
8.764953
-0.3451302
18.031721
1.8725607
-0.3451302
3.9609108
4.215081
-0.3451302
-0.3451302
-0.3451302
-0.3451302
-0.3451302
-0.3451302
6.291336
-0.3451302
-0.3451302
-0.10203103
1.3990871
13.355199
26.241287
-0.3451302
-0.3451302
-0.3451302
-0.3451302
-0.3451302
-0.3451302
4.7243457
-0.3451302
-0.3451302
-0.3451302
-0.3451302
-0.3451302
-0.3451302
-0.3451302
-0.3451302
-0.3451302
0.5680831
-0.3451302
0.027169084
-0.3451302
7.3427615
3.6050498
-0.3451302
-0.3451302
5.2351003
-0.3451302
-0.3451302
-0.3451302
-0.3451302
-0.3451302
-0.3451302
8.847342
-0.3451302
-0.3451302
-0.3451302
1.3645316
-0.3451302
-0.3451302
3.251033
2.3135774
6.1035767
-0.3451302
0.09883988
13.806161
-0.3451302
-0.3451302
-0.3451302
-0.3451302
-0.3451302
-0.3451302
-0.3451302
-0.3451302
-0.3451302
-0.3451302
0.988639
-0.3451302
8.330829
1.2967532
-0.3451302
-0.3451302
-0.3451302
-0.3451302
-0.3451302
-0.3451302
-0.3451302
5.715905
3.7740347
-0.3451302
-0.3451302
-0.3451302
-0.3451302
-0.3451302
-0.3451302
-0.3451302
-0.3451302
-0.3451302
-0.3451302
9.540799
-0.3451302
-0.3451302
-0.3451302
-0.3451302
-0.3451302
-0.3451302
-0.3451302
3.3422356
-0.3451302
-0.3451302
-0.3451302
-0.3451302
-0.3451302
-0.3451302
-0.3451302
-0.3778564
-0.3778564
-0.3778564
1.0853491
9.865214
2.4945328
-0.3778564
-0.3778564
-0.3778564
-0.3778564
-0.3778564
-0.3778564
2.1899242
1.0870069
-0.3778564
-0.3778564
-0.3778564
-0.3778564
-0.32108778
-0.3778564
10.87667
1.0705272
-0.3778564
-0.3778564
0.44345596
-0.3778564
-0.3778564
-0.3778564
-0.3778564
-0.3778564
-0.3778564
3.2552984
-0.3778564
-0.3778564
-0.3778564
-0.3778564
-0.3778564
-0.3778564
-0.3778564
-0.3778564
-0.3778564
-0.3778564
2.4745567
9.624634
-0.3778564
-0.3778564
-0.3778564
-0.3778564
-0.3778564
4.9248137
11.848949
2.940579
-0.3778564
0.8258876
2.7497964
-0.3778564
-0.3778564
-0.3778564
-0.3778564
-0.3778564
-0.3778564
-0.3778564
-0.3778564
-0.3778564
-0.3778564
5.4286804
0.28905255
-0.3778564
-0.3778564
-0.3778564
-0.3778564
-0.3778564
-0.3778564
-0.3778564
-0.3778564
-0.3778564
-0.3778564
-0.3778564
5.0100775
1.7682877
-0.3778564
-0.3778564
-0.3778564
-0.3778564
-0.3778564
-0.3778564
0.21715598
6.148778
-0.3778564
1.3158365
-0.3778564
-0.3778564
-0.3778564
-0.3778564
-0.3778564
-0.28186128
-0.3778564
-0.3778564
-0.3778564
5.1897964
2.167963
-0.3778564
-0.3778564
0.06310031
0.14428417
-0.3778564
-0.3778564
0.10590429
0.3056017
-0.3778564
0.38304543
-0.3778564
-0.3778564
-0.3778564
0.97071785
0.8554827
0.5364308
-0.09658861
1.612882
2.672524
0.87870246
-0.3778564
0.26403993
0.83596677
0.6298582
-0.3778564
-0.3778564
1.2048079
0.30824453
0.98133135
0.8521688
0.98852634
-0.3778564
-0.043206085
-0.5978473
-0.12208349
-0.6832645
0.4037131
0.8460416
2.181345
2.262649
-0.6832645
-0.6832645
0.22850297
-0.6832645
-0.6832645
0.42347053
1.2523406
-0.6832645
2.5172956
1.7562253
0.69277924
-0.6832645
-0.6832645
-0.23436858
-0.027417952
0.18745176
3.7664306
-0.20847341
-0.6832645
-0.6832645
3.2427435
2.6527672
-0.6832645
-0.61557955
-0.6832645
1.3182067
-0.6832645
-0.6832645
-0.13943423
0.76798403
0.81801707
4.618715
2.5116425
-0.6832645
-0.6832645
-0.6832645
0.06979785
-0.6832645
-0.6832645
4.613206
1.114461
-0.6832645
-0.6832645
-0.6832645
-0.6832645
-0.6832645
-0.29199207
0.21052384
1.5951889
-0.46787998
0.24825342
3.3933234
0.1346429
5.194525
3.1351764
2.616445
-0.6832645
1.3468449
4.4462085
0.017906573
3.5284145
2.7268002
-0.55927056
1.9303333
2.8587115
-0.4318635
0.13056073
1.3200705
-0.3762909
-0.6832645
-0.6832645
-0.6832645
-0.6832645
6.4713335
3.1526248
1.721012
6.1975255
2.5844765
1.0815588
-0.6832645
-0.6832645
5.09035
1.3563662
2.4731839
-0.29665607
0.6960182
0.06564858
-0.6832645
-0.6832645
-0.6832645
-0.6832645
-0.6832645
4.9110484
-0.6832645
-0.6832645
3.986631
-0.1074728
0.8425177
-0.6832645
-0.6832645
6.799231
3.7875068
5.37261
-0.6832645
-0.22499174
0.25408387
-0.6832645
-0.6832645
-0.6832645
-0.6832645
-0.6832645
-0.6832645
-0.6832645
-0.6832645
-0.6832645
-0.6832645
-0.6832645
-0.6832645
-0.6832645
-0.6832645
-0.6832645
-0.6832645
-0.6832645
-0.6832645
-0.6832645
0.40782097
5.047614
1.3316913
-0.5874025
2.4888542
-0.5874025
-0.13458547
-0.5874025
-0.5874025
1.6736339
1.3666856
-0.5874025
3.4782546
0.8352985
-0.5874025
0.8538556
1.4847218
-0.5874025
-0.5874025
-0.5874025
-0.5874025
0.12272476
-0.23254554
6.747764
6.496385
-0.24535759
-0.5874025
-0.5874025
-0.5874025
-0.5874025
-0.5874025
2.0097344
0.024138495
0.8963324
2.5454745
1.5752124
-0.5874025
-0.11748987
0.31480294
4.019762
2.782636
-0.5874025
-0.5874025
-0.5874025
1.2625699
-0.5874025
-0.5874025
3.1798027
-0.5874025
-0.5874025
3.1942632
4.0954404
0.49391553
-0.5874025
-0.13481334
0.22773959
-0.5174678
-0.33401564
-0.4566682
0.85694987
3.0185087
4.422492
4.2987614
0.18795085
0.23712082
-0.5874025
-0.5874025
-0.48344535
1.5542372
6.027489
1.2161381
4.4290094
2.3590126
-0.5874025
0.22767803
0.3747154
-0.22963843
-0.5874025
-0.5874025
-0.5874025
-0.5874025
1.729524
-0.5874025
1.1083753
3.8931942
0.05212314
2.4486628
-0.5874025
5.792161
4.170665
-0.25705215
-0.5874025
-0.059615105
0.1205054
-0.10579878
0.5497438
1.6756649
-0.07707913
-0.5874025
-0.5874025
-0.5874025
0.03755696
0.20692809
-0.2367936
0.5144768
1.3412204
2.8016102
2.7887015
0.12985423
0.6263282
-0.5874025
0.76240224
0.88054174
0.85167927
0.7489034
-0.5874025
-0.5874025
-0.5874025
-0.5874025
-0.5874025
-0.5874025
-0.5874025
-0.5874025
-0.5874025
-0.5874025
-0.5874025
-0.5874025
-0.54700357
-0.5874025
-0.5874025
-0.5874025
-0.5874025
0.13850656
1.0828277
0.3703953
-0.072510235
1.5926523
4.088801
2.1819992
0.022280663
-0.013179631
0.5152119
0.7690418
0.249454
-0.5643725
-0.39674792
1.1067785
0.30003724
-0.22248673
-0.153574
1.2432922
0.8529008
0.5824276
3.8706622
1.2332771
-0.5643725
-0.10668979
-0.5643725
-0.5643725
-0.5643725
0.15618774
-0.31240934
-0.5643725
-0.5643725
-0.5643725
-0.5643725
1.3500333
-0.33275217
-0.5643725
0.10816232
0.008479014
-0.096539535
5.1923347
0.7962248
-0.5643725
0.82122076
2.2162974
-0.5643725
-0.5643725
-0.5643725
0.2907784
0.9404793
1.877583
-0.12461582
0.98653454
10.148639
7.65645
0.34214225
-0.44138855
0.15277347
-0.32485127
4.4054327
2.4717238
-0.5643725
-0.5643725
0.39778867
-0.5643725
-0.5643725
8.2058735
3.246626
2.0885653
0.35221416
-0.5643725
-0.5643725
4.869365
1.5095611
-0.5643725
-0.0231381
-0.297039
-0.5643725
4.9047155
7.8425307
1.0962683
0.7434398
4.39838
-0.24198826
3.7549193
2.7177293
-0.5643725
0.61301076
2.442804
5.9379168
0.5969151
3.2986221
1.2621338
-0.5643725
-0.17708345
-0.54641217
0.071151145
-0.5643725
-0.5643725
-0.5643725
0.07938221
1.8761914
-0.5643725
5.89068
3.6513255
-0.5643725
-0.5643725
-0.5643725
-0.5643725
0.2870768
3.3066473
2.7991
-0.5643725
0.87358385
0.15131974
-0.5643725
-0.12529738
-0.06312875
-0.5643725
-0.5643725
-0.22125515
-0.07109859
1.1618571
1.2082764
-0.015197151
0.41961545
-0.10678826
-0.5643725
0.5127863
1.1139289
0.55418116
0.22994173
0.92127496
0.5325078
-0.49503744
-0.49503744
-0.49503744
4.3341665
4.594482
2.4596243
-0.11981122
-0.020392502
-0.49503744
-0.49503744
-0.49503744
0.6448864
2.7086358
0.15382767
-0.49503744
1.1918479
-0.36645168
-0.49503744
0.5584067
-0.49503744
-0.49503744
-0.49503744
-0.1390687
1.6159741
0.48791242
-0.49503744
-0.49503744
-0.13383621
2.3890553
-0.49503744
6.50309
1.4835429
-0.49503744
-0.49503744
0.6216008
-0.49503744
-0.49503744
-0.49503744
-0.49503744
-0.49503744
-0.49503744
-0.49503744
7.031839
4.1757393
-0.49503744
2.0908093
4.420541
0.06935641
0.100705475
5.935216
0.83289325
-0.49503744
-0.49503744
1.227818
-0.49503744
-0.49503744
-0.49503744
-0.49503744
3.019647
-0.49503744
0.53806835
-0.49503744
-0.49503744
0.36571264
3.4171221
3.4875016
1.925427
1.4690672
5.2410455
-0.49503744
-0.25341412
-0.49503744
-0.49503744
-0.49503744
-0.49503744
-0.49503744
-0.49503744
1.0058153
2.7214043
-0.49503744
4.0023885
3.790805
-0.49503744
-0.49503744
0.09979382
-0.49503744
-0.47209236
1.2215999
-0.49503744
0.94824535
-0.49503744
-0.49503744
-0.49503744
-0.49503744
-0.49503744
-0.49503744
0.0030108371
-0.15219373
3.0124283
9.722626
3.4762862
-0.49503744
2.5623767
0.40212533
-0.49503744
-0.27618656
1.1025757
8.365722
3.3352911
0.98846585
0.56563824
-0.49503744
-0.49503744
-0.49503744
-0.49503744
-0.49503744
-0.49503744
6.054916
7.2577047
-0.49503744
-0.49503744
-0.49503744
-0.49503744
-0.49503744
-0.49503744
-0.49503744
-0.49503744
-0.49503744
-0.49503744
-0.49503744
-0.49503744
-0.49503744
-0.49503744
-0.45704857
-0.4950547
-0.4950547
-0.4950547
7.182433
4.1188593
-0.4950547
-0.4950547
-0.4950547
-0.4950547
-0.4950547
-0.4950547
-0.4950547
-0.27552563
-0.4950547
-0.4950547
-0.4950547
-0.4950547
-0.4950547
-0.4950547
4.095622
1.9518578
4.639252
2.8142498
0.27257276
-0.4950547
-0.4950547
-0.4950547
1.5681182
-0.4950547
2.5225961
4.5148234
1.1338512
-0.4950547
2.482758
1.2833332
-0.4950547
-0.4950547
-0.13198349
4.9779253
1.3369783
-0.4950547
5.9286795
3.908997
-0.4950547
-0.22826499
3.666479
0.34068382
-0.12347713
-0.4950547
-0.4950547
-0.4950547
0.3693868
2.7827504
-0.4950547
-0.4950547
-0.4950547
-0.4950547
-0.4950547
-0.4950547
0.51116735
4.947524
4.0779333
-0.38636112
5.0909123
3.9660466
-0.4950547
-0.4950547
5.6590605
5.777557
1.7431479
1.1762112
1.657848
-0.4950547
-0.4950547
-0.4950547
-0.4950547
-0.4950547
0.17528558
-0.4950547
-0.4950547
-0.4950547
-0.4950547
3.9929745
3.5882902
-0.4950547
2.819549
0.6507761
-0.4950547
0.32832795
-0.4950547
-0.4950547
-0.4950547
-0.4950547
-0.4950547
1.3748497
2.3815234
3.6327248
-0.4950547
0.038854387
-0.4950547
-0.4950547
-0.4950547
-0.4950547
-0.4950547
0.7484733
4.4099874
4.9250274
-0.4950547
-0.4950547
-0.4950547
-0.4950547
-0.4950547
-0.45116282
0.5551939
-0.4950547
-0.4950547
1.2189363
4.257403
-0.4950547
-0.4950547
-0.4950547
-0.4950547
-0.4950547
-0.4950547
-0.30707413
0.13817607
-0.4950547
-0.4950547
-0.4950547
-0.4950547
-0.4950547
-0.4950547
-0.35299665
-0.35299665
-0.35299665
4.62903
9.965156
-0.35299665
-0.35299665
-0.35299665
-0.35299665
-0.35299665
-0.35299665
-0.35299665
8.241798
-0.35299665
-0.35299665
8.480171
-0.35299665
-0.35299665
-0.35299665
-0.35299665
6.1738834
-0.35299665
0.61314225
-0.35299665
-0.35299665
-0.35299665
-0.35299665
7.3204284
-0.35299665
-0.35299665
1.8963348
-0.35299665
-0.35299665
-0.35299665
-0.35299665
-0.35299665
-0.35299665
-0.35299665
-0.35299665
0.5441682
-0.35299665
-0.35299665
5.3640637
-0.35299665
-0.35299665
1.288518
-0.35299665
-0.35299665
-0.35299665
3.9145105
5.578278
-0.35299665
7.481984
6.693718
-0.35299665
-0.35299665
-0.35299665
-0.35299665
-0.35299665
-0.35299665
-0.35299665
-0.35299665
-0.35299665
-0.35299665
10.963184
5.597517
-0.35299665
-0.35299665
-0.35299665
-0.35299665
-0.35299665
-0.35299665
-0.35299665
-0.35299665
-0.35299665
-0.35299665
-0.35299665
6.7906694
5.868274
-0.35299665
-0.35299665
0.883403
-0.35299665
-0.35299665
-0.35299665
-0.35299665
-0.35299665
2.6324847
-0.35299665
-0.35299665
-0.35299665
-0.35299665
-0.35299665
-0.35299665
-0.35299665
-0.35299665
-0.35299665
-0.35299665
6.295256
4.754992
-0.35299665
-0.35299665
0.0047000144
-0.35299665
-0.35299665
-0.35299665
2.8384843
10.808911
-0.35299665
-0.35299665
-0.35299665
-0.35299665
-0.35299665
-0.35299665
-0.35299665
-0.35299665
-0.35299665
2.8556504
6.7433863
-0.35299665
-0.35299665
1.1028659
1.4803948
-0.35299665
-0.35299665
0.5957823
1.5699714
-0.35299665
-0.011356046
-0.35299665
-0.35299665
0.5136332
0.42460284
1.5730945
0.46231
0.48313913
-0.61235434
-0.61235434
1.4966822
1.6669724
1.0386028
1.9084221
-0.61235434
0.93268305
-0.111297436
-0.61235434
1.0029687
1.0979538
-0.61235434
0.33874276
1.5252241
0.71355027
-0.61235434
-0.61235434
-0.61235434
2.5194237
-0.61235434
6.072932
1.5641651
0.72669446
-0.61235434
4.0912786
2.5910118
-0.61235434
5.4962025
2.2351298
0.07531576
2.7868664
1.744002
0.70156914
0.16210386
1.1456892
-0.61235434
2.0407884
-0.61235434
-0.61235434
-0.61235434
2.7740662
-0.61235434
-0.61235434
9.896773
-0.61235434
-0.61235434
-0.61235434
0.41224077
-0.61235434
-0.61235434
1.3512008
0.87074184
0.34052724
1.8781896
-0.61235434
2.4495356
1.3967083
1.5611957
-0.61235434
2.7660272
-0.61235434
-0.61235434
8.555173
-0.61235434
5.46173
-0.61235434
1.5609506
-0.61235434
5.7605433
1.8108827
1.0136378
0.009450363
0.21420096
-0.61235434
-0.61235434
1.1429112
0.26334432
6.7684712
3.7674785
-0.38353342
4.319567
4.760175
-0.61235434
-0.61235434
-0.61235434
6.13285
-0.61235434
3.7184873
0.90746844
0.44613934
-0.5904053
-0.61235434
-0.16921659
2.9525452
-0.61235434
-0.61235434
5.9452224
-0.61235434
-0.61235434
4.373885
0.271952
-0.61235434
-0.61235434
-0.098145
5.5879717
-0.61235434
3.1270292
-0.3846679
-0.3982563
0.03081003
0.8323628
-0.61235434
-0.61235434
-0.61235434
7.093738
1.9905596
-0.61235434
-0.61235434
-0.010833431
-0.61235434
-0.61235434
-0.18646356
0.20451136
-0.61235434
-0.61235434
-0.61235434
-0.61235434
-0.61235434
-0.61235434
1.5221956
0.90572363
-0.5997886
-0.5997886
-0.5997886
2.0719585
0.5593252
0.9216205
1.0774813
0.8684253
0.41815987
-0.5997886
-0.5997886
1.5690778
-0.039060503
1.2065858
1.5183228
1.672314
0.5007918
0.77610594
-0.5997886
3.7238271
-0.5997886
-0.5997886
6.08032
-0.49653208
-0.5997886
-0.5997886
3.0158389
-0.5997886
1.8643837
-0.3601253
-0.5997886
-0.5997886
5.416074
-0.110759765
-0.19461022
0.42563605
2.0384645
-0.5997886
3.598015
-0.5997886
-0.5997886
1.1909827
0.42610145
-0.5997886
-0.5997886
4.3850064
-0.5997886
-0.5997886
-0.5997886
1.7131764
-0.5997886
0.08757959
-0.5197658
1.1793238
1.0775901
1.3549652
-0.5997886
4.5423055
1.5187955
-0.5997886
0.3844998
3.651556
-0.5997886
2.3190768
8.391908
-0.5997886
6.053296
-0.5997886
4.0360646
-0.5997886
2.3616061
-0.12814985
0.31286156
1.1351637
1.0695865
-0.5997886
-0.5997886
-0.5997886
-0.5997886
2.8214347
1.3295232
-0.5997886
3.0367079
1.6921002
-0.5997886
2.9557667
-0.5997886
4.768486
-0.14944848
4.1286817
-0.5997886
0.5658759
-0.42406
1.323946
0.27499214
-0.5997886
-0.5997886
-0.5997886
3.5596051
-0.24661617
1.0552789
3.8565152
1.2460318
2.1181297
-0.5997886
-0.5997886
1.6389263
3.1709116
4.299624
1.018718
0.9276868
1.4212768
-0.5997886
-0.5997886
-0.5997886
-0.5997886
-0.5997886
-0.5997886
-0.5997886
-0.5997886
-0.5997886
-0.5997886
-0.5997886
-0.5997886
-0.5997886
-0.5997886
-0.5997886
-0.5997886
-0.5997886
-0.5997886
-0.5997886
-0.4055085
1.7712276
0.82034206
3.5444438
2.811185
0.6512274
-0.4055085
-0.4055085
-0.4055085
-0.4055085
-0.4055085
-0.4055085
-0.4055085
-0.4055085
-0.4055085
-0.4055085
-0.4055085
-0.4055085
-0.4055085
-0.4055085
-0.4055085
0.33666387
4.6091423
1.7423412
0.9286804
-0.4055085
-0.4055085
-0.4055085
-0.4055085
-0.4055085
4.5259485
3.6432533
-0.4055085
-0.4055085
5.9881406
0.30325127
-0.4055085
-0.4055085
1.3553504
2.9105067
-0.4055085
-0.4055085
2.37567
2.065471
-0.4055085
4.447929
0.9490048
-0.4055085
-0.4055085
-0.4055085
-0.4055085
2.2865965
-0.4055085
1.4839327
-0.4055085
-0.4055085
-0.4055085
-0.4055085
-0.4055085
0.56643105
0.16628781
1.6771547
-0.27218065
-0.4055085
0.96687543
1.2648536
-0.4055085
2.1471245
6.873113
2.3439682
-0.4055085
-0.32517844
3.800968
-0.4055085
-0.4055085
-0.4055085
-0.4055085
-0.4055085
2.1313412
-0.4055085
-0.4055085
-0.4055085
-0.4055085
-0.4055085
2.2820709
-0.4055085
-0.4055085
0.64486206
-0.4055085
0.43656316
-0.4055085
-0.4055085
-0.4055085
-0.4055085
-0.4055085
-0.11320246
3.958407
3.4560447
-0.4055085
0.62624484
-0.21061938
-0.4055085
-0.4055085
0.123958915
-0.4055085
0.17769559
8.820729
3.7982197
-0.4055085
-0.4055085
-0.4055085
-0.4055085
-0.4055085
-0.4055085
1.5142843
-0.4055085
-0.4055085
1.8059639
3.346777
-0.4055085
-0.4055085
-0.4055085
-0.36942524
-0.4055085
-0.4055085
0.42167467
0.18729053
-0.4055085
-0.4055085
-0.4055085
-0.4055085
-0.4055085
-0.4055085
2.8808203
4.6245217
-0.6504502
-0.6504502
-0.6504502
-0.6504502
2.4397378
2.7789593
3.7469866
-0.6504502
0.6581683
-0.6504502
-0.6504502
0.268918
0.50444144
-0.6504502
0.1308165
1.9105039
-0.33763626
-0.6504502
-0.6504502
2.77695
12.450124
1.0720454
-0.6504502
3.8596356
3.5385318
-0.6504502
-0.6504502
-0.6504502
-0.6504502
-0.52513117
2.1069462
1.7417142
-0.6504502
0.758226
2.8848977
0.72595304
4.1009054
3.5533276
-0.6504502
-0.6504502
-0.6504502
-0.6504502
1.4833989
-0.6504502
-0.6504502
-0.6504502
-0.6504502
-0.6504502
-0.6504502
-0.6504502
-0.6504502
-0.6504502
2.5894544
2.9171777
1.4937528
-0.2940638
-0.5910485
-0.6504502
8.613111
3.5672092
-0.6504502
2.0396347
-0.6504502
-0.6504502
-0.6504502
-0.6504502
0.60393083
0.58735204
-0.6504502
3.364728
-0.6504502
2.6394293
2.2179105
0.30770192
0.32726464
-0.6504502
-0.6504502
3.499989
-0.6504502
-0.6504502
4.0268016
5.163612
-0.6504502
3.4622104
-0.24348883
-0.6504502
2.9708304
-0.6504502
-0.6504502
-0.6504502
2.6310468
3.2230754
0.2942607
-0.6504502
5.8823543
-0.6504502
-0.6504502
-0.6504502
-0.6504502
-0.6504502
-0.6504502
-0.6504502
1.9650475
3.033103
-0.035820447
-0.045805138
-0.6504502
-0.6504502
-0.6504502
1.2276227
1.4579575
-0.3729337
-0.6504502
-0.07804417
-0.35867894
-0.6504502
-0.6504502
-0.63087213
-0.08356561
2.5822904
-0.03927599
-0.0052342406
2.2232711
6.442145
3.8494792
-0.16720198
1.82164
-0.33640295
-0.4028836
-0.015861603
0.39392984
1.5302291
0.5853103
-0.6617676
-0.6617676
5.765368
4.4998045
1.0706342
-0.2269585
-0.6617676
4.3034782
1.5750431
-0.6617676
-0.6617676
-0.4376206
-0.6617676
-0.6617676
-0.03507541
-0.6617676
-0.6617676
-0.6617676
3.6360502
2.8516521
-0.6617676
-0.6617676
-0.6617676
0.80404615
-0.64291704
-0.6617676
1.8551544
-0.46168286
-0.6617676
-0.6617676
0.3997029
-0.46403268
-0.6617676
-0.6617676
0.38846955
0.3701314
-0.57358354
3.84893
1.9378427
-0.6617676
-0.6617676
3.0640807
5.076805
-0.6617676
-0.6617676
-0.6617676
-0.6617676
-0.6617676
0.0831677
1.7615833
-0.6617676
-0.6617676
0.5524567
0.80657315
-0.07727926
0.53672975
2.2110143
-0.6617676
-0.6617676
-0.6617676
2.8926582
4.2397127
-0.6617676
-0.6617676
-0.6617676
-0.6617676
-0.6617676
1.6197501
7.0546856
4.86626
-0.6617676
0.12903565
0.5681975
-0.2739909
0.082878955
-0.6617676
-0.6617676
-0.51133734
-0.6617676
-0.6617676
-0.6617676
-0.6617676
-0.6617676
-0.61645037
-0.2116184
-0.6617676
2.0204513
-0.6617676
8.107186
1.6311544
0.61080754
2.359728
0.35140127
0.09370293
-0.6617676
-0.6617676
-0.6617676
-0.6617676
-0.6617676
2.0726955
-0.48016143
-0.6617676
1.7037598
-0.6617676
-0.6617676
-0.6617676
-0.6617676
1.2204397
1.3941284
1.8459058
2.2345064
-0.13556352
-0.6617676
0.46039313
0.03890784
-0.6617676
-0.6617676
-0.45658407
0.38597935
0.5962712
-0.03827843
0.39192185
0.27809584
-0.6617676
-0.6617676
0.23836738
0.37565416
-0.10974576
0.45779628
-0.20002168
-0.05816451
1.169242
3.9427814
-0.24198827
0.9078333
-0.53218186
-0.53218186
-0.53218186
-0.53218186
7.4916654
8.688077
1.5632045
7.4863176
4.863484
-0.53218186
3.368644
5.7707386
-0.53218186
-0.53218186
-0.53218186
5.2782373
-0.53218186
-0.53218186
6.394666
1.8059518
-0.43098676
1.9342854
13.187136
10.396103
1.8724825
14.390629
14.380939
-0.53218186
1.1185952
8.090105
3.1690433
-0.53218186
0.3977902
1.3175722
-0.53218186
-0.53218186
-0.53218186
7.506542
-0.53218186
-0.53218186
5.325633
15.571051
3.781033
-0.53218186
0.9314389
-0.53218186
2.7201343
-0.5199786
-0.53218186
-0.53218186
-0.11356412
0.31316963
0.68256515
2.8043578
6.1356225
-0.53218186
-0.53218186
-0.53218186
-0.53218186
-0.53218186
-0.53218186
-0.53218186
-0.44162858
-0.53218186
-0.53218186
-0.53218186
-0.28034416
-0.1814195
-0.53218186
0.10518896
0.68735456
0.59826547
-0.53218186
1.2875375
-0.53218186
3.0985405
14.711388
-0.53218186
-0.14487997
0.5754917
-0.53218186
-0.27476847
-0.53218186
-0.53218186
-0.53218186
0.24776945
-0.106391735
-0.53218186
1.015374
1.3673509
1.4245557
0.13366567
-0.53218186
1.5969269
12.799065
7.754007
-0.53218186
1.4316535
-0.53218186
-0.53218186
0.37913936
-0.53218186
-0.53218186
-0.53218186
-0.22489752
-0.53218186
-0.53218186
-0.0017293672
0.10815018
0.61079836
-0.53218186
0.66208667
3.5522678
1.2303393
-0.53218186
0.42616078
0.7385298
-0.23134084
0.73395514
0.62852776
0.7681162
-0.53218186
-0.53218186
0.668092
-0.36222953
0.53795725
0.6003751
2.2721577
0.043330137
-0.48235708
-0.48235708
-0.48235708
7.8554807
10.064591
-0.48235708
-0.48235708
-0.48235708
-0.48235708
-0.48235708
-0.48235708
3.251245
6.162397
-0.48235708
-0.48235708
1.5680792
-0.48235708
-0.48235708
0.5902707
0.32048172
8.17749
-0.48235708
-0.48235708
-0.48235708
-0.48235708
-0.48235708
0.9348337
1.9883099
-0.48235708
-0.48235708
1.8715576
-0.48235708
-0.48235708
-0.48235708
-0.48235708
-0.48235708
-0.48235708
0.49038154
-0.48235708
-0.48235708
-0.48235708
1.1889067
5.8735356
2.1378403
-0.48235708
-0.48235708
-0.48235708
-0.48235708
1.3003851
9.33865
5.967941
-0.48235708
2.1466632
6.8052416
-0.48235708
-0.48235708
0.6007245
-0.48235708
-0.48235708
1.2994571
-0.48235708
-0.48235708
-0.48235708
-0.48235708
8.628974
-0.48235708
-0.48235708
-0.48235708
-0.48235708
-0.48235708
-0.48235708
-0.48235708
-0.48235708
-0.48235708
-0.48235708
-0.48235708
-0.48235708
7.3865542
5.287274
-0.48235708
-0.48235708
-0.48235708
-0.48235708
-0.48235708
-0.48235708
-0.48235708
5.0408335
4.463323
-0.3094038
-0.48235708
-0.48235708
1.0830882
-0.48235708
-0.48235708
0.38361412
-0.48235708
-0.48235708
-0.48235708
0.90384495
0.5338082
-0.48235708
-0.48235708
-0.48235708
0.31475773
-0.48235708
1.404702
1.3468969
-0.48235708
-0.48235708
0.9756516
-0.48235708
-0.48235708
-0.48235708
-0.48235708
-0.48235708
0.33301646
0.6472273
-0.48235708
-0.48235708
-0.2972484
0.32742953
0.65248823
1.0648993
0.4139253
0.2856943
-0.48235708
-0.48235708
0.26275682
0.7662741
-0.109049685
0.22225583
1.0275366
1.1299433
-0.595141
-0.595141
0.8589912
3.7702756
-0.595141
-0.595141
-0.11397607
0.22110073
-0.595141
-0.595141
-0.3173926
-0.595141
0.31758043
-0.595141
0.39459762
2.5091827
0.16529569
1.07061
-0.35957348
0.5055719
1.7991972
1.2572967
3.4704604
-0.48125467
2.3273282
0.10903224
-0.595141
0.17963035
-0.5254001
1.0944585
7.649475
0.90965414
-0.186052
1.4966824
7.893855
2.1648066
-0.595141
0.62573904
0.93504995
0.19623142
2.0951283
1.3067464
0.7352067
1.6444236
-0.595141
3.6232362
9.654655
1.3785137
5.2669005
-0.595141
-0.41018054
0.0356178
2.2595327
3.3144703
-0.595141
-0.595141
0.3866416
-0.595141
5.75473
3.783993
-0.595141
-0.595141
-0.595141
-0.5322791
3.0288262
2.5461178
1.4189879
1.5018536
1.1604995
-0.595141
0.5335374
0.6644724
1.4339037
0.22450247
-0.595141
0.3387624
-0.595141
2.4604683
-0.595141
-0.595141
3.395378
0.5837631
3.5045311
2.1685183
5.1788707
2.0866368
-0.595141
1.3896023
-0.595141
-0.595141
2.8582737
-0.595141
-0.595141
-0.595141
0.020716961
-0.595141
-0.595141
-0.007802011
1.0014036
6.909279
2.4820578
0.58544415
3.6251154
2.569995
0.84906304
-0.595141
4.784953
4.261354
1.6708302
2.177881
1.9064106
-0.595141
-0.5634666
2.1609917
0.86128443
-0.41916898
-0.23613651
7.8451114
-0.595141
2.7415047
-0.40401503
-0.06471808
1.1663978
-0.3969581
-0.15605094
0.46550712
0.6788468
0.73534775
-0.21003221
-0.026322808
-0.4795375
-0.4731356
0.6475799
-0.100648075
-0.47203588
-0.47203588
3.6778173
8.590425
5.367519
0.3044892
0.3067248
-0.47203588
-0.47203588
-0.47203588
-0.47203588
-0.47203588
-0.3333526
-0.47203588
-0.47203588
-0.47203588
-0.37239265
1.4270937
-0.47203588
3.2669084
-0.3690023
2.5114756
-0.47203588
0.31314123
-0.47203588
-0.47203588
0.1489947
2.3235798
-0.47203588
1.2985144
3.7284691
-0.47203588
-0.47203588
3.6215706
-0.47203588
-0.47203588
-0.47203588
-0.47203588
4.1299815
-0.47203588
2.1115603
8.335546
1.7806178
-0.47203588
-0.47203588
0.12759311
0.28185305
-0.47203588
0.96398336
-0.47203588
-0.47203588
2.2592437
2.7847555
-0.47203588
-0.47203588
-0.47203588
-0.47203588
-0.47203588
-0.25536498
-0.47203588
1.5746065
3.109475
1.5705471
3.8743548
0.6453906
-0.22244874
1.3541174
7.360162
7.679252
1.9598582
-0.47203588
0.52510756
-0.47203588
-0.47203588
-0.47203588
-0.47203588
-0.47203588
-0.47203588
-0.47203588
-0.47203588
0.512956
-0.47203588
-0.47203588
2.7911398
-0.47203588
2.047014
-0.47203588
-0.47203588
-0.078738
0.104860365
1.5551543
-0.47203588
-0.47203588
-0.47203588
-0.47203588
2.0854967
1.5926738
-0.47203588
-0.47203588
-0.47203588
-0.47203588
-0.47203588
-0.29756895
-0.47203588
1.9098215
2.1169012
0.56222105
1.5747442
-0.47203588
-0.47203588
-0.47203588
-0.47203588
-0.47203588
-0.47203588
-0.47203588
-0.47203588
3.067877
4.637955
-0.47203588
-0.47203588
-0.47203588
-0.47203588
-0.47203588
-0.47203588
-0.47203588
-0.47203588
-0.47203588
-0.47203588
-0.47203588
-0.47203588
-0.47203588
-0.47203588
-0.6403964
-0.6403964
0.031309616
-0.6403964
-0.6403964
1.9560533
-0.6403964
-0.6403964
-0.6403964
-0.24780975
-0.2592059
-0.6403964
-0.6403964
-0.6403964
-0.6403964
-0.6403964
-0.6403964
-0.6403964
0.075446025
0.29333967
-0.6403964
1.1445965
-0.6403964
1.4016393
2.5504484
-0.6403964
-0.6403964
-0.6403964
2.81682
4.249317
0.94423425
-0.6403964
-0.6403964
5.318235
2.5832741
-0.6403964
0.48126796
0.8352826
-0.6403964
0.4751049
2.6356802
-0.6403964
2.0420375
2.754177
2.8369558
2.5458436
3.8947072
1.7313609
5.782697
3.1113534
0.7310479
3.7172854
0.9114513
-0.6403964
-0.6403964
-0.028719088
1.2478328
-0.6403964
3.0789888
1.3950956
-0.6403964
-0.6403964
0.8024612
1.9380496
-0.6403964
3.415736
5.1490684
1.4317853
2.2158892
-0.6403964
1.8961574
3.2140098
1.6880476
-0.6403964
-0.6403964
-0.05057875
0.50347775
2.5604448
-0.6403964
-0.6403964
-0.6403964
-0.2605948
-0.6403964
1.4778548
-0.17716837
-0.6403964
1.7648702
-0.17700939
2.5377553
0.63974375
5.5925875
-0.3035513
-0.6403964
-0.4007742
0.4778574
0.7328703
-0.6403964
-0.6403964
-0.6403964
-0.6403964
-0.6403964
-0.6403964
3.6081216
1.3610109
0.16980076
-0.6403964
-0.6403964
-0.6403964
-0.6403964
3.3796859
1.6872709
0.5324977
0.19783048
2.058436
-0.6403964
-0.6403964
-0.6403964
-0.6403964
-0.6403964
-0.6403964
-0.6403964
-0.6403964
-0.6403964
-0.6403964
-0.6403964
-0.6403964
-0.6403964
-0.6403964
-0.6403964
-0.6403964
-0.6403964
-0.6403964
0.07686594
-0.49009165
-0.109106444
-0.49009165
2.6601315
6.5940943
0.9221923
0.04621725
0.054921504
-0.49009165
-0.49009165
-0.49009165
-0.49009165
5.2180934
4.870729
-0.49009165
3.7584267
0.024528962
-0.18106869
-0.49009165
-0.02679753
13.6489315
3.1172175
-0.49009165
-0.49009165
-0.49009165
-0.49009165
-0.49009165
-0.49009165
-0.49009165
-0.49009165
-0.026606344
10.872566
-0.49009165
-0.49009165
6.838364
5.797379
-0.49009165
-0.17175585
-0.22490135
-0.49009165
-0.49009165
-0.49009165
3.5942934
-0.1749597
-0.49009165
-0.49009165
-0.49009165
-0.49009165
-0.49009165
3.6071763
6.448972
0.6496109
-0.32573694
3.2532642
1.659074
-0.49009165
-0.49009165
-0.49009165
-0.49009165
-0.49009165
-0.49009165
-0.49009165
-0.49009165
-0.49009165
1.5133743
-0.49009165
-0.49009165
-0.49009165
4.5236626
8.026072
0.38571462
-0.49009165
-0.49009165
-0.49009165
-0.49009165
-0.49009165
-0.49009165
-0.49009165
8.220438
1.2389048
-0.49009165
-0.49009165
-0.49009165
-0.49009165
-0.49009165
-0.49009165
-0.24621584
2.296614
-0.49009165
-0.49009165
-0.49009165
-0.49009165
-0.49009165
-0.49009165
-0.49009165
0.8959299
-0.49009165
-0.49009165
-0.49009165
0.9175939
0.13572751
-0.49009165
-0.49009165
-0.49009165
-0.49009165
-0.011955473
5.4897447
2.6124718
-0.49009165
-0.49009165
-0.49009165
-0.49009165
-0.49009165
-0.0807034
-0.49009165
0.44066676
0.38926953
5.0905213
8.668391
1.4435543
0.4389919
-0.012750388
1.2837785
0.41132358
0.3939623
-0.49009165
-0.49009165
0.8738715
0.082300566
0.730913
0.7224558
-0.49009165
-0.49009165
-0.43336448
-0.43336448
-0.43336448
-0.3234282
6.1238046
-0.43336448
-0.43336448
-0.43336448
-0.43336448
-0.43336448
-0.43336448
-0.43336448
-0.43336448
-0.43336448
-0.43336448
-0.43336448
-0.43336448
-0.25165075
-0.43336448
0.43396682
9.052259
-0.43336448
-0.43336448
-0.43336448
-0.43336448
-0.43336448
-0.43336448
-0.43336448
-0.43336448
-0.43336448
-0.43336448
-0.43336448
-0.43336448
-0.43336448
-0.43336448
-0.43336448
-0.43336448
-0.43336448
-0.43336448
-0.43336448
-0.43336448
-0.43336448
-0.43336448
0.123833224
-0.43336448
-0.43336448
-0.43336448
-0.43336448
-0.43336448
-0.43336448
12.779836
8.0083
-0.43336448
1.2765279
-0.43336448
-0.43336448
-0.43336448
-0.43336448
-0.43336448
-0.43336448
-0.43336448
-0.43336448
-0.43336448
-0.43336448
-0.43336448
-0.43336448
-0.43336448
-0.43336448
-0.43336448
-0.43336448
-0.43336448
-0.43336448
-0.43336448
-0.43336448
-0.43336448
-0.43336448
-0.43336448
-0.43336448
4.1692734
-0.43336448
-0.43336448
-0.43336448
-0.43336448
-0.43336448
-0.43336448
-0.43336448
-0.43336448
11.330088
-0.43336448
-0.43336448
-0.43336448
-0.43336448
-0.43336448
-0.43336448
-0.43336448
0.8758471
-0.43336448
-0.43336448
-0.43336448
-0.43336448
-0.3958409
1.715692
-0.43336448
0.55731916
1.695853
-0.43336448
-0.43336448
-0.43336448
-0.43336448
-0.43336448
2.0690358
0.9888195
1.9620415
0.26214644
-0.43336448
0.6619555
0.27989072
-0.43336448
-0.43336448
0.5849494
0.5539778
-0.43336448
0.67124957
0.5705665
0.26504147
-0.43336448
-0.43336448
0.93620783
-0.34467006
0.52152574
0.78010565
0.35600215
0.74251246
-0.5510857
-0.09522846
2.074529
5.310899
5.14173
-0.5510857
-0.16450068
-0.16744018
0.35106504
0.21611357
-0.5510857
2.5906303
2.6018178
-0.49210262
0.10070096
0.6754741
-0.10956514
1.1260552
1.5421909
-0.5510857
2.5854461
-0.5510857
3.359745
6.696455
0.62320906
-0.5510857
0.47493732
3.7237837
1.2277291
-0.09264791
2.259313
1.3668783
-0.13565941
1.0447477
-0.31186554
-0.5510857
-0.5510857
0.38821745
-0.5510857
3.7812958
-0.5510857
2.5193806
6.1539855
1.425525
-0.5510857
0.8014243
4.7372017
2.0488274
3.6313748
-0.5510857
-0.5510857
-0.5510857
3.3245294
0.09097269
-0.5510857
-0.5510857
0.19860186
-0.5510857
0.5778247
-0.5510857
1.5834827
4.86933
3.6192853
0.8190876
5.965541
4.696597
-0.5510857
2.3998086
2.9961767
5.2163286
-0.035770696
1.8141745
0.50928223
-0.5510857
-0.5510857
0.20168394
-0.5510857
1.4533454
-0.5510857
-0.5510857
1.6543912
0.9886831
-0.5510857
6.9491153
4.712323
-0.5510857
2.1642933
0.117325194
4.2891335
0.55535114
-0.27054155
-0.5510857
-0.5510857
-0.5510857
0.18282057
-0.09549017
2.3885026
1.3973713
0.10418377
0.6892561
-0.5510857
-0.5510857
-0.5510857
-0.5510857
-0.5510857
0.6754031
4.417344
3.8168383
0.019414194
-0.5510857
-0.5510857
-0.5510857
-0.5510857
0.6700782
-0.5510857
-0.5510857
-0.5510857
1.0717424
1.2843237
-0.5510857
-0.5510857
-0.5510857
-0.5510857
-0.5510857
-0.5510857
-0.5510857
-0.5510857
-0.5510857
-0.5510857
-0.5510857
-0.5510857
-0.5510857
-0.5510857
-0.49012992
1.9474322
-0.49012992
-0.49012992
-0.49012992
-0.49012992
-0.49012992
-0.49012992
3.4256384
-0.49012992
2.911002
3.9513862
3.5240757
-0.49012992
-0.49012992
-0.49012992
-0.49012992
-0.49012992
-0.49012992
4.009228
2.9620588
-0.49012992
0.95047826
2.3354592
-0.49012992
3.0572345
7.013733
8.995962
-0.49012992
1.3086573
-0.49012992
-0.49012992
-0.49012992
2.4020631
-0.49012992
-0.49012992
-0.4601092
-0.49012992
-0.49012992
-0.49012992
-0.49012992
0.2365481
-0.49012992
-0.49012992
1.3451879
-0.49012992
-0.49012992
-0.49012992
-0.49012992
0.8051564
5.010484
1.1272392
-0.49012992
-0.49012992
-0.45686617
-0.49012992
0.10201363
-0.13323401
-0.49012992
-0.49012992
-0.49012992
-0.49012992
-0.49012992
-0.49012992
-0.18114729
-0.49012992
-0.49012992
-0.49012992
-0.49012992
-0.49012992
-0.49012992
-0.49012992
0.6499738
-0.49012992
-0.49012992
0.2556245
-0.49012992
-0.42354855
1.439428
7.3846755
5.126368
-0.49012992
-0.49012992
-0.49012992
-0.49012992
-0.49012992
-0.49012992
8.382139
4.236507
-0.49012992
-0.49012992
-0.06368278
-0.090855144
-0.49012992
0.2236514
-0.49012992
-0.49012992
-0.49012992
8.244704
-0.49012992
-0.49012992
1.2792959
-0.49012992
0.020013884
0.742618
-0.49012992
-0.49012992
-0.49012992
-0.49012992
-0.49012992
0.39207312
0.75926924
3.63917
0.07434011
1.1343381
0.5288734
0.3102413
-0.49012992
-0.49012992
0.0063776993
0.5865616
-0.2938453
0.09542471
0.6339396
0.5913683
-0.49012992
-0.49012992
0.44634005
0.13301225
0.36553687
0.5978535
-0.013747981
1.3853711
-0.58235985
-0.58235985
-0.58235985
4.182948
4.2670465
0.5842428
-0.58235985
-0.41374248
-0.58235985
1.0634216
-0.58235985
1.4038652
10.223005
1.6154805
-0.58235985
3.8436685
2.9270256
-0.5701931
-0.55796194
1.6395756
4.8522058
1.9694592
-0.41771322
0.5605235
-0.5361892
0.06756753
-0.08755826
7.3767304
7.326817
-0.58235985
9.983627
4.2231584
2.5935342
-0.58235985
4.430308
0.29018715
0.00036350044
-0.58235985
-0.040543493
0.35423997
-0.58235985
1.7772098
2.7562456
1.0713392
-0.58235985
4.7923574
4.5506053
2.972711
-0.58235985
7.8065434
5.2101793
0.9106675
0.09453632
2.6394792
0.2768491
-0.26938042
-0.58235985
-0.5023482
-0.58235985
-0.58235985
-0.3875679
-0.58235985
-0.58235985
-0.58235985
-0.58235985
3.9847822
-0.58235985
-0.58235985
0.3636646
0.5957004
-0.58235985
-0.58235985
-0.11657172
1.0653862
-0.0033881178
-0.58235985
-0.58235985
1.9723858
5.4797997
1.1571996
2.2392886
3.858047
-0.58235985
-0.58235985
3.8830512
-0.18904746
-0.58235985
0.063238926
3.6209712
-0.58235985
-0.58235985
-0.58235985
-0.076620564
0.08174292
-0.58235985
0.60177815
-0.3017958
3.425481
3.4250474
8.862985
0.79290885
-0.46472558
-0.58235985
-0.58235985
-0.53271097
-0.58235985
3.2627652
5.743658
2.6558683
-0.58235985
-0.58235985
-0.57890946
-0.21162844
-0.58235985
0.8857456
0.20543578
0.04199615
3.00108
1.3766365
2.7058375
0.2353528
0.090048335
0.8387186
0.15821852
0.20794903
-0.018358888
2.5275984
0.7188818
0.1887792
0.567906
0.25754791
-0.30887407
0.41589302
-0.08517983
0.57125074
-0.09461951
4.7008567
-0.5232868
0.4076
0.39896807
0.4010292
1.0154854
-0.5232868
0.735344
-0.5232868
-0.5232868
-0.5232868
1.0707223
-0.5232868
-0.5232868
0.8694231
0.17777246
2.1897745
1.5908202
5.365117
8.974603
-0.5232868
-0.5232868
-0.5232868
-0.5232868
-0.5232868
-0.5232868
-0.5232868
2.4806888
7.570565
1.685283
1.328171
9.171543
1.8300297
-0.5232868
0.71267253
2.4665077
7.766968
0.9771138
5.780985
-0.21031326
-0.5232868
-0.5232868
-0.5232868
1.307914
0.632234
-0.5232868
-0.5232868
-0.5232868
-0.5232868
4.0054207
4.7583237
-0.5232868
-0.5232868
1.4318796
-0.28317717
-0.5232868
-0.16976053
3.6399474
2.2705975
-0.5232868
1.2259176
-0.39677015
-0.5232868
0.103466235
-0.5232868
7.9953465
4.9910026
-0.5232868
1.3213389
6.074823
-0.49978358
-0.081232935
0.3568767
-0.5232868
1.1331556
0.21551259
-0.5232868
-0.5232868
-0.48537365
-0.5067169
2.6403372
5.3487678
-0.45618066
-0.5232868
-0.5232868
-0.5232868
-0.5232868
1.8910409
1.5667475
-0.26733574
-0.39786592
0.32523736
-0.5232868
4.152778
3.9921372
-0.5232868
0.6189268
0.85529125
-0.5232868
0.06651087
0.5728912
-0.5232868
-0.5232868
5.922242
2.8066185
-0.5232868
-0.5232868
-0.5232868
-0.5232868
-0.39079288
0.82574314
0.09265259
-0.5232868
-0.5232868
5.1668434
5.016806
-0.5232868
-0.5232868
-0.5232868
-0.5232868
-0.5232868
-0.5232868
-0.5232868
0.3530293
-0.5232868
-0.5232868
-0.5232868
-0.5232868
-0.5232868
-0.5232868
-0.32725918
-0.40822947
-0.06570739
5.322541
5.8575163
-0.43260473
-0.43260473
0.08179963
0.42383167
-0.4114005
0.17736265
0.25663665
-0.43260473
-0.43260473
-0.30341893
-0.43260473
-0.43260473
0.14724427
0.9838317
1.6504458
6.8597684
1.7408657
1.0687225
-0.43260473
-0.43260473
0.07573322
0.025982106
2.4054232
2.8936794
-0.43260473
6.4770255
9.281417
6.557094
-0.43260473
5.6564784
8.029363
0.086028606
-0.06347645
0.95093817
-0.43260473
-0.43260473
6.5609694
5.2076035
-0.43260473
0.11228405
-0.43260473
2.052071
1.2382456
-0.43260473
-0.43260473
-0.43260473
0.25226894
3.7151065
6.8049335
4.149333
0.0034415585
-0.43260473
-0.43260473
-0.43260473
-0.43260473
0.90141803
-0.43260473
-0.43260473
-0.43260473
1.9106001
7.4652452
-0.43260473
-0.43260473
6.682204
1.1137756
-0.43260473
-0.43260473
-0.43260473
-0.1499001
0.49759194
0.2900516
0.36347216
2.244499
6.060395
3.7441442
-0.43260473
-0.43260473
-0.43260473
-0.43260473
-0.43260473
-0.19097589
-0.43260473
-0.43260473
-0.43260473
-0.43260473
-0.19789793
-0.43260473
-0.12034413
0.042973034
-0.43260473
0.26895225
-0.43260473
2.8936827
-0.43260473
3.150959
4.2196517
-0.07297772
1.6988596
0.6522868
-0.43260473
-0.43260473
8.639494
12.044031
0.38185936
-0.2156066
-0.43260473
-0.43260473
-0.43260473
0.10758373
-0.43260473
-0.43260473
0.8252116
8.166324
9.795535
-0.43260473
-0.43260473
-0.43260473
-0.43260473
-0.43260473
-0.43260473
-0.43260473
0.0838002
-0.41062778
-0.43260473
-0.26874423
-0.43260473
-0.17573352
0.2696935
-0.5190358
-0.07730703
-0.46497682
1.8018256
6.3716254
2.6627443
0.07858129
0.053453714
0.18626055
-0.5190358
-0.4862203
2.9804206
-0.5190358
-0.5190358
0.11463637
1.7530301
-0.5190358
0.7762054
-0.054827396
1.3541132
0.4286134
-0.5190358
1.2042426
1.1408807
0.003244622
-0.49055922
0.36861855
3.113862
-0.5190358
1.282324
-0.5190358
-0.5190358
-0.5190358
-0.5190358
-0.5190358
-0.5190358
-0.5190358
0.8891292
-0.5190358
1.7328302
0.14413701
1.497645
4.135779
0.11765568
-0.32426533
-0.5190358
-0.5190358
-0.5190358
2.7399313
-0.5190358
-0.5190358
-0.5190358
2.0147424
-0.08893401
-0.5190358
-0.5190358
1.348542
-0.5190358
0.2814958
-0.5190358
-0.5190358
4.21676
1.4568495
3.6267233
6.6316223
-0.37646127
-0.5190358
2.1734695
-0.5190358
5.498517
1.0438064
-0.51728237
-0.5190358
-0.5190358
-0.5190358
0.84435797
1.3905414
1.211976
-0.5190358
-0.5190358
0.63776076
-0.5190358
-0.5190358
1.8398099
0.6019963
-0.5190358
9.146657
4.827444
-0.49454325
-0.5190358
0.37370425
-0.5190358
-0.446153
-0.5190358
0.35728347
0.039618332
1.2024087
-0.5190358
2.1325743
-0.5190358
-0.5190358
-0.5190358
-0.15116051
-0.5190358
-0.5190358
4.0717173
5.349427
-0.5190358
-0.5190358
1.0874461
-0.5190358
-0.5190358
-0.5190358
0.5888514
-0.5190358
-0.5190358
-0.5190358
-0.5190358
-0.5190358
-0.5190358
-0.5190358
-0.5190358
-0.49077868
-0.5190358
-0.5190358
-0.5190358
-0.5190358
-0.5190358
-0.5190358
-0.5190358
-0.5190358
-0.5190358
0.6164832
-0.70556843
-0.70556843
-0.006957868
-0.70556843
-0.70556843
-0.70556843
3.283699
3.183939
0.3553319
5.4898577
-0.70556843
-0.70556843
-0.70556843
-0.70556843
2.537644
-0.70556843
-0.70556843
2.9155447
-0.70556843
-0.70556843
-0.70556843
-0.70556843
-0.70556843
-0.70556843
-0.70556843
4.190266
2.784289
-0.70556843
-0.70556843
-0.70556843
-0.70556843
2.126064
4.6361003
1.4692539
-0.70556843
3.7198591
4.1619773
0.84401685
-0.70556843
-0.7024211
-0.70556843
-0.70556843
-0.70556843
-0.70556843
-0.70556843
-0.70556843
-0.70556843
-0.70556843
-0.6998406
-0.70556843
-0.70556843
-0.70556843
-0.70556843
-0.70556843
3.8440776
4.191413
1.137582
2.391955
-0.70556843
3.0530288
1.3284698
0.04224996
-0.70556843
-0.70556843
-0.70556843
-0.70556843
1.1495328
-0.70556843
-0.70556843
-0.70556843
-0.70556843
-0.70556843
-0.70556843
4.387793
4.4560986
-0.2575822
1.5071777
-0.70556843
-0.70556843
3.323904
-0.70556843
-0.70556843
4.42507
-0.70556843
-0.70556843
4.2378654
-0.70556843
-0.70556843
-0.70556843
-0.70556843
-0.5229058
-0.70556843
4.1896076
4.4390483
0.46989197
-0.70556843
-0.70556843
1.8334941
-0.70556843
-0.70556843
0.012467909
4.342846
-0.70556843
-0.39377144
3.4780986
-0.4837306
-0.70556843
-0.70556843
0.3860643
-0.70556843
1.1113607
3.3811536
3.1968923
-0.67074525
-0.70556843
0.52033865
0.48498157
-0.70556843
-0.70556843
2.0196087
0.416813
-0.22031842
0.5595632
0.42827052
-0.096262604
1.1372402
2.6453888
1.4308648
0.876403
0.35454592
0.30935916
-0.70556843
-0.02196257
1.0609818
1.498203
0.72060657
-0.53711265
-0.53711265
-0.53711265
1.3649302
1.3607364
0.6089751
-0.53711265
1.5270516
-0.53711265
-0.53711265
0.28688455
1.2554938
-0.53711265
-0.08296794
1.6358635
0.29325303
-0.5183583
-0.53711265
0.81616205
6.146737
2.2711096
-0.53711265
-0.53711265
-0.53711265
-0.53711265
-0.53711265
-0.53711265
-0.53711265
6.6359096
2.5412748
-0.53711265
-0.2536073
1.9171474
0.5177657
0.65622884
5.5825553
10.762248
5.8344398
-0.53711265
-0.53711265
-0.53711265
-0.53711265
-0.53711265
-0.53711265
2.3389478
-0.53711265
-0.53711265
-0.53711265
-0.53711265
-0.53711265
-0.53711265
-0.53711265
-0.043568395
0.66963017
-0.53711265
-0.47414637
-0.18894646
6.5127254
8.986465
5.8747506
0.6945931
-0.53711265
-0.53711265
-0.53711265
-0.53711265
8.145104
8.0272255
-0.53711265
7.127487
10.919799
3.259061
0.4276489
0.6387794
0.13158673
-0.53711265
-0.53711265
-0.53711265
-0.53711265
-0.53711265
1.9770414
8.15664
7.172927
0.60558194
-0.08943837
-0.53711265
-0.53711265
-0.53711265
0.319531
1.4534063
-0.42361304
-0.25768253
-0.33380398
-0.53711265
5.727188
6.6519356
-0.53711265
-0.53711265
-0.53711265
-0.53711265
-0.53711265
-0.53711265
-0.53711265
-0.02789481
4.949279
4.418067
-0.53711265
1.832387
-0.53711265
-0.53711265
-0.49274507
-0.53711265
-0.53711265
-0.53711265
-0.53711265
-0.53711265
0.02881211
-0.53711265
-0.53711265
-0.53711265
-0.53711265
-0.53711265
-0.53711265
0.5958371
2.6880631
-0.53711265
-0.53711265
-0.53711265
-0.53711265
-0.53711265
-0.53711265
